0 0.26751660248488895 0.1786275867495747 0.28137560391132577 0.18542589686544464 0.2890804218323998 0.20630487018664825 0.2862708699056727 0.2201518204405736 0.2554550786953641 0.2265415381950534 0.1634580148781949 0.21225872434959295 0.16319197210708986 0.19650848679199992 0.16271952803035072 0.1827283302125019 0.16486304351419845 0.17615113228305582 0.16965209453821534 0.18122966728348802 0.18115958230807205 0.17760129043869224 0.23422861744445822 0.17601118415288855
0 0.16235929683633143 0.21266070992178573 0.15715250874327136 0.23930410012549938 0.16272095657321922 0.25079133095633593 0.17159230003648546 0.25952088490573305 0.25270758407309346 0.27886890414772236 0.2675582985590599 0.28061074853749707 0.274890362814714 0.2742865808743146 0.28185755272733126 0.24903630719250944 0.2780594116262949 0.23919418878927493 0.2557098567287247 0.22989032415792976 0.19058837001152096 0.2172580346905557 0.18427142841923527 0.22047901221058167
0 0.2701338564609165 0.22559747335686686 0.26171813882795075 0.2284597310693698 0.26232394560164124 0.23422922380870814 0.28395713241954845 0.2445938982460505 0.32499676984461345 0.25688745178521505 0.3498924290068842 0.268287594472326 0.36239594106677453 0.26817195016622275 0.3679576985935171 0.2602026700754381 0.3734889377406594 0.25627853102155496 0.3802234928289028 0.2540391240326913 0.37602995900522923 0.22931604064773578 0.3542771096235325 0.22072854409605355 0.33161889523290256 0.21321506389617437 0.3004451104642262 0.2108450111058452 0.2872038132028897 0.22111973091452253
0 0.2896506072831395 0.16283050895987708 0.28275596634215183 0.17064023896560884 0.281450386701358 0.18564006285958223 0.28698992345478 0.19157017721935643 0.2898620860766374 0.20678344891698888 0.29223819957923935 0.2141980540839293 0.3006440123028507 0.2110838004657329 0.33195726945402537 0.21218066718178882 0.35561989794713195 0.22114009008679983 0.3769749436515798 0.22925000791870667 0.37942039151966234 0.23842858442550144 0.38684320726258015 0.22477012240559635 0.3915186059475611 0.22317997923198363 0.39157054144894465 0.21003657249850527 0.3827784372605133 0.203322985794656 0.3244731558609996 0.17606387032202045
0 0.28282651249168866 0.2471718023560662 0.2748507431772965 0.27327859725154063 0.2731382586014367 0.2827477177660633 0.2797127278369358 0.2860786337940678 0.2871802462174019 0.3024869238265216 0.3056524207391008 0.29993270280908446 0.32900638973914764 0.3106825101455614 0.37490961912692644 0.32617384271928934 0.3825198244960399 0.32210443166154223 0.38670238866791457 0.29351110694130983 0.36754597174922754 0.28347873921987893 0.34890782472311627 0.26734564357858115 0.3240517851982629 0.2569534845142441 0.3043870032963544 0.2532738406183734
0 0.17142621165204835 0.25927917091874736 0.16121438781600028 0.2586345447627074 0.15808155446608424 0.2890733671399885 0.15842760723665222 0.29787747409515436 0.16307882879504249 0.29958975775812996 0.16375978442773986 0.3039563186438598 0.17776668799069045 0.3104476476258889 0.22706028462017552 0.32058513873901334 0.25959329599177094 0.3254423686201278 0.26739965071695426 0.3231991359550263 0.27777227112309466 0.32145567932721036 0.2845649271669576 0.3063803983194888 0.2789676354437246 0.287077647042108 0.26807485597497915 0.2820664600003382 0.2543075274070372 0.2816702819872701 0.20885001957704258 0.2719438354317984 0.18906847827856238 0.26755376874745823
0 0.28611533435308767 0.30695115954048063 0.2790420942416282 0.3213669478475776 0.269230641970681 0.3244293898766428 0.2686950133726245 0.3302391602351079 0.282341474536309 0.33403927952685875 0.2883412976381492 0.34414606546301824 0.29702933373195706 0.3448971693946176 0.3081638480092175 0.34310047387902204 0.33227609763265675 0.3475274730308862 0.3711970738560014 0.3594084207718266 0.3804728975288922 0.36215574910122644 0.3846438891905121 0.35812924758944314 0.3856097485178188 0.3373492341231448 0.38369997883917584 0.32763574644871146 0.37578714633843313 0.3271700231276081 0.329087514740548 0.3117580302851572 0.31271507123256753 0.3033947009768135 0.29613183285304967 0.30384262690096414
0 0.17631290132222738 0.30983047942822045 0.16130825077178085 0.3094513648248997 0.15942932566074425 0.34336907723259497 0.16547847303068647 0.35198781671159507 0.22879211801156546 0.3646947885373662 0.2664436421949861 0.36920178729031705 0.2721010757044764 0.3678547324843007 0.2789583576201392 0.3607134552016522 0.2855731500031414 0.3474028766949459 0.28327125873354764 0.3342395045880831 0.2688478793452135 0.33048871711382644 0.2493296845685276 0.32423874994203017 0.2400570796914669 0.3244108270631723 0.2299793671606069 0.3222598374638124
0 0.16475122825205313 0.3522560113174105 0.15990645223400246 0.382363276910904 0.1646969789222512 0.39631751804591747 0.1749847875109944 0.4024454436513037 0.21254139310990539 0.4093470918924729 0.2532744442964301 0.41185915774262233 0.281282162608115 0.40871131223700113 0.2844586081957286 0.4043217298459812 0.2854589768761425 0.37865072183279397 0.2812411680242154 0.3735870789683268 0.2710467098140449 0.36983412847413377 0.2506568466261394 0.3679843517712607 0.23225919989098176 0.3656976776116297 0.22787613434142362 0.36779007687359994 0.22489995184340583 0.3659142328048797
0 0.165223968336851 0.3983645044753541 0.1629255228510489 0.40805110567727265 0.15991054689080852 0.42790914308390665 0.1634954003846772 0.4339100768043577 0.16775893765832617 0.44581733150993447 0.18833644837094127 0.44676093414968127 0.22426541053676674 0.4463341355469439 0.2492609931909046 0.44607595459141786 0.26242091186933597 0.44575175297991887 0.2617188904949126 0.43925168821699473 0.2675205078933323 0.43348791751323307 0.27043929317230675 0.42822327785194453 0.2860717425287994 0.42832167765752754 0.2866706382624574 0.42083764684933317 0.2804265533333823 0.40966416148941365 0.25395407484377475 0.41210935444223534 0.23073972352303185 0.4122430682263312 0.2119084377518471 0.4102843827484568 0.1745394796776456 0.4024765604441613
0 0.1684035618137062 0.4451769125428499 0.16239978779056186 0.4685183582773775 0.16763656907972385 0.47678535833402047 0.17144407649026677 0.4827707336580427 0.20983484730439644 0.4768135402979751 0.22665152579575482 0.4729592551692963 0.2611862204749261 0.47114144750063575 0.27316191001849166 0.47476993082339863 0.2781293622016928 0.48186500172087365 0.2802284913654637 0.4727877026931823 0.2832522958203324 0.47019491003198616 0.28491683918051164 0.4671017239715644 0.26418858087028046 0.4566426624906155 0.26314721760596693 0.44718943723512855 0.249073345666195 0.4469821286545441 0.22407776301205706 0.4472403096100703 0.19707829510784974 0.4476385161334551 0.19290621467764457 0.4494184851100977
0 0.1715024204768747 0.4842550931025385 0.15769787764306342 0.4852197136811221 0.15651963670013264 0.5234060162173607 0.16582347924360563 0.5272212002972686 0.1984826454432449 0.5288090089743579 0.2292788987282381 0.5284431816005829 0.25241156846772994 0.5262313645941928 0.2602161243486547 0.5259836926080853 0.28001087887315984 0.5126930029771007 0.28471184225309376 0.5016477718588691 0.27993203759460217 0.49364652689826777 0.2779067082850185 0.48188056011730246 0.27338456393516597 0.4747543724269699 0.26074091264157734 0.47117256429349325 0.22666319459307638 0.4732561270581955 0.2096355309823652 0.47742284247220224
0 0.3870838388730044 0.33930093910429254 0.3848872742916472 0.3578423422051437 0.3797314614590759 0.3648891292022352 0.4023659116827947 0.37723773847039116 0.46581946917963657 0.39676380047960874 0.4869415328852685 0.40253157677705254 0.49233937541736367 0.39101020141954007 0.4895784736757003 0.3739296303969167 0.4806753430177275 0.36006430767013153
0 0.2916617607976796 0.37828690268164317 0.2851210667075968 0.40326116524706684 0.2826611673283812 0.4113322131781767 0.28704610903593664 0.42163870375538065 0.28900708526991964 0.4281347373675822 0.3084265197524233 0.42677776478603474 0.3299418522224997 0.42811707741257804 0.3518966824088125 0.43340551573508485 0.3641235250181605 0.4370995247424468 0.373793288616305 0.42998028549245787 0.39257204822949365 0.4231721166901404 0.39862262710636004 0.4216122240122823 0.3999441339483338 0.4154553682727408 0.39592560861416287 0.40000634096782633 0.3882644070353607 0.3967513625782053 0.36498686452976825 0.4048214731262128 0.35527373431683495 0.40360503766960826 0.33005188115725004 0.3947545687674952
0 0.2854023662763122 0.34727376636803853 0.27857377982192916 0.36158559749118324 0.2717241127988047 0.3681287446955448 0.281309749940164 0.3733339254855304 0.2860759653851355 0.37887587319356425 0.29087249829682305 0.3815729620531921 0.2916041255662862 0.3784895817287442 0.3123797993462307 0.3863241243159516 0.3302982331410763 0.39378977430243595 0.3553931959677402 0.4030281419724436 0.3651063261806735 0.4042445774290481 0.3881078019743765 0.39638327362901943 0.3950305503403528 0.3989317888483319 0.3956091889807495 0.37387524018177953 0.3797798272301138 0.3653160319086292 0.37102981890643844 0.35967342780397726 0.33192472286616914 0.3483817903823752 0.3081568873475359 0.3439781035985556
0 0.2719989978862982 0.42808262144624704 0.26738400798661155 0.43418466995200644 0.2625417343726262 0.4389155043684197 0.2633323287756681 0.44579573998407157 0.26550548459685497 0.4569718369755537 0.28598013553094503 0.4661755316773048 0.33013394480996844 0.4778858849138294 0.35733477840783723 0.4817647378788313 0.3710763905067882 0.482885158717151 0.38091499068663215 0.47734283046011033 0.3861302742841056 0.4732794792116792 0.38767962687077806 0.4597626203513529 0.38322236620127326 0.4478213991753212 0.36958190593544593 0.4404519781359498 0.364249552395143 0.43712566453961754 0.3524832039851018 0.43332420878579114 0.32957798667784277 0.4284516428723699 0.3081919951195727 0.4269406579677805 0.2871148447207106 0.42887583216324726
0 0.28553164697589384 0.4672054330686046 0.28072814916188304 0.4744398716230864 0.2786086360158724 0.48194668023280757 0.280222387388445 0.49448168737380976 0.2849057778502125 0.5017430887008568 0.3066626929771682 0.5045920099815022 0.3399029327820401 0.5096492107824563 0.3914257511372604 0.5190876512144368 0.3930341255255033 0.502593303321421 0.396760904331871 0.4889598589282877 0.3895365107448172 0.48378114120792665 0.3714799526700723 0.4837055772090197 0.3566348269077976 0.48240263071965384 0.3299059502200685 0.4785868285264528
0 0.391986207293485 0.22384219672091313 0.40278934972859715 0.22024456476157575 0.4653434506994746 0.22421217444289632 0.48468679014586175 0.23176777226510714 0.48929579779119614 0.24054247758944158 0.48953231013839493 0.2537920724570579 0.48171329802130264 0.25737069824922393 0.47184918321344216 0.2667777104691628 0.45128090979128627 0.26783592846700494 0.41997193708340896 0.255999521030913 0.3943613815043922 0.25172459806870007 0.38364798599212213 0.2539893466137923 0.3793893318788348 0.24689580383418017 0.378353731385378 0.23862946349306713 0.3874874244010812 0.22510413846660318
0 0.2963967111176986 0.5032167351438327 0.2867675105524518 0.5070285420470273 0.2797518511281104 0.5128308395041835 0.2691715738446333 0.5200895091639418 0.269350635042998 0.5292523800833374 0.2822771383138037 0.5310051462844011 0.2889285318718864 0.5435790690188934 0.31249133263944306 0.5441056873399797 0.37132504557355483 0.5573794982466399 0.3811632372780312 0.5542774600182189 0.38690371668360046 0.557498194098511 0.39257155029464774 0.540441578462282 0.3844769160779713 0.5187931219258952 0.33816042089367593 0.5106810812122192
0 0.1618405022798876 0.5282708443933483 0.1631985112558071 0.5381060883531589 0.15882076878323875 0.5461834040743514 0.16050878834830912 0.5644146175808104 0.173000514385309 0.5650528406493671 0.2003381862717853 0.5644378004235008 0.27630945219704256 0.5612878788747464 0.2825062607637577 0.5500612364079259 0.28583061941962284 0.5398988024622905 0.2824159271069325 0.5312866362275702 0.2696950456372865 0.5289374454089028 0.2592515411270794 0.5268608633448288 0.1983384528639881 0.5300379268084173
0 0.15821086246407956 0.568248126899703 0.15687144870930558 0.5858377435860347 0.15677016337434024 0.6031325575432541 0.18306411723820082 0.6083769372625956 0.2750591967830368 0.6079888869515908 0.2814471100735027 0.603585084842769 0.2865492332333379 0.5903148327503814 0.2798279031794305 0.5782873405222055 0.2795748058471105 0.571848160797808 0.269359530145798 0.5663133945814439 0.22883934609925116 0.5647708194593636 0.201256952365506 0.5664899094820454 0.17325684782831707 0.5655304701435127
0 0.39693225312850977 0.5669627884057915 0.3879765837940162 0.5586404549485106 0.3801022845435473 0.5534383189491593 0.36938269978333993 0.5612180446665099 0.3126239575755895 0.5440921588882749 0.28869635116188525 0.5451249970963737 0.282682116182821 0.5506584706648447 0.27605679844433867 0.5615848394480353 0.2801305426018831 0.5726241133743063 0.28000851805611404 0.578779919145702 0.2941434019187051 0.5926751014532349 0.3165904757601441 0.5957979109418328 0.3412154695507902 0.5987685338331054 0.357097078003499 0.6015412660954552 0.3923126104607151 0.6023159189892203 0.3978862904842409 0.5928672986479387
0 0.15982708095499687 0.6045535413507651 0.15893307164606363 0.6127145850069761 0.15696788025216668 0.6399821260876996 0.17000564458657297 0.6471696586530817 0.23046617838748623 0.6478039993317458 0.28204840271958276 0.6466291581079601 0.28633741297089044 0.6398505964249094 0.2843653639873218 0.6128581780437679 0.27539181973788046 0.6086260789859547 0.22899003928780598 0.6102487834236133 0.19642479770044652 0.6084750596150801 0.1834651078441179 0.6110003589557345
0 0.28854455483367686 0.5955591454028925 0.28293169092151627 0.6072893578195863 0.28497109327616266 0.6128158514746014 0.2915839223848809 0.6265262691892233 0.3717928600877621 0.6350940087501203 0.3857417940336484 0.6268305829086184 0.39349058292018935 0.6153560470257359 0.40562104116044373 0.6149133351683006 0.4037257788158435 0.6053274829697631 0.393923002950328 0.6031779713951693 0.3605285297468943 0.603486835069855 0.3409388504793007 0.5995916314465611 0.31623221718343475 0.5968638427129698
0 0.16217878122195417 0.6489313626299275 0.1569018147201982 0.6537543165372585 0.16013293967176068 0.6818735403577488 0.20879762480371494 0.6837370686610527 0.2794590338951888 0.6889226747850907 0.28880150832101903 0.6793614201087617 0.2905088767825891 0.6687139694434378 0.28724214338682347 0.6628683094008615 0.2832109560678428 0.6530267806685129 0.2784298994499751 0.6472869370488529 0.2299556838792699 0.6502692430562756
0 0.28955910465456247 0.6290973293366693 0.2865926602249986 0.6386179745626445 0.28303635897003115 0.64858476588368 0.28797485238316367 0.6660565390388462 0.30045450481904135 0.6744978567510769 0.307516914260445 0.6687402840844584 0.39626826402173826 0.6860244640571681 0.4058183683113644 0.6740191289408924 0.40325517466328303 0.6551665909313784 0.38937230624936525 0.6496578263233214 0.3812610263819823 0.6364570445575097
0 0.19704939352506823 0.6861777148633741 0.18053597809199107 0.6832823369719296 0.17419040518349022 0.6918243197506385 0.17203603206745366 0.706552292244068 0.1779466092675971 0.7255758536490603 0.22447536942517093 0.7271837054185529 0.2999521557396061 0.7235293256609042 0.30475166049912994 0.7142855202533237 0.3043865938400693 0.704997671157764 0.30182082451376907 0.7015326017013847 0.3019979972897995 0.6905871479330831 0.29339209537763766 0.6802554294176949 0.2791879141776432 0.6897514771214618
0 0.2814615399665228 0.7244164664945872 0.2933817926647625 0.7418053036302333 0.281900817586333 0.7664983503258856 0.1595619493821382 0.7600646682702697 0.16108013612156846 0.7368776490176518 0.1637926211361337 0.7208958913773742 0.20136242166859425 0.7263691978915149
0 0.28123159844374246 0.7649253987914766 0.2892952609208132 0.7769147219796068 0.2934216830204184 0.7891791678673187 0.28461887235146044 0.8124702864240403 0.26196751387367834 0.8156728108713582 0.20283083373361815 0.8100868194590513 0.159698362357528 0.8021677153861514 0.16121783693606767 0.7712869618569661 0.1672605452001481 0.7627661423628402 0.1720270171936878 0.760408432180039 0.2664864656477663 0.7683853168914183
0 0.26746669486355823 0.8165033303265418 0.27730121565594856 0.8194604809529235 0.2820638241321601 0.8401839735998241 0.2568282481864216 0.8549050776180035 0.22105976305704617 0.8489009718704695 0.1817058074240474 0.8366685498390488 0.16498476212717433 0.8362172523875507 0.16471879376606635 0.8062711176176526 0.2034683079493338 0.8108521319416725
0 0.16833214567923643 0.8363882757830291 0.16438975394533334 0.8674383355888803 0.19382982646875468 0.8746945093644499 0.25446495736747976 0.8797708648279468 0.28666384445666915 0.8799504738174878 0.2924036880763291 0.8714508176079452 0.2918507275342382 0.8419296656485242 0.2829248006751091 0.8389090251683928 0.25652538354200116 0.8549262409025866 0.2213467552380292 0.8484759890599923 0.18202454453190525 0.8370512060803593
0 0.19014783334539737 0.8737370102017669 0.1725486512030286 0.8818505759323738 0.1742959100202544 0.918576989504135 0.20142546047148374 0.9211354719610606 0.2798026256835143 0.9217326374269957 0.294069008898149 0.9215456021033717 0.3008470018367886 0.9008255436940962 0.2975974287435698 0.8876899689008466 0.29200430081217477 0.8767427980137322 0.2867273343104188 0.8815657519210633 0.25417796518649677 0.880195847638424
0 0.31016874824121154 0.669741575515768 0.30094343415917857 0.6756139947794729 0.2969228944634581 0.6848129186188068 0.30269616703384694 0.6908673473236068 0.3020041938855059 0.7026013298873256 0.30538097678408216 0.7063630856620678 0.3683513873087002 0.7182612778545288 0.3994132324549017 0.7222410994195277 0.41615543198046556 0.7198411378233843 0.42063793912758507 0.6989243035373977 0.4177351777682072 0.6837513115785917 0.4061765785396302 0.6713357799064018 0.3977728984854564 0.6863762828136529
0 0.31151139111478515 0.7068636667553206 0.304626646924061 0.7131170945119498 0.30084163719884377 0.7269635614737259 0.30542415033400305 0.7398857811716497 0.37152042120071893 0.7434163584852849 0.40438725552769056 0.7502875590601263 0.4123267074723232 0.751430521377781 0.4187301418595238 0.7458898252095562 0.41170115054091183 0.7355154049588272 0.4163545319128085 0.7243246550954763 0.36828974932926906 0.7195340907710553
0 0.3069213186323535 0.7391020643995391 0.2923777065645933 0.7448720225391384 0.29034059004117363 0.7772715767223669 0.29445510309475426 0.7912451475069707 0.3148643611381523 0.7986472970839381 0.37475900326034767 0.7998948295136059 0.4102608116915073 0.7960558700907846 0.4119364059089077 0.7674166229804409 0.41193748581566086 0.7609651062172778 0.4051358396768658 0.7498957006740711 0.37180100526831544 0.7440758511859095
0 0.3079141482444567 0.796756110586026 0.2904438280964734 0.7993350829980613 0.28538899525272265 0.8132702814394702 0.27798301209264015 0.8192205822896769 0.28364685242559773 0.8402164310584358 0.29360471163793905 0.8408788035104022 0.3954312160223845 0.8334239193455751 0.39699709274396594 0.8214302665385161 0.4017968810572568 0.813964331156197 0.399071978619714 0.8029496043764409 0.3953833766683708 0.7998118575366567 0.3752669325077611 0.7998593369217527 0.3154122195514004 0.7996276629869118
0 0.3183457579130492 0.8418663687917306 0.29905775623328423 0.843553706780425 0.2921320029699721 0.8552427928053904 0.2927708696233283 0.8714965287226198 0.29830161273683664 0.8891061825086227 0.31517083558379205 0.8841923662005112 0.3966168611822358 0.8571095379289414 0.3943200296604369 0.8440276015676784 0.38841337461221115 0.8362911521194482
0 0.3059936157254515 0.8871154160746917 0.301643641583331 0.8939306152236338 0.30931722547323837 0.9188225827501381 0.324130492587029 0.9137297880299791 0.3444269804494745 0.9139346045454292 0.41813909565026974 0.9052671577146016 0.42257083972289844 0.8941369806258619 0.4104107730995311 0.8893059276101308 0.3958651769053482 0.885723618330875 0.3870836569972837 0.8636141950765555 0.3160849224997504 0.8845356138234548
0 0.3833549137061782 0.2550154763254689 0.3735128850888721 0.25693327440964514 0.3667091468830077 0.25986883202232597 0.36213216309100993 0.26664650599507683 0.3620699365944989 0.2767989008946527 0.36789142551608445 0.28408002664980997 0.38952205905890935 0.29456168812075795 0.42995288931197634 0.30219206467938337 0.47218760287718115 0.3087738415137167 0.4752760656973348 0.2993325318800562 0.47219347104972675 0.27371654287615066 0.45188162322079994 0.267447960496124 0.4202884201826772 0.25581735448345994 0.39450465197834084 0.25116119996336383
0 0.48311743348268577 0.31692807774378845 0.48460204233949944 0.3429632458297422 0.4812112492956089 0.3505805820049328 0.4703758953349824 0.35656550608809695 0.4150318350728454 0.34505695682023996 0.38737185902957616 0.3396093564489007 0.3841537353299044 0.32814859987529665 0.3825446734800685 0.3224182215884946 0.38658020134986104 0.29599732269296725 0.39185827829172615 0.2953209897378701 0.4297228836150344 0.302208136796449 0.47698058222080647 0.3133591873738331
0 0.39499234111951154 0.37505629801107077 0.39571460835870437 0.3992996368726858 0.40717481882737266 0.4209475406566838 0.4573753531709507 0.4248200735555976 0.4730760110019975 0.42526054090808535 0.5007017808393845 0.4181023522791349 0.4954748543349889 0.40247673296580605 0.48671052967559736 0.4024741248891191 0.46584125972163565 0.3996271757487708
0 0.47930252085045194 0.4337934339600827 0.4571039818911192 0.4252740596127255 0.407300595156793 0.42239383016728227 0.40056124123989306 0.4228647562640652 0.3734151545022326 0.43006192996426257 0.3674462038925955 0.44001953652627 0.3844287908144305 0.44731330049660234 0.4014321538875941 0.4551356412447309 0.4789841357481119 0.466147423546063 0.48455665377440194 0.45621751851916037
0 0.39143281200823066 0.45387931746802107 0.3860761805163797 0.4775370201977931 0.3957290962710001 0.48617586189946693 0.45130720215078207 0.49626226673403356 0.4908647556840409 0.5015696797110182 0.4975142514011914 0.49303345494945217 0.4991041056703254 0.4860925641339313 0.4983749596955212 0.4616183363307771 0.4929127575792208 0.4588955658837415 0.4835640640404844 0.4579965984283673 0.4794808957132482 0.46666394112646664
0 0.39878240752583904 0.4870337962834222 0.3939836738687474 0.5025987495096992 0.3917619269638898 0.5174492574819988 0.3957771444309831 0.5329326909515144 0.4045718486328991 0.5221650551111773 0.48758540699099306 0.5438845255315031 0.504477634283504 0.5402994679801024 0.5066985314256706 0.5305255633624234 0.5054173990681939 0.5183245049464453 0.5019275423177583 0.5060105991260739 0.49117887014545975 0.5027538866355614 0.47388781058488827 0.5012902694292097 0.4508650506840636 0.4967537416458307
0 0.4046189160731959 0.5234266507132007 0.39546560050837204 0.5330867432545282 0.39107312005304246 0.546514383622401 0.3928141248494975 0.5595134342018586 0.40015693099623006 0.5663807382473228 0.4104392068706739 0.5619720444559463 0.4918004070441838 0.5821181562852044 0.5011465880137944 0.5773648519453044 0.5071514963290545 0.5736650700226043 0.5076228038773298 0.5543610982759959 0.5049617762931071 0.5414263361648004 0.4875456317937831 0.5442834131289261
0 0.41079409748445983 0.5631773120168826 0.4016903023091762 0.5662735908002191 0.3973460382050433 0.5809279282184487 0.3974398628307497 0.5989623439358587 0.41302942579491697 0.6122237645417392 0.4428237415789259 0.619162311926631 0.4728765152743273 0.624852732771745 0.5068196216809955 0.6278111761536754 0.5114557919689955 0.6049359994208913 0.511731626035797 0.5963062610895513 0.5001931169535521 0.5844018531883435 0.4899603614686484 0.5822467332217288
0 0.49752323961701567 0.6276810268165645 0.4965830480943643 0.6612855834470666 0.4482969248272011 0.662398628105144 0.4122783541580544 0.6664228636159352 0.4041216785858446 0.6530497068664171 0.3897925002424965 0.6480215296536557 0.381368739461395 0.6350438771381653 0.3861319587715017 0.626797374156839 0.3936103446204692 0.6157232556040593 0.4055369545930209 0.6171509060760924 0.4121390288895113 0.6125443204576664 0.441213384127474 0.6188031950315991 0.472542592903087 0.6249045071168431
0 0.5008440369717748 0.6402615770857216 0.5127251339851537 0.6477218656359084 0.5166539591742694 0.6613904520517184 0.5224523808256267 0.6722905088293336 0.5216646981730372 0.6810128953013376 0.49637265180027307 0.677504453066819 0.426366394731453 0.6940783574495439 0.41868360513453917 0.6855710213871821 0.4170551464422467 0.6657122344045293 0.4471990410250052 0.6632290271953719 0.49634550585210185 0.6624327055269777
0 0.5255663774139815 0.6796097341773067 0.5321365117253848 0.6885716604069549 0.5339717711840815 0.7136917723107917 0.489242789004711 0.7333983100050939 0.42275295410142677 0.7459580861142823 0.41627384570836906 0.7249308837283267 0.4160375019753355 0.7189179409612593 0.4251195975868821 0.6983107321573336 0.4684971837292506 0.6873659715572078 0.497618250435615 0.6804321432060081 0.5205815858541558 0.6822191033145074
0 0.5009478267275438 0.7291888266330012 0.5160770621883379 0.7401905559906576 0.5247850766801038 0.7388283835011041 0.5298868415972172 0.746385550594416 0.5255064823440609 0.7715631504192061 0.4601748156854601 0.7776356982829545 0.4175996836789957 0.780233881334018 0.4119797183366425 0.7666834667847245 0.41168548717957953 0.7520072234789114 0.41938544527826593 0.7465702387702575 0.422233555166958 0.7471249035052795 0.4884415333780359 0.7345848227071775
0 0.41748593019699354 0.7801334281370448 0.41122847218681946 0.7797384231733436 0.4106685877193115 0.7972549558714254 0.398393789178078 0.7972804248469546 0.4005874694681544 0.8054497129776202 0.49779188259672574 0.8064250940191963 0.5060046680314497 0.8036318552869949 0.5083649924389211 0.7948669275918071 0.5109754263447277 0.7924651645961301 0.5091767510183524 0.7731715066695996 0.4603276663517535 0.7796365472712271
0 0.4988076064500517 0.8057992798429098 0.5087764522138867 0.8159220352363753 0.5120284713545531 0.8298431729916182 0.5091970217012787 0.8477958551393417 0.4630779885266467 0.8549023854276675 0.3968446276877292 0.8531499349583359 0.39461832441960915 0.8441506688233863 0.3887114917622837 0.836795683186593 0.3967276570219512 0.8342936028905058 0.39789826835986347 0.8217279400154229 0.402617152561218 0.814740137548684 0.40549033490496256 0.8084361456636429 0.4513792426197003 0.8060618222689656
0 0.4036582990043436 0.855077685411786 0.3980676304010751 0.8574898490315083 0.38996967351898626 0.8636148469722208 0.39692882691623094 0.8863758608302345 0.41218724998880074 0.8888472798454782 0.42493838478254997 0.8950315331817119 0.4613446541146633 0.8955198272553173 0.49528486210844813 0.8911266817647231 0.50302624225378 0.8759298312190454 0.5088974629251195 0.8613690379428128 0.5021348004118875 0.8532501997066323 0.45727239015785387 0.8594173084767377
0 0.46879562414808745 0.20073808720845576 0.5117621204170518 0.20984308220565615 0.5270140580929131 0.20691465018663271 0.5722528537379087 0.22051754306798874 0.5754042751256373 0.22961068994538267 0.5761475646757113 0.24259745349431905 0.5674092902553771 0.24538117530747441 0.541599002349293 0.24625338591595128 0.5168148504618477 0.2495374555438555 0.49006360875757227 0.250164971921869 0.48964986654397014 0.23963874294690135 0.4853618017965673 0.23124591193344712 0.4662253473849044 0.22420108772006195 0.4642957515772975 0.2165747897676923
0 0.5746922347560546 0.17595340905190582 0.5709882766631488 0.18242113659134698 0.5673451630134198 0.19043683898004818 0.5491082190174561 0.2122005721477451 0.5727172461926867 0.22048509269829444 0.5762965533692872 0.22861700429643816 0.5856705720286115 0.22423663207948144 0.5893988678987879 0.2183880944797442 0.6493633769783729 0.23344556047454604 0.6596418427699825 0.2283810975784968 0.661419167085233 0.19659148325058115 0.6553212207299424 0.19546536320734686 0.6205312553174515 0.1811323370078695 0.604045323172833 0.18228432513201664 0.5990231757340398 0.17890991437558282
0 0.5907677074858512 0.21767155343095734 0.575732835118792 0.23796975413138635 0.5768806600237844 0.2434775628493336 0.5806911760844566 0.25749177887466507 0.5910669929851491 0.2549040757374317 0.6390799744701773 0.2680026714307699 0.6768894781820425 0.2762262406151995 0.6751322215019648 0.26113721301668785 0.6710783276685856 0.2409310975943166 0.6486911260734767 0.23411342596879145
0 0.5750474279819431 0.2442265542678147 0.5802632902955847 0.25845301415391525 0.5818735329687207 0.27572543172623803 0.5662404103718945 0.2926505381279894 0.5247522736877117 0.28561535681067013 0.5009709073849516 0.2847935659062628 0.48393145119183895 0.30740495805928 0.476685679931556 0.3007710292980985 0.472571928998317 0.2731184094144325 0.478770188492642 0.2590257003803778 0.4895373845163003 0.25454797705433824 0.517022708911966 0.2489020404193044 0.5416111712379283 0.24656298088580328 0.5674336280326479 0.2460003652471784
0 0.5014352998397297 0.2847611155365685 0.4837479305189914 0.3086595631235351 0.4836607736119095 0.3182894575586411 0.49056285396045085 0.33395031600007163 0.5073530083209532 0.34053820212222413 0.5774144372059345 0.33998875106116205 0.5941325655779419 0.33882053775216775 0.5955652116381336 0.32195638271653604 0.5950297805381779 0.3083342040430485 0.5879431921734717 0.299826480277908 0.5660325519217762 0.2932859532525406 0.5428260854148297 0.2893195370950719 0.5243243878988397 0.28657659208992037
0 0.5821817045578734 0.2598711875243981 0.5818613640800853 0.2754158367563861 0.5709583355948037 0.2882850746381236 0.5733523238571885 0.29587892222079903 0.5888719770830277 0.2997615795385194 0.5969603636891019 0.3100619723833833 0.6029132707240854 0.3015744231763588 0.6641147363023789 0.30071274422993216 0.6732920780569033 0.30317591171941344 0.6729056356505234 0.275573283848045 0.6388477782427882 0.268018896615617 0.5911034996510552 0.2558328606469877
0 0.6029451786278076 0.30228407672472885 0.596778776831062 0.3098337984058848 0.5941808292044783 0.3223796220729605 0.5961988501040317 0.3379749737396562 0.603985543256313 0.34305099303247494 0.6331583547350821 0.3488806658416908 0.6752673116076129 0.3478115934029528 0.6844428855434472 0.33817822289799526 0.6927471842000948 0.33497521559788357 0.6960536629975649 0.31900780365796894 0.6935339148046226 0.30494621263674165 0.675495951802312 0.30358392458308175 0.6641396128586237 0.3006307183533508
0 0.5850334368268636 0.3398792058300168 0.5886888189141748 0.35423611747421724 0.5747345323439028 0.36382873491156215 0.5087296290566947 0.37893187211025176 0.4934329047145565 0.39011699655199417 0.4902351901514373 0.37310537695768886 0.4810044447204082 0.35988740590944146 0.48292323435557 0.3515104687182955 0.48647938517848965 0.3418950915046546 0.4939870331258568 0.3398717778681088 0.5075118337301565 0.34080008163296727
0 0.5890185082620278 0.33951360703380673 0.5896227077326439 0.35488535728110887 0.5824301158594881 0.3599363388700183 0.5858807814815845 0.3657597293279629 0.5957177230614473 0.37012611360573605 0.6052856247856679 0.37729086593774896 0.6080290235859185 0.3892281908613662 0.6470226241232244 0.38321848910554746 0.677689651211754 0.382339008213473 0.6851405743796604 0.37903879141861224 0.6833849944693267 0.3488389023728122 0.6749997952159614 0.34765601904841364 0.6330127621899341 0.3498318845002239 0.6045253577199939 0.3434837949374054
0 0.5073586334536612 0.3785224829910594 0.4950722585964433 0.3901951081730339 0.49392692562801566 0.40232512630011014 0.5033625706123241 0.4183503868832445 0.5268606893274664 0.42072506980783225 0.5632405978204479 0.41478423562021954 0.5779459486726471 0.41159385130729054 0.5934555531123779 0.3993870223948918 0.6098280018925968 0.3914455363493705 0.6057923381622353 0.3772057590025903 0.5962336156882231 0.36984037045910284 0.586151162926689 0.3668372145119118 0.5746458018886127 0.36300656520879965
0 0.5013311535350184 0.41972823225782624 0.47283272369978246 0.425736280035625 0.4723332158446153 0.4307147680221482 0.4798736151214642 0.43389555513994066 0.4839204074040382 0.45431403467722437 0.4923609673338724 0.4568139732518442 0.5312950405277163 0.4510036355887434 0.5522399772059611 0.44737724749342905 0.5665567864765196 0.44019735143226296 0.5757410439129984 0.43214020693184624 0.5793920967175792 0.41890817454882856 0.5747227190901343 0.4121280550377147 0.5630337244814676 0.4154166392986827 0.5277729611966292 0.42035234895977297
0 0.49310269951258695 0.45799803916758813 0.531319262960071 0.4516198909789701 0.5520573262993356 0.448625906562119 0.5665446752603422 0.4398892237371495 0.5858729242032069 0.4305052991641005 0.5924506414182538 0.4445674453402793 0.5960241136059453 0.45883951926353256 0.5826902781736836 0.4792366096380998 0.5692251846914009 0.4845031463756398 0.5331257994984291 0.4857897685600793 0.5063671348882768 0.48889548077596584 0.4997753411291227 0.48626635589545414 0.4983563635084405 0.46195656455797224
0 0.5065861194434345 0.48857120479261607 0.49742706710327544 0.49137403018786924 0.4965007186900054 0.5031797723315956 0.5028735278940019 0.5061331731954573 0.5061311257971168 0.5182645015411534 0.5075651626258714 0.5252706970875781 0.51931569597939 0.5176521768067867 0.5666055505898265 0.5121848838525122 0.5864797869246379 0.5107961310641739 0.6042136052365472 0.5080120743943971 0.6062217825454631 0.5001473991341984 0.6034253935210532 0.49385434870741934 0.5950110213515036 0.4802295165322458 0.5824591824023486 0.4792527579263363 0.5715240311885738 0.48403353579816155 0.5329310373756262 0.48673029993365585
0 0.5252883983820887 0.5184855603139504 0.5104051336828509 0.5234859123217884 0.5061823715807113 0.5323109786726653 0.5042142877229178 0.5403692096239311 0.5092361569325473 0.5576875659101793 0.51926085692777 0.5627752785762529 0.5291900254608086 0.5654325260584416 0.5830128022736532 0.5571019110823852 0.5935309765657772 0.5514926509275069 0.5996372636079973 0.5382709733115553 0.6129613598286299 0.5342934991202223 0.6131304776640558 0.5269702597478398 0.5986948593072311 0.5084818528986028 0.56732236458736 0.512501925416751
0 0.5837202534721667 0.5576617616472644 0.5926902318301566 0.5591674641789668 0.6027617286681693 0.571258686159073 0.6028194980554306 0.5843542803431817 0.5477122057177601 0.6006953605394117 0.515151695823549 0.6093680867395278 0.5117945302108781 0.6053376794128258 0.5123357702388713 0.5958559391838163 0.5002016269691827 0.5836042062490007 0.4975399711222524 0.5798298413391921 0.5069188648594305 0.5743001907361339 0.5074720463201968 0.5651222586551098 0.5186369957586675 0.5643420850472729 0.5292377911919006 0.566647758650384
0 0.5930678796312643 0.58770131713911 0.6131142467565147 0.6134282811218189 0.604503117979492 0.6259504538996695 0.5134208263088914 0.6475947441515612 0.5007258348438155 0.6291275086583997 0.505765198152115 0.6277567242450415 0.5104196594307648 0.6101144576185277 0.516260845776019 0.6097062928122167 0.5482880877137075 0.6016959817588577
0 0.6097494188071969 0.6255281249725487 0.624141919826949 0.6413828106795845 0.6266311032191817 0.6618160185467284 0.5397541122461175 0.6892432207831135 0.529313108350813 0.6809805986531732 0.5226926138936101 0.6698282831374108 0.5148642442146216 0.6493934864419403 0.5253810643010774 0.6452865239815928
0 0.6029860204511989 0.675083202983946 0.6135139522636525 0.692706634772167 0.61371837289866 0.7050566372428116 0.5277249605520253 0.7406649554739116 0.525380259814626 0.738206068720238 0.5161911909103042 0.7403468750746424 0.5039219001607216 0.7284652546471055 0.5342632935770588 0.7139808011353627 0.5329097440791949 0.6938429138911916 0.5895052796160961 0.6752758465237237
0 0.5953096702893067 0.7157098667975372 0.6000284449435701 0.7213749385079756 0.6069144896371998 0.7321340228025494 0.6149226732567109 0.7356958635695431 0.6164401584841204 0.7457060608326991 0.5154008854420418 0.7917326231828073 0.5116133240471396 0.7740128696246972 0.5266873663008032 0.7714608387577878 0.5314120990612909 0.7415313352231877
0 0.5999637404784162 0.7554749173468319 0.6054351060727629 0.7588393480890679 0.6105210454703345 0.773845647338144 0.6100169349344556 0.7896172380816275 0.51100044927691 0.8227634919024006 0.5019618211336462 0.807284044125237 0.5087926943320813 0.795191786866606 0.5170969929887289 0.7919887795664943
0 0.5944558519771355 0.7940766786955509 0.5995699729329266 0.8169491911967254 0.5994354103828459 0.8278241793808313 0.5093865031623924 0.8603438053730251 0.5045355492005382 0.8513158917486772 0.5108488168946071 0.8475026610829763 0.514244606851716 0.8266582287033271 0.5515772343322991 0.8113105730989609
0 0.5909243078487009 0.8329150143083135 0.5999053812542804 0.8397809506302875 0.6049155044607003 0.8671568344696512 0.5710338384324208 0.8845113992475732 0.5245415152269806 0.9027471594094344 0.5032141432594222 0.9034881022992195 0.49321612029857737 0.8921971231176288 0.5049150172910889 0.8752685984868757 0.5102859599997991 0.8617796554202779
0 0.6639546449474616 0.2359611413613147 0.7015743890396025 0.24869211301841318 0.7501327345745649 0.25314952724774303 0.7519422111143672 0.2796466148902659 0.7423469781104227 0.2895329381518306 0.7019714289873318 0.2848450616266689 0.6785801820623678 0.2758984267569022 0.6764731019006536 0.261368589872839 0.6718007850790773 0.24019145836041342
0 0.7588196061849899 0.29179515256200644 0.7624562809138081 0.3191885428709244 0.7513705060011034 0.3237177841711636 0.6969537713997775 0.3200110641118893 0.694040670174737 0.3045135677275484 0.675283772973721 0.30275229856883873 0.6737295907153412 0.2762373717178451 0.6780695934995229 0.2759341051738436 0.7025221557692356 0.28583056033541737
0 0.7508599174382585 0.32375346258810495 0.7664328686050279 0.32266527087139346 0.7677328421427005 0.34271274259301826 0.7140273871995146 0.3440762297452516 0.6868446931508425 0.34938894880391375 0.6817800313021678 0.3442816157611777 0.6858925841783483 0.3381916788382673 0.6942370190271712 0.33556063070735526 0.6967252359310611 0.32070968807081984
0 0.6866562959011853 0.35110874988853413 0.6844378382457859 0.3597969513539893 0.6859663472521749 0.37914579911668356 0.6812495499686784 0.38288866782992587 0.6952350467000706 0.39351653053879754 0.6993074613571921 0.3864054164901973 0.7118971575850103 0.3875736495265136 0.7284099238786363 0.3908570410623791 0.7430553537641871 0.3922229528061599 0.7582381310252888 0.3942339708834592 0.7634532230259925 0.38362973704020614 0.7737875800614981 0.3730091114027694 0.7756035699655918 0.3605944330182556 0.7715890151767433 0.3431259392164179 0.7150485643252045 0.3440048729113689
0 0.7848144095452145 0.3995447722908077 0.7248759421577811 0.3921279671066585 0.7011212801398554 0.38696132678136236 0.6957723940756215 0.39416163687231603 0.6900745578854943 0.3989970395451308 0.6873845643255939 0.41522739089105665 0.6946778065538752 0.4314427978570858 0.771116746389297 0.43531730786403117 0.7872415098986856 0.4287293205182287
0 0.6809273586554909 0.38120454516224683 0.6860053999105187 0.38665227058021284 0.6894547629503948 0.40928016763591163 0.6378563881689232 0.42517349167220814 0.6029479686458125 0.429319425108841 0.5871464820103265 0.43110624078448306 0.5830483941012142 0.431051275744784 0.5787228562841009 0.4252096403261761 0.5800004132519283 0.4186351499459833 0.5789669422806007 0.41188082006679655 0.5946089616005659 0.3995240015505559 0.6111774166410344 0.3911983739116623 0.6472418929140804 0.3838997130556066
0 0.6941003209592653 0.4297765143978775 0.693561888022999 0.4356167024021984 0.6915853452426692 0.4439466722839529 0.696516213027814 0.4456500815743896 0.698609913783175 0.4598395260832228 0.7056366534451113 0.4627617912068138 0.7734758641502879 0.46928518855314194 0.7846831392808848 0.46133418429213274 0.7823095565528257 0.43351120556563144 0.7701223280763132 0.43606944944837384 0.7010869224021425 0.4316776023957786
0 0.7822361461567692 0.4707210097165184 0.7836153105718444 0.4992961300273624 0.7650045012799963 0.5077644713340214 0.7049723780480919 0.4979649195232625 0.7033212832630953 0.4885231290591778 0.6919679202233303 0.48624452285481823 0.6889991302514472 0.48235604564523654 0.6997894726636705 0.47682346642777823 0.6998852996295721 0.46623562437870886 0.7044003202570581 0.46387216437485695
0 0.6934526816507445 0.4458641520760378 0.6791026842656752 0.44550157824947617 0.6732164508258907 0.4520567820069113 0.6685007391031093 0.44931435638231415 0.6336056989863517 0.45380068219417696 0.6003494598089526 0.46090311175705523 0.5907408473986553 0.4704490426433901 0.588992840087042 0.47808038856621415 0.5953885765289562 0.4779748007296771 0.6044822581335476 0.4944057256116414 0.616077536048382 0.4963261002323001 0.6757227420567644 0.48976897882355136 0.6895364776269981 0.4830011519787551 0.6993870049123649 0.4730969895087196 0.6983947577208116 0.4608785424173833
0 0.6854637102921067 0.4119483415980521 0.6943689946470407 0.43009906756463673 0.6834025488307979 0.44417713457978475 0.6691997249156116 0.4475588768807524 0.6025668319036366 0.4587002046294395 0.5957151100850048 0.4537177460459983 0.5914720198274399 0.4369478762030911 0.5938108921400163 0.43132320611470526 0.6384204943571801 0.4264993827561865
0 0.6883670414707099 0.48581348702294797 0.7008352374806358 0.49040348302003417 0.7056702782998789 0.5026947343595404 0.6923125281063628 0.5145506076243149 0.625826808564271 0.5294362515005313 0.6139227187426021 0.5261721465874233 0.6030018389489944 0.508844919039064 0.6087810371379551 0.4995665762797894 0.6163863479552165 0.4976698305247493 0.6755209654007541 0.4911483875329418
0 0.706812955643461 0.4992016145648875 0.7064896787695583 0.5040027862350479 0.6948654709205874 0.5143722155396081 0.6964084448940446 0.5275761613396929 0.7111207718113605 0.5306440349596232 0.7516980975904619 0.5339525027753945 0.7848585098019591 0.5374379152615857 0.7848360932321142 0.5108159531597681 0.7774336446315784 0.5048479958675783 0.7689409507521572 0.5102200222088006
0 0.7129747288130825 0.5322211223764782 0.697428536459019 0.5339900988436496 0.6996571168386255 0.5450981727669427 0.6899682279902102 0.5526017494018979 0.6977330061229926 0.5612750064874564 0.7043572780336232 0.5604707946919888 0.7081443829144705 0.5721526181149177 0.7430795612502873 0.5686874694287446 0.7694139248951436 0.5743565024197936 0.7900804678447242 0.5660858398205992 0.7901104833395761 0.5473107415575409 0.7866054315528573 0.536291863676601 0.7525041186537882 0.5349201622756722
0 0.6009458246374846 0.5386039515271484 0.5941002342949262 0.5505050959675419 0.5925742687473382 0.5595270780050055 0.6078380442714857 0.5757339852281672 0.6131576690664561 0.5728548228252371 0.6581798215582283 0.5646939225708576 0.6823529302817002 0.5577112870093032 0.6897790950460738 0.5499486450364223 0.6998150425418769 0.5447896866997565 0.6970860171153573 0.5338361928118941 0.695595472192257 0.5278110431204035 0.6932504468326738 0.5159949021870601 0.6435993380200151 0.5286583314920613
0 0.6105797626501704 0.576378216323783 0.6039543604121493 0.5832490891245342 0.5965063540527893 0.5904560478181937 0.6104861937288726 0.6112103487183983 0.6611119117504402 0.6073941686909683 0.708964921155515 0.5915131282172329 0.7038371524592819 0.5620607329820445 0.6969387302839292 0.5619855647925268 0.6856433467670563 0.5563669434376705 0.6596275693686915 0.5643141534879764
0 0.6165729325803797 0.611899444440435 0.6091021985486971 0.6238442720708018 0.6249801969644755 0.6397296544643799 0.6269421083344584 0.6471148902272753 0.6567078617902324 0.6441991332530598 0.682383322311634 0.6382259368066779 0.6949853693488935 0.6345592955477845 0.711955159644537 0.6144283736716823 0.69058191759656 0.602270239663191 0.6622084218864468 0.6087105715724004
0 0.6819993222446976 0.6390885838521588 0.6986470929490207 0.6426615677229175 0.7034590445952851 0.6587630031934651 0.7024909257971896 0.6766613566351486 0.666077928508408 0.6858923031308938 0.6329562337823182 0.6884853538390777 0.6144758291232597 0.6914483383126102 0.6011429747312871 0.671206037501654 0.6151045171217278 0.6702304462589219 0.6279813562509908 0.6629227415584399 0.6276436976060354 0.6490160985145778 0.6574094510618096 0.646100341540362
0 0.6967217761503233 0.678736116245895 0.7020278219157925 0.6914597688511406 0.6996993216871802 0.7119606244925912 0.6519673271318672 0.7256043707861162 0.615576171438072 0.7353910005610831 0.6072636499220718 0.7312355741573503 0.6014416684424111 0.7213340211381855 0.5986462321535959 0.7140070296285873 0.6146269481334936 0.7059252256990183 0.6158244036789475 0.6938615466891608 0.647005142552705 0.6897324957132317
0 0.6891374037570283 0.7143702885597981 0.7017149509672933 0.7260286206694695 0.710038393280787 0.730461888712813 0.7038161744726809 0.7529064543950913 0.6204601382801095 0.77990508858855 0.6119838048017101 0.7715820375906558 0.606480298604026 0.7591507876883453 0.6143677950951248 0.7471768379313298 0.6191278009859306 0.7460084085560373 0.618778335466146 0.7371174760884931 0.6528663768356591 0.7272131763704834
0 0.6180696575758813 0.777564685528621 0.6111594285256992 0.7825052279154213 0.6112349880308161 0.7897436716086256 0.5967129406588749 0.797723548094924 0.6002627980520615 0.8189280605217357 0.6058763983020142 0.8288441746042249 0.6545192494359484 0.811793523318749 0.7029209569476946 0.7939239081777653 0.7008625305549443 0.7734509932265152 0.6962034700735857 0.7612393407105182 0.6908847313559513 0.7588249508975196 0.6486034111655279 0.7729236344634435 0.624715129254217 0.781836600438949
0 0.6973601885305364 0.7959841067251875 0.7014132886857493 0.8246757823581653 0.653955200145104 0.8399720174260304 0.6041612348876968 0.8543170576320206 0.600478555769919 0.8403655499617373 0.5948758763174596 0.8307272775188589 0.6014785508831583 0.8285942736548148 0.6013365805157458 0.8249823323398751 0.6063368439514035 0.8299264190360192 0.6549906158828308 0.8131536093901541
0 0.6855754291506001 0.8310759753867454 0.7018492345081442 0.8410830001585244 0.7043008096106521 0.8715582141357617 0.6996172493022993 0.8746715349883295 0.6083872956481302 0.8980413039306282 0.589647450081241 0.878455432405716 0.6073725475585922 0.8669084792308989 0.6050602845914888 0.8559258632163876 0.6544374873894798 0.8416099451370463
0 0.7701060333246472 0.5766136852229687 0.79524534588154 0.5734028941162713 0.7993236253763045 0.60316994390757 0.7844295728868178 0.6126931234210115 0.727940321763276 0.6183369104725625 0.7134396181274454 0.6147454304982303 0.6933306346050139 0.6025787031631887 0.7107814448705246 0.5933615751140122 0.7085618074813018 0.5738859166506697 0.7431650779175308 0.5709832324441392
0 0.7146222274681309 0.6170863438951885 0.7062736090098123 0.6220321117780205 0.6941168119381901 0.6364534763234199 0.7005174354656736 0.6420650962933615 0.7057909073308629 0.6559955504465242 0.751260783709426 0.6520911849286816 0.7997647240237198 0.6467630326887243 0.798174390808385 0.6294245958854806 0.7978046664372811 0.6153938374408146 0.78589872008102 0.6130751738923669 0.7631823962492794 0.6178131391665355 0.7399990369221819 0.6199178337986136 0.7276537839097594 0.6202957733981651
0 0.7067637486135858 0.6576240566234496 0.7035168334660393 0.6767546364010308 0.6978302422069578 0.6800602593237066 0.7085892663606891 0.6948191746434403 0.7564916313402906 0.6926836745334737 0.7991664822572078 0.6870357766101186 0.7966918897959805 0.6518248545180944 0.7620411199803199 0.6535190825226004 0.7235932130041682 0.6557209982923289
0 0.7087895345427655 0.6952898906230683 0.7010709910467983 0.6977680800971243 0.7003626047119664 0.7121165287892857 0.694704513080544 0.7161472254331763 0.7043766974409166 0.7263773396911256 0.7114358955584102 0.730246454973506 0.7640892392294525 0.7287483907944327 0.7955254474675422 0.7238858159443482 0.7950227248340294 0.7064713801340138 0.793145853765178 0.6910918062563729 0.764324173346894 0.6931057799442765 0.7338900768076495 0.6957171346236262
0 0.7792872877473022 0.726959330973948 0.784818027049886 0.742810648549168 0.7786541296310979 0.7478461096582235 0.7451091993605687 0.7545525212053237 0.7004111252941887 0.7642194769893385 0.6961002240473725 0.7562806378415713 0.7057937205249074 0.7531797343737058 0.710834320223718 0.7334391071034968 0.7183905950411542 0.7314569666114323 0.7645182752212643 0.7304148964749033
0 0.7031776511281755 0.765237935673636 0.7013064259928943 0.7731240533807742 0.7041363678042325 0.7942535510234056 0.7146982069297405 0.7901225500880118 0.7716457644612162 0.7822655423692714 0.7925969033693516 0.7788626983089452 0.7912733374672976 0.7636868161681637 0.7892824678878102 0.7454069474056638 0.7794267027317442 0.7490038998555208 0.7442408567125958 0.755582618672852
0 0.7131047905605528 0.7912033135602675 0.6997091556813904 0.7972288171974041 0.7005744151755104 0.8146179200053748 0.7075838015481827 0.8310929792923555 0.7514515324701349 0.8234228859374887 0.7763715770931785 0.8192579963703536 0.7944509207441142 0.8167828900501507 0.7936932430385968 0.7836331906111343 0.7821973329223746 0.7824976502623473 0.7359351129029293 0.7893656431709578
0 0.6996467609068295 0.8280122702370987 0.694856241134917 0.8356176694823357 0.7054442675226942 0.8460261424747809 0.7071010998692333 0.865056417960859 0.7141982974902723 0.869892298204859 0.7614721290844491 0.8610147763659187 0.7906578879402668 0.8497658695379018 0.7965937883377829 0.8389298186591286 0.793363310162292 0.8168588890572414 0.7731942442306894 0.8216612145552697 0.7464425155528364 0.825469386653413 0.7136321588794083 0.8323668234361907
