0 0.24891580929665913 0.39905222325963985 0.24935404682933043 0.40365407965280103 0.2537843124098542 0.4110629409913844 0.26179295302851935 0.4131254408553245 0.2749377451765808 0.40664322532417113 0.2895556586537168 0.4001373523821778 0.3046541372446143 0.39664598757854047 0.30778059182042417 0.397729113308744 0.3098503594132308 0.38847808570074166 0.32032467757628375 0.3874787626046455 0.31179980964492293 0.36968847455910875 0.3016785367773977 0.36975619730472903 0.2844182283322111 0.3771753852380521 0.2744845459221398 0.38156602998979894 0.2546526672182572 0.3942756430374918
0 0.3207697565737852 0.38656494719880263 0.3096878905537003 0.3893118069209576 0.3084058827355861 0.3979457384547847 0.32031505477509337 0.41150561157276105 0.32341692482794304 0.41614024732986904 0.3450932502895212 0.4131476915462069 0.3753857642267965 0.41047009900042597 0.37713059410054206 0.4028865138328555 0.3785928138363168 0.3953830228509119 0.3761831468026794 0.3858261539581352 0.34987175931995673 0.38383091787823487 0.3332646732837245 0.38341761654851303
0 0.36695129021301076 0.3612677166060978 0.3664788453561889 0.38424421920795665 0.37368198314203155 0.38495965337397237 0.3759005366647085 0.3859062481437621 0.37970551133007036 0.39309848433630484 0.3841494598402544 0.3894760020768802 0.416155377663485 0.38828200618943737 0.4264317408507474 0.3841880807693581 0.43586711508892717 0.3748187661071556 0.432520902350727 0.355681370910762 0.4184573075562328 0.35454722191039806 0.40842806839068124 0.35463272960065134 0.3964806288985537 0.3556557101075876
0 0.435771558333447 0.3705136290456621 0.43474757613034354 0.38261897642076675 0.4404707511222814 0.3888737397966266 0.4464911348179316 0.3960974179997186 0.46708249180110506 0.39275304346299955 0.4807078490629279 0.3892853360702024 0.4965940874285179 0.38517687519238986 0.49583775364161575 0.3767267894406566 0.4975757420505312 0.37465887607209014 0.5043228992455725 0.36880829207284527 0.4990161585997061 0.35219571794793963 0.46621563953695283 0.35952248170856166 0.4442921900536638 0.36652345522204977
0 0.5045031111632331 0.3699387326247288 0.49750700930416447 0.3749724299807038 0.4960935939298938 0.3764749683774699 0.49756275517630866 0.3846539153149442 0.5045236000361197 0.3899541141335748 0.5090488012924329 0.3924183104942154 0.5219360616618499 0.39030869791568423 0.5394531988559274 0.3882092946753985 0.5506581183403925 0.3859152937539572 0.5598781557403897 0.3815391119074702 0.5671805424335892 0.37550248082085663 0.5670575651837746 0.36539926380169724 0.5622550657976442 0.34979008679057033 0.5276539668625039 0.3598167337728895
0 0.5629068058342329 0.3341778803679141 0.5611854643154089 0.34722811451238406 0.5693289588449387 0.36409435249761596 0.5755739451768809 0.36386721849385234 0.5837679258458089 0.3582390803423831 0.5988929641875548 0.35461369061731113 0.6095898198376509 0.35224328660875087 0.6152358243310496 0.35240630212123425 0.6188633310511452 0.3502762708662123 0.6273499238572584 0.34544677516613415 0.6272368756697749 0.33644270827771927 0.6244628031192787 0.324225728164842 0.5920261502183082 0.3281291316351831 0.574125482882871 0.32989644502744353
0 0.575856628251735 0.36356671081449915 0.5690997495835818 0.36680402628091757 0.5675976882637838 0.3760454365113415 0.5704466491956341 0.3825109792095902 0.572882292799132 0.38534698166758025 0.576096482190875 0.37958741017229974 0.5858979153634004 0.379895097778369 0.5907768595740801 0.3793939335948016 0.5928289730362184 0.38189784620476636 0.6005446770577704 0.3794907553584113 0.6129338026551493 0.3784038898235056 0.6226343887611694 0.37807897990219624 0.6371405871397099 0.3726454394318824 0.636193247291837 0.3625554611624977 0.6352459074439643 0.3524654828931131 0.6274668005465839 0.3513642575047753 0.6151449063268752 0.35287285472460006 0.6097143535306604 0.35198759984784456 0.5982603666601762 0.35479297429109846 0.5836770078416345 0.358705632945749
0 0.25329464869757234 0.4112623962061986 0.24672433681268302 0.4131244800773343 0.2462762726492197 0.4252249759858679 0.2488985085969163 0.43504667367475375 0.2558545661720975 0.4422314800918503 0.27616247286309686 0.4354195554340985 0.29567441817232115 0.4302418615021397 0.30666399661419874 0.429592453361291 0.31303531815364427 0.4281389271716036 0.31919790136210285 0.4204056418722719 0.3233168671583026 0.41642099431640284 0.3195702685816059 0.41114389575275473 0.30850748021082053 0.39807973124039825 0.30388922330838863 0.3972756131915595 0.2900820490586163 0.40013220094162755 0.27464510357331384 0.40767662503778984 0.26303657110896606 0.41272739508301964
0 0.32443511228700495 0.4168083980167296 0.3183860744944867 0.42028355863253686 0.31433668814194926 0.426361459224954 0.31590051041906253 0.4312006894589686 0.3199816277432822 0.4286354167976077 0.3215076015484154 0.4348940219261305 0.32582918817530443 0.4421211363054702 0.3500826837884442 0.4401777525299182 0.3785405901272873 0.4380992882005735 0.38878429065996556 0.4278007302398808 0.3876025835878987 0.4203880706774415 0.3764103843153319 0.40982571688308145 0.34466732203404415 0.41283522314799415
0 0.384644685422486 0.39023610215468635 0.3789557798488752 0.39431352230210526 0.37590497570880194 0.409968954103938 0.3886134008009586 0.42010159623572835 0.40783479333493783 0.416414895808706 0.42870182259028833 0.40979667300111755 0.43926168936959614 0.40645175229210917 0.4427360876719412 0.39842383588400043 0.4404581184573109 0.38744808376119816 0.4354479983642894 0.38252907824969146 0.42669491017981653 0.38395329379119364 0.41593605305506504 0.3877067721816503
0 0.45340338236689137 0.3957527933170321 0.4430425059330274 0.3986891563445922 0.4394069657572186 0.4057062555396409 0.44074981470274915 0.41412973231514005 0.44438898536380345 0.4187329527367483 0.4489974942806921 0.41284875399449456 0.4721327447651295 0.41051796651861583 0.49512883636224236 0.4040006729696409 0.5082853256178622 0.4020328191928977 0.5073245918773781 0.39103591308897384 0.5040235704490922 0.3902106410590136 0.49809419557281204 0.3844956741657319 0.4810555793384162 0.3886202429223878 0.46726427057448494 0.393233144637984
0 0.5084049885341002 0.3928426916838088 0.5079410588847959 0.4031868736268142 0.5096440400492339 0.412212609933925 0.513721973667074 0.42020787173108126 0.5185521526068726 0.41673121443104716 0.5327792905336713 0.4098818224580463 0.5593352253626327 0.399186179503039 0.5738150675926965 0.3922651689196098 0.5729019303097357 0.3865372047122704 0.5702735768617413 0.3816475098489489 0.5671935287650383 0.3772379912775041 0.5599883973718375 0.3817451230874927 0.5504014993336096 0.3862229442492961 0.5406375939360769 0.3879336342325114 0.521002355225369 0.3906811360569022
0 0.5759783479211934 0.3793264036670583 0.5727407884362721 0.3855263874992105 0.5737076396770541 0.3915912907775699 0.579545452123533 0.39838869349433975 0.5830869428544881 0.40900635256500056 0.6052650900836869 0.40729897860185504 0.6218837426410562 0.407167214068132 0.6274115063412034 0.4020789767076532 0.6384389332550611 0.4000101936722964 0.6387197380447627 0.39183088337626737 0.6383559753406098 0.3796083042279988 0.6317697979698794 0.3797140741336063 0.6231998346450092 0.3789734180281321 0.6121943907172905 0.3778665122034526 0.6011132498456117 0.3795983561677894 0.5928814357535099 0.3826356484539631 0.5907743563978867 0.3793590303353132 0.5857581188045673 0.37937202764937106
0 0.6278094870320909 0.4012618613447567 0.6420842214164131 0.39968141126834017 0.6445233325045071 0.41166798060420245 0.6453070588856864 0.41989775552953823 0.6398549921294994 0.42214724310100066 0.6190099458602878 0.4255897770485529 0.5870898762196952 0.4258321521348774 0.5826925926488461 0.4214437875445541 0.5831504047978526 0.4160316084271131 0.5828342385512232 0.4090779711754289 0.6054640804291307 0.4068904209204068 0.6226955695086723 0.40728929730786706
0 0.5890736621738349 0.4266785781459593 0.5820772691116213 0.4374654690655922 0.5811994932855884 0.44687045240596596 0.5838058637474437 0.4549358361293237 0.5980427496597859 0.45477476094741537 0.6252432519826019 0.4481223868446476 0.6500082737025694 0.4411037630226747 0.6478755808755616 0.42938251414740414 0.6463178760987462 0.41961128108782514 0.6198754866857252 0.42604879935930784
0 0.5744279041148689 0.39279580984079315 0.579040043517003 0.3985319307151964 0.5830332288966669 0.40866941349398056 0.5831504047978526 0.4160316084271131 0.5800202732285737 0.42290547040130533 0.5698583871401536 0.42543327574741713 0.5248013242150278 0.4410201381926701 0.5193016610013172 0.4380006838675481 0.5143355068805736 0.42673030063596884 0.5159150456210636 0.42156332503587857 0.5182994483036075 0.4168028330414755 0.5323275958849626 0.4103619987499229 0.5598406339691627 0.3990429422821824
0 0.5126869972262216 0.44448866065591314 0.5247508848357233 0.43964339295146715 0.5755609370315876 0.4228662856103525 0.5796684603680726 0.4301826210808964 0.5824022686499261 0.44056090404101633 0.5800338384412004 0.4477081129352447 0.5762130661952212 0.4516691643514763 0.5617444189630773 0.45738869932470066 0.5341946324425515 0.4648367734629881 0.5195258172562954 0.46845437943501184 0.5166809878988807 0.46584275324215874 0.5115881240641637 0.45505371808952383 0.5102131156615506 0.4489674324486941
0 0.5238018007511918 0.4690414102613047 0.5232405478031124 0.47567644930906483 0.5287979975426085 0.48345560561748074 0.5381163648109913 0.4835130217465245 0.5542356675433889 0.47714578836723237 0.5724315448634988 0.4685710418190698 0.579045396011487 0.46435807199332046 0.5820318090000969 0.45685583317672046 0.57914645833425 0.4497584861800184 0.561486250782985 0.4574618664456247 0.535356389252967 0.4645075214188299 0.524744056198835 0.46733526125665414
0 0.5289158524856808 0.48504119825849673 0.525679375578665 0.49351374835679057 0.5309724073674942 0.5064047125106261 0.550919316213382 0.5054286771233852 0.5670853900247861 0.49850852382344635 0.5839000091717084 0.48888613235894957 0.5893683120326538 0.48679670289889804 0.5928629571197619 0.47825098567968016 0.5908811950842383 0.470897553759744 0.5859579366479994 0.464557655850496 0.5802894658329419 0.46454515630934684 0.5719233127650005 0.46961452022168765 0.5542712094754219 0.4782150446480637 0.5387150141822156 0.4838830238648611
0 0.5125017736475874 0.4243936766992548 0.5147092868164578 0.42808536485518783 0.5209882202466496 0.4412365804459739 0.5122653774642036 0.44406848679751443 0.5093176312929137 0.45012066153269803 0.48993568437732926 0.45633322764270945 0.4582601863517254 0.4683684402387991 0.45513600091444634 0.46061922832231295 0.45115372753167543 0.4610282866559274 0.45070164116804556 0.45396088405115526 0.45193887712198955 0.44479571895889886 0.4711287603451485 0.4373783680084566 0.4927325744618644 0.4307159934906523
0 0.5096774458927058 0.44983879873125043 0.5113025182137247 0.4549547730903863 0.5170489067603592 0.4664580346014809 0.5198388607770809 0.4687254365542109 0.5213186404846808 0.47208370615226936 0.507069494615309 0.47918013808598614 0.4901950207512946 0.48504184078734225 0.47851134815947316 0.48961231319027904 0.46213700213227055 0.4935333933282475 0.4595341324315753 0.48905431169293084 0.4557663810351773 0.4874238024640201 0.4581977908462824 0.48151796197068464 0.45966077793357313 0.46869105311442505 0.48957586977753725 0.45661509044415705
0 0.46153522787575907 0.4956827115721587 0.4632544264517278 0.5140837362227797 0.4671624910851456 0.5140554856897505 0.4716679346956123 0.5228523425225707 0.4878096957219572 0.5132407567403227 0.5147396449714868 0.5002119276391415 0.5254954161479258 0.49320610767712947 0.5285479336242025 0.4844259168991745 0.5227984201922808 0.4754419757503277 0.5232742352440334 0.4708099207046308 0.5209812841788362 0.46912121655076094 0.5213460781550273 0.4722558182723309 0.5069952858659559 0.4795609458865712 0.49071135711147923 0.4848955065454941 0.4777368436191962 0.4898318145530512 0.46151091509069986 0.4929912790898494
0 0.5249323087087345 0.49390536183962425 0.5305851550973556 0.5065144631920122 0.5306917808934545 0.5097222320345062 0.52456057866473 0.5186553962228414 0.5057629270881088 0.5293794610149152 0.4805160503855784 0.5453491683531075 0.47069443039509623 0.5497516951496991 0.4682642909781665 0.5472024303955215 0.4655678791194581 0.5438291886014982 0.46211131675273354 0.5365339516065212 0.4719716035605358 0.5306813607285131 0.4720165201484306 0.5241926559226012 0.48850188725119464 0.5125049190173658 0.5150526884922721 0.5004829847583406
0 0.5315517233300583 0.507499746669671 0.5255383760444062 0.5180185034990221 0.5342194271242449 0.5191559815911457 0.5403979845289125 0.5240607876149425 0.5533693731359082 0.5216437999696332 0.5760769438370593 0.5168272695297953 0.585351664911723 0.514918285217238 0.5932738358777209 0.503678662860895 0.5928928333781569 0.4987497728177855 0.5876708854533936 0.48799732122561257 0.5836692786619625 0.48913141159993523 0.567445204624578 0.49822666102199875 0.5505869392839364 0.5058826520448945
0 0.5839727290023702 0.4555417572456209 0.5808236328090737 0.463558251308479 0.585922972814326 0.4639449427046982 0.5907541699947513 0.470310381462471 0.5933944904175121 0.47729673386111293 0.6115149082405762 0.4731789650093921 0.6276582332773558 0.4738959291410208 0.6386126170656771 0.470791360936675 0.6491542370277268 0.46413999567734177 0.6506529388207286 0.4582195835753539 0.6469387252890775 0.44258168026128697 0.6251978918852832 0.4479290497818043 0.5986371296146276 0.454642429312234
0 0.5934565817815991 0.47768622306247543 0.5895553176134107 0.4867300609844063 0.5882280857961815 0.4889380990605084 0.5937112422995192 0.4993931744325877 0.6102377229295936 0.493895252359257 0.6310492842259416 0.48942187633985573 0.6451732024808294 0.4870473800864678 0.655822763605498 0.48586109025915175 0.65298699913077 0.47669115301029125 0.6529446851351626 0.46876495964192505 0.6392589422318077 0.4710152731671391 0.6276892789593993 0.4740906737417021 0.6113378041080217 0.4730256146514354
0 0.6564069974075417 0.4856955132882533 0.659369042964301 0.502360760461393 0.6490539127362618 0.5113904551716261 0.6291864276638482 0.5198706793198846 0.6121723860807848 0.5232678050284459 0.6025360641499866 0.5231492179105589 0.5989883473421166 0.5162164863675832 0.5974819130384754 0.5115548425641747 0.5939765102262126 0.5125483043895654 0.5935799879654966 0.5043154103052858 0.596902652488423 0.499302873738096 0.6101227101611261 0.49413139120266286 0.6317485307964529 0.48902016052555136
0 0.6550112635251673 0.5094985466192357 0.6576205382658847 0.5162901544171963 0.6605896554284928 0.5272541873149128 0.6467578540746269 0.5295458950828517 0.6314965138976949 0.5324462898787177 0.6167848260378389 0.5378369702407156 0.6043881976638209 0.5433857153645693 0.6031026189374084 0.5372366766282183 0.6010246565943541 0.5309051199041274 0.601827647619769 0.5225358164787323 0.6117342107292519 0.5233919877566199 0.6290403692133373 0.5199120735626093
0 0.603866055225864 0.5439407815368303 0.6023236019881879 0.5515019389297177 0.6018691850711 0.5563122186871837 0.6056539990217539 0.5570714582679244 0.6108210645478751 0.5617133632493486 0.6119111992223206 0.5656788171354813 0.6233877254485987 0.5620191827588745 0.6410480921977927 0.5588459692807772 0.6567694834485946 0.5550010191112876 0.6629166441326853 0.5514269710252734 0.6676963573577969 0.548851099168549 0.6658519563546019 0.5391966576199348 0.6646447105578315 0.528751011055654 0.6602537870827967 0.5289777210912613 0.6560618434626534 0.5285374088393758 0.6466428413061593 0.5297820339262574 0.631350455447184 0.5324876841214422 0.6171079886209042 0.5379489263559477
0 0.6678170042830461 0.5524806847089856 0.6674084371644899 0.5623665506971062 0.6703154629630111 0.5729410943934603 0.6554887623346874 0.5785679135988641 0.6333810149031536 0.5854440722950488 0.6225105982012565 0.5881177570553074 0.6099658130228701 0.5869915649003319 0.6066043703072608 0.5812273009614438 0.6099580805122307 0.5764095089949354 0.6123077214830366 0.573911711219761 0.6120353819504945 0.5664577955382063 0.6232106213160442 0.5618658324009179 0.6412781177347276 0.5583736915939654
0 0.6674874309989225 0.5743532130499963 0.669720621752194 0.5816584927774934 0.6734200311673569 0.5924155544615868 0.6673751774891031 0.5975889535957758 0.6538319572333346 0.6026484800159768 0.639297373506033 0.6081925107359315 0.6256920618861775 0.6128625479547699 0.6143524241507041 0.6154656708425211 0.6114164510239969 0.6114127140670401 0.6071073962815287 0.6044922091370063 0.6111201374152601 0.5980628395093811 0.6111801304254895 0.5917359971891897 0.6113607703609683 0.5890387404094347 0.6226658266114737 0.5890914800587137 0.632274638663153 0.5861647154382081
0 0.5390839443593574 0.5244415598708579 0.5375817067634311 0.5332125791105574 0.5333445742495466 0.5439799508088368 0.5393096575490914 0.552670098161843 0.5414440770994506 0.5555254197034538 0.5558198966136106 0.5518582731178044 0.5753021277388718 0.5428766036529512 0.587539991899748 0.5392047426634025 0.6011396693628215 0.5306689810607215 0.6016286677648776 0.5232028387662252 0.5995507054218233 0.5168712820421345 0.5976279714889864 0.5115134483214501 0.5941225686767235 0.5125069101468408 0.5870496716881112 0.5141043445962594
0 0.5409219346614939 0.5560804858757148 0.5374863557239574 0.5680454928078644 0.5393561682524137 0.5740289545733173 0.5435008246249584 0.5789606192538138 0.5513661052302125 0.5775457027921346 0.5669851894751777 0.5721014015744701 0.5804444426445221 0.5674727585983562 0.5925087384757683 0.5607969401131394 0.6013632841986982 0.5521811878301525 0.6037108268156468 0.542967058533424 0.6012638520909954 0.5314479594634465 0.5878321088007701 0.5391219541779532 0.5755942446398937 0.5427938151675019 0.5563201633292304 0.552123579590993
0 0.5446163708246654 0.5792550933567854 0.5514902879583863 0.5783246811948596 0.5671933392897756 0.5724494965331081 0.580590501095033 0.5674313643556316 0.5925397841578118 0.5609916847138207 0.6008157302354799 0.5564072337855747 0.6051537323061341 0.5568061517947357 0.6108429402702122 0.560892990603899 0.6115040695528312 0.5659977444643365 0.6121087416281451 0.5745787335072539 0.6040628210874122 0.5786909067486882 0.6001248770803984 0.5836742756860952 0.5804217903779086 0.5941433400838912 0.5564646686911885 0.603782603028439 0.5539816750325024 0.6044863051547573 0.5483235127504678 0.6005942109462753 0.542721807675738 0.5932258815553134 0.5425736508713696 0.5865509442764839 0.544808279073708 0.5842892853447154
0 0.47295312570817494 0.5487334131846832 0.4708004384863364 0.5585484208346055 0.474852914007404 0.5673129016331596 0.48014373215047934 0.5721860725071162 0.4956787389246609 0.5663671745566382 0.5133222330868484 0.5571184306003535 0.5289554393652254 0.545253102305881 0.5326581671508626 0.5434956462983823 0.537713386939426 0.5335661060833808 0.5388498802609012 0.5240390966753936 0.5325968678878253 0.5197926553434934 0.5251595125631046 0.5197762552363121 0.5060997268910975 0.5301344591557414 0.48102867724071935 0.5460906959490816
0 0.5326581671508626 0.5434956462983823 0.5408772675739164 0.5567438336125857 0.5371241899142537 0.5698446881473472 0.5234374720127942 0.5772639765356494 0.502523247427872 0.5909800269004021 0.4902908708298716 0.5958629305645912 0.4811451257266009 0.5984549147420067 0.4749301631471645 0.592781548649138 0.47224977930208384 0.5892927695315545 0.4750885123619158 0.5821156127221178 0.4795816355299348 0.5719913403279627 0.4963488348859311 0.5672393693360341 0.514484476121577 0.5560809701976923
0 0.5368161417688 0.5695779564077098 0.5444952454882257 0.579438830720702 0.5449272428511283 0.5821486811216711 0.5386938301511128 0.5913500256782441 0.5166394624483784 0.6029109556236 0.48436093101601196 0.6185533204453252 0.47906662883300744 0.6141174615390028 0.4753568776625897 0.6103118561879673 0.4832229028937193 0.6071831148390144 0.48586258492062284 0.6042763475076492 0.48104907716576994 0.5986248980786473 0.49031569397874725 0.5958187696053204 0.5028755175305452 0.5908201001590878 0.5233818248334005 0.5772732408388216
0 0.5388581457036156 0.5914156002798832 0.5427082101110531 0.5935624458689785 0.5486254744503412 0.6010597393759468 0.5546119681625832 0.6047597605593125 0.5560287682678037 0.6068766617564781 0.5532213353335337 0.6112700767297216 0.538846230259403 0.6158837718616529 0.5331440720034245 0.6207378009249376 0.5160245135974033 0.630986279431005 0.5032420637975459 0.637127372278993 0.4935414236354235 0.6405961713543529 0.48783243151193395 0.6360979510093548 0.4864929650413538 0.6310809216493565 0.4841495339149263 0.6180735676456027 0.5168059542054937 0.602882141963446
0 0.5391043984394954 0.6158106047407288 0.5440420109079952 0.618009006086251 0.545428248457582 0.6224731155256028 0.5496998366730156 0.6340345719616565 0.5452885193174986 0.6385227654203213 0.5409320773026747 0.643355183119109 0.5282836909692626 0.6528761569296523 0.5205242915342319 0.6592126671210995 0.5102960858649512 0.6644499766397853 0.5025204779065476 0.6689921985096928 0.4956403543167808 0.6723811912955964 0.491227182470152 0.6709335998689959 0.482461963888162 0.6633440005314223 0.48279746570289467 0.6603707052476652 0.4897792357123612 0.6567730167812381 0.4887833753182002 0.6496798362982524 0.4891220020182202 0.6441872206522478 0.4934204438070638 0.6415298990755847 0.5030855420371532 0.6369918437193934 0.5168264558080268 0.6309388901882945 0.533531324273563 0.6206280502435515
0 0.5538374636223061 0.6049792619220846 0.5803221603757169 0.5942352796244142 0.6003638817737933 0.583698299148367 0.6040119237360069 0.5778074308509965 0.610466128238315 0.5759782528278954 0.6068374196847616 0.5811440890845577 0.6099921676776744 0.5865460927588576 0.6113865094889475 0.5919073463589791 0.6109817783012608 0.5986779139663387 0.606789962308516 0.6045430043854959 0.5858446522801166 0.6153360697847774 0.5486540803145606 0.6300136317615653 0.5434820283540912 0.616188939886498 0.5447840984015265 0.6142009280803998 0.5529631671534414 0.6113432438506456 0.5563692494589355 0.6073198309957387
0 0.5486266426442141 0.6298415196415038 0.5500870889431541 0.6339248212802704 0.5451126641484458 0.6391122689014298 0.5454032493752838 0.6426276784235848 0.5512993258147998 0.6449142190859961 0.5532761084739244 0.6488511864829146 0.5553526830616368 0.6466436733140445 0.560207982519097 0.648325738299382 0.5718255506232517 0.6450332178578001 0.5804193093156516 0.6422378950667217 0.5945088085393434 0.637525254935653 0.6025974600185323 0.6332540901849447 0.6035783822834959 0.6300978770988775 0.6061245221523863 0.6282969496088059 0.6116670337626848 0.6258267123481691 0.6143048612984765 0.6169841601315387 0.6114631568263491 0.6118532135764377 0.6074709246907798 0.6054293428640172 0.5864158639809942 0.6155339597830524
0 0.49327006961694325 0.6735926153045595 0.4907451176478249 0.6806042956391885 0.49217685588224286 0.6929705904054065 0.49778107670074556 0.7001968267931757 0.5080223660081118 0.6992731259582774 0.5249224230513608 0.6876477504917173 0.5418031466859498 0.6767474070658657 0.552921857347468 0.6669404039401582 0.5544496785282501 0.661290648370057 0.5566179407828638 0.652041510474628 0.5558029149341546 0.6477752910335512 0.5529162938741323 0.6491330492843623 0.5511153663840607 0.6446065784063352 0.5454774581246369 0.6422468706229999 0.5415226224122126 0.6428280410766757 0.5284208793209952 0.6537367175299602 0.5206066045452714 0.659729003481284
0 0.5603370666091432 0.64828915473892 0.5563354598177122 0.6494232451132427 0.5567195872025633 0.6518328147941044 0.553317213879293 0.6677277974195421 0.5583726812908654 0.6715117914060803 0.5650158246003119 0.6734067185856579 0.5881025433099148 0.6675832933036644 0.6037959269548538 0.6627758746871746 0.6123154768979004 0.6603613596966812 0.6208687142818684 0.6530803161017538 0.6187722221885594 0.6416219711785539 0.6155108483995478 0.63301219866176 0.6098230441758302 0.6337247311613191 0.6057809160759672 0.6303731007317929 0.6030121499590173 0.63331645162362 0.5942038692802445 0.6381513419772238 0.5809356456758363 0.6420915608248735
0 0.31325818408589395 0.846977586024067 0.31167696001049316 0.8536740801773165 0.3177672407218421 0.8701497898141316 0.3342837473222488 0.863838860016425 0.362231275908269 0.8551032822422012 0.38659919086596306 0.8481972019509012 0.3831702834155042 0.8407472798038582 0.3811935713806872 0.8296257781189262 0.37606665028414615 0.8332521355139008 0.36751362239719276 0.8383928173232532 0.3412546690282239 0.8436614913434729
0 0.3829989361684199 0.8217790889761544 0.3776064378777992 0.8262957169344358 0.3780744782661024 0.8305097563962126 0.3811521348989394 0.8293658536927109 0.3833652267351657 0.8406920311615278 0.387844203872866 0.8432260002819355 0.40598145247595235 0.8432474352126226 0.4306686201985514 0.8370658795576386 0.44934174240431257 0.8315020854677048 0.44819847921896716 0.8217743844130739 0.4369501614639378 0.8227889129738531 0.41666853634457435 0.8233752131088004 0.40476947397065766 0.8215858216235405 0.39005833215798363 0.8200500622784754
0 0.45567135792043123 0.8009114209606999 0.45037397168238347 0.8073027685448196 0.44908280297921727 0.8158187336815769 0.4527094544093842 0.8321776537477108 0.4598102868806957 0.830708551476247 0.47543494984629026 0.8251937137426232 0.49239973787136077 0.8165823939658715 0.5036697331444985 0.8093133603904862 0.5082165434965704 0.8020480610284961 0.5145008854220033 0.7967353410061319 0.517629416965619 0.7882419869408318 0.5141835512115672 0.783241881914388 0.5049091448313083 0.7864136655986781 0.4957100915399831 0.7849457394679846 0.47857955758792137 0.7925173615398746
0 0.5180599920506683 0.7866056114545148 0.5335358673928646 0.7776012588954297 0.5451476779946249 0.7684775799387754 0.5548800399301828 0.7620948634324053 0.5599738088831895 0.7591685029336489 0.5663976930683342 0.7591601579469193 0.5692720980280614 0.762464253690784 0.57247085575435 0.764936735229727 0.5733438225311003 0.7793593947416717 0.5698009261700064 0.7852535045448176 0.5582483953991961 0.7958626258041095 0.5351942087683542 0.8097314169608949 0.517230225966821 0.8159092384024836 0.5063717948511148 0.8168132696786019 0.5039590404807115 0.8093470287461223 0.5083523439948696 0.8023969024526781 0.514329672244475 0.7977145285674054
0 0.30044471845347914 0.8305056106006473 0.3083262063090144 0.8505486947767111 0.3119642147226812 0.8465293045994032 0.3415202462223036 0.842771220780166 0.367360115559279 0.8387079903917988 0.3762201571220599 0.832936962445355 0.3777260281085271 0.8308801781070888 0.3774114945581376 0.8263509655767662 0.37869794404678836 0.8216396883340158 0.37507409327666796 0.8142450148293031 0.3543272284290478 0.8195815220638947 0.3333854202617661 0.8249732779408165 0.322078707721396 0.8281776991959798 0.31092550201893976 0.8310669473825971 0.30562531512084545 0.8284940484052955
0 0.31017404402738624 0.8084598145878775 0.3021644096176697 0.8131748260440235 0.3020965764032981 0.8229740945264211 0.30566675160259327 0.8287539728315111 0.311273952176515 0.8306965256717209 0.3218837644017345 0.82823294783831 0.33299553362244294 0.8250837752254774 0.37588306394798454 0.8129290739127896 0.3773569368817348 0.8030029893602944 0.3779389661806729 0.793872996871882 0.37034089592838787 0.7922230060287606 0.36442668167863856 0.7909107993256425
0 0.38205725407172036 0.7954225169297584 0.37638222028342705 0.8032792325719464 0.37545174082691357 0.8127796467712348 0.3795191538071824 0.8216786181909096 0.3826090495290968 0.8218895862608152 0.3903653458338111 0.8194197161413839 0.40476947397065766 0.8215858216235405 0.41678060670074024 0.8228001156140392 0.43714510478359936 0.8227336643315227 0.4484640564130468 0.820884113849767 0.4506084329293239 0.8202763787841326 0.44845653653848483 0.8157245551823528 0.4510416746048637 0.8076568714702592 0.45071490196539676 0.8017727881665291 0.43967376661910645 0.8040869388583852 0.4334497380334832 0.7944408317309376 0.4099416686578844 0.7926815197439256
0 0.5011471566201171 0.771604689150681 0.49607614517512094 0.7810874071408115 0.4967826903126155 0.7855194518442281 0.5047889286532792 0.7864198725421961 0.5142251980389875 0.7825265286685111 0.5175035745953381 0.7881801299637221 0.5182819794923383 0.7850338690308653 0.5337079411797507 0.7762735352662604 0.5645159293630155 0.7538892290632804 0.562048909097335 0.7487370958405402 0.5591838201815214 0.7422349516684753 0.5381594862371618 0.7525819131102609
0 0.5501929981968094 0.7294233448606411 0.554816048827947 0.7286007408943441 0.5574580182266571 0.7337032920021723 0.5591094470091535 0.741768420647063 0.5376346388380729 0.7527306594549966 0.5070844433452334 0.7687029875752338 0.4962485808952883 0.7729929883682142 0.487905149866107 0.761948341416205 0.49085056892645396 0.7540432529627537 0.49751385497198264 0.7499605787699225 0.5136421266043757 0.7490467532033557 0.5409164589537269 0.7354656604455933
0 0.4343732285719122 0.7851653052369313 0.43367594545265603 0.7934084703542644 0.43963347799390073 0.8043978882680097 0.45615306967105085 0.8002037004877035 0.47906042230003826 0.7924925337658024 0.49624685911563665 0.7844522885205212 0.4958902122442013 0.779921079587281 0.500771055565764 0.772686497538241 0.4957127496983095 0.7719258250445072 0.48751806501386385 0.7618142401353228 0.44134922629731604 0.7807502013035702
0 0.4961202188799113 0.7354834720422891 0.5002209355248223 0.7428544510784135 0.4989134480362194 0.7495639218506275 0.4973017192527691 0.7497768953741284 0.4906012466210566 0.7536263040562533 0.4873803024670182 0.7620970877609409 0.4368377354247304 0.7822726018019858 0.4343969179473438 0.7761378244215092 0.4316324049921919 0.76911956711312 0.4326271808009194 0.7627425260814359 0.434931957511112 0.7577008509352233 0.4363248019699726 0.752673820852864 0.44247422441430245 0.7499558026732113 0.4734774075467253 0.7414130338445117
0 0.4305177375531152 0.7311581648296362 0.43034530183294784 0.7392525836022337 0.42709140628523945 0.7440756383015935 0.430444156013958 0.7501957706182166 0.44278693609417774 0.7496233729326813 0.47382730581278454 0.7413138696146878 0.4965706931066323 0.7348681946761412 0.49741672257062414 0.7275580916016325 0.4948947833154935 0.7163264100366797 0.4786726843278148 0.7223867219026348 0.45402007556104534 0.7271792462790333
0 0.49762210968446147 0.7231114018343628 0.49759167170365376 0.7275085094867206 0.4966560500768902 0.7365506353659961 0.500321511485484 0.7423383379420893 0.509194025106268 0.7498197750547408 0.5133294149245005 0.7493791829438857 0.5410914080867565 0.7354160783306813 0.5503307607436553 0.729140497235023 0.5541204874883424 0.7253846058593701 0.5599724172432009 0.7208004635940682 0.5634054971164528 0.7125133632851751 0.56539756214677 0.7078041178794924 0.5635602004333539 0.6985726616810709 0.5599319256109441 0.6930182246156837 0.5538611115314959 0.6927883103221274 0.5348051532420219 0.7074535071736522 0.5033125875170427 0.7278375880101008
0 0.498362536362067 0.7002277385808068 0.4976762370407009 0.7096868133665827 0.49440712250258867 0.7167084218921215 0.4975105499259097 0.7224116053022444 0.5033497741032266 0.7280708535208071 0.5350172889612356 0.7076371905694465 0.5550113822903352 0.6919747044963319 0.5618648364592973 0.68564389436241 0.560556557337484 0.6728492283246311 0.5533177400959304 0.6675866370253636 0.5419265922660887 0.6764224918154375 0.5245981577111306 0.6881600481809583 0.5079323331021071 0.6994660105761255
0 0.36747600548039827 0.7715828881383925 0.36419198956002957 0.7912248691241937 0.39260696179411486 0.7946658784238624 0.40966151721917465 0.7922382019119447 0.4335999645618182 0.7940075563366714 0.4347073082572514 0.7846053981190142 0.43172639386522055 0.7696792943887699 0.3898438317908789 0.7697878141314449 0.36925976749751555 0.7689389244176592
0 0.2928464560069861 0.7825760130792188 0.29717280796902085 0.8059418316124812 0.30167341781487206 0.8102796980495505 0.3639186361890517 0.7907677323712837 0.36743523464494365 0.7713271392049678 0.363126436499161 0.766934911653959 0.35829965996967245 0.7605510537494912 0.3249364666349415 0.7713429933560364
0 0.36961843800803645 0.7447799370166971 0.36673661910316696 0.7493389221355562 0.35752037069219333 0.759435392424186 0.3637018715993668 0.7667718283121404 0.369602620062198 0.7685744532563552 0.41245628311408744 0.7695272337250461 0.4318366638943798 0.7691134354079808 0.43294125192028937 0.7508910345897286 0.43016230397121497 0.7498074865369692 0.42707387521954854 0.7442674843881093 0.3970502667873693 0.7458265403239365
0 0.29065876110395594 0.7575348654449825 0.29429940793662557 0.7816296263008526 0.32536086087053334 0.7714900200615822 0.356602083027305 0.7599629469273085 0.3677651767972146 0.7482455086516445 0.36333406614506797 0.7430860343003611 0.3597276590096956 0.7355544017980424 0.33356712520282145 0.7475126896178009
0 0.3633572831642706 0.7243681922515325 0.36064594667458394 0.73502684729492 0.3629096719094761 0.7429390075948156 0.36961843800803645 0.7447799370166971 0.39720130765198325 0.7455164302765721 0.426608710148502 0.7438647087491387 0.4304903583891691 0.7392896669940067 0.4305978727488047 0.7299035654126226 0.4262483037675674 0.725255588928189 0.3961144253062289 0.7273805038448055
0 0.4288827419901852 0.7103418676081862 0.4255913269964523 0.724907174403158 0.43144666121998837 0.7301976188237139 0.45437788015347 0.7269063556938841 0.4784886976456132 0.7222115690327783 0.4949724613743077 0.7162034074529134 0.4979117369956771 0.7094897086387771 0.49863545729097314 0.700196272648999 0.49187852128359394 0.6930229201028633 0.44928428139116094 0.7037579816163798 0.4310380849302349 0.70625607587851
0 0.4234555774708746 0.6800708278724542 0.4207081135495739 0.6867301655726513 0.42112322097748467 0.6943643290977284 0.42614180920704176 0.7006938258882563 0.43099731409478026 0.7060003269450852 0.4504759224270272 0.7036875638661675 0.4856182343750349 0.6939952289486545 0.4926457680838683 0.6928054756471052 0.4912642030822503 0.6803664435008964 0.49335469023243594 0.6733586912756685 0.48199891682725093 0.6637464370543164 0.4631272276229834 0.6736390025443719
0 0.2871811976131049 0.7344631003228116 0.2907403027748653 0.7580463633118321 0.33329377183184355 0.7470555528648908 0.36133165180394905 0.7342979049723121 0.36301443059958804 0.7247326634128363 0.35795507153457623 0.7181474176888835 0.35504641200577364 0.7112199486450203 0.3141210206974582 0.7236204738283584 0.29221371605418356 0.7295618918840422
0 0.35958228134803216 0.6981730788143242 0.3567986899951173 0.7008330991713306 0.356087012177026 0.7114596409421723 0.3580366132054855 0.718658915555733 0.36312470062874724 0.7241668044320471 0.39575953026434174 0.7264118692250457 0.42539951529638365 0.7249615355170974 0.4285686177837526 0.7096289819218512 0.4310380849302349 0.70625607587851 0.4262641217134058 0.7014610726885309 0.4216578852422358 0.6939454968224849 0.3893038080509835 0.6972342429732258
0 0.2841326717616862 0.7077947934964204 0.28644181123587364 0.7122191343199752 0.2863945092622616 0.728270764806677 0.29136492758299987 0.7292678384729507 0.3138884381619349 0.7234190860088732 0.3559239288352073 0.7104366452084733 0.3570720433660952 0.7012902359242408 0.35934969881250894 0.697971690994839 0.34941350557487294 0.6922339752525254 0.34351275711204166 0.6904313503083105 0.30937027449983157 0.7001076285895502 0.2874101565438977 0.7044601919307459
0 0.28053221562762143 0.6785955279642124 0.2819683434462464 0.6876041281996291 0.28251642871464505 0.7017345513030374 0.2896341576376537 0.7036134397258995 0.31085005953364536 0.6992240487928681 0.3442507644291328 0.688783968038308 0.34804824996806827 0.6851103173648482 0.3481090516907063 0.676326826712943 0.3503600860394606 0.6721174250685434 0.35540689287506844 0.6671156770414545 0.348944225461715 0.6601809946158251 0.31268359922643657 0.6694835445632816 0.2931334590593414 0.6721021390248073
0 0.3562972283318553 0.6467334203120979 0.3537434240527323 0.653626039651595 0.3578706410235146 0.6657680767491326 0.37917994618048256 0.6665470346106243 0.3973616954668121 0.6664641297734174 0.41533872796173765 0.6659978372903747 0.42478906844664477 0.6578418016589321 0.4289737400097655 0.6504869802628662 0.4270018612202009 0.6442276265877712 0.41753969468746155 0.6413897910147854 0.41667755941497453 0.6390367176458084 0.3832183457034095 0.6429998551909086 0.36290511356166355 0.6438866590583135
0 0.3574193061463918 0.667519370281946 0.34971066456666533 0.6726261530516441 0.3477421329074002 0.6770801672182477 0.347527126201148 0.6894787997275351 0.3507832207322838 0.6931014616340639 0.35997751177955317 0.6973139204872106 0.389688761601101 0.6973350750029983 0.4204861405685475 0.6934769722005073 0.42064598558902166 0.6853147643234584 0.42311537377432773 0.6794200980114696 0.4199785897819075 0.6734908886624956 0.41449736817975663 0.6666027321633977 0.37894696513991144 0.6666130634758484
0 0.4298561425231319 0.6499122234145414 0.42478906844664477 0.6578418016589321 0.41899379684040544 0.6627309948942655 0.41631169485540753 0.6657638598541764 0.42054359516088596 0.6739801137069037 0.4240472979366123 0.6791559825505731 0.4629641188791494 0.6742954638801743 0.4823420797283113 0.6629594076319675 0.4829127251441497 0.6589015666567087 0.49041764009134375 0.6570992843569646 0.48806421531445365 0.6499740353848092 0.4889027362157619 0.6445415711293897 0.48377380619289767 0.6352808383226222 0.4534570165106129 0.64062611919703 0.43404980125341214 0.6487237038405069
0 0.27982323111500956 0.6466535110347895 0.2781461893123931 0.6575184395456288 0.2796464659839556 0.6684569169708386 0.2905706676130591 0.6728284565422727 0.29629615032950096 0.6705564521368131 0.31384850442929213 0.669153400237161 0.3490781632044499 0.6594936829757445 0.3522701088826482 0.6611864676924802 0.35380757290566983 0.6555559168413883 0.3528227799641677 0.6447960230731582 0.3497704120655643 0.6378688606966753 0.31453176612324707 0.6413622761360599 0.2820393710188652 0.643752703805327
0 0.3521812914347928 0.6254972511752269 0.34943838772715696 0.6373136067870432 0.35352172308588115 0.6445979364774858 0.3568622337108337 0.6472226453565061 0.3633710756428058 0.6437546013278652 0.3835852644867154 0.6422465146856039 0.41802592400948313 0.6383299030670354 0.42512567859817296 0.6278761878458342 0.42032877291371606 0.619170708948699 0.4177220998553755 0.6150393190590696 0.4078175856126728 0.6201190788409288 0.3754242338061272 0.623130789285052 0.3567418689483791 0.623555391095888
0 0.27748582560876134 0.6158976668765057 0.27436262154173985 0.6253599535942708 0.27790203931175517 0.6346494236649698 0.2865746015067934 0.6438564586339789 0.3191336801931362 0.6414906455668353 0.3497446448477451 0.6365891734503141 0.3521506914118234 0.6242423638334048 0.3482544633483555 0.6191710457346492 0.34352449896148585 0.6201684732894185 0.3387327082483485 0.6143217082774904 0.3107311486349136 0.6129942804251579 0.2871241595292272 0.6117937357809954 0.2789843898576415 0.6123851890477813
0 0.3435328817109764 0.5992378677450293 0.3393666230106929 0.6134558798189421 0.34387534942217396 0.6207552106681536 0.3483436659217187 0.6181165077416634 0.3525907444458747 0.6237745632191537 0.35663446449293507 0.6233147090485888 0.3750928525920316 0.6228866406527671 0.40784579300666757 0.6201227997413259 0.40811340072675695 0.6169591857623682 0.4128802381095249 0.6145789651402689 0.4167943456712858 0.605235615186988 0.4135165757885956 0.59758742048801 0.41213459036017425 0.5921466297640653 0.4076199041159288 0.5896521882655325 0.38724431514823204 0.5909666938953252 0.37086011665013063 0.5914930902802086
0 0.4173973472704965 0.600947690445091 0.4191456397411729 0.6086862666894449 0.4179087233796178 0.6138400198898905 0.42120790967663935 0.6183943733798641 0.44541790038153645 0.6153069932821297 0.4667104684132339 0.6116740933565051 0.483697668510546 0.6068597722297246 0.48565174237504427 0.6045905419284237 0.4815985255791814 0.5985344586066358 0.4699562111334786 0.5884536487353923 0.4463955917724928 0.5923862485162527
0 0.4246700445388203 0.6191286027421917 0.4222759176402707 0.6218656336577436 0.42559056051885913 0.6281310352893916 0.4174912007592097 0.6386605223318792 0.41796216695639477 0.6416148180009771 0.4268190941309236 0.6439078876333354 0.4297828865488239 0.6495865518862485 0.45359565704833216 0.6407792899847561 0.4838034416647879 0.6349628254151555 0.48648063286499377 0.6307732286623201 0.4842982471930304 0.6186975636815383 0.47917106260077186 0.6139751094325495 0.4744470580466664 0.61016764763664
0 0.27532131943509114 0.5894073338436876 0.27386912493091164 0.598052956097435 0.2767068417795507 0.6061689514106642 0.29171259176526887 0.6115225911448677 0.3386803786708835 0.6139934532031462 0.34268964863877194 0.5987906759062008 0.33783603159936715 0.5860997183275755 0.3076865363931408 0.5874395486208416 0.2848181212047288 0.5860296856668189
0 0.27233853351958587 0.5706967946060685 0.2677381816180155 0.5805777179435535 0.26908329405053877 0.5874013017348284 0.2743151377977273 0.5927802661325053 0.27576137246914245 0.5889395332294368 0.27787243506603576 0.5876550681511683 0.28555669512200327 0.5858203673569589 0.30798505727636394 0.5876980309252324 0.3365004159156464 0.5857920720286539 0.3301541944601259 0.5718087029280744 0.29776756108774494 0.5768703293599248
0 0.4142112028778956 0.5761192415594163 0.4115803814223904 0.5854419827372747 0.4089400632180827 0.5882487864227799 0.41232845208846736 0.5917486019197676 0.41450134101162817 0.5973083294081966 0.4177327411496178 0.5998233796821517 0.4458508795835115 0.5921975389818152 0.46985155197854855 0.5877971385867039 0.47546758226628527 0.5810592204527542 0.47888930721652995 0.5718554160393801 0.47471001485140585 0.568236663777908 0.4468594841376015 0.5726988904992868
0 0.45848169108638753 0.5423012823490817 0.4664585121928138 0.545529953209942 0.47128717590184926 0.5499939251545397 0.4708720761981674 0.5586887114028182 0.47017391219282917 0.5688360634883799 0.44680715456013653 0.5723706354249426 0.41431586203282567 0.5767757517081047 0.40889015655734395 0.5717948151547251 0.40235361028956834 0.5695303007414748 0.4036428562285884 0.5647048026153737 0.40418182247893736 0.5545598384204967 0.41000894641960656 0.5509768119785777 0.43764463267030823 0.5471774298021297
0 0.33743285156121405 0.5851847258744963 0.34293583994453014 0.5987209031362476 0.37100164880095876 0.5907668073615668 0.38724431514823204 0.5909666938953252 0.4081122867274451 0.5895126427256258 0.4116327109998554 0.5857702378116189 0.4141220003045325 0.5771737795524022 0.40859163567412077 0.5715363328503342 0.40254747201786145 0.5691322728971774 0.3691332405937855 0.5806606728268501
0 0.3349329515084225 0.5598187036046175 0.33089276837740034 0.5715993846182145 0.33694046894969776 0.585324271414403 0.3696256232053018 0.5805211272869434 0.4014580476398989 0.5687548538283024 0.4036428562285884 0.5647048026153737 0.4037439784674803 0.5540404859210302 0.3999583693917068 0.5448207886202845 0.394286472610467 0.5399096248368581 0.36889189512147985 0.5484790132093823
0 0.26646570117797663 0.5435420049808761 0.266385995353416 0.5511124804662152 0.2634043234372226 0.5598484842653385 0.2694639436750488 0.5639635923601696 0.27223387436465585 0.5700402844573801 0.29880465588824257 0.5769194933544556 0.33010186488266086 0.5714804478537301 0.33587743634339284 0.5579275874065585 0.3330336301381155 0.5462904727865522 0.32388767882916597 0.5502548583421559 0.3043767393480049 0.5489227146017724 0.2875739042301835 0.5468230703919023
0 0.34108066032029993 0.5354327306697203 0.3337198744779249 0.545752899402348 0.33635776976550635 0.5590718119105533 0.3693842777329961 0.5483394676694756 0.39492038737281143 0.5390437963783098 0.40237391270458767 0.5389899164957281 0.4070789237610881 0.5297655033069316 0.40311490953858836 0.5226548819921576 0.3948859372936395 0.5243008732519294 0.3880199569795071 0.5183557802509396 0.35467947154722734 0.5271185940459521
0 0.40692193502869306 0.5287807380838988 0.40237391270458767 0.5389899164957281 0.39965984850848374 0.5445623063158936 0.40399016977323843 0.5539707131510768 0.41012949583562525 0.550515345760569 0.43838320658758273 0.5469681114922696 0.4588694145429738 0.5415052266604866 0.46108513629479714 0.5408772717309066 0.4622173935014222 0.5350670083817727 0.47199725957271615 0.5302367943676207 0.47188310366898367 0.5230643467265792 0.4671127293701776 0.5141237405056468 0.4630535527415504 0.5128725465345374 0.4331228725939866 0.5220413346175333
0 0.2672877391568654 0.5192395220318117 0.2624388629618181 0.5271271189625967 0.26247410535157656 0.5407545266063859 0.26665334320908907 0.5430303287498522 0.32476549004875765 0.5503753944932801 0.3334485657959151 0.5454720162361791 0.3403951817024962 0.5363792718624812 0.3360896627629524 0.526608159794736 0.32563344733639343 0.5232617029507164 0.3028462307028279 0.5230028732942017
0 0.3361927463130655 0.5023573020028255 0.33198456112736696 0.506603086780232 0.32586347287332845 0.5227894252639046 0.3357354544978436 0.5263014590788226 0.3414923879827906 0.5346435114731909 0.3554773193930163 0.5266091951871045 0.3878493740020664 0.5180453013470091 0.38978625114660104 0.5120007065168474 0.3934998037734617 0.5113553396500947 0.4027141919182823 0.5069120124668635 0.4007858238286634 0.4976884543623366 0.39306660167392027 0.49906197658129137 0.38882880825524524 0.493546078098751 0.3761563045457605 0.4944915146787619 0.3521222873784653 0.4988604467919738
0 0.4017080243302608 0.5025156751366436 0.40329842572032604 0.5067464354959651 0.3938229663565271 0.5114672957653267 0.3909420129880579 0.5135050424666311 0.3907888829316981 0.5192476509847789 0.3949427092639491 0.5251944329114063 0.40379018338103 0.5222798949038424 0.40666052934072594 0.5287939696156728 0.43345131714831653 0.5216083123984315 0.4632161953705067 0.5129691422819295 0.46139510753871593 0.4929273894286001 0.4600657773676291 0.4884190959831482 0.4562809634169752 0.48765985640240744 0.42864487058836237 0.49528862367667764 0.4068109001384377 0.5000517593951513
0 0.3899218178278246 0.47837765466635257 0.38855856707656045 0.49280849393875065 0.3933897642569856 0.4991739326965234 0.4006616411004896 0.49690947595961155 0.4019599255895329 0.5012230248043822 0.4068419458204811 0.5002465039958325 0.4535898199436912 0.4880154635700879 0.45830180764793393 0.48118437812815845 0.4584309636280991 0.4695458107339065 0.4552409908882623 0.4600691727691326 0.4506729632806731 0.4601425324467834 0.41974878741410165 0.4701279737512132
0 0.25703393581536776 0.49437456468486046 0.25774161716872623 0.501445112708953 0.2566848737122194 0.5158673380925044 0.2662286402519793 0.5211328075679443 0.2669121109720373 0.5188416700888455 0.30262190396533684 0.5231235954956713 0.3258994422924749 0.5230985032929821 0.3321398597002676 0.5056690597021162 0.32763434442916783 0.49911553479784293 0.3141899764908404 0.4963538204829841 0.30256430013519237 0.4944749636603365 0.26777789351171855 0.49664313734944354 0.26211628380202756 0.49796802895433334
0 0.3153586699917173 0.48987012388762285 0.314606358454018 0.4956764979524257 0.32791403224833393 0.4988964397631043 0.33268663627631406 0.5038361497188371 0.335891167892538 0.5022288121235531 0.3512279262461284 0.4984415568657948 0.3885552798504673 0.4924770172556174 0.389676006109673 0.4784561457654868 0.3874520901099011 0.4750313802816102 0.38280115215617583 0.47019701815581816 0.37498347977308333 0.4711541533667154 0.34739525761534273 0.47505768321744507 0.33441766788933536 0.4771975260272347 0.3318980485093699 0.4811276765794453 0.3194599483369953 0.48730949512464283
0 0.25734178423291737 0.4772281724509615 0.25728941300123337 0.4847937841469303 0.25703393581536776 0.49437456468486046 0.2616145914352515 0.4981102129603307 0.26787823198507377 0.49661470054824414 0.302585627736092 0.4946087482914767 0.30801650435955896 0.49446788094050714 0.31559570260908415 0.48938345959060364 0.3318980485093699 0.4811276765794453 0.33430473035369457 0.47583124291463247 0.33474099840157134 0.4706737545791886 0.32398057111926337 0.46435480680434055 0.3213364026326423 0.4589517086545592 0.3169026112115846 0.4581108480366332 0.26153710152040777 0.47394174692988117
0 0.3256190053062727 0.443055930306864 0.3230528602008364 0.44406285640033083 0.3221173287936547 0.44740423350220965 0.3197169464804729 0.45339802712392335 0.3215584071802523 0.4590286196833005 0.3242025756668734 0.4644317178330819 0.33552237858751344 0.4703124755384526 0.335015828205795 0.4743712500235746 0.35211746539418043 0.4744185135179708 0.37486181369882854 0.4710488055367746 0.38253262188309495 0.46719688266833304 0.39327537160326287 0.4595521921506769 0.3958312550275722 0.4503867438453312 0.39434599664087344 0.4455593281183878 0.3894775335202782 0.4385894439248137 0.37878972380976256 0.4385717748582718
0 0.25569156247924973 0.44298719715534757 0.2503121654017155 0.44427904285970965 0.25189901377390267 0.4531382157951643 0.2534568077098641 0.46619462785332416 0.26066104263291934 0.4741599517678942 0.28704655278711066 0.46668206734618173 0.3176779780076775 0.4584662984299652 0.3202369976920166 0.4526211550568185 0.3246265414225801 0.4418354978214447 0.32139069312199137 0.43577089080444864 0.32020478843908495 0.43052164677855814 0.31502788454807273 0.43198882663345106 0.31331597741357387 0.42781954626901125 0.2949608456635788 0.43092704877340776 0.275781213949383 0.4354318342370335
0 0.3878159202360245 0.4199707926784753 0.38884531255357035 0.4264280061339314 0.37819540642576077 0.4373588474056504 0.3905951151417043 0.4384991112954724 0.39490393741417734 0.4447250730838666 0.40035028438157216 0.4471378130539005 0.4187449551021424 0.4409937124739483 0.43945257066619114 0.4351249930543766 0.4423520260005367 0.43360509457205004 0.4437646799725445 0.41947410909745714 0.4410152951529732 0.415366136494566 0.4392259535942641 0.4063316294085806 0.40874699805529446 0.41659868950373385
0 0.4004817849944703 0.4468678221385378 0.39595834148418557 0.4502443080251198 0.39292978470376494 0.4597133596869634 0.38211692436000855 0.46743226873259597 0.38297287792725804 0.46951690891481584 0.389914111624517 0.4780222146601112 0.41994854181986746 0.4704410843394518 0.4475530537769539 0.4607559442124222 0.448897114342161 0.45385879593609024 0.44940619040881774 0.4471982895718378 0.44750631730590956 0.44075505549551447 0.44623893551502974 0.43389984535658077 0.44012055826503144 0.43493567952471296 0.41880546314141665 0.4402783964926922
0 0.4488868395101737 0.4128897298713678 0.4438847861698678 0.41998641975506557 0.4426342405701908 0.4335162642736316 0.44691731040328386 0.4336653802199215 0.4499498346366999 0.44734434068477746 0.45364388417464085 0.4437986264768449 0.4710998360835414 0.4368069938719361 0.5122367161352025 0.4244669544585637 0.5130556982995086 0.42105457179342226 0.5093427849124105 0.4116573657947013 0.5075268956228295 0.40240401427443717 0.49489580969008007 0.4043936365585075 0.4724354625920293 0.41098625799746175
0 0.573150644960931 0.7684815726420714 0.6016529955441775 0.7568685916614575 0.625338753070165 0.7460111640066996 0.6264881629391785 0.7509272082570577 0.6231142372478906 0.7618793934135422 0.622626972251591 0.7720134736739803 0.6161014487529082 0.7758133002411934 0.5730457645511403 0.7976459361591633 0.5627715402698625 0.7922683877131177 0.5700699767666007 0.7847143453788264 0.5735567189228715 0.7784843750833031
0 0.572487243381786 0.7494090298024324 0.6046428148693052 0.7383454234006265 0.6239692021701306 0.7322586448686405 0.626232092028405 0.7458798861874932 0.6009160124258752 0.7568336546103991 0.574025390626079 0.7682336620675119 0.5725687609761353 0.7642580023919051 0.5664656565269002 0.7588113983275714 0.559325026656789 0.7581991298606893 0.5717513333157741 0.7508881767603723 0.5648245505184106 0.7535311401165727
0 0.6867605509858653 0.7412845214588716 0.6890710436275612 0.7587112096615076 0.646421650427992 0.7720454209693653 0.6278708507806123 0.7766793798183472 0.6225883907673984 0.7728767246063182 0.6237680068025474 0.7619429099107157 0.6268085915195651 0.7509493054617948 0.6288889509681 0.7478657131130237 0.6556374038911481 0.7469875932883429
0 0.6298108502236024 0.72578193634655 0.6246839844398319 0.7317553104719593 0.6261931484723118 0.7448887267052989 0.6331631295256581 0.7468102485329928 0.6565797757473381 0.7470322668946144 0.6866654508638212 0.7406879735954265 0.6952446054376075 0.7395035662712136 0.6935619937633911 0.7245488064068569 0.6940958754187676 0.7190977490793964 0.6861651629707874 0.712616381391365 0.6815456960658488 0.7151725788675544 0.6418196193668344 0.7219109210553775
0 0.5593442285379299 0.7259566662130353 0.557394081352235 0.7335237307751908 0.5588611108157597 0.7419928377886036 0.5644137255288466 0.7533568046532871 0.5725173794924122 0.7491896580118483 0.6049811523437888 0.737962765536008 0.6172719794598049 0.7333742528596835 0.6252611014741047 0.7236421245621308 0.6249952614563576 0.7190412154235665 0.6250817322141503 0.7137169582588313 0.6227031283531058 0.7061296994749965 0.6200759432028172 0.7057831416089577 0.6185364878378181 0.7041930615002561 0.6007227141362805 0.7134502662909381 0.5942493009776325 0.7168436383904337 0.5913971459627401 0.721431763484682 0.5777309541897668 0.727940867241878 0.5658403159171477 0.7300388688816959
0 0.5669632464008721 0.7004161172657032 0.5656128904700201 0.7073455706861865 0.5597089772336957 0.721644667768648 0.5584856196934991 0.7227707530861309 0.5602390503330975 0.7257030658875844 0.5665995099574085 0.729667831631065 0.5746837035725887 0.7283119505378549 0.5842182415135081 0.7244548223548192 0.5909455839889011 0.7210533160566878 0.5940423481311923 0.71627879056767 0.6001802031166525 0.7129805185902184 0.6181058295425861 0.7036916137588549 0.6248629361312743 0.6969444650915024 0.6276506248769221 0.6902311590462878 0.6220353144365536 0.6843405863122006 0.6195308129947947 0.6752302578290713 0.5906144290554779 0.6918426649695529
0 0.6276030748159 0.6899328851145651 0.6248461835289224 0.697572712995629 0.6193767371438046 0.7028638023730944 0.6229981588934309 0.7065137102912176 0.6296747163425443 0.7131946414608828 0.6453340977579806 0.7087566357654902 0.6709959217056805 0.7017956003811774 0.6847565145524185 0.6957134777332659 0.6887118875391405 0.6941248653711524 0.6871454432714458 0.6820988079802045 0.6864068103895115 0.6723321418803119 0.678993733120707 0.6734978227294336 0.6593216984833343 0.6806317996293316 0.6417370457226554 0.6854595690504462
0 0.6297627940364293 0.7130138044543401 0.6250579571836393 0.7135678212929703 0.6251492487497088 0.7236738246028124 0.6214805250313763 0.729545528779903 0.6185445225182795 0.7299101622912181 0.6202266280663448 0.7323950641950877 0.6246602094093208 0.7316061735060978 0.6300275332442352 0.7249411513951993 0.6420670998461374 0.7219966579398758 0.6817218514536187 0.7148109048544691 0.6831716221886407 0.7114384018115212 0.6822038683658475 0.7061011710811957 0.680025194923084 0.6983013752501367 0.6712434021849834 0.701881337265676 0.6454935005433986 0.7090232096565314
0 0.564480436029053 0.6731704462096602 0.5608118725173873 0.6761969740548327 0.5620215789609342 0.6857882569156151 0.5578935205373176 0.6899384220639538 0.5598387275716805 0.6927931188293127 0.5665042895441526 0.7005543323790575 0.5907870295293932 0.6919693986914845 0.6200174469609567 0.6750283629535878 0.6225569549697051 0.6735990638624182 0.6223695374439375 0.666414460532141 0.6237480221797903 0.6630435486226415 0.6214756610345972 0.6601396541338072 0.6175242374886497 0.656718208194237 0.6126769330734692 0.6603626336455862 0.6039992218368379 0.6626800568696966
0 0.6279016548193896 0.661724456732169 0.6221378258416211 0.665628633263131 0.6223749287679867 0.6737925677412342 0.619529912571709 0.6753084505256082 0.6220201959812806 0.6842529745491457 0.6287556262462841 0.6884464852954895 0.6423062161140788 0.6853157098778961 0.6598653107123607 0.6806231409675391 0.6798059983022878 0.6728430347347881 0.6860573616693041 0.6686587706318057 0.6869266660926082 0.6654321648776466 0.6847049925779592 0.6568372626420119 0.683961174600359 0.6468301107925294 0.6811210889267093 0.6443709465234632 0.6750630758380352 0.6450944280086562 0.6636510432829457 0.647619117573819 0.6454632146789857 0.6550443642950917
0 0.6145379253967095 0.6161492397994547 0.6118377841413251 0.6260377851025797 0.6057198410921271 0.6291194241586959 0.6060314301633736 0.6305862253253169 0.6095811386968981 0.6338308360478508 0.6163334021957608 0.633264945968182 0.6178902787642807 0.6371780165870374 0.6200160862567089 0.6363681963804907 0.6354426528546344 0.631685150794158 0.6465022428742119 0.6274103535174235 0.6594885431744008 0.6201013365138258 0.6683256468297034 0.6174931501406707 0.6718034942107111 0.6144340201182817 0.6700176954015578 0.6066462205353763 0.6668036614999725 0.6025807595088158 0.6654113864340417 0.5987247132664104 0.6253836740045997 0.6129717858733158
0 0.6179693437021951 0.6376739783037256 0.6185860502179276 0.6415424796938941 0.6209727425552305 0.6530995883236304 0.6178352404865732 0.6558549137421249 0.6190172760335152 0.6579044138210087 0.6259919901462507 0.6621481517623167 0.6455436678283695 0.6550519270161893 0.6638845537224423 0.6476768079616937 0.6717247070013864 0.6436923839295746 0.6815063147608122 0.6333519972996807 0.6761593284818872 0.6144436251654783 0.6723084410256509 0.6141872398908371 0.6682670655597831 0.6176134264674523 0.6592337344267252 0.6199662037774821 0.6463534543592054 0.6274525214843112 0.6356072543572236 0.6317421751706079
