0 0.2592481962887793 0.05502456778925846 0.25297889243989724 0.09539592748733823 0.3085589212914376 0.12211871833487753 0.35618753147714355 0.1468745651508653 0.37385502744857146 0.14269913905039733 0.3699878353715181 0.09632334708249062 0.3641695470996703 0.0882832954070721 0.3279666436441125 0.08290750955762889
0 0.3757825720560223 0.06493911848919143 0.3630374979005536 0.08649273672351991 0.3714621627240131 0.0982192672835523 0.3757772880290107 0.13992598902223805 0.404896684331436 0.1570614688905089 0.416402292870885 0.16348734723037453 0.4526571431925571 0.17897372896196015 0.4582130551203274 0.17395423649318995 0.46629720313274564 0.16057978202469717 0.4689839218292425 0.14506317240487823 0.4391013884175125 0.1219244344950053 0.4317816985211518 0.12255542937183857 0.4100880875252373 0.09376561700224983 0.3926327823741097 0.07589436785374848
0 0.3565560032313712 0.14891077167056924 0.36885138281655844 0.15702184717647727 0.36597954757177914 0.18401816529195192 0.3583699667237388 0.188405488655664 0.320639908378403 0.18352099847852435 0.2865439417159825 0.1701412599830199 0.2764864669281793 0.16368045684202182 0.2531067780950538 0.1487924936425867 0.24486722981987674 0.1255862545868985 0.25334736419412496 0.09743213400704225 0.3086641360304192 0.12359319246590061
0 0.3578989222440353 0.14740137273841367 0.37554022461461395 0.14129510163575146 0.40397506461028254 0.15821985846900302 0.41611240191920523 0.16724367571725338 0.45105096716464693 0.17992139550543484 0.4554992621518127 0.2000378128663223 0.4548932866476039 0.20561962483788568 0.4440717940793274 0.20565337541079332 0.434250061699168 0.2165701772895435 0.3791179660755719 0.18517831621278322 0.3682178927047475 0.17941953177910808 0.3686933405402939 0.1579345889188196
0 0.2519219013586541 0.14938915083239998 0.2466820739834129 0.15258315981648551 0.23901834459133664 0.17810441668682464 0.2440464214818619 0.19070817707395457 0.3055499533442316 0.22694549372793527 0.35244162002148216 0.24762892750451518 0.35570768028575406 0.2308485667886926 0.3576836490746449 0.21319038913166014 0.3536557727078211 0.205220774172619 0.3216139153012551 0.1862242989044188 0.2879392479303452 0.17249355105525285
0 0.36711159677089583 0.18580872397550405 0.358896480754231 0.18952895343302564 0.3365165521092226 0.18552404153943303 0.33783239684986877 0.19458160936059102 0.3574998535331153 0.20592337999405433 0.36239652208380957 0.21512182124796683 0.366688536137048 0.21115535684018105 0.440750704599851 0.2560654813887507 0.44657031387845164 0.2453588154309075 0.44733433165892494 0.2388642617170018 0.44701912777756453 0.2281919334461786 0.4355401531745492 0.21744799423075337 0.37129839608515264 0.18036778543669518
0 0.23899127031931877 0.1886713834401382 0.23048450200863696 0.2211435648955542 0.23698690625165714 0.23564324548374582 0.28277271733064036 0.2564669655789678 0.3140252440270524 0.2675293378033717 0.34122326042020706 0.27494015594429405 0.34551527447344554 0.27097369153650824 0.3449630071776883 0.26167047587919856 0.3479920040275635 0.24625922777688936 0.3066820025433482 0.22873605241148745
0 0.3669517931522941 0.21171708922886187 0.358288743907685 0.22010638891560455 0.35412725752310886 0.2399759842121154 0.40409854690959607 0.27410548340179025 0.4443812735980919 0.29756148009241706 0.45909967452894557 0.2958431194675793 0.46510351968466007 0.28615455676958806 0.4655261399829236 0.267056829782665 0.439987127154962 0.2563111292249025
0 0.363157897850777 0.2461207028005845 0.35278389817486044 0.24773428902202485 0.34591126083527546 0.2561940254251448 0.3461203693064857 0.2778896913204527 0.36734117448035947 0.2906710112838067 0.4160751999287484 0.32153547765890617 0.4360321072280904 0.33536982568324464 0.4506714870208117 0.334107835929578 0.4570966314680369 0.32406826387792526 0.4556760123239934 0.3072873160479903 0.4442494249226767 0.30040506683695356 0.40341399060283933 0.2738947603667709
0 0.22882461777227525 0.236976259067902 0.22566421258256913 0.2489821880369938 0.22682201504695088 0.2589524976004941 0.22326694450216777 0.2669913750476877 0.22913806031129846 0.2726442108497407 0.2643403229075706 0.27963475714884917 0.30336003239270326 0.2916459701449526 0.3213422919099074 0.30439177819306174 0.3338232283789613 0.2947742393255601 0.3437768094345358 0.2810138507022734 0.3427766089108344 0.2763797052741847 0.31413045876603396 0.2690038119343949 0.28245663277811134 0.25829244906365245 0.23785569843552773 0.2368720717786171
0 0.366419554759206 0.2918294008623007 0.3518862703766348 0.2820680529914826 0.3428813833142317 0.28410308528296174 0.33432354880860415 0.2939668591007275 0.3278193832232468 0.3044628020235514 0.33777032226531556 0.328195848666788 0.36075490540777977 0.3453656662220788 0.41064761399171895 0.3737026304051709 0.43363307780535176 0.378374636204954 0.44198048283301616 0.365561914125142 0.44298200436347046 0.35144934191996907 0.43697992055009316 0.3361422811069447 0.4175495272812434 0.323431397859968
0 0.2225033670572788 0.26723702288383944 0.21631484568886616 0.2821563881997326 0.21583939785331974 0.30364133106002117 0.23147809749857395 0.3195112984899511 0.26936575778458993 0.3297319528025024 0.33118669520624155 0.34539706833853684 0.3364012096518021 0.3277744025967493 0.32658167894956425 0.30744667508673 0.3210262073573783 0.3062172616777463 0.30441306045368766 0.29389289969967586 0.2634977243245493 0.28033677585617206 0.22821644059014495 0.27380260042823484
0 0.3369277236822943 0.3288978673741109 0.33144995222148765 0.3459588007272177 0.3264729415259082 0.35596344797773805 0.33576595819765387 0.3751677107103955 0.38086721296988046 0.3957807077705982 0.4067485039512203 0.40663176984587035 0.4328144711452584 0.41225202930324056 0.44234675290932235 0.3988426500336153 0.44082047869071295 0.3868361339504111 0.4342648065748256 0.38097257511333876 0.4112793427611927 0.37630056931355566 0.3604388208552507 0.34719114970676346
0 0.33044931136220196 0.3475735611768829 0.3244192726056381 0.3553312788726799 0.33163242675626436 0.3719725274980852 0.3287357189173887 0.3782912829781038 0.31180560679000036 0.3802902162402258 0.30216855062253917 0.385976215501074 0.22618280057254397 0.3625859586139253 0.216204346922873 0.3556687846017561 0.20748979114773386 0.34769858252860253 0.2081228409239605 0.3315498038037257 0.21365343992205005 0.31210165457725353 0.23208363266719834 0.32017839239614154 0.26886543735494706 0.33053933302733496
0 0.3299205956537883 0.37769462578829066 0.3800246143868592 0.39648272647792115 0.40651144053682353 0.40800088245938376 0.4233350169184774 0.42327419269950045 0.42596670639976975 0.44138932834181643 0.41509150562304165 0.4563081065435972 0.4051649988394851 0.4595015284135704 0.3228610804235835 0.422629694198082 0.31872842965336257 0.4069366992302638 0.3069333704978182 0.39801824349952314 0.3038009202512987 0.38695939395979356 0.3117527792527174 0.38267743211359123
0 0.20467210444699047 0.35356096713745017 0.19645478675240408 0.3885257259837412 0.2310506335088831 0.4073469901321669 0.31135371054179745 0.44119943936923184 0.32291346762528217 0.42649138420247046 0.31951820069910086 0.40862189639630625 0.30643305006817534 0.3988256237243557 0.2966392726312025 0.38667764709428454 0.22526118085139046 0.3637443481924194
0 0.3243616013769279 0.42645645940133803 0.31230152386380017 0.44197189479293203 0.31266911494685934 0.45650591306814375 0.3631416054341579 0.4773302202774781 0.4104807650037684 0.4995934897025908 0.4129570542223021 0.48112793182072583 0.418539600086506 0.471790378476396 0.41611789974759245 0.4628730969738801 0.4072976888978875 0.45967732664745736 0.36203839184939646 0.43997707132959696
0 0.19869269154978803 0.39017599834865124 0.19068712433991775 0.40934298782372674 0.18876354275272567 0.4308628554851477 0.19955752071339994 0.4476449775433075 0.22846648753786208 0.4618315091495322 0.2615094261392982 0.4729643180903133 0.3032939947878913 0.48150036235093446 0.31122054085962936 0.46278974374703 0.3093257948867923 0.448747021144122 0.29647770767026355 0.437581635858658 0.25027059729976964 0.4171089251170974 0.23062933421737253 0.40769799948582836
0 0.4104807650037684 0.4995934897025908 0.4182998946586034 0.5106529263564327 0.4201418130941575 0.5270828648327063 0.4072391369980086 0.5433003189316232 0.3376527781299735 0.5016907391128737 0.30553189958527527 0.4831506347158445 0.3129319316265211 0.46331655133457844 0.3141434422993543 0.45840183326920564 0.36253607026553347 0.47666312637128766
0 0.19818840809988647 0.4472235314732688 0.1894996055900124 0.4474330802800634 0.18220390761657945 0.4812394495478603 0.19028673462224488 0.48661171271262904 0.2993948847473927 0.5144295017916339 0.3058466631310514 0.5000718688644216 0.30779599798350854 0.48673175208294883 0.301371734207452 0.48427351237909383 0.2614565986020152 0.47535153396367863 0.2287559381539575 0.4643240865404072
0 0.3295433171878746 0.5006365368236644 0.31416743422228216 0.4915772076601692 0.3075318602970938 0.49866783144977583 0.3023435394523827 0.5182213421937577 0.30452817637689944 0.5285077363097869 0.30821377459034477 0.5363719897513185 0.3983106290602319 0.5823724156184544 0.4085012735302032 0.5672429143816543 0.4130037170614048 0.5662253982359148 0.41476881603674814 0.55186717819459 0.40631751727685517 0.5444587085101172 0.38675527533259013 0.534591412007677
0 0.29855228616437146 0.5151315204989569 0.1878117664104641 0.4863305529612325 0.18059685091750066 0.4946849278468428 0.17793632582185315 0.5121323824688558 0.17869902259557358 0.5243845463882119 0.2387819353138998 0.5438409152122575 0.2976013904932785 0.5581014062195339 0.30563315130399815 0.5408652617466526 0.3043963277014842 0.5313513230543235 0.3023435394523827 0.5182213421937577
0 0.3101094012343504 0.5379169005987188 0.3021047146956487 0.5445860783182866 0.29523163702047933 0.5592947205991604 0.2988111398237745 0.5781823116651766 0.3271407650804616 0.5936325943674049 0.3769548928618528 0.6161770235439142 0.40041404316869483 0.6243597099944244 0.4063131139210121 0.6069477672876561 0.39625607946879315 0.5942380582689041 0.39625696013996176 0.5817402465133964 0.35413099400915893 0.5606010289797577
0 0.3108170687928663 0.5838008097802095 0.30002176982543916 0.5857654053553113 0.29159490332405824 0.6052834041840485 0.29333160702063066 0.6202388685292989 0.33919643923774623 0.6406062177533498 0.40130638693990894 0.6650128165580133 0.40778479926000133 0.6463371227552414 0.4007026131136217 0.6393500991408073 0.39975568046278753 0.6260798319615993 0.3771391287389666 0.6171951268037662 0.3275354304355385 0.5975996458893031
0 0.2855950211886024 0.5587318139822547 0.293835450134948 0.5694402412824352 0.2952556289434071 0.592470094990124 0.28753995268521654 0.6078807559783209 0.22119081846709826 0.5850534057080776 0.16990236333321213 0.5606130563305065 0.1712204097517797 0.5384260947628952 0.1785409803193091 0.5252972881305541 0.23836063602238922 0.544191924565919
0 0.2929893288672524 0.6201335070117893 0.2860643043259687 0.6247315534105207 0.2811925083693708 0.6362106747920641 0.28074369447025793 0.6533775567767929 0.28590362003619835 0.6631377304193862 0.3277929630881887 0.6793971546887846 0.36944480239019806 0.70327459744945 0.3896920409768041 0.7071037111091556 0.3975391255748255 0.6950983692541762 0.40090996024249476 0.6860413885471305 0.39406571818168057 0.6651874405636754 0.33877513994623554 0.6409572271070112 0.31602673954699956 0.6349161086937147
0 0.1752641022936936 0.565304776234188 0.1696060731613288 0.5700188148968877 0.16635167151523467 0.5874158253382168 0.16675769554975822 0.596256027690758 0.2369465209848582 0.6243175678421969 0.2807572249856277 0.6397402803342503 0.2801210663135882 0.6350254531801338 0.28547890073391524 0.6250544334925362 0.2906596630201098 0.6189023370657171 0.28622266283412795 0.6081757307566792 0.24301293962599646 0.5948747299085491 0.22156726553208123 0.5873048736715449
0 0.170028503398428 0.5969400758162705 0.16309697418485936 0.6090089609824819 0.16065639471349968 0.6189096249112767 0.16148632740652868 0.6336904621685199 0.1830202418832289 0.6435469819780708 0.2244973784722495 0.6556690789148175 0.25821305315467225 0.6650792237605329 0.27493793855314363 0.6747465512304425 0.28377912651995585 0.6600376467148356 0.2796953835493952 0.6542615694930491 0.2806686889185614 0.6416497419646396 0.23650443201808952 0.6254726255882709
0 0.1636785919321091 0.6350108660889257 0.15616426223416557 0.6378623469604383 0.15105237728536786 0.6701813004223248 0.19457988414523786 0.6900358400504493 0.2389385064352617 0.7078867161240723 0.26563529857417456 0.7144907069546438 0.27735826792627133 0.7013144563729768 0.27341582784187923 0.6975185907860908 0.27523813326518143 0.6800035322553403 0.25914999790731197 0.6666587815336747 0.22469174386180146 0.6573428386120718 0.18326766977616443 0.6449142897376787
0 0.15526012988667748 0.6724449063209791 0.14972611038506167 0.6736464736605466 0.14438409079874787 0.7100908023208582 0.15433752154664476 0.7183192835352319 0.18034450114157213 0.7289071495552054 0.22277587573865187 0.7481014872231269 0.25085140591269184 0.7593261032837025 0.2553954181582845 0.7568514301086392 0.25841938948258136 0.7477759200686712 0.25184259590584007 0.7438147083074534 0.24922642272175416 0.7365536694823457 0.25069487956107256 0.7224803322702158 0.2505011055400831 0.7124143221670892 0.23895609537496248 0.7091832738791689 0.19459747308493858 0.691332397805546
0 0.26491030815078753 0.7158814666338525 0.25193320176287504 0.7125323702565107 0.2523744036768 0.7239656881192454 0.2504110910516106 0.7353044098121594 0.2536282450283346 0.7446871602811903 0.2604348775583105 0.7487191220469195 0.30877141349640924 0.7687628540146854 0.36285421894965786 0.7863792108922981 0.3719777170045258 0.7798268548494288 0.3745420104223532 0.7706098448004383 0.37450771959579543 0.7554283536814363 0.3299019650971173 0.7320140446452692 0.27813602516876057 0.7038133699590577
0 0.2849617082882378 0.6646882188898877 0.2757166190808893 0.6754186524404053 0.27520575232976274 0.6829812499919045 0.27376116119866667 0.6982424811475921 0.2802055649684671 0.7036868494693392 0.3305954685357594 0.7309109670224231 0.37442419182296016 0.7545181828218209 0.380270938975251 0.7576489628431237 0.38171504240398674 0.7493088306277372 0.39045024026492925 0.7322987967481162 0.38982430396177253 0.7174650145766225 0.3791225565155356 0.7077819118510235 0.36922227591466256 0.7050005672396007 0.3273913081125652 0.6790800882746653
0 0.15093612962443292 0.7159884553095632 0.14427170386547483 0.7305259506760063 0.13960107735090022 0.7475204043935397 0.14284329560938425 0.7637249911342591 0.18500585170072498 0.7796988787446247 0.25466707564880664 0.8025247070355724 0.2674652459663856 0.7825024526796333 0.2500755773505777 0.7711590304968636 0.2516033692305076 0.7603396080644004 0.2223634768082956 0.7485740320915056
0 0.26028670396155984 0.7501100190166682 0.2560963281345003 0.7573450056530745 0.2517674266902303 0.7603901089296895 0.25073180718946864 0.7713610339580201 0.2683991602118998 0.7820987271671881 0.3365198263587956 0.81781366913785 0.35234509379011136 0.8222242656463452 0.3628205057142583 0.8116247121329829 0.36388102388532984 0.8054999003033343 0.349873365489621 0.7965799568347073 0.3487383623650203 0.7851712638372484 0.30825425651987365 0.7694836416001437
0 0.14526607079885762 0.7676964126242876 0.13853887072062265 0.7776065380716789 0.1363165512380336 0.7944330307847386 0.13568458689725038 0.8080626362154483 0.1787938231553614 0.8215631070661177 0.21399042569781462 0.8328582796625396 0.2511559288143413 0.8417642974113694 0.2620730826048342 0.8306095157896946 0.25328994213514133 0.8244498172737599 0.252344950427577 0.8029619121849656 0.18461454034720115 0.7809608375571173
0 0.2777919346545936 0.7870636718682839 0.26369439802378075 0.7874927505258406 0.25522998044193956 0.802784520799445 0.2533234717727494 0.8077657073293888 0.2543897759104835 0.8240026734356481 0.262994333403485 0.8294353930042941 0.278090326248786 0.8404457984847337 0.29801182467943405 0.8485667103730306 0.3350884400426801 0.8609740876083439 0.3610337845039243 0.8635914969410384 0.36483560147382105 0.8580005773892178 0.3532903749782458 0.8488786205059542 0.35305252851557145 0.8235502938162717 0.3364638004320163 0.8194381766946582
0 0.46668439574595677 0.1620568311535712 0.4586079961283934 0.17370825243057295 0.4523665043658703 0.17986556014887575 0.4530849304447939 0.1888385152461912 0.4584213373124446 0.2061334593602041 0.46865394020425316 0.2082734789367439 0.477198988880502 0.21797261866354137 0.5482176023718124 0.24959550034941555 0.5548930632039243 0.2336418449640775 0.5551709700935303 0.21454073955604172 0.5187214359451687 0.19759835409378843 0.5121760658444452 0.1989496096987343
0 0.5557624555744242 0.19368612063928367 0.5503896628075707 0.20954467934449042 0.5557462936776686 0.21361837889227453 0.55553829039656 0.2334915837140806 0.5736303516899472 0.23986902521405506 0.6416462033915314 0.25083733744259257 0.6532310791106872 0.24578193689632075 0.6550178567390174 0.22962778196719924 0.6519347007025389 0.21359107576446665 0.5958281895236368 0.20036146183910583 0.5838307624561629 0.19612951864951778
0 0.4445502154008536 0.20579289194445774 0.4370676610081006 0.21399704099527786 0.4395611054027065 0.2217695575120342 0.44701306360889814 0.22891304827745984 0.447528876194792 0.23877102246944637 0.46905841411176685 0.2591388620723862 0.5017443613038169 0.2815938046905084 0.5288096647923869 0.27699290214593597 0.5407774828772706 0.2825628413290635 0.547389163694042 0.2770542590530537 0.5487181126966941 0.2658781927232494 0.5485864764814923 0.2491335034822794 0.4770007715381402 0.21793733677683622 0.4683684028442322 0.20827511046216438
0 0.555700522798323 0.23488863313880493 0.5483946350971391 0.24907445005109455 0.5494707971433084 0.2650321989669204 0.5548863991775935 0.2699323174833021 0.5602878137230658 0.26674540660726215 0.5652468211366372 0.25911155894457827 0.5772882914765067 0.26659012457737197 0.6209091975766887 0.29241111277303117 0.636566045236679 0.3023496895918767 0.6516344152597606 0.2865120219463631 0.654970605053715 0.271912501947789 0.6544848950523967 0.25371170985090974 0.6428415417710392 0.2509358695172309 0.5736893228541345 0.24069544418265273
0 0.45037664117650705 0.24449723088643546 0.44273160758099817 0.25480674146820775 0.4664457933838224 0.2672255623968175 0.466267152284311 0.2892631821807606 0.4975223700420898 0.30130909493850083 0.5168244508057835 0.3088672759941821 0.5328351254508973 0.32376436662461344 0.5408934507977026 0.31223496691167124 0.5473137838321065 0.29966250929312355 0.5481264266468792 0.2856332906826858 0.5420760824943542 0.28323200385982844 0.5289129260299628 0.2775635326020626 0.5017000712304283 0.2818495932029793 0.4682467585009655 0.25915843686011764
0 0.5656894750695308 0.26005608477554565 0.5603910749606416 0.26731603706338886 0.5546649488106503 0.2712112600456567 0.5458539390172309 0.283586653514928 0.5496021865575174 0.28527929916356703 0.5476088864540356 0.3002921931804351 0.611225833401331 0.32849653875117224 0.6338775510448134 0.340049462067731 0.6473659127157096 0.33800479930791566 0.6480459321113092 0.3212405352792141 0.6373480918648904 0.3036681107976847 0.6212189812894164 0.2941230041414113
0 0.6351318605885083 0.3409744131109668 0.6450780035922843 0.345383187526119 0.6441474184491371 0.35775956819936156 0.6385825374969377 0.37706148442906 0.6231314719091208 0.3787714013894976 0.5568578609614852 0.35540713369998606 0.5497010053772227 0.3488933268218721 0.549155337007746 0.3438757595791014 0.5391061795673869 0.3353939437521459 0.5337943323726633 0.32405963378053776 0.5416312073525253 0.31380917662995017 0.547431726160481 0.3013153472303188 0.6111962244187409 0.32983453474471175
0 0.4665179648328514 0.29014865458054306 0.459773413795914 0.2964246023939656 0.44581278920953404 0.29886273531635293 0.4560537880342463 0.30740360457449334 0.4582364615121532 0.32747387354557583 0.5033779111983477 0.34568025979829226 0.543339643507006 0.36229220340901747 0.5498042666147986 0.3494639572779987 0.5489634956233927 0.34381670614791654 0.5391208606581854 0.33647615123321445 0.5331745181462151 0.3241382619994541 0.5159242150482047 0.3093984278068555 0.4973894998219239 0.30207646047591363
0 0.5499664990165618 0.3508610067027231 0.5434429047445819 0.3628628338651441 0.5411552424221494 0.36673881112767087 0.541759141552835 0.38309003020606885 0.5502735679183685 0.3910994185835455 0.6164449048323994 0.39988341199422406 0.6369724265601766 0.3991973072196509 0.6378445341411222 0.37898968566645763 0.6224820487000826 0.3801880256019534 0.5566364105945419 0.35668607626234067
0 0.45718867444360994 0.3276901834145934 0.45065064588182435 0.33510739214026936 0.4389184656526968 0.3363455397872089 0.44400861567948446 0.3524612032768482 0.4590461427150121 0.355473586403257 0.5281068198732258 0.40825452023089587 0.5398111187267131 0.3838374918877597 0.5407718064544358 0.36311829330962464 0.5022858340564158 0.34615235817978074
0 0.459149403952588 0.35604421685938364 0.44377248422174265 0.3526579383581343 0.4429008702427827 0.3658607379999744 0.4340455703759746 0.37849191998171655 0.44174834113070666 0.38652088314692473 0.4439315082105992 0.399586330206654 0.4766323832944407 0.41962106935016824 0.5236467227458144 0.456185833205587 0.5342136671800097 0.4465063355791165 0.5393361410003084 0.4227574825627742 0.5278263983420953 0.4087070438246528
0 0.5499488563138493 0.3918077306897734 0.5376264708408637 0.39178651056208985 0.5343348179212909 0.40262783109251643 0.5302760462652982 0.40973052694252693 0.5401331155203112 0.4216557002939741 0.5377120893757271 0.4333038650052668 0.546005558976303 0.43558737403374487 0.6143610501741978 0.44342717068144655 0.623097667309653 0.43965038362953884 0.6291626925529764 0.44313387793346476 0.6419292127648127 0.4230851581580563 0.6441583975250436 0.41137794001557876 0.6375479507132362 0.39937446751320554 0.6162530634480463 0.3998243585630392
0 0.5454447159140421 0.43649242122125886 0.5388778187726448 0.43474039307344453 0.5356451370172594 0.4464081325724687 0.5252553528766186 0.4550644761490555 0.5257415564799225 0.46626044633458164 0.531319144114978 0.47606002523136426 0.6113923812521945 0.47807705579538123 0.6232425038096966 0.4784917460856369 0.6296185467707118 0.46617507697956007 0.6285575594173268 0.44429471363344963 0.623924004011253 0.44071301632287585 0.6143757312649964 0.4445093781625151
0 0.44115690188188444 0.40277357015068443 0.449391400318273 0.4042306602105649 0.4775619812336166 0.421254332499632 0.5229383283725888 0.4567760384494452 0.5239853750381537 0.46706696144745735 0.5189813371482151 0.48546383048964187 0.5117057988325997 0.4878044185413623 0.44590617840739744 0.43952980399954256 0.4240516820849106 0.4233726874585073 0.41370742202262245 0.4142611877442403 0.4145342523262081 0.40831899852622416 0.4326116325287968 0.4136142325451302
0 0.5228335863290561 0.4772198737273779 0.5319979295056134 0.47680781598104555 0.6107282769523577 0.47841147252676847 0.622666979656637 0.4783145857920823 0.62356672181223 0.48478825589076213 0.6272114613139479 0.48941268203895105 0.6271216471622065 0.5074363138422758 0.6196390927694537 0.515640462893096 0.5986534956150058 0.5248070672226628 0.5481840368373322 0.5151986292513292 0.5236280928391308 0.5111422010153436 0.5241157772483914 0.5013237054668103 0.5177118529117359 0.49046149387669064
0 0.4245336604106371 0.42472222547871996 0.42803976190840665 0.44215765347198666 0.41501944257106976 0.46007390442698437 0.4195170433392798 0.47329049433029063 0.4284951945077793 0.47118213790069613 0.47650864613574434 0.5089300744491219 0.5124762273288925 0.5318338876263778 0.5202925303310333 0.5168397598349064 0.5239724873554938 0.5016163749514392 0.5155863357310597 0.48824680530475123 0.5099632190246423 0.48755988412107293 0.4462056144310163 0.4397454627863999
0 0.4289907847506917 0.47133469259792365 0.41923100328197815 0.47494246180666533 0.4125206155731985 0.4850569645176264 0.41103288849061415 0.49817114287919056 0.4192284530050524 0.51113404168199 0.4208666095540929 0.5272984638957965 0.4636577193404785 0.5575227773092037 0.502961053135478 0.580757409027889 0.5103765812727807 0.5725999831877576 0.5185936591397596 0.550769153444946 0.5123235663701264 0.5342229194419162 0.47614643499136744 0.509514584091058
0 0.5237430177404211 0.5119858439013701 0.5144013802890818 0.5327744999105631 0.5194704236026637 0.551735049829951 0.5288483932821542 0.556361833902263 0.5524461378319541 0.5632777885252971 0.5790939137109193 0.5676525816817194 0.5937331077370661 0.5690268490952303 0.6011283976602911 0.5775673618630476 0.6106593470831634 0.5752811666354057 0.6189320390385239 0.575739680819397 0.6252802156029266 0.566209687750372 0.6197345451220471 0.54849443446347 0.613768817916099 0.5407419792826101 0.6062211858187236 0.5300665508459156 0.5977582255379829 0.52467741833362
0 0.510702378418667 0.5740383094320882 0.5129576102035901 0.5799142257002698 0.5147640183342427 0.5954699433763841 0.5033803358721844 0.6080563157129207 0.46088334558904337 0.5829749821948257 0.4160409590732518 0.5596261688828393 0.4156979101951033 0.5521570999564064 0.41250144781605025 0.5481732190185953 0.4106345969561849 0.5424168558192614 0.42059925292046535 0.528575509357218 0.46311085423981807 0.558297599496998 0.5026352943249497 0.5816457466141955
0 0.5291371104379341 0.5573498354784702 0.51473654502314 0.5613713467899347 0.5117481346736901 0.572723891869552 0.5179161479585694 0.5926221496900206 0.5422642600709746 0.6055715114992274 0.5833286121123092 0.6105759237883712 0.6098589008285795 0.6061974187573355 0.6226915813299763 0.5935116409283552 0.6197648628249677 0.5773383434289926 0.6105779680029864 0.5772376055469716 0.6001659873227101 0.5794869676943077 0.5930859655161239 0.5707622584475794 0.5790891415317366 0.5689081865882567 0.5519022269546385 0.5640847693893561
0 0.4192673929938654 0.5622556702027004 0.4139789184586744 0.5679912196308413 0.4083771167638497 0.5684486181350393 0.3990846969887919 0.5819514529669437 0.3975004522778625 0.5934635131708229 0.40756788514171555 0.6050168678196935 0.4191591199872854 0.6148575167414654 0.48052230685424896 0.6479280921011646 0.5008823338782277 0.6555590078336199 0.5070384841803991 0.631818235207564 0.5090556923941586 0.6237121050762674 0.5026035740220687 0.6078172095752253 0.4605546579240607 0.5836919675105176
0 0.51906618005144 0.5954306475157588 0.5035893871939708 0.6092115512485895 0.5095337381208522 0.6233138169117045 0.5094732953916397 0.6331131713884847 0.5176889880779306 0.6364603242188264 0.5492677291738619 0.6407266043236909 0.5815189562820615 0.6411090751779764 0.5885103125791951 0.6361704351763554 0.5949790405718629 0.6283437063355626 0.6061975048207696 0.6285243683284116 0.6016270981678022 0.6194812950279486 0.6020162285619975 0.6089649552354764 0.582521878720633 0.611691197268626 0.5422791209302319 0.6066669705004724
0 0.4140308368696366 0.6104161079767169 0.40485887214595195 0.6130030117487832 0.4003387265615947 0.6262192951444848 0.4019231493072314 0.6405031741906756 0.4099683910666494 0.646766874625178 0.43983794126288367 0.6711101661963609 0.48274606251323776 0.7021721746756292 0.4974589862845959 0.7085947594144532 0.5095509421178396 0.6914874673410859 0.5110194230376677 0.6689459092273483 0.5011669160051055 0.6567156317283535 0.48015680583363374 0.6491661588251384 0.41880157143701796 0.6156718356748817
0 0.5086660148126745 0.6333253155828492 0.501196644862119 0.6553722187469858 0.5120861926875332 0.6698153124977476 0.5511282032078264 0.684538518782631 0.5988242775558461 0.6867769362767729 0.6033002015549638 0.6703008862174479 0.5996851754083014 0.6654009136026965 0.5908247441827903 0.6626734579631949 0.5868252252964495 0.6471051280492891 0.5759201935420609 0.6421252176820026 0.5487752905832075 0.6418847436238989 0.5167854548145325 0.637988778942491
0 0.5992684758097384 0.6912418768560754 0.5982157032877248 0.7020088347449002 0.6027486069989983 0.7180118662940055 0.5849532985053489 0.7176737828469797 0.5828487446620702 0.725141335596163 0.5626678210845432 0.7256919790571712 0.5061560326966262 0.7169526910729179 0.5026002164638036 0.7128824832525478 0.5002448258373136 0.7053946156649813 0.5103214143983187 0.6917246373966948 0.510929740866253 0.6800093296856842 0.5155086007640759 0.674655992598597 0.5519726259305586 0.6866920425204958 0.5980240764183534 0.6878831792025317
0 0.49954830399908734 0.7070737992916283 0.5038001464697619 0.7164980049995845 0.49816876185011255 0.7291017092183797 0.4922270827332249 0.7294368190631603 0.486210709773523 0.7384053474970346 0.45497734915747545 0.7231101917120114 0.42897465309186333 0.7045559300638636 0.40513522518299566 0.6863970619751472 0.39904589298178916 0.6793828736982991 0.39568319041946054 0.6683387768775981 0.3967354673411 0.6646050005030065 0.4028103068140804 0.6670160091348633 0.40983498291036935 0.6475373469056572 0.43976374302044346 0.6727104032712217 0.4819458613757451 0.7032784176013881 0.4985849658483012 0.7102939274792338
0 0.5669646285410187 0.7278261791574011 0.5808618672459096 0.7448181902054586 0.588121648396248 0.7532747224535944 0.5965081525108533 0.7528806504951611 0.6000192515580622 0.760724273166141 0.5946546832509726 0.7717870328239776 0.5950838931762646 0.7786819752725224 0.5915865434567205 0.7859913045178831 0.5742209404887375 0.7855149820051684 0.5569740051486214 0.7831815983241003 0.5292517435797828 0.7757300652100568 0.48860933078450414 0.763219344776691 0.48463929295498975 0.7498241926385342 0.481202392150221 0.7403803328926939 0.48597362231797653 0.7386028790766255 0.4926862693157176 0.7314717577732207 0.49882056650272494 0.7311959404423423 0.5048519277910272 0.7197974101392259
0 0.47945094289740425 0.7388577196519996 0.4835442280652112 0.7495551153973695 0.48240595568432193 0.7643045408119501 0.471342849222603 0.77750884289745 0.42862644396434235 0.7462399213652039 0.39457317971049466 0.7221676687357715 0.39271253267053496 0.7181974584632309 0.3821266884781376 0.7073889722319034 0.3917827278509468 0.7088513540302844 0.3994341293723479 0.6957293324084693 0.4050380238091927 0.6895269450750963 0.42848452795446057 0.7061817310308438 0.4549704001518976 0.724904594187069
0 0.4872446062289483 0.7608865555000938 0.4824265258002431 0.765820854118758 0.4769052576273443 0.7731811618149119 0.47804180100692806 0.7829684007225852 0.48201097387868536 0.7943825823560093 0.4963808598995493 0.8029584304594897 0.5290497019819752 0.8137696830929061 0.5412901462548592 0.818292579393146 0.564055415972899 0.8192603562753882 0.5809692582625172 0.81804942653821 0.5868830876392247 0.8149624073491525 0.5863259655080463 0.7985586123875928 0.5854376467205618 0.7873378017038113 0.5742514653635767 0.786536891084013 0.5564900987180551 0.7844669696154764 0.5290109823519606 0.7763857264281349 0.4881747568487975 0.7653253270685897
0 0.40475198134308943 0.7297052241287059 0.39352056399246815 0.7232856058699504 0.3912662620848235 0.7334535008659815 0.3828457507765865 0.7492936490911921 0.3813486603377063 0.7593654859675619 0.37840949206161584 0.7663602469019954 0.4564703972966452 0.8131003730168449 0.4694147343448123 0.8167558077472327 0.48446928612113194 0.8082241168982177 0.4865791993387121 0.8003157987917597 0.4816936480971894 0.7971661767424566 0.4773677160961315 0.7836561414437028 0.47538516058054003 0.7751463545505956 0.47141854199649463 0.779520818129105 0.429413803839734 0.7498042859414366
0 0.4898603485331667 0.8013258160975422 0.48544292986970683 0.8068780971806689 0.46896393426539784 0.81793362525185 0.45906637861208144 0.8152160637339746 0.4595162741597783 0.8268746686481916 0.45852379035969265 0.8397350050934173 0.4624715688922271 0.8468748582425842 0.4866296892817946 0.8513489980676251 0.5662080325600777 0.8551089332137042 0.5726274498117848 0.8379945073501185 0.5727183334530417 0.8274898059141275 0.5704473020678937 0.819220365327222 0.5409883998864035 0.8196974398127553
0 0.4567227006160425 0.8144946228012729 0.4594442305700323 0.8258650533565057 0.4587040500893439 0.8401196395861592 0.45102281473007777 0.8545416240005507 0.3643082364294976 0.8064542721258623 0.35098574591280707 0.796428655245888 0.3489673193576289 0.7852746569704655 0.3628311920844182 0.7878965623827763 0.3731260427683414 0.7811911818496169 0.37550649633568467 0.7717204117457994 0.3785535792411079 0.7683794774853668
0 0.37254698045522083 0.8116235267726336 0.36403739456916195 0.8122955315961663 0.3532735067754585 0.8231354314157303 0.3546058609199008 0.8482315255213342 0.3665762527089206 0.8575117874422157 0.41929046907885953 0.8809797176827366 0.4581778898038859 0.8873547240014833 0.46391213917657476 0.8713459715492448 0.46512075374589856 0.8615144809790763 0.46277798028157713 0.8479566176275403 0.45688261274132036 0.8477876113864156 0.4511669019095698 0.8565608545839222
0 0.48578219719291843 0.8533921426773879 0.4654642422171252 0.8481252218545684 0.46562566189526555 0.8600241730749872 0.465787081573406 0.8719231242954061 0.4615137500894382 0.8794946359619042 0.47110368831111465 0.8982456679866028 0.5099373024767611 0.9006543572318764 0.5275692970275785 0.9014738663547228 0.5464819497374659 0.8934715001990869 0.5707850618382428 0.887128448188665 0.5708036003791813 0.879892938933933 0.5694521046726555 0.8705899690289506 0.566225968079871 0.8564310389048618 0.5255894551071396 0.8544548122051125
0 0.6719938829131668 0.22670539304026213 0.6548336561422198 0.2555076779862567 0.6557362975780434 0.2725573295469691 0.6564468165441214 0.2825145070795462 0.6658418715955008 0.26809371056866466 0.676924533091409 0.27556291531909544 0.7101875059077338 0.29554052770114564 0.7486226767612155 0.3008794971543403 0.7526981284913061 0.2902314546935694 0.7513800264578552 0.28143981260065326 0.7259699251310158 0.26415001738208665 0.7082647944091554 0.24571533196249176 0.6870028562537239 0.237276801750993
0 0.6656639940537941 0.26912100694263696 0.6391981466026955 0.30479725869829377 0.6481762542553248 0.3197340161979079 0.6516281433886938 0.3267478740745063 0.6791283058305861 0.33196693689889845 0.7217418643128637 0.3377805768635603 0.7355808843046633 0.3398764600887703 0.7485907177025181 0.33387222694975693 0.7530658983010743 0.3279459491617815 0.7526081985197044 0.3048114659090218 0.7493486796562681 0.3013734913034422 0.7099206895951738 0.2970814722621041
0 0.7432263971956156 0.3414183958504771 0.7196378060699591 0.33821494809851055 0.6793356644291192 0.33311281830067524 0.6514057964615605 0.32803199454197157 0.647819260170976 0.3393715627314353 0.6401884878084367 0.33891621585760284 0.6448405547479512 0.3460290047241214 0.6441877588945905 0.35800113652862514 0.6408677911163786 0.3713163509142469 0.6426455753326964 0.37510975020299026 0.6713756444377478 0.3790843310359351 0.7090403430107503 0.38418613043352084 0.7196345846675267 0.3839306279410257 0.7420387297161993 0.3740553705624805 0.743906939504493 0.3562355771215384
0 0.7472525169404235 0.24063493932561664 0.7296379750106465 0.26398104614042867 0.7526378240373304 0.2798770464172866 0.7547971737147188 0.2935338776168566 0.7744678036878334 0.3065490448059128 0.815614860946128 0.31411105558305485 0.8319575470041363 0.30614959974664696 0.833713201160716 0.2779217426205532 0.8258853187235509 0.27690414457749707 0.7923128778480689 0.2577536440931179
0 0.7547971737147188 0.2935338776168566 0.750272801184149 0.2995652408678717 0.7549998715674318 0.302412361821247 0.7541342614933975 0.32349012124999027 0.7925614683947243 0.33671096161483954 0.8295655398655177 0.34810171234116366 0.8286527619590782 0.31719642839023815 0.8167076028813862 0.3158394420900948 0.7743152489906059 0.30743009412664596
0 0.8252957085277635 0.34864337340480955 0.836351248569064 0.3511185274230826 0.8334518592294318 0.37992232447545454 0.8136531085676009 0.38171586833852444 0.7456173326417828 0.3626288250255581 0.7444495884963734 0.3432451732412225 0.7499398574119482 0.33565511761171113 0.756141906565867 0.325964141811852 0.7920785202022218 0.3374903078040876
0 0.8131444437556524 0.3825010262776187 0.828194923236949 0.38634319904275616 0.8270462180077474 0.3998273723680994 0.8228869822788814 0.41871067031443476 0.8096767842188282 0.42136545480213927 0.7690511891100362 0.4128135605910259 0.7367846179708852 0.4056486819053749 0.7361576733265011 0.3904318256817166 0.731111880254107 0.3904600679213366 0.7248322930641471 0.3822012197452147 0.7421141027781721 0.37486930208520536 0.7453849703159889 0.362829111657237
0 0.8179277267728685 0.4199516457150738 0.8194426774387977 0.43346502706538154 0.8200696220831818 0.44868188328904 0.806750980438024 0.4536754758092331 0.768442166619829 0.4505811222690414 0.7360237020276303 0.4477185013578779 0.7279469211148654 0.43613887883193186 0.7181591218761724 0.4275908477621971 0.7280564512084828 0.41838117286439364 0.7367619876131531 0.4194794883889155 0.7385602678444709 0.4073813648036902 0.7692027203935796 0.41365093546155496 0.8103263592209444 0.422751504542257
0 0.6444439433238465 0.41320219144829357 0.642407594242604 0.42325020700197075 0.637252995415601 0.43075688991909594 0.6401978078590947 0.43601238887862653 0.652195393481297 0.43179823807170553 0.7188718797479293 0.4542997024369076 0.7316271217878482 0.45427242598263223 0.7321043459962102 0.44295374411067895 0.7273404338111877 0.4379290119948318 0.717812609441143 0.4278795477631376
0 0.6420268944243592 0.3750182842524947 0.6388636606819675 0.3789120039877056 0.6383411994726935 0.39822093697459554 0.6453812000491117 0.41122913583499954 0.7129172468328163 0.42560219845881364 0.7161168512315008 0.4214984272299182 0.7212067164023338 0.42085273854477734 0.7266239174798008 0.41831658641647396 0.7368400184777597 0.4168151575525076 0.7362711573272399 0.40668392141923165 0.73559358954987 0.39143053568086555 0.7302250177948024 0.3917691844555411 0.7256083764978019 0.38393189963663626 0.7199004128410075 0.38527231167134524 0.7095510878839849 0.38562649465010757 0.67166867236612 0.3801602917099694
0 0.6521511938699652 0.43216396898423115 0.6404789861719871 0.4369983085597875 0.6293121165227518 0.44499796351951426 0.6306185529923882 0.4652645328530552 0.623385970099614 0.47748501677777005 0.6266386935376255 0.4839038520828356 0.643168578571538 0.4805648234134376 0.6563238156163441 0.4854169271408213 0.7175508555792351 0.4968400202392654 0.7263765396860007 0.4919320543472769 0.73403700595227 0.49027711823287046 0.7356864297260399 0.4781438585582542 0.7348523465057459 0.4612331017593125 0.7313907806061117 0.4551512810225704 0.7187736826057066 0.4558823976821049
0 0.6425641023208509 0.48057940163373014 0.6400140743167586 0.48400810526979193 0.626825484865067 0.48456330299919004 0.627814293632114 0.4892819970990325 0.6277690885412973 0.5069253409874478 0.6295706646094268 0.5191176487582038 0.6371649774731525 0.5204521090978315 0.6494298087378862 0.527839233733616 0.6837524644182124 0.5355954702381875 0.7136681124852501 0.5409918695495248 0.7278682970531394 0.5337252918225848 0.732462463601354 0.5315277756258204 0.7337609072656494 0.5092539421742873 0.7292110267895394 0.506850125248519 0.7278375178986476 0.502614963134895 0.7180563774317202 0.49739693347025926 0.6852173025094496 0.4915019338090982 0.6560490035559203 0.48613493601000246
0 0.7366582578891478 0.44799742448608654 0.7322660816180506 0.45351797824873835 0.7360090995702088 0.46001550385544926 0.7366561593755633 0.4777779244977822 0.7578617578837241 0.48430552205686755 0.7856549212940025 0.49247912230920726 0.8049574532693796 0.49842090983093873 0.8113154614344056 0.4931236772422536 0.8225251090969762 0.4912289447861798 0.8222334865032676 0.4747213650303956 0.8217743730290843 0.46083489446651654 0.806257168916314 0.4545310844177497 0.7684462002006929 0.45129176155435585
0 0.7577469581781249 0.48514731400229194 0.7367918210007061 0.4776648967754063 0.7347985966940727 0.48917636743703213 0.7265602598794327 0.49205797568257165 0.7203142020950368 0.49684275291139346 0.7282976121046777 0.5021380139344728 0.730332063843625 0.5071499179212878 0.7343733248205787 0.5083939160701086 0.7335530230846028 0.5187185641375742 0.7821472667523139 0.5308392771979866 0.8006438619127785 0.5357590395149988 0.8178410163764755 0.5325394194155729 0.8196517285978252 0.5042031038274112 0.8052671549003481 0.4990012448426539
0 0.7336094896819713 0.5195098842310576 0.7335804292664463 0.5308520338736104 0.7166513139009265 0.540345669350503 0.7181766209871677 0.5516503321408749 0.7373655818429141 0.5570412008471851 0.7776657310559091 0.5611912223259727 0.8083711635219336 0.5659994693628322 0.8129925659567241 0.5560709539803032 0.8116090161616474 0.5383604416455723 0.8006155104545456 0.5370402094238707 0.7827124053641936 0.532045158310367
0 0.6178801076055045 0.5174228999907307 0.6052328861332723 0.5223010792578745 0.6048087958552653 0.5247503283348162 0.6070834078723516 0.5306100977855156 0.6146284337153203 0.540672022795586 0.6200682473333079 0.5472481386354072 0.6230206948379137 0.5592500892966811 0.6668105513473557 0.5711817926355406 0.6977563804106166 0.5734842452250574 0.713611212511551 0.5690774874393415 0.7151953493861345 0.547636871210927 0.7132881247305893 0.5418901925010294 0.6838968994881922 0.5361965931481049 0.6492633755590483 0.5283733282381645 0.6373659316558558 0.5210992943431817 0.629707263660858 0.5195157088798253
0 0.7375990061565649 0.5576979090671711 0.7183161172696677 0.5523236528173242 0.7153787798422657 0.5559113463350229 0.7134710336936102 0.5693612121186663 0.7075351670653938 0.5720258856195262 0.7090726765241839 0.5753065915870318 0.7126859523377322 0.5811914650707377 0.7143614004574834 0.5909717054110889 0.7504212692671541 0.5930880532118704 0.7790383578765245 0.5968437253132751 0.8084086461011544 0.6047616430946626 0.8086710256752002 0.5910860358976664 0.8100254741553171 0.5735354591018292 0.800338135881809 0.5674652958260025 0.7773491548381146 0.5640383801101015
0 0.8089622009404753 0.6052127830269918 0.8152820591772159 0.6088426426378054 0.8150030958059045 0.6396384268504904 0.7963344391901761 0.6465251662272397 0.7480191026863309 0.6397940612366398 0.7166039011644318 0.627877761626456 0.7076396809610417 0.6164153451036141 0.7005204721081998 0.6088897757417787 0.7024282182568553 0.5954399099581352 0.7140691965090785 0.591443242601222 0.7500367633170654 0.5940926622599262 0.7791459578215616 0.5974383318389869
0 0.7007535416494515 0.5747109563781901 0.7118710466074951 0.579817648015946 0.7110864795931819 0.5843487588082882 0.7021668673659391 0.5945172328356729 0.6939390058097609 0.6079868100883674 0.621851149931038 0.5877616158547498 0.6202065548687755 0.5765871612018031 0.6259891848926777 0.5662952749444632 0.6246209814939021 0.5608207468774781 0.6613567886897193 0.5724096616796643
0 0.6920628842309414 0.609093748319821 0.7024116344595901 0.6125600869738241 0.709330941365711 0.6200241216678702 0.7081292151483433 0.6525010533799165 0.69330536086272 0.6529912733559713 0.6861091479515474 0.647126454235693 0.6198645995285746 0.6284192294390029 0.6085930864538694 0.626634038284361 0.6029654932297583 0.6190061397391281 0.6032737666338637 0.6087135676930352 0.610670395833322 0.6073407793213733 0.6231885002723248 0.5946303582343307 0.6353060293055383 0.5927455810513037 0.6546042161357888 0.5992475156847853
0 0.7105609489327431 0.6226486864418748 0.7085907251567627 0.6498356940903036 0.7199846217782934 0.6606423123140212 0.7320557426398825 0.6626736421398199 0.7505234686257602 0.6703236524147401 0.7840149508439822 0.6775449773813947 0.8010688367718073 0.6726878533585615 0.8021925302477145 0.656469956207531 0.7993329683909907 0.6474481862440787 0.748126702631368 0.6403886677623516 0.7167267990528221 0.6296000465358024
0 0.6071782177126871 0.6287251883060664 0.5952914436836834 0.6292772858442871 0.5888785119329117 0.63712921133099 0.5830040942488903 0.6406550272865229 0.5868634230100016 0.6463348995090569 0.5911064862088542 0.6619588759231289 0.599656118917014 0.6648714025670285 0.6040075535732511 0.6701412722672185 0.6089125430688092 0.6758622818997372 0.6513226088311441 0.687513417158466 0.6945480946652811 0.6932392273122568 0.7001009983681034 0.669681736380265 0.6993636110377619 0.6593480269241871 0.6931207568593521 0.6540574170718164 0.6859706949490215 0.647926062022577 0.6202797013653698 0.629669977158216
0 0.7045307229365834 0.6550430004395744 0.6998095659320458 0.6592045603308043 0.7010852101583551 0.6688617313355768 0.6974703913201122 0.6848742843310589 0.7013909118546362 0.6950648700881304 0.748552730508215 0.7048098022228984 0.7760318563814547 0.7090574087722405 0.7838282894743551 0.7078076897361573 0.7871350920792749 0.6984381377069034 0.7846761056283402 0.6785907238394357 0.7512460723543135 0.6722305413274542 0.7317326856339889 0.6645393936425491 0.7199076177199627 0.6623030625555781
0 0.6036536435098686 0.6734012380825432 0.5993470740005614 0.6861126878527154 0.6011765302369741 0.6925714277099524 0.5993766412041381 0.7029663289394431 0.6031587087361361 0.7139565224833987 0.6485066262674379 0.7147208220646991 0.6776928248302649 0.7164057414022027 0.6881183219464618 0.7218609008945135 0.6988059414659221 0.7172900242696926 0.7013600587971474 0.6964590844007265 0.6971626322575718 0.6878677142174224 0.6944249396061084 0.6951665134827753 0.6505997479318085 0.6892560993256165 0.6090815919580413 0.6773180308801222
0 0.7014215077413425 0.6973202268553996 0.6988059414659221 0.7172900242696926 0.6911015532039232 0.7216562425277179 0.6935615683379875 0.726905372075727 0.7218553427706819 0.7361763667597253 0.7584376561914024 0.7437876398852964 0.7694939693760334 0.7443836179885146 0.7879010179300634 0.7402237725691675 0.7872727735694536 0.7085872431596135 0.7832900325783873 0.7084842281874627 0.7756935014322078 0.7097954818913351 0.7481682245581263 0.7058144112709542
0 0.766971990956209 0.7455724881455618 0.7808881231683464 0.7515406651323674 0.777687377483769 0.7834022501665211 0.7397671993801969 0.7762213768210984 0.7154097577669445 0.7709695041180767 0.6903452675392745 0.7612888498061111 0.6919294423404716 0.7570038776849258 0.6894852394913253 0.7455832843608222 0.692684956492773 0.728319983646127 0.7218244897131931 0.7375705810723211
0 0.677554371827739 0.7172053491890865 0.687933717943094 0.7229270446103587 0.6918391977050471 0.7283403809039312 0.6881935258093155 0.745747148212009 0.6902379247650199 0.7570446722005345 0.6763518740980241 0.760630994140727 0.6048009892613567 0.7579771168551274 0.5986963309146904 0.7555364702957377 0.5973125724017793 0.7525838349249825 0.5891010374720838 0.7525828062418528 0.5819203796750467 0.7441960944253444 0.5750474809405502 0.7328159527224724 0.5829673262634057 0.725989376436006 0.5855051169681481 0.718629042502864 0.6041271082414699 0.7193079812148054 0.6039274634655313 0.7155968754671514 0.6482297202623862 0.716320037638467
0 0.6836409033524453 0.7586635992433534 0.6979104312864003 0.7686709525745634 0.6986307204779116 0.8034239812060595 0.6543893982836869 0.8108611036491465 0.5971082985517571 0.8145650086148924 0.5868526218371395 0.7996168848633728 0.5861922385651287 0.787622425165738 0.5921125500792096 0.7874796443611082 0.5962804094152085 0.7792173734576845 0.5958811198633316 0.7717951619623765 0.601017893046229 0.7615852076306305 0.638077528760287 0.7603596576904937 0.6766132249889402 0.7615536712631895
0 0.6934205436276375 0.7642006906612574 0.6984025371815261 0.7682609500522194 0.6991381243163907 0.80414165706735 0.6900961285423226 0.805288704025659 0.7336900508708477 0.8198309399873533 0.7561407750185744 0.8239343941545597 0.7811751837011027 0.8240605495395275 0.7795464009237584 0.8067146311104857 0.782684668981011 0.7885901879411175 0.769675487330012 0.7871123272310454 0.764570595887733 0.7813297829307372 0.7383523306390144 0.7783125268428037 0.7276037765169239 0.7747231188532221 0.7182389809077445 0.7740863462343955
0 0.7571402847521791 0.8242420674935061 0.7734700239267566 0.8393754810371469 0.7711318779979528 0.8504469207179427 0.7709312045388845 0.8613340992897475 0.7683470056625177 0.8726105402317156 0.7219389009657632 0.8597287116172015 0.6894163325944398 0.8505597032222241 0.6878492559320728 0.8304253561679911 0.6886654475162222 0.8135513178234591 0.7032741019117711 0.8118718847959808 0.7336438998700058 0.8200974759163148
0 0.6843910169183158 0.8066206978817124 0.688465545569501 0.8134897831556699 0.6877569539303889 0.8309584280259136 0.6892625816485607 0.8502316326254737 0.6400239679570942 0.8524808172939643 0.5850346059823437 0.8490293895877402 0.5734415789264393 0.8272125234566395 0.5751797618442978 0.8196060508523404 0.5808387224674626 0.8185405929252484 0.5877279478284421 0.8164501286922962 0.5880670742900361 0.8047633423336075 0.5963701397090683 0.8151800123984086 0.6551581530130821 0.8125014566328995
0 0.7456657836813638 0.8661901946294509 0.7540458531587267 0.874946114452695 0.7551366362108858 0.8893190002531774 0.7512449113675912 0.9069307688224274 0.7117714115203108 0.9026406532855938 0.6642712379174851 0.8936337942699207 0.6628724386320032 0.8859039094356665 0.671438397966646 0.8753458301437419 0.6715013899355355 0.8543095461192273 0.68883192469763 0.8515027776024908 0.7220465009108004 0.8603233181429134
0 0.6693333215790936 0.8522384504609494 0.6706696432372508 0.8737054771599891 0.6602581582104949 0.8876258514506361 0.6148334937916449 0.8848727310310279 0.5711470122906531 0.8745131380071207 0.5672578591551829 0.8556291957777239 0.5750558352727779 0.8324820502624527 0.5846501000322548 0.8500339986357961 0.6396856130078472 0.8532188904130589
0 0.5751603491684258 0.8768715097465405 0.572176860740182 0.8807257391932005 0.5710692367199752 0.8871226014882717 0.5458035586916722 0.8956282679078399 0.565253953443107 0.9243556996172599 0.6206433764820819 0.9242806255791978 0.6438172186999265 0.9229918264993889 0.6600709824993028 0.925187705965128 0.659333337998179 0.9185035675889148 0.6630409731796705 0.8946588005757808 0.6604733581005691 0.8888150645020599 0.6144642857849092 0.8870050184627184
0 0.6638756529803319 0.8945746902893624 0.6599259304081603 0.9180762551349856 0.6609649504024802 0.9238179687460363 0.6666592973406114 0.9330657759258109 0.7153894052444916 0.9410495370074304 0.7581450563543337 0.9483104843898215 0.760609379498683 0.9320060936506094 0.7638685395004 0.9159463729747309 0.7532044359006567 0.9029362161310188 0.7513960633090389 0.9071635652345487 0.7118020884250201 0.9037462645098024
