0 0.29272504997766996 0.28578309608932706 0.291897311580539 0.2902886995248629 0.29404199697592015 0.29932235437590754 0.3009643567149731 0.30507458403474336 0.31497834109108497 0.30530381077358903 0.3303739612492371 0.3062148440435754 0.34540800026593166 0.31016978861963657 0.34803567890196574 0.31267486842169595 0.3524544272603083 0.30502727461290563 0.3625016397048996 0.3090992060279482 0.35932459165223185 0.2884171554059463 0.349857367165759 0.2836441936299213 0.33174938167081125 0.28232321380361464 0.3212953904420801 0.2816756826079063 0.2993646981879068 0.28406498230193034
0 0.36316276836015304 0.3084587552485821 0.3520786652899994 0.3057279889158481 0.34856121462917256 0.3131758843821079 0.3560348165970066 0.3315256039302767 0.35768498307901175 0.3373345569045177 0.3787259033083923 0.34489823247881296 0.40772607390238813 0.3568729726296354 0.41139329832011284 0.35062680742672986 0.41477515605289317 0.3443203787002482 0.4150941947077969 0.3342468763847764 0.3910666698570531 0.3198119523918401 0.37567370485502927 0.31149083919919734
0 0.41307623172386787 0.3069083979455087 0.4064596348590769 0.32813306558448285 0.4129920517989697 0.3322428125431288 0.4148088280228524 0.3341866128612001 0.4164279776910267 0.34271925175183277 0.4215503971911766 0.34146079817307334 0.4517514129964839 0.35563930050807385 0.4624455732674774 0.35672758414061806 0.47377250053602166 0.3524890229875312 0.4757922136278696 0.33302382488772836 0.46296754879034635 0.32524508340727204 0.45358146500100843 0.3205327012128633 0.44215261677437684 0.31577896326668015
0 0.47484040797541494 0.34842417198883097 0.4706308118455037 0.35923620415084856 0.47429272595097177 0.3678101987932558 0.4779716872698708 0.3774307667849585 0.49809426258830464 0.3841475673524888 0.5117466658229588 0.3874207053974092 0.527682002537169 0.3911759516309397 0.5292470840460667 0.38292572258638674 0.531425441411407 0.3818256115983833 0.5392969516467863 0.37958757407877286 0.538807743045667 0.36154271235665664 0.5062165624904597 0.35270996257908854 0.4838675657794235 0.348770385566658
0 0.5391613587187397 0.3807290408185509 0.5312769981112633 0.38208549723894053 0.5295536149800624 0.382812873983511 0.5287268908305166 0.39115057915826834 0.5338008333064086 0.3994247992979034 0.5373631558774833 0.40388757424791616 0.5499614630601215 0.40807592266889964 0.5668793885986458 0.4144860682806377 0.5779566544146735 0.4176984126159709 0.5877405133492553 0.4180184494316556 0.5961803799612432 0.4158720239352469 0.5987810726831374 0.40638109680836393 0.5984929248276567 0.3895139255334457 0.5634950944366153 0.382341373729669
0 0.6032975623716543 0.37525009219021843 0.5981829623837835 0.38661103717461015 0.6012523301373567 0.4062481834085075 0.607143575301001 0.4090201394773573 0.6163060235154334 0.4076810999294402 0.6314008808728645 0.4115236123467896 0.6420243635509666 0.41442186319604996 0.6472515481827044 0.4172718473589503 0.6512106186535698 0.4170166013984245 0.6604315879385402 0.41656297589304936 0.6627461251047321 0.40810293815762266 0.6634399358544214 0.3953718863975866 0.6321085705815559 0.3835170184205737 0.6149218465785128 0.37661358034641684
0 0.6074882519272411 0.40887466412844325 0.600310049679138 0.40866836014411145 0.5964238857051881 0.41657823900144314 0.5973458374074172 0.4239756448278526 0.5988574573122344 0.42778709001747495 0.6034061959856879 0.423945883420162 0.6124739231148124 0.42891649389152176 0.6171635108175128 0.4307798931295847 0.6184063322578112 0.4340980458567884 0.626256530667211 0.4355375809971667 0.6381148991562211 0.4404427253235335 0.6472585044470671 0.44477456798356046 0.6622616123839963 0.4466333297120482 0.6640891380622984 0.4367608618442289 0.6659166637406004 0.4268883939764097 0.6589502247188812 0.4221432680578852 0.6470412707887234 0.4176639689390737 0.6422093482243735 0.4142426642197042 0.6307621130615317 0.41138871783706255 0.6160957461214526 0.40807322150956354
0 0.29353124775129846 0.29927458881970453 0.2868968497954987 0.2978735416102118 0.2832262234322577 0.3089562319606281 0.2830344553403196 0.3193785437710114 0.2875973912804153 0.3294099091970332 0.30838733707430555 0.3327540335103301 0.3279949469662081 0.33724351424386906 0.3384291475928911 0.3418883231048753 0.344767961573194 0.3435757094194287 0.352599749830249 0.33930069537587754 0.35751611315568566 0.3375488468467367 0.3554367193023916 0.33083203645275144 0.34862005000355734 0.3133495231292201 0.3445246633571773 0.31039210058276717 0.33086677361133754 0.30646155669292835 0.3144273836159735 0.30612874135721874 0.30223235934835074 0.30529720677487915
0 0.35845596011756875 0.3384448436436638 0.3518746571971613 0.3387988105462796 0.34646063577947395 0.34253812586145527 0.3466199208856511 0.3478031681977813 0.3511194557655386 0.34735833538228555 0.35086191242616654 0.35393039343225663 0.3529539864915022 0.36274244347454543 0.3761189101141834 0.3725170390767671 0.40324529570115075 0.38417449418572264 0.41557661883809327 0.3794546473266758 0.4164657449518099 0.3719696855303887 0.4088558335852279 0.3567609780979528 0.37841224902036064 0.34440299938425084
0 0.4218084334716992 0.3424070433631811 0.41540147005673644 0.34349534776932106 0.4083454952809356 0.35665320523568417 0.41748642156039445 0.3721852312549261 0.43642203385460177 0.37792784127097584 0.4576819031294335 0.3817199639827362 0.4684394223429225 0.38364296855418356 0.47384076354856824 0.37780841359070444 0.47466411441485085 0.3664731980340052 0.47130887480082606 0.3594869554843482 0.46275436809790926 0.35663414021719614 0.4517012649089234 0.35499747475080934
0 0.4845174531153557 0.3804118692345415 0.4740555178773636 0.37820252555803363 0.4687754211417702 0.3830164039129282 0.4677650505580013 0.3915220423177998 0.46992527405799683 0.3975584016393954 0.4758092189566258 0.39426708472268324 0.4980342956174239 0.4031456835279777 0.5212546884627234 0.4080493487612025 0.5340662411054232 0.4124986844300282 0.5361250229090858 0.4017731265651956 0.5332650672000857 0.39942536171060916 0.5292655645996748 0.3912567832589646 0.5122500610525843 0.3869659413005742 0.49813492803784465 0.3846826386605753
0 0.5366480414254197 0.40397613907576774 0.5334346583310786 0.41341158817634405 0.5325986272527544 0.42265156408473975 0.5342567720766813 0.4320643182819619 0.5397005745022699 0.4311265541738016 0.5548237039135525 0.43153016289003426 0.5824905366033472 0.43423398119565476 0.5978688351667759 0.43469147634302185 0.5985558871637388 0.42890764222770916 0.5974163402723278 0.423086828630651 0.5957260402532737 0.4174984677075189 0.587788061925434 0.4182634535268528 0.5776343908749805 0.4178630103935879 0.5680592075634792 0.41479464940189853 0.5489896705871778 0.40797747634612985
0 0.6033660604183907 0.42364576547435107 0.598677131633791 0.4278869656191246 0.5979496648134774 0.4340110252706322 0.6015727537916901 0.44314639389972693 0.6020252486861382 0.45475104161209784 0.6231892339150009 0.4637543202290498 0.6387394977966484 0.47157209736104644 0.6452677056816636 0.46946311634632193 0.6561187347538956 0.4728009094936831 0.6585792906038398 0.46529904074800726 0.6615248243339931 0.45371446556799305 0.6553476696470932 0.45066617710866025 0.6475459901885732 0.4458797814866076 0.6375690328307902 0.4395877313757614 0.626758418581909 0.43590971269220535 0.6182570069143845 0.43481191153716187 0.6171705550583659 0.4307461120522123 0.6124840004609922 0.42836136771588046
0 0.6458588736326574 0.46889043813620085 0.6596102732372402 0.47423577060195354 0.6586656779009054 0.4865916627672373 0.657185383836195 0.4946493027736454 0.6514908328422782 0.49414425236107967 0.6311050352818954 0.4873978726858342 0.6012399384559804 0.47237197611370757 0.5983142074995464 0.466173957498709 0.6001962756105385 0.4613400066114577 0.601770079533992 0.45469715518096354 0.6234848178904978 0.4634679811239894 0.6394645904297361 0.47207398219064434
0 0.6028644632276005 0.4741100832764274 0.5934335106230086 0.4808374694538658 0.5900862028465738 0.48919835551472324 0.5903516780235356 0.49797342607526657 0.6036862491825694 0.5046257742546644 0.6308681039921549 0.5114122989946231 0.6558746809024774 0.5166931692457883 0.6570340305676076 0.5047313890478339 0.6582060604447795 0.49486484849818274 0.6317897130916325 0.48823998305162686
0 0.5982983438243668 0.4354797002776803 0.6010624154873977 0.4430386210374582 0.602065663509489 0.454410816075903 0.6001962756105385 0.4613400066114577 0.5954265171792372 0.466261657828621 0.5852601659167421 0.4637659750470526 0.5390063999436295 0.45678822173243055 0.5346835787564124 0.45134144757034483 0.5330764825712858 0.4384466910937177 0.5359398678606675 0.4343776452221604 0.5394454053501238 0.4310726677426672 0.5542729507859094 0.43176261556396045 0.5830008749076394 0.43434175405792347
0 0.5267644459243651 0.4542378510488471 0.5393293467532383 0.45547881818038677 0.5912739001204509 0.464094298115775 0.5931421484032006 0.4728873586591695 0.5929049453167704 0.4838825995159439 0.5887728272850821 0.4894234012069593 0.5841411936965734 0.49129570485687396 0.5690962743272205 0.4897218848348388 0.5413744695847317 0.4835113137244152 0.5267076253210954 0.4798795288899326 0.5247536906590721 0.47608203824346024 0.5228989259720812 0.46357611397782206 0.5232510923202208 0.4572370649110031
0 0.5305418200408019 0.48247073662891743 0.5282345062701369 0.4883968991220449 0.531331982346593 0.49831484967670336 0.5400159955599402 0.5028209911457178 0.5567760203574995 0.5045788553162833 0.5760680210202501 0.5052680654372584 0.5833749280142404 0.5044951756365187 0.5881794061821217 0.4989182119213982 0.5873932955447211 0.49091357808276687 0.5688355880042172 0.48966683329168 0.5425475580382468 0.4837590456686301 0.5318800631237934 0.48132814151711445
0 0.5310158402269299 0.49985144184314406 0.5257171109311207 0.5062147826535375 0.5271938005123951 0.5207786717316231 0.5460781790303467 0.529398574629017 0.5630304799754613 0.5306625919251551 0.5813145468141734 0.5297137430458974 0.5869812357447994 0.5303759785778063 0.592540651363612 0.5240676893105717 0.5926669428567233 0.5162557358729966 0.5897746973066111 0.5079844805710966 0.5844860834817018 0.5052642802267403 0.5753130835693188 0.5059993909893724 0.5565218112238903 0.5055940748367173 0.5404754352198932 0.5034524668780422
0 0.5319925734643465 0.43538906309735886 0.5330612275139368 0.43989035352436573 0.5353883862396692 0.4551682956495143 0.5264837626001858 0.45364412494611733 0.5221051253847844 0.4578858131483788 0.5023407306832923 0.45442458516789347 0.469534329881736 0.4505251130386529 0.468700453397572 0.4417977899004332 0.4648727358672599 0.44027685322504134 0.46635022482215127 0.43346284680284874 0.469968660157729 0.4254976090163276 0.4898775651600132 0.42774230082279724 0.5118371492783493 0.43184525780213523
0 0.522516799197974 0.45779459958111485 0.5226588839777623 0.4633472715526609 0.5249317996673372 0.4768322533146281 0.5269270229867297 0.480282162197096 0.5274058942148654 0.48412445112019903 0.5121958202160359 0.4839409581541818 0.49486665692570664 0.48135030159771025 0.48273057576675993 0.4800344667864181 0.4663899147322864 0.4758710560394006 0.4651637960031156 0.4704457596592236 0.46208453873434047 0.4671232263681247 0.46594180330373514 0.46277143507954555 0.4707551841820145 0.4514955342824561 0.5019290568701027 0.45451579873515735
0 0.46525042498624436 0.47759007534036924 0.4619096820208489 0.4955903860063897 0.4655657677322902 0.4974313786742068 0.4674075780404927 0.5077967608126591 0.48506057340038095 0.506536492193502 0.5137036829837797 0.5072408066230129 0.5256280564269882 0.5058396751179536 0.530837731218665 0.49910122677197627 0.527884765443001 0.4879667400433021 0.5295739621136305 0.48386969993746104 0.5278871909640047 0.4811975318977404 0.5273852498861807 0.48429824200220134 0.5120241883971651 0.4842610141466069 0.4953880295717133 0.481460404684028 0.48194851679774986 0.4798693121569415 0.465951119401018 0.475065789425074
0 0.524914407633426 0.5062234189060631 0.5268027710278901 0.5206960944168848 0.5260401436270626 0.5237417529781869 0.5179151534355856 0.5291519450498283 0.49748366302679287 0.5301817542298218 0.4696213996519024 0.5330271985025686 0.4592688340966101 0.532444306257393 0.45768528459040725 0.5289031838076612 0.45607461356612555 0.5244655811763387 0.45480841894008744 0.5160032624873853 0.4655868254478597 0.5152508792197017 0.4673727665725178 0.5092146136402566 0.4859045653554448 0.506180274176972 0.5139230806494138 0.5076434399301762
0 0.5274403196961082 0.5220777852203772 0.5189991873849682 0.5290245694584593 0.5267979199858827 0.5342345107080083 0.5312478062846206 0.5417658042052688 0.544007268972495 0.5457073917656482 0.5665011801156263 0.5520609939584896 0.5756729672675074 0.5547104872686383 0.586089891329857 0.5480027987222454 0.5870589620175302 0.5432192313409209 0.5850738541690377 0.5306857813037033 0.5810332161624854 0.5298324823847408 0.5634421537886508 0.5305713783578911 0.5456458608884726 0.5296635790782831
0 0.5903446031283722 0.49861883438178745 0.5852500276562673 0.5045981628003859 0.5899067383211477 0.5073957570146134 0.5927061725186568 0.5156468676814673 0.5932933603971005 0.5234307978215144 0.6113169850817337 0.5282448987275821 0.6261953746303413 0.5366279094637366 0.6372566062256675 0.538963812097771 0.6488857833830575 0.5377912659897548 0.6518762065012496 0.5329802007192589 0.6526117819576565 0.5166062201571088 0.6308777210482408 0.5112101291569465 0.6042767182368818 0.5047862409978091
0 0.5932466423444198 0.5238240860560148 0.5871737322393275 0.5304031187328917 0.5853411870349499 0.5318303167351521 0.5876500816793117 0.5442109538642611 0.6045565898095687 0.5469749493989925 0.6251881920243995 0.552742955171729 0.6390122131677565 0.5572749181128411 0.6492732811742689 0.5612560363283126 0.6490905256735066 0.5513401662669666 0.6511813924042814 0.5439202086418374 0.6377998205247375 0.5394816818060866 0.6261720156040009 0.5368245535809868 0.6111928610201363 0.528017109241878
0 0.6498632135260195 0.5613806178021278 0.6481493034366252 0.5783543026225563 0.6360923348752134 0.5818554327691215 0.6152651592831109 0.5802792441955478 0.5984681173546599 0.5753210180026099 0.5895037091833507 0.5706058421485176 0.5880549818036213 0.5624383956804975 0.5879015420224415 0.5573665659069725 0.5843619479119371 0.5566190770640814 0.5862045665195174 0.5487435404675444 0.5906537904206416 0.5456515830707919 0.6043857476952907 0.547140448147789 0.6259489664904282 0.5527020378967477
0 0.6421625005069989 0.5829357487584766 0.642773047411783 0.5905230347812735 0.6425980885875444 0.602177556529418 0.6290690336200627 0.5977078843252134 0.6140417887468639 0.5931234025537211 0.5988583596191783 0.5911264396749357 0.5857937407051965 0.5903832337919581 0.5862462633722122 0.584028331303043 0.5860080886522201 0.5771244137373581 0.5890072129369615 0.5696946842057015 0.5980256680908468 0.5752275818972484 0.6151176761951732 0.5802480988270939
0 0.5851570903007651 0.5906519405526436 0.5816848287959747 0.5969738680242338 0.5799677064866454 0.601247519773359 0.5832970693600867 0.6037648056715023 0.5868733081200691 0.6105673448741694 0.5868252178307349 0.6147903074417859 0.5985230998304925 0.616857503315135 0.6158633560580136 0.6223335992163884 0.6315739693883244 0.626256085992695 0.6382734564946455 0.6258566851494096 0.6434280356425688 0.6257357629733372 0.6443010207837108 0.6158412663739173 0.6459814984435619 0.605512564265016 0.641821284025071 0.6036261279936047 0.6380261128614761 0.6012120501073505 0.6288981915057846 0.5978733830740098 0.6138943056589263 0.5930922571852673 0.5991299667687133 0.5913853745290937
0 0.6425651239046295 0.6291819209784801 0.6395266104971032 0.6382159488165924 0.6393983697255453 0.6494771823302364 0.6240440984835817 0.6476457182002474 0.601556592038033 0.6435015545470217 0.5906895615833253 0.6408035090469407 0.579280689066201 0.633757919505428 0.5776918075284294 0.6267703377409093 0.5821176724032133 0.6238750244614071 0.5849825992231548 0.6226658440383231 0.5867317817253737 0.6155768839107868 0.5983989757688951 0.6166297138294311 0.6162050402865696 0.6220026017187955
0 0.6363786308877708 0.6494442073129112 0.6365000104760611 0.6573313454648474 0.6370624670915109 0.6691415940552606 0.6300286246865294 0.671083002468094 0.6160250602623453 0.669335202536939 0.6009657551962571 0.6675660291438579 0.5870089088247535 0.6654249409782023 0.575722788132573 0.6624368152555095 0.5740711584456761 0.6572501759146969 0.5719083746525986 0.6487303584871577 0.577382651239391 0.6446454085976263 0.5791391626715054 0.6387674585420454 0.5800327623656807 0.6363356664916074 0.5905727664516236 0.6417867296331918 0.600330009281851 0.643645679833892
0 0.5299187016732457 0.5414934058887665 0.5261588029224756 0.5489640526954044 0.5193090882549098 0.5569916568364679 0.5225422705496827 0.567954867869844 0.5237674810692113 0.5716404169160899 0.5381741056344235 0.5750859512590619 0.5587763921296718 0.5760099167439773 0.5711883305427774 0.5784294835768455 0.5861789307664981 0.5769589149885616 0.5886421696820651 0.5702223258205447 0.588403994962073 0.56331840825486 0.5880490251103792 0.5573977112754264 0.5845094309998748 0.5566502224325353 0.5774769608315468 0.5547619565122527
0 0.5231308306647799 0.5719091236767752 0.5167075351645826 0.5814378181124055 0.5168449448493175 0.5879173020751359 0.5193888019937363 0.5945018236986267 0.527111969549072 0.5969391046956788 0.5431569381780434 0.599319583902437 0.5569663014616092 0.6014295266996387 0.5700235914456953 0.6009617225106609 0.5806057291277303 0.5971491386795577 0.5852738854324668 0.5896687199663924 0.5860854946611367 0.5777454914575625 0.5714832967186528 0.5784917743137531 0.5590713583055471 0.5760722074808848 0.5385698368455559 0.5755726755989238
0 0.520351106530279 0.595309773629554 0.5270185334437106 0.5977256811646797 0.5432577032133004 0.5997440175053913 0.5571137845495469 0.6014606720680925 0.5700002324193549 0.6011583666279112 0.578958683897422 0.6008328580769322 0.5829013381489544 0.6032780813316404 0.5871142273133683 0.6098119137736223 0.5863594095405815 0.6148935154536748 0.5846175559682584 0.6231934856531661 0.5760007887187475 0.6231879967065522 0.5709849914922127 0.6259587285122393 0.549776742548769 0.6263178357427144 0.5248200404944113 0.6238695768524344 0.5223128279994708 0.6233401055887199 0.5180765798087166 0.6170029172639883 0.5148273674174989 0.6074473604198176 0.5164831138143564 0.6011449767612823 0.5191771985200196 0.6001012950869948
0 0.4616511975452176 0.5325729168235265 0.45700345276583293 0.5407074103771441 0.45843108283170547 0.5508261278898414 0.4620606958998241 0.5579037043652114 0.4781278540450461 0.5598942931666416 0.49708531490549446 0.5596903306069935 0.5148692853190593 0.556083012462378 0.518798441433745 0.5562115378856983 0.5261867174050725 0.5493570184970271 0.5298083564449758 0.5410058326990609 0.5251120078415605 0.5340535992258361 0.5181730464400836 0.5304845420364325 0.4975951673787825 0.5310475367225449 0.46990067325688356 0.5339644195318224
0 0.518798441433745 0.5562115378856983 0.5229108384198856 0.5725070691364295 0.5158858437950152 0.5829444601732997 0.501114065484123 0.5833311212173552 0.47790241014246576 0.5861428403256336 0.4651700956505581 0.5848565013183368 0.4559351439952262 0.5829062711191982 0.4516578410099427 0.5746400697210854 0.45009318708076473 0.5701022622744627 0.4546724199284966 0.5647582237538825 0.4615882728258988 0.5574533229965434 0.4785190175273406 0.5610287450282974 0.49844920667147685 0.5592771254194416
0 0.5156699471559603 0.5825482518657187 0.5201886421002547 0.5954234306515122 0.5198636037337316 0.5981597126234625 0.511571111410369 0.6037714340283032 0.4878742853348086 0.6040263872278636 0.4535353885380757 0.6032063380178871 0.4497849838936095 0.5965353626781125 0.4473444880535543 0.591209916117725 0.45552898571008144 0.5920475595456386 0.45877461036883505 0.5905951617079387 0.4557997875039847 0.5830190699340476 0.4652051394607903 0.5848271346057646 0.4782742670789333 0.5861618589361105 0.5010596243446525 0.583313180635359
0 0.5117068883173059 0.603911167096374 0.5147242126000273 0.6077550730334796 0.5182333624896729 0.617581810020874 0.5228277590892029 0.6238965673441186 0.5235814837796322 0.6265498458647855 0.519779675006897 0.6293099934437649 0.505119307932655 0.6267484796728754 0.49849123826425207 0.6285554785131028 0.47975420895498117 0.629943122723629 0.46617018588022563 0.6295685663705582 0.4561815282913596 0.6281717712585303 0.4520607384910729 0.6212444277220152 0.45215869570560346 0.6159205981756303 0.4534669783626278 0.6026574396003009 0.48803746319965574 0.6040790411048795
0 0.5053799942556585 0.6268035312160343 0.5093987751730241 0.6312152250897797 0.5094930941060489 0.6360452077617375 0.5103735236764745 0.6488798242723263 0.5050488856230883 0.6509620808283482 0.4996829589123329 0.6533919191483746 0.4853156641080655 0.6562368122386081 0.47636853905071097 0.6584448273719966 0.46541202353467365 0.6584469955685123 0.4569320280871683 0.6589721534250371 0.44959799957509927 0.6588485630441862 0.44586702649881577 0.6553884008951902 0.43972389186105776 0.6441146682946166 0.4408362600890211 0.6414991688120572 0.44832127609127637 0.6414764940824853 0.4492980367288456 0.6343785936919728 0.4510904550428979 0.6294125991761205 0.4558176203249334 0.6289856741253828 0.4660604870474086 0.6293672497169766 0.4805156235953067 0.6302820682351079 0.49888226774875716 0.628638055827841
0 0.5220457001201928 0.6237314127146419 0.5496590187903664 0.6263560630987031 0.5712016646666206 0.6260953585089312 0.5761907290321613 0.6223388809285714 0.5827078871072453 0.623715169507543 0.5779317432179446 0.6268040093314733 0.579425025459513 0.6333546283184021 0.5792857795876134 0.6390260396287916 0.5770881646497656 0.6451535187755005 0.5715983719669029 0.6486261023875405 0.549143323960137 0.6486941265762564 0.5104779580803992 0.6446262657895343 0.509365176465551 0.6292484738445961 0.5111150933617324 0.6280146651655293 0.5195189886838938 0.629254941900606 0.523780237116582 0.6271262700539509
0 0.5104986024090838 0.644452474907532 0.5107645531609796 0.6489624015870646 0.5047262663140312 0.6514284019311961 0.5040526934173363 0.6548491680280819 0.5089425878078446 0.6598011240668881 0.5097299112057471 0.6644211538327384 0.5122618870709386 0.663352499783148 0.5163426009743579 0.6672428210108868 0.5280734855095092 0.6697201404530357 0.5368477659874908 0.6712167853848533 0.5512680910674141 0.6735494567305819 0.5599674841805536 0.6734269321812203 0.5617315682160254 0.6709490615565583 0.5645926405796682 0.670484357467713 0.5704309613291649 0.6708265370071967 0.5752702509650213 0.6638317204644787 0.573996366389087 0.6576837347847134 0.5719958786408021 0.6497789507658717 0.5496234079487745 0.6491518114265786
0 0.4470595465205136 0.6588469460301837 0.4428177296560081 0.6641864310676175 0.44083060967339655 0.6764154806034589 0.44412036189740794 0.68583958428369 0.453929697717507 0.6898707683973311 0.4728318816562545 0.687092797130787 0.491521145118762 0.6849824636206724 0.5045372424612493 0.6811396235150561 0.5074821049001322 0.6765951518254211 0.5119922980375372 0.6689963853219582 0.5123780630931498 0.6646240875003225 0.5093182373925574 0.6645123674000023 0.5088535333037121 0.6594260165313042 0.5042243252362071 0.654529112035657 0.5003759633772105 0.6531819662422672 0.48521244246464257 0.6571057666486193 0.47630660606465725 0.6589662000180033
0 0.5164729441358595 0.6672703467824662 0.5124323061293075 0.6664170478635039 0.5121432855277235 0.6688501202115352 0.5046947071408298 0.6820636294682263 0.5083973459385326 0.6880119155084126 0.5140899436267355 0.6929552352946929 0.5372084490592964 0.6985499861638408 0.5531516034198707 0.7015605485325271 0.5617542520789816 0.7033772494567696 0.5716963565815862 0.7006667511964283 0.5728188402804493 0.6889677105591193 0.5720881854397082 0.6793714330108885 0.5665866511385588 0.6773188704229617 0.5637138371566295 0.6722584283118404 0.5603378693363742 0.6736833003779609 0.5508151285968553 0.6739882520618502 0.5373691386334977 0.671326888471171
0 0.2324022613228297 0.7347017738606457 0.2291262048169978 0.7401979430220419 0.23038369697109973 0.7584894249325324 0.24749941047584767 0.7604896465391144 0.2759385894540087 0.7656882801339293 0.30054418626810153 0.7708844717075977 0.2993453853811637 0.7622909561692549 0.30048915803265736 0.7509636195646016 0.2947280871507645 0.7518993502469025 0.28536145602875823 0.7526117487412959 0.2594305182140995 0.7449833233121099
0 0.30428361268528276 0.744500750670983 0.2980353208060384 0.7461407213861563 0.29733964164045346 0.7502985070431721 0.30052033518209936 0.7507011598652512 0.29954223015567644 0.7623325257018442 0.3030426455537431 0.7668383521445357 0.31996946464597903 0.7755247748326437 0.34467837478625857 0.7815499150369525 0.3636066502889239 0.7852781304661794 0.3651538943673038 0.7756502606553961 0.3543800041901262 0.7712226892355902 0.33528789257825015 0.7620790016889992 0.324660106270422 0.7547228040437503 0.31133884741829954 0.7462597135435499
0 0.3777378907279778 0.7597437266274593 0.37107451402812663 0.7631793457054953 0.3675802174762006 0.7705127327623433 0.3665691037844757 0.787518001183711 0.37359316136805043 0.789539423755628 0.38966229670135055 0.7918567170979639 0.4078148064996856 0.7919235392401006 0.42028999498659303 0.7905223852377959 0.42648754596067406 0.7859122187645905 0.4337824160113662 0.7839551763136635 0.4389859612350228 0.7775208344488199 0.43711287645408137 0.7712063171394513 0.4276019729785857 0.7697358989738633 0.41940846014165517 0.7639699440496773 0.40138065894108826 0.7628532831101392
0 0.4398277561023505 0.7761988854048671 0.4566958839274223 0.7751873417208275 0.46998866861142274 0.7722180546370655 0.4807901319882335 0.7709096308936091 0.486332110338537 0.7706115627246244 0.49233156580771054 0.7736732576130833 0.49412699250331577 0.778131356208935 0.4964487465011357 0.7819680595751843 0.4933872670096779 0.7958498966119762 0.4884954932804414 0.7996596414833165 0.4748587999021788 0.8040440337474677 0.4496082648276644 0.8059758235888473 0.43117699220021133 0.8031596958554393 0.4207967915720593 0.798815263500812 0.4205510374082431 0.7906920553247662 0.4265205664583694 0.7863027790183219 0.43335939266115203 0.7847875169009167
0 0.22486713165590133 0.7132012794792546 0.2268380352154496 0.7356790740755361 0.23131472412407927 0.7336649775670588 0.25991773921145106 0.7442790832792378 0.28513343410480346 0.7528326389080567 0.29495610907471925 0.7516784600801415 0.29691477494198604 0.7504778276773437 0.29783847603152563 0.7460991518535668 0.3003057581677252 0.7423154919898551 0.29891011250627464 0.7336804069189231 0.2781069207068079 0.7287491170657515 0.2571068841328285 0.7237762576799908 0.24568988721108942 0.7213652247898086 0.2345009122133051 0.7187333017328656 0.2302442948666294 0.7137987374604663
0 0.23987561960961234 0.6972686604436892 0.23113069996058633 0.6978433078365002 0.22843356438457202 0.7069593007523971 0.2302131177171874 0.7140611971598166 0.23492577891177258 0.7185539810986938 0.2454930424365767 0.7213236552572192 0.25671319458380304 0.7236931186148121 0.3000190449766064 0.7328384157844684 0.30406291682476794 0.7242758692960475 0.3070602105014817 0.71603039454338 0.30041027871121107 0.7108594555792589 0.2952415736687164 0.7068084519739037
0 0.31048848972280363 0.7194448126560808 0.3030786929522042 0.7240680216331006 0.29965653257702296 0.7324928170199394 0.30106196011633424 0.7427442298195629 0.3038899231362573 0.7444176116058042 0.31179489126620896 0.745817933210028 0.324660106270422 0.7547228040437503 0.3355470916516469 0.7615956518228879 0.354576848964639 0.7712642587681794 0.36564111536465527 0.7749460206225239 0.3678064078842954 0.7754032854810067 0.3670208603021044 0.7701255644652251 0.3716026940527808 0.763828973701964 0.37287912566404324 0.7581795689140248 0.3619493497396557 0.7550642959909705 0.3587313602024271 0.7430848893687019 0.3372575475406767 0.7302097119736564
0 0.4280701513133043 0.754112960423611 0.4207872276340331 0.7605427896976377 0.42025561726534244 0.7650180640583547 0.4274880732306132 0.7696842514878769 0.43734402687393076 0.770558377201933 0.4388851029298435 0.7774029554894767 0.4404574458150041 0.7748376083550473 0.4572133888426836 0.7740300259024062 0.4919914870273038 0.7678532698437208 0.4910730947596057 0.7618645377867997 0.49014592388357114 0.7544252552041303 0.4677370027160386 0.7540390459516416
0 0.4851957204071015 0.738168559937174 0.4897328061595542 0.7396095972092466 0.49082785399412265 0.7456356352569529 0.4902018828697491 0.7539541736924759 0.4672070360154273 0.7539271279792855 0.4343929936192136 0.7542409663219606 0.4231237954409328 0.7530683926816222 0.4183030671534922 0.7387706354428542 0.4231775504910921 0.732797991311927 0.4304955886037094 0.7321703641408946 0.44579824165884113 0.7390237086581957 0.47491129575911273 0.7393769950347776
0 0.36208655145111734 0.7348667052693497 0.3592200169436064 0.7422291843130093 0.3618281613409986 0.7553353414040865 0.37837782564063926 0.7593131860495603 0.40183625793297834 0.7630598730540853 0.42004220359704647 0.763765748297648 0.42092712509947805 0.7593650859185016 0.4274282666403372 0.7549432054745636 0.42291038177263696 0.7518160769209153 0.41797773551284034 0.7384604827054564 0.3697858801905644 0.7340781493240606
0 0.4330856155164894 0.7179889079893611 0.4349328223283016 0.7268297302958787 0.4319088331386727 0.7324688120671771 0.43034691252992796 0.7318975173942821 0.4230568539103997 0.7322896038094875 0.4177731004528809 0.7386587174704982 0.36516485595884474 0.7333437343194698 0.364535037230373 0.7264501452300255 0.36384048090738685 0.7185770871264866 0.3664831794701859 0.7130989341294448 0.3699899549825846 0.7094934023679053 0.37264143215372014 0.705465799896612 0.3791129505334109 0.7058666525415743 0.4103530063763845 0.7127053536664016
0 0.3730029616278583 0.6826044502128177 0.37066639382095856 0.6900788472288331 0.3663322994603858 0.6930267675247915 0.3678174165301206 0.7003424273239899 0.37949424116024066 0.7057057237673177 0.4107063175101253 0.7127799656479722 0.4336715412032786 0.7176297444500627 0.4364261577384337 0.711209428429712 0.4370905306323122 0.6995187074310373 0.42031703038795976 0.6974251888321813 0.3960137220307736 0.690119789310578
0 0.4378130664483874 0.7071562247787487 0.4366028133053041 0.7112467344204974 0.4332990291847853 0.7192412237500679 0.4351654368813499 0.7263959547750095 0.4414378114732589 0.7376199773769083 0.4454169510320113 0.7391846374324521 0.4750879513259832 0.7394143010255628 0.48540035546706095 0.7379703251721322 0.48994786349592956 0.7362747206368803 0.4966432178203321 0.734791247235225 0.5020756473516323 0.7286949803208266 0.5052011322372011 0.7252503773335436 0.5059670008270196 0.7157541351188845 0.5040726136373661 0.70883494484977 0.4984668158753544 0.7057195211072371 0.47673489381413503 0.7103052689067897 0.4418552999335749 0.7142875461814596
0 0.4446548929105527 0.6861462782656652 0.44147180537072644 0.6946491550976756 0.43653258443861204 0.6996423302145085 0.4378970049276544 0.7064496025112669 0.4418273204404859 0.7145230869372869 0.4768835698879165 0.7105781156534023 0.4997593638296252 0.7055095815310799 0.5078591840806546 0.7028740055299584 0.5100766989749413 0.6903040286784301 0.5047331389271466 0.6819320963261277 0.49172372090517125 0.684738114355182 0.4723914605772866 0.6874161264858861 0.45379380200997255 0.6900078218239045
0 0.30328324060996764 0.690221332295526 0.2949380552882392 0.7069895198792913 0.3205408566001262 0.723779332590078 0.3371151568178752 0.7296619760607984 0.358988062759795 0.7427521737719012 0.3625489312805782 0.734503618212499 0.3637777858424955 0.7191445476881532 0.3246478781800853 0.6992333690727556 0.30565915980763103 0.6886053036995486
0 0.23065586625018109 0.6648245137392846 0.2284146934021648 0.6887056190798848 0.2314504604362117 0.6949058653745066 0.2948057253021788 0.706432131171797 0.3033139169216676 0.6899630888162456 0.30047183249708104 0.683803744270557 0.2976814759566339 0.6755375501416916 0.26363363774257653 0.6696709614747677
0 0.3124873626592952 0.6662223272919083 0.3085716073252097 0.6691015045210351 0.29725380968675275 0.6741236274984895 0.301052880325462 0.6839264495173568 0.30607720133825167 0.6884288637181347 0.34582845788000327 0.7097948667256677 0.36403282107535573 0.7186689624785255 0.3699617861484603 0.702184684345402 0.3676586464073758 0.6998452572543061 0.3662643691841114 0.6931974945133095 0.33781587925980094 0.6803069999630905
0 0.2353439356585212 0.640401255468762 0.23226667974926368 0.6646352407721899 0.26399032664979716 0.6700110084519145 0.29625472032775113 0.6741773622331036 0.30982573191707163 0.6685721845767936 0.307075676427585 0.6616381095932637 0.30573312708846007 0.6528834972690902 0.2780960644651145 0.6515473915661966
0 0.3121282573884878 0.6441745922776326 0.3067322164474616 0.6528297625344762 0.30671898752036425 0.6612980626161168 0.3124873626592952 0.6662223272919083 0.3380402381809613 0.6800896582327436 0.36593835658859075 0.6925992040568819 0.37079184865827797 0.690182779051702 0.3734149804434595 0.681471471268353 0.37060357233057295 0.675053883243384 0.34190004717340217 0.6626389739027929
0 0.37707148208717955 0.6623895225648532 0.3700838771255919 0.6744146910380233 0.37412835825790086 0.682151565222647 0.39642110782435974 0.6900359915992075 0.42019234090384083 0.6971737563011794 0.4371961094853893 0.6994409910619738 0.4417446405319952 0.69457766949647 0.44491814383385786 0.6862473104392013 0.4405380253667676 0.6763217831735341 0.3978875502345347 0.6659912792628742 0.38018183067172373 0.6596049818192734
0 0.38014091535109495 0.6315358432836811 0.3757860669139494 0.6364400665981182 0.37412172343680894 0.6437655205015177 0.3771057625867164 0.6520726163793161 0.38021250698342374 0.659346738339993 0.3990189695795967 0.6664949332357545 0.43443221079913696 0.6742381967698275 0.4413127558046089 0.6764853901692672 0.44336626659458844 0.6642124084106061 0.447201419826753 0.6586689928908083 0.4391834349247954 0.644269120187616 0.4189063114609423 0.6444872809441874
0 0.23829848632097878 0.6172002440824559 0.23528258303512123 0.6409177424273228 0.2779637344790541 0.6509900028587025 0.3075682995087029 0.6524768825716486 0.3117102158578672 0.6443510322590463 0.3087568530196597 0.6357856929019673 0.3079033225738158 0.627928516262435 0.2663632152142055 0.6199502724285515 0.2443140740474279 0.6150292295708757
0 0.3156446064008054 0.6179155608888943 0.3123309504675403 0.6190688372609249 0.3088103829977175 0.6286495119656624 0.30869550039625976 0.6363021798605282 0.3119652510907274 0.6438754470494187 0.34182906981074174 0.6615650982367379 0.36989019451613153 0.6743737892890899 0.3769698284128191 0.6615738903780785 0.38018183067172373 0.6596049818192734 0.3770137336516165 0.6528473468171575 0.37473344757689 0.643629982269037 0.3436443784827953 0.6312407388998074
0 0.24262024208283767 0.5908465762101703 0.2435868530362209 0.5960804163079652 0.23922840041123838 0.6110433023286587 0.24360069623298658 0.6143491356165816 0.26620020891644514 0.6196511272003379 0.3089330882445174 0.6276165380485407 0.3124632804536007 0.619626225968419 0.31548160010304505 0.6176164156606807 0.3077475246517292 0.6075120456217085 0.3027232036389396 0.6030096314209304 0.268247699155001 0.5957291201108043 0.24657629846788365 0.5892995181263792
0 0.24710698739736758 0.5618663293316165 0.24602643302280425 0.5709627984237338 0.24274019663610075 0.5844165731096155 0.2488801689960905 0.589571687790849 0.26986668250799056 0.5956113040118209 0.30385496957945124 0.6018243051373315 0.3083876167429026 0.6002091862494895 0.31080517119213497 0.5920381438187771 0.314038078776592 0.5891839269215261 0.3200940284930853 0.5869258779550688 0.3159244846342327 0.5773637770191714 0.2795719719157863 0.5687222605357425 0.2606165284746088 0.56182540420995
0 0.326403488911962 0.5683228256141089 0.32216673682909913 0.5735373713126938 0.3227563381054679 0.5868450225289549 0.34244092315356534 0.5977543383352931 0.35943733123415 0.6063646149498664 0.376345665108694 0.6145191497801624 0.3873604643333811 0.6114204334129422 0.39324399099326524 0.6065536523406536 0.3930854473584196 0.5997678313889707 0.38501449587777553 0.5925972340196218 0.3848420728211662 0.5899885019137906 0.35254000970720967 0.577700796471797 0.3333376222180738 0.5688225507361812
0 0.3218642750940859 0.5882643372862767 0.3132950577479082 0.5893485562868318 0.3102601431787797 0.5925661251929862 0.3067269627441177 0.6040385104690448 0.30879310442570673 0.6089763966109957 0.3162445069016463 0.6173023180505617 0.34397666235647695 0.6315188137284015 0.3737654578407493 0.642632689204493 0.3761084912986325 0.6350889894697886 0.37999820838346854 0.6307657771543164 0.37866339719360775 0.6237315528981363 0.37539760688309276 0.6146818459538408 0.34220566964256227 0.5977046576743936
0 0.394222265532952 0.6064387036362473 0.3873604643333811 0.6114204334129422 0.3806360145795532 0.6132157690486971 0.3773168954667916 0.6147656198930324 0.3790593832242647 0.6244582569159434 0.3809392224274807 0.6309644997979141 0.41857759530315786 0.6450222031366037 0.43971533968256454 0.6436983363707842 0.44133873318567496 0.6401826834992329 0.4488295850420974 0.6420861359960198 0.44854756938327256 0.6343096203394254 0.45079051189108743 0.629638643397657 0.44849130558330363 0.6185422790000314 0.4187514611316613 0.6090464409248597 0.3984568287310066 0.6073329555324377
0 0.25503033966720734 0.5317071177754062 0.2505444546515778 0.5410490716589432 0.24900508379196384 0.5519778881781854 0.2580287398535755 0.5612789169400559 0.26398459862000057 0.5618935907665344 0.2807482394708014 0.5689706638402398 0.316234259136585 0.5767861149840626 0.31875921730322454 0.5798916536988886 0.3217079203440485 0.5753697187398187 0.32368053772999394 0.5648539348903795 0.32269276153816 0.5569283772510866 0.28885570533420596 0.5433518931387845 0.2578789517579629 0.5300579056092721
0 0.3282687025805001 0.5465304606191314 0.3225320290185062 0.5562513538941791 0.324386298263003 0.5650029768730779 0.32679947494261885 0.5690495296319159 0.33380812924007985 0.5689219120579802 0.3530850377205649 0.5771728150975876 0.38629085438285904 0.5899729145311833 0.39572875366650784 0.5836059632754588 0.39359027987837786 0.5731866222347408 0.39226715922547256 0.5680841067274844 0.38165518127161685 0.5680938570839363 0.35060390670402464 0.5554272122504319 0.33304829379191 0.5468967311411127
0 0.2611146152434415 0.5018771953774607 0.2556556178417223 0.5092186593970572 0.2564631627368059 0.5195823453460263 0.26208506736724646 0.5323218107540216 0.2931174596170081 0.5456706410056634 0.323012654938862 0.5557213740924919 0.3285774185507049 0.5453443009360303 0.3263030246948894 0.5387481066064034 0.321619137974562 0.5374191952633919 0.31871708584850433 0.5296711376065708 0.29293215858021426 0.515052061609063 0.27121581316446236 0.5026512722538127 0.263457715102022 0.4993140646909023
0 0.3272526075891699 0.5178827970907448 0.31954161013970767 0.529165716749723 0.3217889841937838 0.5381346065425984 0.32666973693507245 0.5378062337015678 0.32911397701010975 0.545117839310401 0.333012712643426 0.5466207146734521 0.35036015697238837 0.5550409379912238 0.3816805150539485 0.5681108090116468 0.3827806517744975 0.5652851902971401 0.3878706239392002 0.5653407718985078 0.3940360260195459 0.5584882575324885 0.39303161510350126 0.5497818557675616 0.3932037743195566 0.5440420943306395 0.38965939752397033 0.5395561074363128 0.3702838389699654 0.5310473601106325 0.35484638925346906 0.5237100313111948
0 0.39575146760788416 0.554773263518736 0.39530369596248327 0.5628332228133168 0.3927637300829417 0.5670536376839173 0.394619685091929 0.572881923128748 0.41805147209601917 0.5815677184702458 0.4389062330132089 0.5883502128030239 0.4560591243180436 0.591972547588709 0.4584933239874614 0.5907877418549737 0.4563370497442226 0.5831971770149218 0.44817749223107395 0.5682229537613983 0.4251247708696197 0.560636524141505
0 0.39765452322984973 0.5752216761854553 0.39468376510102704 0.5766329435448198 0.39609426146144694 0.5840660155681029 0.3857027847117941 0.5900260706390982 0.385348425874064 0.5930091821703738 0.39300075772638066 0.5993819988701493 0.3942414078675787 0.6060996596142261 0.41883972459814933 0.6092556839411604 0.4486044469049737 0.6182595489119739 0.45222988310577783 0.6156274494165551 0.453438099033284 0.6033110488490548 0.4499207420394371 0.5964523664914797 0.44653385806061974 0.5906405522499195
0 0.26621383939547805 0.4761120861143144 0.2625343635911952 0.4834895765362299 0.263002216047835 0.4924224399267862 0.27557236084879905 0.5045905996648514 0.31875645905269656 0.5293396807697625 0.32658557611473543 0.5170623906003592 0.32546535858294756 0.5028951866297287 0.29695826581344115 0.48973987559717497 0.2759876982805082 0.4774965790586934
0 0.2684581120344351 0.4572190464162356 0.26150755886707816 0.4642455248022943 0.26092931420664767 0.47125861598086033 0.26436792479211013 0.4787802120120521 0.26675039785488286 0.4758856244886853 0.269066477911724 0.4756951892653752 0.276733476163327 0.4776540718754623 0.2971674852368552 0.490123830039573 0.3243011418533005 0.5019697849281638 0.3221348272044423 0.4858828087455433 0.2905388566935365 0.475133135582779
0 0.3994502358051203 0.530071493574875 0.39448842365861375 0.5375179528056507 0.3912690729021848 0.5388767225594254 0.39349174015135513 0.5437631350994206 0.39402598561392643 0.5499918461899201 0.3963667724756734 0.5538838882194901 0.4246669588185993 0.5602000720935173 0.4482562386394584 0.5675600400877815 0.4553102450201056 0.5639531252809862 0.4609784618452388 0.5569956157037877 0.4580493899174418 0.5516202535102152 0.43084934029506494 0.5424784509216812
0 0.4498697515930542 0.5196532075715546 0.45644896652656114 0.5264789475225886 0.4597571040969941 0.5329536754377655 0.45703262559894425 0.5408726131188483 0.45365346902891285 0.5500123829359849 0.43088871349925717 0.5421469940848729 0.39937148939673583 0.5307344072484917 0.39564491297947485 0.5234917704485187 0.3901511683672304 0.5182543458726665 0.39265176104257976 0.5143653878388746 0.39588165189699454 0.5051517788123713 0.40228477213014435 0.5045910747363924 0.4291060904867018 0.5142490381916
0 0.32533488556791795 0.5018483185137139 0.3268341687423418 0.5171148882059488 0.3551737282894598 0.5230996152431676 0.3702838389699654 0.5310473601106325 0.3901565827791829 0.5396611026474921 0.3944490504544215 0.5378494096424591 0.39908352356493726 0.5310133664797106 0.3954356935560608 0.5231078160061207 0.3904391341990289 0.5179753866414478 0.35614570499181264 0.5127719556965177
0 0.3298188048521652 0.47697258454981345 0.32288060508726124 0.4860403015623122 0.32483770031270537 0.5017433233025347 0.3566428902470252 0.5128769509076969 0.38952351009698816 0.5171024825454725 0.39265176104257976 0.5143653878388746 0.395612478765783 0.5044577091369415 0.39455634124309313 0.49404152558238296 0.39058117219822586 0.48674639117682017 0.3645700461104019 0.4826124675427314
0 0.27027390542094454 0.42906168649079235 0.268164731790684 0.43609124887262896 0.26303307342495563 0.4428222968241983 0.26758417413342006 0.44955951276732337 0.26853685844281955 0.45655613274261886 0.2914938539997695 0.4756745828419459 0.32217420040863454 0.4855513519087347 0.3312088439829046 0.47565837294132035 0.3316816988516529 0.46343535184625884 0.32207768618584465 0.4627662701810861 0.3042207031992168 0.4521998130256952 0.2890982391162583 0.4422108295317903
0 0.342112548805498 0.4571438399384551 0.33246684993866404 0.4632613878262193 0.3313497338219952 0.476956113346543 0.3650672313656145 0.48271746275391064 0.39140569648942924 0.4862409703199724 0.3983786434648585 0.48975214190292227 0.40525045022383094 0.4833885771904806 0.4034608882207752 0.47485613944559296 0.3953360779181518 0.472460804787518 0.3905240311796282 0.46362985261236306 0.35704277286116226 0.455879762184145
0 0.4053685698364077 0.4823942066800552 0.3983786434648585 0.48975214190292227 0.3943471218196791 0.49365757113998493 0.39586107139338933 0.5045102067425312 0.40252134573211423 0.5042178603038199 0.4298518683695207 0.5144065310083689 0.45044568325665124 0.5190952891091173 0.4526830169051079 0.519567767559424 0.455301729193034 0.5146844390152067 0.4657302661500456 0.5148480998235315 0.4675514739485076 0.5080974966729137 0.46550096591539264 0.4974713226959964 0.4620476889306438 0.494363660754493 0.43164064195429086 0.48862186654617384
0 0.27757326722535935 0.4067661535141874 0.27092645486496114 0.4118129505280435 0.2672966368690305 0.42455207122545663 0.2705866106196867 0.4286736554300556 0.32286479633862175 0.4632982395815983 0.3322890561068421 0.4628695230187307 0.3412181918653267 0.45769997417993075 0.339824883704827 0.4465205752162493 0.3309626128054284 0.4384001586319953 0.3097584805719451 0.4272702428631223
0 0.3464391681257077 0.4239297048432691 0.3413693239165967 0.42588271481150136 0.3313042970339844 0.4380691611344025 0.3395766355816323 0.4460649962448413 0.3427090528411483 0.4566037736752631 0.3579245421617233 0.4557854281756375 0.39044822751693 0.46325848695567623 0.3938810998989352 0.4585408577905417 0.39752145904469655 0.4597127802363871 0.407318090997709 0.45996743213063135 0.40799687499823245 0.4504350783972583 0.40042119053083436 0.4480289427686602 0.39794741046543675 0.44085448879341876 0.3858624984210959 0.435681904319047 0.3622505464912755 0.4282766252225299
0 0.40756038242766146 0.45538232669696826 0.4079080233494597 0.46009201360444657 0.3977930661942316 0.4599717150905449 0.3945557671894982 0.46049752705651675 0.3928693328364048 0.465785544760347 0.39514891176118405 0.4733221416016351 0.40419209817806334 0.4748287208428159 0.4051209702850631 0.48228165348527025 0.4320636573249782 0.48837454414681464 0.4621735662906057 0.494531555194138 0.46586017574241956 0.4749508076679476 0.465830860022837 0.47010676738012663 0.4625014971493958 0.46758948148198337 0.4346505525555143 0.46150636272696643 0.41298656872511974 0.4555203393750535
0 0.40304473041084854 0.4272158117085883 0.39789336348286036 0.440036766955964 0.40069279768036936 0.4482878776228181 0.4080903111035938 0.44964850192825745 0.40814298584951664 0.45429589809882814 0.4129632096987794 0.4557169834923038 0.4598935196191982 0.4666355766153147 0.46612857067201946 0.4625097094508022 0.4693773153166089 0.4517058845574377 0.46894631169265194 0.4413344355246836 0.4646619732125636 0.4392202097675684 0.4331079213237953 0.4337661109904121
0 0.2746836199635542 0.3786532033913417 0.2734439040750801 0.38559227571862226 0.26858100156431863 0.3985516457289653 0.27607564357641734 0.4080276250286116 0.27732952114313075 0.4062152425910726 0.3095166062948296 0.4272757580635342 0.33125480463500456 0.4383748973819239 0.34176535165112276 0.42508493078840437 0.33932052074441865 0.4168138451874142 0.32751140441275406 0.4078115219981635 0.31716289207259574 0.40050243164748117 0.2841042307713304 0.3859048185466066 0.2784625637480358 0.38443645879911187
0 0.33034513558051226 0.4023168994901292 0.3280821784783659 0.40737814420837076 0.33964051929668787 0.4167429438851293 0.34276845370449355 0.4236350248383733 0.3461921554061783 0.4236656478200554 0.3615281759868535 0.4274582106330609 0.3979793875573647 0.4397257360974511 0.40279414888148785 0.4271716347405166 0.4016384390720246 0.4229117004303606 0.39859577476535835 0.4161761051112032 0.3910400939105104 0.41333419684674705 0.3642350947107413 0.40379614310127615 0.35154433264935936 0.3995928555040773 0.34813573531790054 0.4020580326916979 0.33486224422678257 0.40188603554563446
0 0.2795795592907281 0.3627927645582873 0.27749721197101107 0.3698308473242371 0.2746836199635542 0.3786532033913417 0.27795597793127513 0.3843294783843598 0.28420554793468256 0.385926214629557 0.3171468450103829 0.4006375211986173 0.32225486688256655 0.40310101302340007 0.3306972282572071 0.40197581908557195 0.34813573531790054 0.4020580326916979 0.3518061204348395 0.3982633560756657 0.35359962063472605 0.39365688523016745 0.34525227761123395 0.38261604958965517 0.34423595657161066 0.37630837592950583 0.34032265880736456 0.37340479326149656 0.28437953757476664 0.3617292450240123
0 0.35250651372184416 0.3635147184519812 0.3498401733502627 0.3632285993975432 0.348068697694651 0.36590102436123395 0.34421676010329594 0.3703497526499966 0.3444225438361021 0.3764862576465428 0.3454388648757254 0.3827939313066922 0.354426205003756 0.3936929643426345 0.35286239846492407 0.39724011486199357 0.368815448913876 0.40545581067267555 0.3909548238093711 0.41317771121266045 0.39915144446074424 0.4132469271521077 0.411235374375542 0.4112431366377884 0.4160849492997734 0.40390771576924106 0.41599583444841126 0.3986912429325537 0.4133240699021645 0.38985802727986113 0.40335088897466065 0.384734640517066
0 0.2872420956424644 0.33003754478991865 0.2818727787523714 0.32867318198627776 0.2809730966028047 0.33770216656361196 0.27891817281665837 0.3506357285262515 0.2835030179296638 0.3615143548868281 0.3101458893331194 0.36714077658799465 0.3409509895500852 0.3741071236031171 0.3449110742724799 0.3698729730093744 0.351907991781542 0.3619011235757368 0.3505170877311073 0.35469315940957613 0.3508208209451205 0.34922591429367156 0.3455934221254552 0.34812199611179717 0.34511582147416886 0.3434116473715072 0.3271446077710656 0.33754222964639674 0.3080281009679616 0.3325833221268731
0 0.4167770661664145 0.37168206031434825 0.4160025429259059 0.37820225669156526 0.40312205164093695 0.38331829611882573 0.4143917014683065 0.3903077017507275 0.41674094473310186 0.39817899621614683 0.42117706115088877 0.4030338779533546 0.4400013522324524 0.4060872798184034 0.46091094751111367 0.4105029525459012 0.4640263344357328 0.41046943422316184 0.4691432297506011 0.397952022653453 0.4676805821870056 0.3928031779717393 0.46843834626614456 0.3835137487726386 0.4372242509992652 0.3785353007141004
0 0.42137239461721365 0.40284465385945095 0.41624187805276375 0.4038354654259549 0.41086942325088266 0.4112284698036352 0.3987000912739464 0.41326804874906764 0.3989388915995895 0.41562322311921257 0.4031330697799453 0.4268802976675965 0.4332102515275088 0.4341538723426634 0.4615844164299396 0.43830211155653226 0.4646929927297679 0.43250529323219045 0.4669584401877147 0.4265304235881915 0.4669165422842904 0.4196073415334823 0.46757585515232 0.4126018661766637 0.46158545058461886 0.41064539360162694 0.44025010109467444 0.4054483870088297
0 0.4756949004980394 0.39425246550166654 0.46911766175560016 0.398487695471232 0.4643136798829606 0.4105213528708234 0.46827219126251957 0.4127071178713515 0.467426720769439 0.4269265402714711 0.47182841586034946 0.4253814361668998 0.4900041336688219 0.4271950564083027 0.5317254256586248 0.43533082295618053 0.5334071778109493 0.4325364185708683 0.5324666176313874 0.421989252110202 0.5332584173920029 0.4124828288896408 0.5209315201560499 0.40830486615517164 0.4981910415625716 0.4037275171090795
0 0.49613061731234387 0.7856022699505779 0.5258611440626223 0.788379723461445 0.5508919192401219 0.7895610633315407 0.5506436712724496 0.7946998015633965 0.5445501561834298 0.8033124048103235 0.5413714579477718 0.8125405569052081 0.5342580548951139 0.8129699493111988 0.4881940231495797 0.812779434511512 0.480047564220779 0.8028497902879431 0.4888915866747552 0.7992848518533476 0.4938212071644934 0.7951347223773028
0 0.5006375196356889 0.7674795281204371 0.5336309632348619 0.7725154633644947 0.5533096798901999 0.7760675764520962 0.5517612073279295 0.7898653636633809 0.5251825012882296 0.7879949587424767 0.4970138951466959 0.7857887999045046 0.4967225759713808 0.7813811893410807 0.49248875336459724 0.7733801370259612 0.4859869641312859 0.7693965713228338 0.49955292925560313 0.7685087953264076 0.49237585539837336 0.7676664315863232
0 0.6095045154330605 0.8144971674010867 0.6069776712500056 0.8318703910863294 0.5635771170830044 0.8239400489790819 0.5450129568880993 0.8194022062149421 0.5411034179293805 0.8133280359222868 0.5451434309354564 0.8036840893085476 0.5509368779257245 0.7948735395256579 0.5537078562874023 0.7929888035987335 0.5789157058762113 0.8049500590883479
0 0.5605041117360547 0.7728123273942621 0.5541122708131558 0.775939213386524 0.5519912502297025 0.7889214284081403 0.5579818292361151 0.7940457473335055 0.5797834786041233 0.8054420533191601 0.6095760695465339 0.8138948008779877 0.6179037405506681 0.8168883867610225 0.620352367197623 0.8021229235412667 0.6223159018391203 0.7972890245488182 0.616653979765965 0.7874486623271192 0.6116542914465316 0.7876277864135309 0.5727556994139167 0.7749365005869825
0 0.494670889820945 0.7393048134776988 0.4908164255211792 0.7454374498413024 0.48990972312726333 0.7540450241666227 0.49203917441128353 0.7673073733979794 0.5007246159827851 0.7672891266655189 0.5340496777143309 0.7723198872146885 0.5467574352447624 0.7739089929423809 0.5568316853292398 0.7686406621555354 0.5578201160726152 0.7642183187169235 0.5593318758217883 0.7592890142398435 0.5591505305945008 0.7510691440972024 0.5567909883852956 0.749490272516307 0.5557811583001925 0.7472702162334987 0.5366624537258682 0.747400714023377 0.5297069450573195 0.7474755480616556 0.5258110512253679 0.750396103918003 0.51130307145623 0.7499428422813962 0.4996383118970011 0.7462198640050315
0 0.508648541384308 0.7191012059772648 0.5055254050081339 0.724925175675491 0.4961703735946206 0.7354535017872004 0.4947256062758057 0.7359202434871803 0.49557443960559355 0.7394956244469615 0.500446806486937 0.7462362319723616 0.5083584796554836 0.7488332291092155 0.5182964409913868 0.7497881201507081 0.5254911993768271 0.7498270256885596 0.5296655554477119 0.7468493301673985 0.5362822329470173 0.7467029420156467 0.5555138812444228 0.7465962955969262 0.5636356550702746 0.7435259969104822 0.5680425620099482 0.7385906101892488 0.5643834624483866 0.7304081570657467 0.5644939462278639 0.7207062219865153 0.53303316046408 0.7223982998357412
0 0.5680783390666849 0.7382894269276993 0.56345115723372 0.7441045120624233 0.5569228715065008 0.7464307371584956 0.559322752455558 0.7515686217318422 0.5637601821031897 0.7609960272400306 0.5795723033345411 0.7643352192021257 0.6054006388633723 0.7700983664588165 0.6198819873687457 0.770995356393855 0.6240016269847697 0.7714022308632124 0.6257715404234823 0.7594264545147037 0.6277070123006252 0.7499555497432229 0.6204730014705652 0.7475016608333158 0.600190133478449 0.7447620330749712 0.5824758574830875 0.7408667761724184
0 0.5638910143546392 0.7608692869804136 0.5593497643501566 0.7591384226090688 0.5567187416061588 0.7686168107843776 0.5517155200127871 0.7723455148791087 0.5488765208115742 0.7712830373208129 0.5497790197264671 0.7744066433882697 0.5541301593415242 0.775788621755749 0.5609323855471398 0.7721309233538617 0.5729636983317105 0.775134794960073 0.6119159559494305 0.7873743058942969 0.6141758812808079 0.7849185382192593 0.6147069245789879 0.7794733881402096 0.6147693553262311 0.7711506291091091 0.6056086377811659 0.7702966608319067 0.5796494700008855 0.7646602538348329
0 0.5136536196712282 0.6924788345564835 0.5094152626497883 0.6935514142683821 0.5079667146280455 0.7030836749025076 0.5029973754534568 0.704985702741228 0.5040461087964412 0.7085802582400795 0.5081829193461913 0.7190109403315086 0.5331602339100813 0.7225990885951505 0.5650025226629544 0.7207502622380639 0.5677575188712968 0.7206293342868699 0.5695135982104834 0.7138323766663522 0.5717065446699298 0.7113440322858867 0.5703656098180891 0.7075472246915254 0.5675962405631754 0.7024649449934294 0.5620913580826863 0.7035511512018503 0.5533671490685826 0.7015682340536329
0 0.5759388349931575 0.7120972589991471 0.5695084882742876 0.7129880263603194 0.5675355735810526 0.7207230092450193 0.5644720892932499 0.7207787909137973 0.5643928960903762 0.7303191404788724 0.5695538470641479 0.7374524698077977 0.5830458897073796 0.7410044352995752 0.6006999664552268 0.7450137004509539 0.6214073076184852 0.7472784833214896 0.6283680877070595 0.746359187284584 0.6300468873674054 0.7437622657667581 0.630282879578107 0.7346766644959072 0.6322781475401583 0.7249787693729551 0.6302876633881891 0.7213258808399484 0.6244375665128521 0.7191066453549156 0.6131049404258424 0.716010703840051 0.5941294118089215 0.7142521890496338
0 0.5757122415608328 0.6631636187887558 0.5705336392578282 0.6711051790167177 0.563993776874338 0.6710588373130691 0.5638904294375098 0.6725770988872076 0.566332294475398 0.6773023396408918 0.5727881731631269 0.6800004288387999 0.5731899033333904 0.6843975078608054 0.5753921758040128 0.6846572372632442 0.5910528065111924 0.6876564202877468 0.6025267860296426 0.6889500900204473 0.616615029880092 0.6883316998899643 0.6255661946815442 0.6901193277658235 0.6296352655379345 0.6889251825678286 0.6300612520500437 0.6808013479016961 0.6281533911084588 0.6754701707438384 0.6278900028975377 0.6712049791008198 0.5866916434080821 0.6653795682504071
0 0.5731304142242526 0.6848983071313727 0.5726663991729778 0.6888045414417968 0.5717882954314215 0.70073445056424 0.5681186196716117 0.7018075948661918 0.5686712885660137 0.7042857728976051 0.5740421303937518 0.711580328901788 0.5942024886167967 0.7142976918982603 0.6133074354120307 0.716176139333501 0.621697766456873 0.7162025719191777 0.6336089313662917 0.7112228756470979 0.6336992055487684 0.6910154715136477 0.6301730025938577 0.6889360690507725 0.6254791769691316 0.6902036238575002 0.6164134658519919 0.6880837888944272 0.6023765462484726 0.6889183624955738 0.591191148470535 0.6877883076667336
