0 0.23987541473235902 0.21879984666162508 0.25425249245632475 0.22329549999934153 0.2638082599102054 0.24276686981806073 0.2622852890092031 0.25696713800266036 0.23228322706409094 0.2683165614250241 0.1396664175510653 0.26908903852490274 0.13796275449021878 0.25349943079345344 0.13623429796421294 0.23989875801069507 0.13776066691385913 0.23302228041777961 0.14297820937223304 0.23728477611666013 0.15406828114548765 0.23181356467098002 0.2065964088346794 0.22161199284001679
0 0.13861263147518094 0.2696665611527303 0.13587991334366256 0.2969574193609724 0.14245681076706584 0.307454195340706 0.15205992733744383 0.314677154114739 0.23433903814818036 0.32070033428103983 0.24923826573442226 0.3200160661288661 0.2559376362744365 0.3125476327102519 0.2605449681041576 0.28635345492611314 0.2558755483902948 0.2772018674638424 0.23284219178050075 0.2715989865362945 0.16705149413285925 0.2696426066760901 0.16107604187690927 0.2738660308836891
0 0.2467663020246168 0.2649943428252782 0.238674929975776 0.2692027563457789 0.23980356437658368 0.27483080512947833 0.26222285275165047 0.2816029931575987 0.30408024241610443 0.2871362808574557 0.32983232903819276 0.2944060917620505 0.3422320716934977 0.29225958304440564 0.34702396452397144 0.2834459611083285 0.35215530046582993 0.27865228734778597 0.3586349709071701 0.27533525815005727 0.3522129555943988 0.2514778744977966 0.3298373342286768 0.24648906180497596 0.3066612635582079 0.24271337489451142 0.2755032158709186 0.24542649302656608 0.26329974724900673 0.25777623756929025
0 0.26040055139181034 0.19952390905202985 0.25427112705986177 0.2083957536672332 0.2543462930285942 0.22349591799327628 0.26038656327258625 0.22848169723731881 0.2646278408044247 0.24311486675083968 0.2676639529147729 0.25008810405200194 0.2757224609522759 0.24563118243814186 0.306902569652896 0.24163170515750632 0.33120772974148927 0.24667934721920903 0.3531448609444966 0.2512587810888782 0.3564110211342092 0.25997157504355645 0.3625300974854674 0.24520876955395152 0.36702530417926793 0.24287076204256222 0.3658755187997629 0.22981688514252094 0.356535314320087 0.22458199111536337 0.296173093768294 0.20700022943746732
0 0.2613362859042211 0.2843453991722938 0.2558061802290854 0.31155360033681406 0.2549719568783675 0.3212304052907335 0.26180187342909933 0.32346819151047956 0.270713480709434 0.3385407612213485 0.28881450551466314 0.3330039899397503 0.31297695154258165 0.33987882601853636 0.3599539641162535 0.3477957599808332 0.3671354918283272 0.3425200807206701 0.36867339251904563 0.313460251174471 0.3487427860769088 0.3066154364698817 0.3287689676427438 0.29363115279753127 0.3031483370660066 0.2873553742663741 0.28329380662723547 0.2868985366229051
0 0.151872983806974 0.31446422993696993 0.14167835723248168 0.3154837530810361 0.14135104502014778 0.3462047508832362 0.14249923141626092 0.3548870023949811 0.14727228963877004 0.3558307345320488 0.14834728196250413 0.3600540975806275 0.16284310069097185 0.364221024993637 0.2126958573654259 0.36627311511151533 0.2454303331658908 0.3658077709578547 0.25297346453771785 0.36231278524254446 0.2631094135684033 0.3588968514916693 0.26847352723561824 0.34283018396648696 0.2611536466580441 0.3245808301595763 0.24988402775981755 0.32137699025506355 0.23618310730558195 0.32322085235018533 0.19017541610418015 0.320953407428508 0.1701400625065957 0.31981041490163414
0 0.2700645466431213 0.3431447613455094 0.26436166138259726 0.3586024447234352 0.25490325553853 0.36323634676882355 0.25490264410901065 0.3690898475874435 0.2687947251527586 0.3706441943504859 0.2756736070075009 0.3797007198342593 0.2843655362049605 0.37903448481207414 0.29525283392416224 0.3754419070002586 0.31958999110524144 0.37591784926558797 0.35930679874901006 0.3813858731343416 0.36876459316355803 0.38260547190757305 0.3725364645642313 0.377931228640608 0.3715957895747605 0.3571491613875246 0.36881242275590925 0.3478183997463054 0.3609160032622012 0.3486419234580018 0.31315577655044713 0.34093314719323226 0.2961409456650195 0.33529255546033393 0.27972225755838115 0.33843179377636057
0 0.16134373991561612 0.36384468644310813 0.14641627991921108 0.3659065402500265 0.14765150703672725 0.3998767463322142 0.15444333507043895 0.40744830220991385 0.2184464924774011 0.4097725684047225 0.25622931664314796 0.4081278839651674 0.2617214569876042 0.4058715796251928 0.2678748986835821 0.39766927574768873 0.273223771810021 0.38338305840210046 0.2697358798521432 0.3706918440449651 0.25507718064153445 0.36931270473941996 0.23513321198230125 0.36628088331768693 0.2259454518902106 0.3679584061594258 0.21574625233274897 0.367461001989243
0 0.15374602458949183 0.40783266952536273 0.1516892253144141 0.4385027596896476 0.15771948979680134 0.451574563571198 0.16849071932285387 0.4559851212446511 0.20639820818343735 0.45673266049325195 0.24705724924504258 0.45260718818150064 0.2745684828728765 0.44493176325103967 0.27732003507389813 0.4400587516906875 0.2759665654895289 0.41441653911278475 0.27131736842184184 0.4100760020015622 0.26085587094784934 0.4080075480025101 0.24044891740403174 0.40948475823978553 0.22197939732898264 0.41020460743967074 0.2178202519785254 0.41299362536900497 0.21469479757979648 0.4116153707667006
0 0.15842964978130403 0.45352066026894566 0.15703371135584276 0.46350853907067036 0.15585627305426109 0.4837084685319835 0.15996290298304527 0.48908216054713655 0.16528300748092983 0.5002078677309392 0.1857933837247 0.4978007466070868 0.22141552660574532 0.49153894392524383 0.24620119771949522 0.48722109374995753 0.2592333916815418 0.48476092115663433 0.25794248409942644 0.4784233800693844 0.2631740369081194 0.4717598525677116 0.2655898673701434 0.4660601741381358 0.2811147887594312 0.46361768536796943 0.281025164974644 0.45609212335075905 0.27380634351449856 0.4460165401636467 0.2477546824099754 0.4527450851147708 0.2247255890520264 0.4566499592206437 0.20585564104453458 0.4577658153971824 0.16805157488390365 0.4560883652620045
0 0.1658642911263402 0.49946747578630896 0.16203872332368946 0.523610505921397 0.16799209084085948 0.5309649475502146 0.17231829298911872 0.536287017556691 0.20987840538673036 0.5241360175033254 0.22621744550827122 0.5175778782101971 0.26032857253992836 0.5101619927839135 0.27254664776972176 0.5118174707135522 0.27812557704138663 0.5180524825138458 0.2793793762603878 0.508701751639398 0.28214365528097934 0.5056369398435234 0.28351306797170517 0.5022963341811086 0.26198333573917 0.4952834185986797 0.2600856908725046 0.4860698699271051 0.2460977750195426 0.48815100463653466 0.2213121039057927 0.492468854811821 0.19455028281676678 0.4972513030651973 0.19057199317927725 0.4996959360265549
0 0.17251187552165625 0.5377508323531918 0.15889839791419935 0.5409513968911454 0.16121924411345845 0.5790445197856842 0.17080245270955047 0.5813194618194428 0.20336331133751417 0.5775885670235509 0.23389657666412444 0.5722213075819713 0.2566546544765209 0.5662670927609973 0.2643783986646573 0.5647530854166142 0.2828108103765923 0.5483449642550312 0.2864671771902497 0.5366181915206625 0.28099167061853747 0.5294532688337917 0.2779060048219115 0.5181041045225224 0.27276621998919687 0.5117658487048756 0.25988942810097815 0.5102652368012669 0.22625616201477872 0.5178706411694973 0.20973626618027025 0.5247731654306024
0 0.37323728203740136 0.35884679009076015 0.37275181178162675 0.37760691356224313 0.36827852007441375 0.38543895557714286 0.3918729442160906 0.3940175927349052 0.456638249784796 0.40308738592038273 0.47813005916325174 0.4053799940410492 0.48243459015819046 0.39306738856808066 0.4781330692778086 0.37656275924168975 0.4680289828730675 0.36424747811133734
0 0.2820898609995114 0.41304752620934765 0.2778806179869936 0.4388984478676354 0.27617676430869514 0.4473090505276214 0.28147105525529226 0.45682619813125985 0.28401116518308467 0.46295516744589166 0.3031618201275955 0.45845279789261806 0.3246391964348618 0.45628604823090924 0.3469137525257271 0.4579675730169359 0.3593870979435545 0.45964727773369574 0.36833407183046896 0.4510098405593868 0.3863505771208395 0.4412010120095589 0.3922134785779507 0.4386695731019177 0.39296238613350576 0.432343874736576 0.3875617421673777 0.41766298219705794 0.37966013446403335 0.415677153397568 0.35729372353570976 0.4274695356603022 0.34754180887967845 0.4278404777310745 0.32169900496342374 0.4231543397940872
0 0.27304246013611844 0.3832826615115288 0.2675729030260978 0.39859740821252115 0.2613723491724702 0.4062048030200356 0.27136230040204196 0.4098135914423499 0.2765995343461147 0.4145397562501481 0.2816068339651522 0.4164373409963151 0.2820511806441871 0.41325805980797536 0.3033880886229635 0.41765831460629627 0.32185533652593645 0.4221567064213138 0.34760765065668314 0.427248470509678 0.3573595653127145 0.4268775284389057 0.37947105264451203 0.4153372552688666 0.38657513930126974 0.41674187984496713 0.3848592460064926 0.39177807447766844 0.3683655450987232 0.38585481714248654 0.3591650126672329 0.3816760825121066 0.3193193217539946 0.37682289441453015 0.29532614226445164 0.3763141260559726
0 0.2671250900038564 0.46566712591142373 0.26310223902267627 0.47247359172480546 0.25872846674498584 0.47795599616010137 0.2601420355249484 0.4846564819150709 0.2633205106738225 0.49539615254360975 0.2844837828373058 0.5012042679463315 0.3293788261124887 0.505652672991377 0.3567314437694966 0.5050826832670455 0.370473036689586 0.5039618443332353 0.37973172150641166 0.4968621294253188 0.384536732709299 0.49198162153066066 0.3848390686210802 0.47831375717664376 0.37932358010856704 0.46718581529404646 0.3651112138875956 0.4620877967167143 0.3595145751615184 0.459652744190537 0.3474884706407341 0.45779156678478566 0.32430862304348074 0.4566772452971846 0.3029439323696229 0.45865258537731207 0.2822007666600991 0.4639982130510593
0 0.28413277230268197 0.5022993686164747 0.28002632124037274 0.5102604149291999 0.27860874400119773 0.5180556738264771 0.2813561915331402 0.5302350244981492 0.28666837937154754 0.5366812848135188 0.3085235188768082 0.5359736360522278 0.34197822928057864 0.535591852979093 0.393979696764428 0.5365878713162399 0.3940684660631636 0.5199551210836676 0.3965213418380359 0.5058177248694494 0.3888774525890677 0.5018515179962745 0.37094857865889275 0.5047105717422582 0.35609501428805224 0.5058295581909972 0.3292165986130643 0.5063854392778987
0 0.3675499481035923 0.24345206177074466 0.3779437347696727 0.23812581684744327 0.44039421444776256 0.23189928295102605 0.46028396838438557 0.2362554157226855 0.46566064686798536 0.24421578674349198 0.4671064358581887 0.25732818966753745 0.45967279905341984 0.2621506714227654 0.45074202966351584 0.27309040945998464 0.43042379228188093 0.2774829289639213 0.3982663205069499 0.27082222024276775 0.37245592558471624 0.2707406840316013 0.3620293886616273 0.2747293974534279 0.3571541138595867 0.26838072804012203 0.35537067247286713 0.2603442810159497 0.36320004246563925 0.24543561548365092
0 0.29820835520827077 0.5362767569294801 0.2889993360472123 0.5416248236692498 0.28256631192036474 0.5485238634244932 0.27272835539842366 0.5574476433220977 0.2737435866987585 0.5665131194968979 0.2867339441239254 0.5661523615563072 0.294485040983812 0.5775517588899258 0.31792034217930343 0.5742456744667992 0.37752877050358546 0.5778605097793299 0.38701009729738656 0.573182961722375 0.39300216960069645 0.5754469043312457 0.39706874712825885 0.5575964459072041 0.38705573669968424 0.537424670692494 0.34034302084040935 0.5368991770427608
0 0.16694510382973493 0.5830084857440879 0.1691919514553868 0.59254975307054 0.16558512288392568 0.6012782118395066 0.16892692972176487 0.6190992421970267 0.18138387919688015 0.6177028967807766 0.20846156431126478 0.6126502754741148 0.28357864278750505 0.5971790752349679 0.2887031236232993 0.585029179803695 0.29107383614958926 0.5744023118908007 0.2868974271523482 0.5664092011840046 0.27405664444721245 0.5661445681737857 0.2635011804664509 0.5657804553541986 0.20333251910502942 0.5788317548970406
0 0.16699652267633913 0.6232775727437145 0.16727481898581636 0.6409537237277019 0.1687550693323392 0.6581360828673176 0.19533237888607102 0.6590688025849439 0.2866062724807776 0.6437351381546016 0.29254405488063173 0.6383261735876498 0.29639521990613615 0.6243257794094252 0.28862465269172544 0.613480103725092 0.28778488795473045 0.6071300470775243 0.2771398666259207 0.6032964414257997 0.23678071942376178 0.6083495887239725 0.20956104894951627 0.614537795862142 0.18168195826390665 0.6181353138459117
0 0.40382103777605416 0.5832113894519758 0.3941714446572023 0.5764063181283402 0.38588035356536826 0.5725224723011096 0.37595175351321575 0.5819860607977609 0.3180507420216424 0.5742106963022723 0.29439589184343057 0.5791238914681821 0.2889322566527983 0.5855933871877541 0.28335501507012406 0.5975148766384429 0.28840740595526426 0.6078099127899702 0.28884894396757266 0.6139396621869834 0.30414851610751975 0.6254344598920903 0.32671370392091476 0.6248865122317432 0.3514266676379597 0.6238336167842908 0.3674433302847583 0.6240050399283523 0.4024671763328157 0.6190516602526186 0.40713568812283896 0.6087677875281363
0 0.17191908188561267 0.6590497488258097 0.1717776721604118 0.667295231070129 0.17231943700099628 0.694678852814309 0.18591697472295243 0.6996942722300021 0.2459848248847319 0.6904995038877838 0.29707518029224267 0.6809516973380195 0.3007126467653697 0.6735267302082644 0.29628813590711045 0.6470559523069569 0.2869946567456934 0.6443135319346883 0.24108706657393497 0.6534640803345783 0.20860243944218537 0.6569951837411192 0.19597016657823157 0.6616075117414616
0 0.298855009386519 0.6292067770395917 0.2943561478747366 0.6417616022845131 0.2968854814482912 0.6469155147926688 0.30470217923512966 0.6594492022773386 0.38509636027542754 0.654919731776006 0.39818602727173025 0.6444513036960673 0.4048282622455033 0.6318031775119249 0.416827837136976 0.6293926575869504 0.4140705356554314 0.6201862227137788 0.40414435852153346 0.619645610416878 0.3710270334173028 0.6253785218987868 0.3512273432173649 0.6246955276657726 0.3264555440531067 0.6260027130257811
0 0.17830947489117688 0.7027146509981087 0.17351266976698865 0.7083591225953603 0.1792898639111834 0.7357437165504531 0.22776214008779666 0.7296857100976393 0.2983708245612128 0.7233507174599006 0.3067697437272279 0.7123426492939737 0.3074911873570516 0.7014971286134992 0.3037144986332775 0.6962258607731324 0.29881382368974224 0.687112726839182 0.29354377111301627 0.6821925527845353 0.24570346375069935 0.6930293235667948
0 0.30292745424814527 0.6623301157420699 0.300853327332386 0.6722618203687589 0.2982345189433039 0.6827321928705232 0.3047331567173225 0.6992712661451416 0.31789134110167194 0.7056218141574847 0.3243748547136863 0.6987595692957944 0.4140444741206588 0.7014934906496775 0.4224260816501161 0.6880258215618836 0.4181588338372464 0.6697303071477515 0.4038759340749513 0.6665184654466388 0.39461853650301904 0.6547341021084766
0 0.2163245583062045 0.7340171630694056 0.19966958801574425 0.7338266723473122 0.19415206841991683 0.7433360922202245 0.19335991992749268 0.7583043540228586 0.2009652322847144 0.7762256924691933 0.2472941349993371 0.7702609869556007 0.32187431114777076 0.7543694378698828 0.3257931387549303 0.7444146510611166 0.32458186519419563 0.7352553527630121 0.32171850641875044 0.73223302957308 0.3208939221277643 0.7213403723175388 0.31140782748965745 0.7124840590191744 0.2981774799263385 0.7242173969386189
0 0.30360260807390027 0.7582545516948822 0.31702338363935534 0.7735768239159748 0.3078849800487742 0.7999513842453229 0.1858699557606991 0.8134448012681029 0.18525748605751424 0.7901839206460828 0.18648898788754503 0.773880530246799 0.22427902002732092 0.7732082303338249
0 0.3070769782361613 0.7984989003164623 0.31617638360451944 0.8090885725722631 0.3213930429552028 0.8205910886709363 0.31478470209636084 0.8451389891036266 0.29259490057351534 0.8519983173325784 0.23338844545039134 0.8560632275596308 0.18985365496498252 0.8552118525756875 0.18853924074308548 0.8243143763415673 0.19375808756832252 0.814875175225799 0.19827353155847827 0.8117605233075587 0.2927579968843815 0.8043290015812433
0 0.29812900264771613 0.851929070786347 0.30816050791733013 0.8532661438048222 0.31478178546362257 0.8730612787228819 0.29107985013489834 0.8917732446253144 0.25502919055080664 0.891626001634637 0.2148505054044924 0.8858794791999497 0.19821284675059003 0.8881485893997233 0.19521172404086679 0.8584688864300416 0.23409111912728814 0.856719250766917
0 0.20155091129494207 0.887774413431926 0.20047594335211621 0.9192336397231987 0.23035980288952623 0.9216519373354752 0.2910069577977442 0.9168377029619155 0.32298225588747137 0.91178389686937 0.32790242994211805 0.902414914510746 0.3246552985296626 0.8732036606589954 0.3155198115718196 0.8716559313690881 0.290781177364308 0.8918434633824583 0.255275199253539 0.8911575525167059 0.2152018422429408 0.8862074908035927
0 0.22661773743886776 0.9212998713388423 0.20989133312762265 0.9322126941437224 0.21498243607329387 0.9683814382182097 0.24214361740227497 0.9665125028010486 0.31999115323246025 0.9543695188696931 0.3341341015859236 0.9518656980054975 0.33896771745778126 0.9301987110375386 0.3345417482831529 0.9176890779458587 0.3279897172830918 0.907732346715267 0.3231929121589035 0.9133768183125185 0.2907609490950119 0.9173061520798466
0 0.327098442373056 0.6993224942312045 0.3184786432931523 0.7066501853320645 0.3153288721968939 0.7164338491651723 0.32161249860722024 0.7215050358265721 0.3219981928847211 0.733263995481274 0.32569363778536997 0.736449009946014 0.3892821950715064 0.7380262980386796 0.4204762736149944 0.7369291390533451 0.4368743180161643 0.7318265852558881 0.43941157258933194 0.7103372882770417 0.4351436060473148 0.6957490703273498 0.4225363583449397 0.6853042673437634 0.4155700502078869 0.7015981952502909
0 0.3318241110541428 0.7359497136913274 0.32556226055365356 0.743275248351118 0.3230710585947988 0.7576335413811833 0.32880053119438923 0.7697148169904516 0.39472683233528083 0.7624789324067649 0.4279767237899952 0.7639583034021679 0.43596146531417357 0.7638026451913748 0.4418107387194555 0.7572627387397816 0.4338858975981229 0.7481078059201435 0.437481736367375 0.7362443308327515 0.3893373541880381 0.7392996393075135
0 0.33021490654095176 0.768693663367667 0.3163070861095931 0.7767838403855074 0.31724653824002524 0.8092729092758306 0.32260759475964346 0.8224737458437477 0.34354129662002164 0.8265043704173932 0.40310352013090106 0.8180101763176166 0.4379898148673923 0.8084310558052539 0.43703523477886896 0.7797330098771935 0.4364466250522405 0.7733294062649638 0.42868391146327645 0.7634477265907756 0.3950656039285898 0.7630879165540216
0 0.33647003131672826 0.8257566377126956 0.31936565554179164 0.8311551821161335 0.3156222057687429 0.8458078819144329 0.30881529512734085 0.8529172465310655 0.3163559807810906 0.8728362640902348 0.32630015779274424 0.8718756222998154 0.42668627147586713 0.8479302667369861 0.42714423244534827 0.8357715696420008 0.43122584238218675 0.827581354809578 0.4275144828138786 0.8170915062274924 0.42356657878178416 0.8145765176740306 0.4036044192565787 0.817892413610323 0.34417467879140456 0.8273884059614548
0 0.35094705350998856 0.868835592999687 0.33195704774947504 0.8736445086272976 0.32615132392990887 0.8863718486479627 0.3282710526611946 0.9024006206696459 0.3353701281625932 0.9189803107242978 0.35166447770520637 0.9113619997749912 0.4300279921051643 0.8712466779149604 0.42655256557112303 0.8586354701228706 0.4199828108230266 0.8519164738922593
0 0.34282283607872427 0.9157544906898923 0.33912820886831596 0.9232257283678834 0.3490197708314283 0.9466852554361265 0.36325713043697394 0.9392233774530762 0.3834210519973714 0.93612864109831 0.4557915062285585 0.9155481373277823 0.4591728962225645 0.9037807979042393 0.4466619009476023 0.900961673938637 0.4318972951619346 0.8997696163263512 0.42116038570032066 0.8792519241139939 0.3526031246777316 0.9115541566525199
0 0.3618322912077188 0.2757955005859149 0.3522389141742446 0.27929825911447687 0.34575420586032785 0.2833174916696635 0.34183083121911073 0.29078837123440593 0.34269701782476936 0.3008752030582859 0.3491406237619852 0.30715610836283175 0.3715680707434244 0.31404482630889313 0.41239496745461984 0.31504862221604263 0.45491645748536697 0.3147185170691275 0.4571189447175436 0.30484572961108586 0.4517179744425555 0.27992157668569057 0.4309845670331789 0.27700024144582397 0.3985637942010417 0.27058998542045987 0.372546632424398 0.2701582050388551
0 0.4665101323524491 0.3210359578196296 0.4703633417900305 0.3466358259685535 0.4676940630219298 0.3547473619708395 0.4574865082228971 0.3624483386344414 0.401503069686393 0.36001856472835075 0.37355134529986334 0.359106107436092 0.3693096728473349 0.348253698433764 0.36718883662107066 0.3428274939326 0.36877936107764575 0.3159477895685601 0.3739562778444901 0.31441885020162097 0.41216814520902995 0.3151019487250058 0.46009282050472206 0.3184908614624478
0 0.38435494709230705 0.39305056200610383 0.38728772050278465 0.41699583171719845 0.4006411701656512 0.43662017754230537 0.4508214746199867 0.43230663695617416 0.46644536172870865 0.4301925826506114 0.4932109404558008 0.41859877083269853 0.48659476169444027 0.40393895865106516 0.477895526598581 0.4053605066700925 0.4569215961513809 0.4059258772257666
0 0.4734053836721439 0.4376501119224892 0.4505936213375469 0.4328013348563313 0.4008982027421577 0.43803524892529927 0.39425212653804526 0.4395977589928053 0.36796621873937074 0.45115232040728087 0.3629519050126373 0.4620056139354453 0.38047457097633125 0.466485469005199 0.39806617120770926 0.47148658495370666 0.47604659136461164 0.46981467495412693 0.48066995943227964 0.45905329378287457
0 0.38802653239107227 0.4718644432630133 0.3848721899416885 0.49621621728115656 0.39524276180052786 0.5032221403601772 0.45132851455789974 0.5042023396342616 0.4910763202866952 0.503042387858656 0.4968960235909702 0.493489297919319 0.497839615972719 0.48634180412355876 0.4948789113869035 0.46216848422473955 0.48920855701191507 0.46035357554301126 0.47984737978702136 0.4609804010457445 0.47658685930008293 0.47024662274310347
0 0.3983517310613244 0.5035775397808809 0.39501143440959 0.5198062322327207 0.39416361431111535 0.5349070638858886 0.39956411985902224 0.549622643635126 0.407309086137042 0.5375061950174843 0.49168907721884497 0.5455746946644318 0.508127710953283 0.539271500056658 0.5094386993612359 0.5292095696065563 0.507051915136577 0.5173076303754541 0.5024625555363414 0.5056525859427756 0.4914963322768138 0.5041667266534687 0.47420038010121673 0.5055236857950632 0.4509345806147663 0.5047619974451736
0 0.4074711151145222 0.5387507387731406 0.39926897882733114 0.5498261711933546 0.3961365525415688 0.5638674689114582 0.399052719471536 0.5764867263905443 0.4069684788309618 0.5821096919745493 0.4167711487170334 0.5760630676387813 0.4993672899077687 0.5828384320137133 0.5082093443025177 0.5766018741660827 0.5138313254465419 0.5719539175453427 0.512534698168419 0.5527172507549202 0.5087112422560924 0.5403112993116868 0.4916860576271162 0.5459770721837486
0 0.4172335579047094 0.5772016842699764 0.4084806271348942 0.5817541819147949 0.4055081803760213 0.5970051982760444 0.4072496874488276 0.6148899423994193 0.4239351686410755 0.6255193279838612 0.45414159927376657 0.6275648048863128 0.48449048004035455 0.6283294611336676 0.5184509873433878 0.6257503539393691 0.5209617632445702 0.6022923425999117 0.5204467658779167 0.5936821080739888 0.5079061763117456 0.5837413545250464 0.49755271194304984 0.5832650440854186
0 0.5092120031909035 0.6271317666865884 0.5113503436522754 0.6606386140791937 0.4635258723420195 0.6695894931220389 0.42814360184129274 0.679436478668694 0.4188253915176707 0.6674884016634691 0.40414343520521545 0.664826087129491 0.39459628036633376 0.6533139656617626 0.39857024843421174 0.6443549436500585 0.40498069486147975 0.6321481886001519 0.41694889581109207 0.6316272134135182 0.42308070807343084 0.625982177306243 0.4525104211774087 0.627470035734501 0.4841637789549148 0.6284351094274901
0 0.5136579353764836 0.6390789389174958 0.5261323578448083 0.6445530309521796 0.5312812344055649 0.657481329336034 0.5380327225731384 0.6673579389574117 0.5380481548217979 0.6761433025735712 0.5126239528637552 0.6767707785152055 0.4446543999528716 0.7045966323055893 0.4362512891095495 0.6974011040011002 0.4328198357036089 0.6779549536606595 0.4625120721431183 0.6705921003808494 0.5112194212748788 0.6618157845078664
0 0.541792499793678 0.6741166069500865 0.5491327993691675 0.681944135067798 0.5532504077401486 0.7065787896464716 0.5106560457183761 0.7334065600496329 0.4458098047126613 0.7566768141893242 0.4374570620997472 0.7368591516289779 0.4366728849968438 0.7309294324995691 0.4438037437901625 0.709000054666601 0.48585762689221235 0.6910883440634162 0.5141278637519711 0.6794742457122754 0.5370833656918281 0.6775165172779699
0 0.5218890806340164 0.7273264731791785 0.5379111252177571 0.735787810658748 0.5464297261898163 0.7330208049184049 0.5521842035686246 0.7396926437133073 0.5501377780184714 0.7653943488683822 0.48584812676187705 0.7820375359735335 0.4438278224800991 0.7915344904061468 0.4370112124141964 0.778998280573744 0.4353777363100604 0.7644792421039016 0.44252334877130034 0.7578315987378157 0.4454009267510736 0.7579193327099056 0.5099692121725974 0.7347144266621229
0 0.44370573527543355 0.7914532700549533 0.43745881516170204 0.792077999130466 0.4385041502421008 0.809554943253297 0.4263231741033207 0.8115747845718122 0.4292471923685962 0.8193267235654303 0.5258162103272429 0.8044998502592149 0.5337124712770337 0.8003929162136768 0.5352540701968899 0.7913097860460546 0.5376255203647388 0.7885017496060702 0.5340767730239504 0.7696441748547073 0.4861827197168226 0.7839986338564054
0 0.5267671624569237 0.8037136533414516 0.5375869421210634 0.8121410930009144 0.5420871411424588 0.8254300361231309 0.5409177078748134 0.8437089909139993 0.4957919901150093 0.8582565452584964 0.4298921452130351 0.8672795788851596 0.42685988548063014 0.8587091494053278 0.42032482100547974 0.852368802472888 0.4280525398227602 0.848582805908145 0.4280658987882452 0.8359205900651473 0.4321109099684909 0.8282180905260574 0.4343864785328423 0.8214942171796277 0.4797163193632734 0.8116809902277895
0 0.4368312287183977 0.8680857899796771 0.43150270870851265 0.8713884151800629 0.42402494987708234 0.8787836152324527 0.43301263316078287 0.900244162004442 0.44838321492107724 0.9002177807687793 0.4616045578598263 0.90428397438512 0.497784091439637 0.8988528846029654 0.5310697719524576 0.8889774571350267 0.5373644263757285 0.8726359657216979 0.541860998121479 0.8572296773129245 0.5344066653553297 0.8502702373193495 0.490442338826725 0.8636811807041797
0 0.4416750772202593 0.20803921585451854 0.485153522563043 0.2100946120147454 0.5000241100427688 0.2047096832436359 0.5461690342829933 0.2108602191286212 0.5501280973331595 0.21937350486100063 0.5520528627756407 0.23214268809787 0.5436341598899461 0.23632556415889086 0.5180959797566322 0.2413852505620384 0.4937967357359916 0.24867207898943874 0.4673022499875095 0.2536417929712245 0.4659294732853435 0.24326125490003925 0.46090624951862996 0.23562776095658564 0.4412685242603069 0.23174497730693647 0.438656252424193 0.22448906938852234
0 0.5445169812109716 0.1662318783924015 0.5414317951414337 0.17325326172591518 0.5385484879986847 0.18180119477577975 0.5224367283211866 0.20636607023073203 0.5466269991978986 0.21075255036766702 0.5509228998068965 0.21824223750928182 0.5598266711381598 0.21237130859047892 0.5629926087784134 0.20596054514350545 0.6238864341210155 0.21116199460459475 0.6336253837113736 0.20446510827734318 0.6324838255517595 0.17262364711758518 0.6263284027312024 0.17249679129363896 0.5904876890763454 0.1639237082871842 0.5742299345972097 0.16774594930105824 0.5689367935664109 0.16521275197183552
0 0.5642857519524135 0.2050269189741026 0.5512182435378208 0.2276168733292948 0.5528609375040721 0.2328971147862492 0.5579239780348685 0.2461876908499969 0.5679859339080893 0.2419332840689065 0.6168382718523875 0.24713249744489643 0.6551175999897825 0.2491510102025389 0.6519942742199859 0.2344599948846869 0.6461237179820329 0.21506321995553612 0.6232802383193732 0.21193411763256634
0 0.5511098294151667 0.2339384097166063 0.5575871404760367 0.2472112894407615 0.5607641142858854 0.2640933087419817 0.5467945073174514 0.28343252248215645 0.5049725872168881 0.2831912896419581 0.4812933702738587 0.286239916904461 0.46644765023969725 0.3114515502868382 0.4586495334528888 0.30604445300593763 0.45203894082380064 0.2792664050578261 0.45690289753418223 0.26427157052010347 0.46718056361016125 0.25807763531843797 0.4939449666227286 0.24800762472242133 0.5181363555419901 0.24169056050530857 0.5437149114606618 0.23693618404543118
0 0.48175133518876395 0.2861322481435068 0.4663801709236759 0.31272662444039595 0.4671738553548632 0.3222989014427249 0.4754559225446907 0.33672149021989123 0.492723071657772 0.340531997787771 0.5622120523460188 0.32860218846994643 0.578698789282607 0.32472611307559535 0.5785793389903582 0.3077548667147131 0.5768028044346138 0.2943212292108263 0.568991415393111 0.2870284378898277 0.5466462764307144 0.28409697674917395 0.5232502490064647 0.2839310014375439 0.5046357496580564 0.28421488823272273
0 0.5596208790624468 0.24830716411329554 0.5607237385005276 0.26378799879871156 0.5510782537143046 0.2783329712296254 0.5541484904653237 0.28548121038708535 0.5699073452229215 0.2868131003679193 0.5788769188063816 0.2957224138266304 0.5840096747382988 0.28633082702872475 0.6446761946872728 0.2755307943392195 0.654010268381503 0.27648435293331414 0.6511037708570144 0.24915026484083913 0.6166092893949349 0.24718633182537353 0.5681070612641628 0.24284921389871697
0 0.584106208564334 0.28703000613345664 0.5786758299096306 0.29552544711824 0.5772439604602868 0.30839990301343695 0.5806723857889147 0.3235510961177002 0.5888649964649691 0.3273240006234233 0.6183532020289235 0.32836985809527236 0.6600505697552632 0.32046636645966914 0.6682772409507128 0.30941384007640443 0.6762268793270088 0.30488532160736503 0.6780492586261735 0.2884996504680235 0.6742630346054219 0.27495231249104374 0.656235007981059 0.27653121166923383 0.6446933884876487 0.2754453376183161
0 0.569764248445084 0.3272554297974003 0.5747046344151767 0.34091135517947196 0.5617311454724225 0.35269993702375113 0.49759868978556815 0.37841579669486447 0.48343832773577566 0.392003151250913 0.47870955226944223 0.3756379381883385 0.46833946232549495 0.36401841840498683 0.4694782807172607 0.35539213278941423 0.47212905975049124 0.34527057945165 0.479395811900237 0.3420424111203162 0.49290464951947877 0.34076611735723866
0 0.5736861992981391 0.3262450120668759 0.5756909039897428 0.3414040057618009 0.5690135944630592 0.3475860800318344 0.5729708089254982 0.3528053566821379 0.5831335237232517 0.35554076577835864 0.5932849805056812 0.36109740126510026 0.5970990258901289 0.3724999655649485 0.635252675236789 0.3601988932220532 0.6656107286366483 0.3543428072398933 0.6727044673127156 0.34985647094159217 0.6682016427421253 0.3201669557838119 0.6597708275818999 0.3203554211287781 0.6182956380035419 0.329337644204678 0.5894403461964797 0.3276658607095859
0 0.49620049438849506 0.37823223554535695 0.485072601681397 0.3918142979981822 0.48504451385971564 0.40404000877867463 0.49587456796601703 0.41841259835439165 0.5194145860541537 0.4169513136871322 0.5549803200546334 0.4051433008284393 0.5692844519204492 0.39958718855251824 0.5835627214521233 0.3849511537457148 0.5990872647143527 0.3744084628892132 0.5937801379728482 0.36093059160213464 0.5836194534673709 0.3551733238568863 0.5733376592972343 0.3538308755093385 0.5615679284391084 0.3518983136790464
0 0.49398423059689445 0.42011026343234725 0.466247371364481 0.4307043080425424 0.4662066305616712 0.4357268533936718 0.4739815551739143 0.43765867339478404 0.4798644733013801 0.45726738345738305 0.4884706179819166 0.45837716054013405 0.5265834059712146 0.44628363900459106 0.5470407631154965 0.4392808872153755 0.5605946001467537 0.42982813548340076 0.5689739603385241 0.4203386751516975 0.5713883644253245 0.40661200378749757 0.5661340750958731 0.40064116090649643 0.5548327916839473 0.40580460602310114 0.520285990553372 0.41643313374548524
0 0.4893150474032233 0.4594318747232921 0.5266637748330643 0.4468913649580198 0.5469736036066601 0.4405499183634661 0.5605544157158288 0.42952427250668634 0.5788808852773237 0.41706959960729656 0.586694881576722 0.4299580992408106 0.591546213853155 0.4435431290103553 0.5801761018167378 0.4659548302585817 0.5672927471300749 0.4733700871653376 0.5315800411307942 0.48051299689084875 0.5053046998803432 0.4879436407807494 0.4985217330600929 0.48640522976813344 0.49489136855195837 0.4625072130901644
0 0.5054924126819541 0.487586198562802 0.49665781439699697 0.4918564090491278 0.4968174393769265 0.5037246776116727 0.5034126933955658 0.5056205308422362 0.5077548374229892 0.5171320990160134 0.5098185654969395 0.5238530512742785 0.5207851641084533 0.5143819452424394 0.5672228057618139 0.5012711599526468 0.5868219677598909 0.49666334520659744 0.6041691325105216 0.4910184287480744 0.6054434940627582 0.48288606191788386 0.6020927514554427 0.4770943110604466 0.5924957617266833 0.46493830833351196 0.5799482045842022 0.46600840949981476 0.5695315350245079 0.47253043177629195 0.5314726971910329 0.481478165062225
0 0.5267895198187679 0.5142385977417545 0.5124742349296726 0.5216200961461475 0.5090895774371633 0.5310655487836816 0.5078727018642812 0.5393835136867515 0.5144400713544411 0.5557567657004284 0.5248550759075946 0.5591776171861279 0.5349531116784997 0.560201642948959 0.5876132667417684 0.5431873278197711 0.5975403425186612 0.5359107542464222 0.602392626345906 0.5217954034204956 0.615253857647712 0.5156825115748014 0.6147523561240048 0.5083863781454464 0.5987344611748828 0.4923814601849818 0.5679632549719579 0.5014693614688449
0 0.5883666161718873 0.5436280498593642 0.5974073579055925 0.5436649752822599 0.6085089452961909 0.5540295288515812 0.609763247677738 0.5670181233727487 0.5565603242761439 0.5921919190138824 0.5250352200708212 0.606090837310372 0.5213346909406216 0.6026359861205983 0.521005246555485 0.5931369739229841 0.5078417163634351 0.582948270311677 0.5048549155655734 0.5796345379461375 0.5136584792848715 0.5726221050246622 0.5133686559975159 0.5634226960424064 0.524379074161943 0.5608341176540449 0.5351115960696238 0.5614000558103932
0 0.6003902422210616 0.5719247763099368 0.6226386829219035 0.5942025919387723 0.6152362919238136 0.6080306698196596 0.5268112454245879 0.6443138122564921 0.5125229381027625 0.6280470691021444 0.5173994463138332 0.6258676437778524 0.5204066753564568 0.6076005650782309 0.526167015301749 0.6062462939443539 0.5572233725232795 0.5930915052735274
0 0.620404885908918 0.6067590045520813 0.6361392575113252 0.6201568389704355 0.6404775231278376 0.6400332672771546 0.5567550014173361 0.6813728871030366 0.5456366029314441 0.674868437691113 0.5380461126089698 0.6648750302607422 0.5284083129685433 0.6458646024713616 0.5384713576590351 0.6400793487415464
0 0.6182213345133847 0.6570437077490231 0.6302816097640097 0.6728250676326047 0.6316133216977146 0.6850497982461814 0.5495155629784962 0.7343659784060158 0.5469635920992066 0.7323064160071331 0.5380386911196315 0.7359244195074389 0.5247748498426952 0.7261250300870891 0.5535661749842221 0.7068182939038525 0.5503820713170507 0.6870504530022252 0.6048586850825074 0.6594254340653201
0 0.6143155613343254 0.6986148955765324 0.6195169618851477 0.7034709754097778 0.6273350809498053 0.7130309327942467 0.6356091321796786 0.7152649547008485 0.638030258428179 0.724953957567176 0.54195103700523 0.7870555647194174 0.5365720864700436 0.7700833416776871 0.5513005083540211 0.7651009150859789 0.5532544069648242 0.7346267680931292
0 0.6225695462406808 0.7373272921649132 0.6283076448296887 0.7397775893072334 0.6347272802835489 0.7538456070839746 0.6356684823674328 0.7695815529416961 0.5404196847210962 0.8185701717373245 0.5300335765387248 0.8046748143193718 0.5357082768548849 0.7915627255372245 0.5436579152311808 0.787034207068185
0 0.6206309911874531 0.7765363121784276 0.62779758582156 0.7984073303558673 0.6286580220324741 0.8092231234266468 0.5422526848118938 0.8561326213210908 0.5366127196959779 0.8479602438281871 0.5425303923118966 0.8431495780208019 0.5439956475997866 0.8219087266226807 0.5796471968028141 0.800609199717654
0 0.620675672498481 0.8156590020125473 0.6302173627083625 0.8210144039943218 0.6376923519576227 0.8473721249128016 0.6056494767909829 0.8701028465863233 0.5611704854006234 0.8957573320271356 0.5400698080972095 0.8999582891319692 0.5291142907189552 0.8903760745218028 0.539178684771145 0.871672750019861 0.5432766768112944 0.8574116138075641
0 0.6385988701345164 0.21128785373711093 0.6771018387264723 0.21781100597991357 0.7257056543263288 0.21434483040325794 0.729923530307252 0.24035038648212992 0.7213034485085186 0.2517221715839582 0.6808003712804251 0.25362995999454374 0.6567657387750121 0.24855091318998082 0.6533463082086695 0.23447176414114126 0.6467731857936969 0.2142116999999828
0 0.7378600630499563 0.2512908459674929 0.7439734414247576 0.2778891178838458 0.7333842799447285 0.28418595371925126 0.6790343577764375 0.28934917194402787 0.6747264680845945 0.27444054852576627 0.6559483984140453 0.27574026192855866 0.6519822832502167 0.24967551621670137 0.6562622171408231 0.2486692924559514 0.6814370695888309 0.2545186239969512
0 0.7328807583105394 0.28430433298522184 0.7482381681533038 0.280693765373119 0.751360831047092 0.30038057038524907 0.6981803138840745 0.310460625685945 0.6716858287023528 0.3201507273099646 0.6661920975817339 0.3159044329053358 0.6697173636517779 0.3091916306237772 0.6777591172674626 0.3052242861985066 0.6788713814088209 0.29007972375593183
0 0.6716560290089533 0.3218883223902465 0.6702482264564825 0.33087224595658277 0.6735338657178872 0.34982849915680875 0.6691943324404814 0.35430991307812265 0.6840469913876148 0.36258601957151937 0.6874390807834418 0.3548661740215828 0.7000417141695061 0.35397996854205954 0.7167315053851607 0.3545556861939721 0.7313926175327198 0.3535316447400258 0.746646035763946 0.3530605861990275 0.750853006997856 0.3416879815895712 0.7601395867983947 0.32946726540986826 0.7608073140616424 0.31685003949246465 0.7552260277529874 0.30016408806938827 0.6991873571524525 0.31022386715400385
0 0.7735096366441978 0.3540133568801884 0.7133400306200546 0.3563913843241442 0.6892901909525814 0.3551232087696044 0.6846392974712817 0.36313900248446745 0.6794258975997148 0.36886421820610044 0.6782394415402179 0.3854106946394979 0.6869604417968844 0.4003201375653875 0.7631837553589971 0.3917450163511724 0.7785861720572215 0.38258598240876446
0 0.6687206104996921 0.35269069726381125 0.6742587338450501 0.35727267275789937 0.6797506210735059 0.37917140942182154 0.6299895344768311 0.4033306137713571 0.5957202636585797 0.4131179989376388 0.5801998774481988 0.41745911836164556 0.5761273121499477 0.41807047139995085 0.5713000790311344 0.4129752459174476 0.5719671916636608 0.4062421674198085 0.570324064717598 0.39970611452957777 0.5847200527781655 0.3848996916993464 0.600404029986884 0.3739438730436712 0.6355325748679573 0.3608394099073291
0 0.6862349590390007 0.3987601113840615 0.6862343444082795 0.404644258803826 0.6850339104481643 0.41323331164771754 0.6900837193213936 0.414122795157753 0.6934587576629974 0.42786626311713305 0.7007002219719384 0.4296249539211236 0.768630021101272 0.4250763667651644 0.7790270211510061 0.41536353040218027 0.7741280546369382 0.3881336292314416 0.762265496540097 0.39265313706203225 0.6933432466737247 0.3995117589196739
0 0.7774562422309188 0.4250780057804205 0.7814369499260866 0.4532160276620191 0.763738886180612 0.4646453633815766 0.7032585345832962 0.464673623199317 0.7007567482051326 0.4555705008593822 0.689279742230324 0.4551537149056011 0.6859776665454168 0.45177662779492733 0.6961818905341347 0.44453193832412913 0.6953092532014157 0.4340074452849192 0.6995745945606828 0.43092794535442797
0 0.6870625895162595 0.4148330707535765 0.6727864148600118 0.41680496584291543 0.6675432152950453 0.42426777664483045 0.6626119905646936 0.42231206023343176 0.6283871119711811 0.43243512648917265 0.5960279360781474 0.4448885036626766 0.587363462054675 0.4559246076750456 0.5863260044621765 0.46378310870703326 0.5926644171142779 0.4626390489718603 0.6031921353153448 0.4774698455563123 0.614876509882509 0.4774917607876487 0.6734777955094488 0.4612916190428751 0.6865699726290837 0.4523296107078754 0.6954418152449116 0.4408986359730617 0.6933401735201197 0.42893249601849637
0 0.6760331935731667 0.3824682111758016 0.686531112080834 0.3990366028405355 0.6769331720764014 0.41479169881378747 0.6631453118922822 0.42045608588717925 0.5980274300835641 0.442341710429053 0.5907713732432835 0.4385097434553213 0.5850271105670121 0.42255434384414886 0.5868344431421336 0.4165915500829466 0.630670625009976 0.40455495886322385
0 0.685666306341523 0.4553110075884765 0.6984611011578825 0.45784080263653176 0.7043835473638309 0.4692547791857771 0.6922090144323749 0.48319281422968147 0.6275794470957854 0.508770930755608 0.6154657428125707 0.5074654807994193 0.6030425222176254 0.4920419683774864 0.6079305839846803 0.48189370885989685 0.6153058395985593 0.4787752955125007 0.6734036035913102 0.4626935330336977
0 0.7051984292019136 0.46560202012625734 0.7053163987140701 0.47041993464465853 0.6947266226033199 0.4826009178998285 0.6974649626365177 0.49545572185680126 0.7123480359077717 0.49611008585015154 0.7529253050540039 0.4928003834487434 0.7861571182797567 0.4908714993144494 0.7837015680184951 0.4644516158046805 0.7758088128698086 0.4597309848285413 0.7678704362349413 0.4664429676024718
0 0.714332322751128 0.4973741638665512 0.6990636973578416 0.5016560936575727 0.702290966493889 0.5123192421788336 0.6933601391219829 0.5213412596544466 0.7018597928856756 0.5286881497132752 0.7083611819053935 0.5268135381661981 0.713187800393486 0.537792911068466 0.7475458556612153 0.5286768880811029 0.7742020879491116 0.5300245294847084 0.7939586304560811 0.5184573577907279 0.7922723405467212 0.4998173289715089 0.7877862673252012 0.48945012861517423 0.7538137641795042 0.4936298578181655
0 0.6037218684372884 0.521913268369004 0.5980150925811094 0.5348380602838018 0.5973251286196528 0.5440407517277213 0.6139564741320986 0.5576466067207299 0.6189732860268208 0.5539245062498515 0.6629139275544409 0.5385086758912935 0.6862686266827872 0.5276501399854377 0.6929299168808774 0.5187386638035485 0.7024195187970531 0.5119873937843303 0.6987096637811503 0.5015589916280603 0.6966795183762637 0.4958209547968339 0.6932719534772612 0.48447393852064685 0.6451483993615258 0.5051109072510227
0 0.6167366401732143 0.5578405272573015 0.6107886342464266 0.565736763508161 0.6040548746900019 0.5741002474841808 0.6198274955287166 0.59242823046304 0.6697270506094081 0.5804141983099073 0.7157718119575276 0.5568757795887654 0.7079902568198088 0.5284761417803178 0.7011363839138389 0.5295224754578085 0.6894116412013352 0.5257811490847969 0.6643161724156812 0.5378964894494641
0 0.6259318494842165 0.5921231406136445 0.6196085823964346 0.6051928712451115 0.6368201844613162 0.6183797914185164 0.6394424974164412 0.6253911829533036 0.6687198754186917 0.6176604491499383 0.6936579928041147 0.6075597073169271 0.7058309677217068 0.6018726590486411 0.7208342611004225 0.5791343270767862 0.6985090541011193 0.5705398085886204 0.6709357093912498 0.5815426142967992
0 0.6933557026872144 0.6084783214368441 0.7102059613319422 0.6093195356477816 0.716453748946833 0.6245190476098047 0.7171287917959301 0.6424413014420799 0.6818309385085574 0.6575202792904351 0.6491931379127553 0.6654760273768329 0.6311213061168642 0.6714198525889584 0.6160376458680872 0.6534949230992994 0.6298059500405586 0.6502579584270225 0.6419188682833783 0.6409123350094719 0.6403126314022154 0.627164216957178 0.6695900094044658 0.6194334831538125
0 0.711592281709304 0.6454380394152667 0.7180217444057906 0.6572046594254036 0.717584419826986 0.6779310685229861 0.6714552781227292 0.6992292055150937 0.636229894193691 0.7148561755693185 0.6275995186370058 0.7120824451361262 0.6209159115005888 0.7032007248720059 0.6174716102366594 0.6963825849594442 0.6325945152791606 0.6857642757526783 0.6326804006925761 0.6735959400820329 0.663251319518565 0.6644310315280342
0 0.7073214769647354 0.6820390033239696 0.7208708680049245 0.6915666794337639 0.7295374782407771 0.6946144059698911 0.7254131172701559 0.7179027368906533 0.6451461336976387 0.7582448545584684 0.6359722379534443 0.7513611825812547 0.629373512858924 0.7399168715796088 0.6361077741011082 0.7267505151370292 0.6407255028392309 0.7248173300004285 0.6395659931058779 0.7160494547065163 0.6724946745065371 0.7006799305104767
0 0.6425595537359216 0.7563103315931756 0.6361524079777618 0.7623369080290483 0.6368890125589098 0.7695091196109082 0.6232045870568164 0.7797892384787793 0.6286661193563106 0.8002588706325225 0.6351442294155265 0.8091889038021992 0.6818660403557812 0.7843612490470928 0.7282736501813329 0.7587599188887385 0.724359301459748 0.738774084704905 0.7186187993531992 0.7274105181839685 0.7131190256314998 0.7258783797935301 0.6724415119719725 0.7467423695499763 0.6495459526749983 0.7594705652708189
0 0.722942637171908 0.7617083439563691 0.7295880028861197 0.7895275579837943 0.6838817663340677 0.8124213586879537 0.6357701232161349 0.8347506169414945 0.6308396984205877 0.8215015092751677 0.624397823040539 0.8128454722084258 0.6307563214359696 0.8096554826130135 0.630285270606795 0.8060935332748618 0.6357001622865976 0.8101882624028254 0.6824582079060197 0.7856346037506539
0 0.7144531868458159 0.7984535776673951 0.7315203518797881 0.805741640962501 0.736739149051395 0.8355913348519856 0.7323750630674434 0.8394424927091296 0.6439611674509778 0.8774622463385091 0.6235708178741401 0.8610674484962505 0.6401083804614436 0.8467263699042604 0.6368095195999428 0.8362013419368776 0.6845101685634736 0.8139687094944495
0 0.7750953485469603 0.5321524251897257 0.7997538037272242 0.5248806181464286 0.806522452454951 0.5537630992034982 0.7926098556999914 0.5656354655776681 0.7370575203549381 0.5804162619548675 0.7223366342853595 0.579207807302329 0.701265476772968 0.5703993270657625 0.717743747337448 0.5584152770394395 0.7137605405067529 0.539445461515931 0.7478405722486641 0.5309416430136636
0 0.7237243928193438 0.5813391067873334 0.7158900568104042 0.5876045971994901 0.7051420163317965 0.6038938549164804 0.7120078439129872 0.6084235936732156 0.7185152795943057 0.6213933129286516 0.7632893635629003 0.6101295379873575 0.8109447590500083 0.5969595765080081 0.8077815120056382 0.5800087949364701 0.8061321040145852 0.5661426970594042 0.7941029722738602 0.5657759429641808 0.7719890320130076 0.5741698234569376 0.7491708512454387 0.5800259510532122 0.7369521623150534 0.582407084053359
0 0.7196297181995149 0.6228516010963325 0.718155578462452 0.6423671836560697 0.7128135147636421 0.6465721951573592 0.7248413372723852 0.6594728394813004 0.7721914562902243 0.6495694840418331 0.8140319861310237 0.6370293432782678 0.8083574899397183 0.6024829806713468 0.7741198575486408 0.6097950689117787 0.7361597949626157 0.6182280668399088
0 0.7250831370713271 0.6599075047462569 0.7176486379211562 0.6636214272756327 0.7182570088063907 0.6779780322437312 0.7130095054970805 0.6828980819021219 0.7235446478426157 0.6914802854299777 0.7309048726720746 0.6941734944610332 0.7830288202304038 0.6841308253968149 0.8137862586361362 0.6741963486994645 0.8116955688274177 0.6569934060892604 0.8084269637431631 0.6420334466162138 0.7800041969983943 0.6487157141408618 0.7500356346598144 0.6562529153282429
0 0.7979500611400272 0.6798855326983904 0.8048884173992872 0.6947199935329849 0.7992307159914842 0.7007195079201766 0.7665488040232813 0.7128267290614282 0.7230674817885104 0.7296847287401981 0.7180630875101242 0.7225055534348274 0.7274009013326566 0.7178526435631633 0.7305995962028057 0.6974401005009154 0.7379183760733679 0.6942448969160514 0.783606980217787 0.6857151940838287
0 0.7259064755268059 0.7302460564053682 0.7247700052101664 0.7383774521584452 0.7295101315675201 0.75888960952919 0.7396156625670959 0.7530731812491696 0.7954205953614759 0.7360211898813338 0.815904540878742 0.7292393080481888 0.8132037345421463 0.7143916141081764 0.8095568878998927 0.6965715020067252 0.8001033547977514 0.7017431308229011 0.7657810868462379 0.7139902474697845
0 0.7381329072329514 0.7544048070166367 0.7253878645138038 0.7625620870996689 0.7278360734010728 0.7796809760303177 0.7362990663640347 0.7948942603037921 0.779138751941095 0.7801531632428468 0.8034923670627507 0.7719699988298592 0.8212107203411121 0.766575584590258 0.8174287411717832 0.7337960948966412 0.8059147291587749 0.7345370173836976 0.7606250890518029 0.7488710791522842
0 0.7281396042276991 0.7931262236287259 0.7240799410229888 0.8014533567135116 0.7355404011947335 0.8100637720948459 0.7389242891479363 0.8286829760329534 0.7464105944967282 0.8323295692734772 0.7925206308006858 0.8158365780472882 0.8204606707688924 0.7999290531735821 0.8253618890606975 0.7882092335295815 0.8201381631054604 0.766827745628924 0.800558376524295 0.7748715964171605 0.77435412575022 0.7829983371231904 0.7424187720689516 0.7951757969576985
