0 0.10628949371154411 0.2190677132173735 0.1117371256043187 0.2443985800808275 0.21543792816309132 0.2176514832090333 0.21470280246140516 0.1945503154627766 0.22188063927143242 0.18293691303501627 0.20112808603819377 0.19329002920631844 0.1794101529722819 0.19353054868333727
0 0.22483470934880678 0.18261377541476986 0.21414403333941717 0.19476394808602268 0.21504341653660386 0.22425258504664303 0.22143626312172204 0.23148383001248177 0.22982586600767319 0.2395642281005503 0.2755708713190671 0.23013750582395084 0.3094134345451476 0.21316715570277525 0.3281732645056192 0.2076073301276231 0.3432842289676895 0.23569391161025763 0.34038808946966986 0.20535612152740765 0.344932305137192 0.1955559077118615 0.3367729563822278 0.17448693857181963 0.3244760026704269 0.1735444125648533 0.28903119477000094 0.18306450772618946 0.22971147303539563 0.1912309437463308
0 0.3325169254250475 0.14063765363229597 0.3274300727478012 0.17322127494460693 0.33749194997165033 0.17501833144455756 0.34628816356828673 0.19342495885015543 0.34787427613036853 0.178305438936476 0.4482506951536749 0.1923372438328161 0.4557530139266371 0.1878563361154034 0.4467063810586841 0.15422606116988033
0 0.45747515278775797 0.13962717938742966 0.464290742195825 0.17975442854431667 0.47906109258269663 0.17813874044308484 0.5176982907476158 0.16659182404628833 0.5469064435022922 0.14494306569671767 0.5691670135779283 0.12191913872293399 0.5745042855264912 0.10455916495054811 0.5585921987272482 0.07274745598799386 0.5519650649830771 0.0728623383557488 0.5482960343443462 0.0782965268216369 0.5093424202726238 0.09399583594484524
0 0.5753835035833483 0.10583558331926997 0.5691670135779283 0.12191913872293399 0.555682491958599 0.13513747451041702 0.565982689369567 0.13523084739515365 0.5738135231335302 0.14352487810646827 0.5814100697384404 0.15916503615137642 0.6077462811634927 0.1410331500292339 0.6775102926642369 0.1111353375162943 0.6681432108614148 0.07601501157880335 0.6030796064675612 0.09121519205380106 0.5879928401738865 0.09698327288144475
0 0.671984565051778 0.08825317976403824 0.676951523542249 0.11134897013954033 0.6898974411799198 0.1265564855672019 0.7041049894167376 0.11951198637083642 0.738276067633819 0.11531657467838811 0.7766789786396853 0.11111578561518527 0.7732281030477435 0.08663407187396104 0.7508733051401595 0.0895369330854238 0.7297141411962356 0.0895638199391966 0.7150259195571141 0.09437324264761027 0.6949842938571662 0.09397286425489086 0.6881148068978102 0.09014898651948
0 0.10678629922611144 0.2438725645788442 0.11208177270758335 0.27974329338307363 0.1208739532761538 0.29250747707029184 0.14841789774906405 0.2884269477455984 0.1814674046941036 0.2790163575812626 0.21172306602920338 0.2706739305331571 0.2105153329813454 0.2566225737357079 0.22870832776369726 0.23999149334704242 0.21975995575575819 0.23212472788221994 0.21336710917064 0.2248934829163812 0.21192508896372908 0.21818825345252577
0 0.22998609047510776 0.2403092535965342 0.21059342870102976 0.25417386462451014 0.21156284156176886 0.2699289050371731 0.21620531808930477 0.2858922007023277 0.23664952147187213 0.29097636469419674 0.2412758658871444 0.2843698854858325 0.31392795082977626 0.2735249756189835 0.3219809726685947 0.25754554784156525 0.3410531855078036 0.2421908858216216 0.3281732645056192 0.2076073301276231 0.30973388348001674 0.21465720669474317 0.2754106468516326 0.2293924803279669
0 0.3473195400364465 0.18416151527810176 0.34446776384715194 0.2158906060974285 0.35494028480975226 0.23365633563328822 0.37266067224593225 0.2260750661934303 0.44092876598847663 0.22577539563811133 0.45107680498814184 0.23640863046362345 0.4661595382537508 0.22499810591760008 0.463740039129969 0.19125294860432215 0.4492657279076847 0.19245269700200893 0.34786376587277645 0.17773067637090315
0 0.47221788544274595 0.17998888321752823 0.46367573629165754 0.19082817830322032 0.4657295789620026 0.2162252616533379 0.47535754001464975 0.22552720064114504 0.5200899523647522 0.21167052607646453 0.559867282758638 0.19062023489061705 0.5709608691458729 0.18183481571129045 0.5714682048273863 0.17212000267998265 0.5770972088845105 0.1628272478191426 0.5806950995412843 0.15993699657055482 0.5735481235143581 0.14406055582015043 0.565163902013142 0.1360141640885261 0.5585437438991533 0.13767969913170242 0.5423989413467332 0.15467143780952405 0.5389058436684496 0.15427588130506673 0.5307893605084631 0.16105754165354128 0.5196936094288478 0.16681442874121358 0.4785811286774073 0.17863795655252446
0 0.5833260416342116 0.15870126923921749 0.5771028299153486 0.16538075177891534 0.5731667584975602 0.16957323108483027 0.5712054445021091 0.18107354360175396 0.5759520486558907 0.19377189378531132 0.5835719384819851 0.2048341863142337 0.6021948871962064 0.19395146972711183 0.6186922644194761 0.18818159644254995 0.6257206315035779 0.19086968510115163 0.645833631209767 0.17941728151870687 0.6674914344064242 0.16952434734572722 0.67173988870295 0.15553703159502072 0.6858899957558902 0.1426017468482809 0.6847150163280369 0.1371382265443987 0.6887058402443256 0.1350749036432716 0.6888045904998168 0.12428669987050145 0.6779362135680403 0.1112412575994582 0.6076928730076812 0.14078480819723924
0 0.6913628046080149 0.12868384951507159 0.6859968120675133 0.14309843051227022 0.6729642432585489 0.1556064500125179 0.6763249240466085 0.1656095417098009 0.6914938190880335 0.16303519548933906 0.7009628292272013 0.1545772335461756 0.7056493035117283 0.15762316903377216 0.7239051168487121 0.1544061324866539 0.7573845777256212 0.1507439061238617 0.7671219729865353 0.14540846791346476 0.7762786002469657 0.14674534241509285 0.787826495434717 0.1423302682013409 0.790267138489783 0.13118421759957574 0.7861013023364847 0.11181355470399335 0.7772651240109232 0.11196673119433316 0.7386225484752496 0.11599038929995675 0.7048773911619716 0.12029172107556896 0.6902946414917845 0.12371701287517863
0 0.776012903810597 0.14738444782791285 0.7976733956926313 0.14125314280051962 0.7998698517943466 0.16083923077626636 0.8004640632217165 0.17297506379217364 0.7961061039281904 0.18270406673330442 0.7856263718566696 0.1920859775869492 0.7768449460296083 0.19436831048207695 0.767904640077801 0.19778643245401395 0.7604023213048388 0.20226734017142667 0.7425683958435926 0.1999478530833291 0.7357015975696138 0.1998856044935047 0.713717968067333 0.2007652293833436 0.7045092769937795 0.2010608276225141 0.7005265191336227 0.21440903796040053 0.6922684201231675 0.20412827259312882 0.688483162773993 0.19590007538547513 0.6860811401051634 0.1866055075185092 0.6754730822390014 0.1653977015434731 0.6909624262152956 0.16431340631497907 0.7010696455388243 0.15507391721016495 0.7061286325713434 0.1579774309489307 0.7575982103488672 0.1517372734518403 0.7672808531112811 0.14427267883665543
0 0.568455107253683 0.20577605979389701 0.5640612162592977 0.2397073103493452 0.5896137818021295 0.242300886193595 0.5890770115586371 0.23605583872806205 0.6099404141315647 0.23184184993912885 0.6343206889319206 0.23273353462508295 0.6589585941125135 0.22170122646145762 0.6807205249354163 0.2085433468068808 0.6879517699012552 0.1971782862111151 0.6868261656011474 0.18632066402084776 0.6754730822390014 0.1653977015434731 0.6680775797776621 0.1703752929248751 0.6455679347733981 0.1800563869315269 0.6254549350672091 0.19150879051397154 0.618851144544222 0.1870458073657407 0.6020880708845834 0.19345478606312252 0.5841580838532232 0.20568513189338164
0 0.47164310184738456 0.22612672516673663 0.4678685992397193 0.23294504454142873 0.46388853006493974 0.25005488402490167 0.4704375680894266 0.25238871076834474 0.4755566849912002 0.2649446392030715 0.4814100726474487 0.2621692075577908 0.48838637591842765 0.26648976895719095 0.5183462758825311 0.2539602399739251 0.5643269126956667 0.23906820493652514 0.567975778194068 0.2054217978787384 0.5845305966012151 0.20554271014455092 0.5751002068482838 0.1935600536189834 0.5718984061849701 0.18242117284489112 0.5598738706229813 0.19024361428907097 0.519061725839365 0.21229747587481249
0 0.5647541779421588 0.24105493959248228 0.5891344527425146 0.2419466242784364 0.5848366233182433 0.26132804191552794 0.5773531253429218 0.292140353652046 0.5743676459882316 0.2857564693515187 0.513218114133671 0.30322285060938053 0.4843129338589115 0.301911070504607 0.47531249803784953 0.29567677778058316 0.47780251622066117 0.27913662529243305 0.47630171048718417 0.26465979570541004 0.48156895277219464 0.26103341848098144 0.48801386317043566 0.2666321907060217 0.5178669468229161 0.2536059780587665
0 0.3572027375469541 0.2338663833426979 0.34639986785518695 0.23799661405878844 0.34139832200654546 0.2409838858703969 0.32182209254384875 0.2586813369183745 0.3260373038248926 0.27265789792757195 0.33077853060791973 0.2778329898199564 0.36090537675290096 0.2754525591966406 0.3635704071727222 0.28034639250519994 0.370971287004816 0.2828920594149708 0.38124007513846797 0.2762784103789338 0.4051903960069544 0.2714217312633443 0.4484539385871458 0.2532683356581836 0.4515301021411955 0.2375791287491813 0.4406096613962962 0.2261661592189367 0.37194167865650973 0.2255436733206924
0 0.24258100484780493 0.2857522239377182 0.23651936193906492 0.2950575465461932 0.24127134346360118 0.3152791550209235 0.2515015112110166 0.3291061244536175 0.2712500642253456 0.32908103005676287 0.320051922897671 0.31418541010552653 0.33468404769560356 0.3053660164195317 0.345179911879388 0.31855388043940575 0.3536956412700804 0.316910652957098 0.3516140675361199 0.3091061360821001 0.35394520559418574 0.2937017726707592 0.3695880523244711 0.283958430074283 0.3637840397959683 0.28133975983317855 0.3606917441296549 0.27445919186866197 0.33088534691954274 0.2783296734839457 0.3177872708705691 0.2736620199970597
0 0.3701194451972091 0.28268021924864295 0.3542109020305546 0.2930626672579392 0.3518797639724889 0.30846703066928 0.3540160902049495 0.3184007039490659 0.35891888579809983 0.32620163591022755 0.37845649487456 0.3289448033309808 0.4203969326436613 0.321510193081093 0.45397514377606146 0.30705976294553067 0.4606803732399169 0.304496171466578 0.4639863015294764 0.31237010675907306 0.47265553367416013 0.3020678319087832 0.47764363609591526 0.2802724143692424 0.4753978048664544 0.2660804282798807 0.4704375680894266 0.25238871076834474 0.4639953463765628 0.250551567688891 0.4484539385871458 0.2532683356581836 0.4054040286302004 0.2724150985913229 0.3822507970708209 0.2753544614684524
0 0.22207031543427375 0.33659581346565687 0.22182343979554575 0.36356632289758223 0.227843773632672 0.37093998961225166 0.24737331665300033 0.36239826959624555 0.25355790798562705 0.37615940552527877 0.2799021854668111 0.3693124068398956 0.31678363620339345 0.3589742828512419 0.3400409953890188 0.3527699744925153 0.3489678579139397 0.33054370679264594 0.343848741012166 0.31798777835791925 0.33447041507235753 0.3043726490915532 0.319679410149679 0.31432783185435725 0.2719950897213296 0.3287961865591014 0.2533120111378536 0.33002648845026245 0.228613976088006 0.331406381917927
0 0.34843978049656865 0.3192596175013856 0.3489870296921472 0.3281535919278889 0.3470108054335866 0.3380123588464712 0.348031123020324 0.35291564418331367 0.36606087711885504 0.3529408131527448 0.3714769066817175 0.3628863453604623 0.37583917099066 0.3615826612511466 0.4123255503391029 0.3534589763975376 0.4477654499036804 0.3442788767826781 0.4631215475717194 0.33695131082291413 0.46582136619933934 0.33045717517651735 0.4673634338364644 0.31857962949462365 0.4636451189896207 0.3127186801931237 0.460214420522887 0.3056553830115523 0.4211376723859399 0.3220519983968588 0.38234307652656196 0.3296016647352567 0.3772979509857973 0.3340794501083604 0.36023685313168496 0.3271296316061241 0.3528373138402073 0.3168500647612063
0 0.1082520039694676 0.2964740420932712 0.11200526830819568 0.3236662933260481 0.12432617473789026 0.3419971018747572 0.13892075773722778 0.3489852466284787 0.14887591068020478 0.34657557112612736 0.1929022366571208 0.3199679596129244 0.20887385295101923 0.31874915178514923 0.2169541199842071 0.3051864706269449 0.23506764680084713 0.3017523021281528 0.23257012726722825 0.29013912120106294 0.21617876519857682 0.284536158953252 0.21181334479346847 0.2715424522124514 0.14862762008217978 0.2894160469565524 0.1220782172214745 0.29258435501544194
0 0.11838083318914427 0.34357194251980233 0.11812079361449146 0.3667127886888144 0.12788004374669149 0.38043718783295444 0.16424584846517265 0.3742140275535418 0.19729210469627817 0.36716534580122256 0.2216284752320663 0.3634466900937287 0.22181739300454362 0.33754013560509516 0.22824312457276852 0.33089405359204416 0.24691165573021273 0.3300405919659387 0.24116221699224377 0.31548135796449256 0.2358966607929036 0.3007371225161117 0.21716050035243378 0.3037111157436669 0.20852872149759155 0.31957932995025556 0.1938700017343783 0.31959795671905494 0.14935979321883353 0.34639056967919263 0.13940464027585658 0.34880024518154396
0 0.1191701580513741 0.3837672138777796 0.12279165634320083 0.4200867682345271 0.1274241013612616 0.4197121086484578 0.14555159825450115 0.43582289983395 0.17887186413685896 0.4251783315969031 0.2445411383051671 0.3993729580956076 0.24667606378960905 0.3873851175824485 0.2535821853773128 0.3756677942013917 0.24686498156208636 0.3614785630938149 0.22792593327253968 0.37081415112571925 0.22211235777069505 0.3632616886467939
0 0.25323705392388507 0.3764979723664979 0.24653731270440798 0.3867399408642767 0.24530252301419797 0.40047831008501616 0.2523578732445524 0.40406488318534434 0.25706842510308836 0.4162284117610386 0.27062412122299295 0.42082085108900813 0.3082923449147097 0.3987387899874064 0.3472128208923858 0.38734955927042075 0.3520551387978231 0.3903857847221444 0.35716797383536275 0.38493988376806937 0.3690586569328548 0.38179020247797896 0.3718803528050022 0.36325576571353596 0.3662020358692087 0.3514622400317113 0.3392363797529003 0.3526950179360859
0 0.1304089959526592 0.436026528049684 0.1334754899036817 0.4697653755337449 0.1431636182337062 0.4807240663582634 0.19612018035076573 0.4688560336012415 0.22384372865695512 0.46384236776520443 0.2363465678208273 0.4464941419831378 0.25555962576162616 0.4335626674665056 0.2648886525616234 0.42580657677184625 0.2575523076417171 0.41604341031410375 0.2523578732445524 0.40406488318534434 0.24371212431311073 0.40038813770764875 0.1793557466754877 0.4249933301499684 0.14520646680107346 0.43665307799905645 0.13905125236495097 0.4348170336063086
0 0.2340659062128846 0.4480643259359831 0.23303400437175137 0.45544110035237334 0.24030272000863218 0.46732479841156566 0.27147758284909845 0.45400935092446454 0.297400859566824 0.44549462767326703 0.3567190164882327 0.4339872844257149 0.35463425769106705 0.4194233937320689 0.3569009492224102 0.39830825009493925 0.351916387712622 0.38974060800397275 0.3461063047299272 0.3870743854461185 0.30780846237608095 0.39892379143434115
0 0.14171197061781993 0.48127907069906767 0.14298168549952867 0.516403100689039 0.15882153574652574 0.5243115959852344 0.21496238778490973 0.5175101479040185 0.25616701788967833 0.5094369731552586 0.27158362984277257 0.5056374584547968 0.27427355966801864 0.4962303248143243 0.27101465542536884 0.48351179189782584 0.2665746206989352 0.4628661369163327 0.2561320926981797 0.46057457394454776 0.24016396892343111 0.466679621693394 0.2254341273580424 0.46393254014257185
0 0.26663875746281096 0.4558593653938119 0.27170491833222427 0.48185143556761306 0.2776642299575697 0.49982155460685224 0.2830545671655115 0.4956660070891205 0.29722940439009604 0.49583238176725586 0.3584189547021439 0.4905918042544856 0.3626316539454517 0.4833953745928303 0.3753478585158503 0.4743442737696278 0.39498066223140216 0.4682345693285818 0.4035413192840689 0.44960064680237166 0.39267206047026054 0.4307148339128584 0.3573416501120625 0.4344474596969518 0.297400859566824 0.44549462767326703
0 0.37174160171980114 0.36261058899536436 0.3695425394714835 0.3816052010310442 0.356684091296734 0.38512488521500404 0.356207193796405 0.39508236650408096 0.373143082648411 0.38860731586136527 0.41932878174381805 0.3842155432825007 0.4496816156305276 0.381687755249583 0.4654398665178997 0.3721718224629437 0.4726981045973308 0.3693968007589227 0.4704069654319386 0.3563082649485548 0.4721291301799272 0.3472711342019517 0.464170151636191 0.3370477924729723 0.4484795300318446 0.34444319365816184 0.4126687296541676 0.35324706081026114
0 0.48378200023684376 0.3016206485054997 0.46519157591987464 0.3150122982933688 0.46858224620942573 0.3186035280858967 0.46547955564772636 0.33096137149292537 0.4625797529351037 0.33695762009560487 0.47150649655609744 0.34681095893071473 0.4990878012579359 0.33626587645543493 0.5340695876435564 0.32847718891537686 0.5842581130948947 0.3134781016370639 0.5787861765273278 0.3002092210719611 0.5738657517814153 0.28463480745847375 0.5144834580961309 0.30314892222854667
0 0.5879380345314756 0.2380593145273481 0.5858812158875089 0.26258534320227084 0.5816789942016507 0.28444049262713944 0.5919151418341797 0.2882074104822025 0.5952883495279814 0.26736744066937496 0.6263279538023965 0.25829305638517336 0.6788682626638529 0.24448949347363647 0.6982235642090027 0.23708943559624707 0.7008458647512231 0.2298028335572243 0.696896697601718 0.21874465697093867 0.7009741382789747 0.21578929051218274 0.6875467156868216 0.19718330813917148 0.6815407298933497 0.2106511602278085 0.6588693723799741 0.22211193655336245 0.6333623489178517 0.232562189959075 0.6104741334788 0.23083960140469365
0 0.806460531700041 0.17545897508041067 0.8181657895442055 0.20310208820002493 0.8082922359608535 0.22293619178521085 0.8022256059226558 0.24829705531743976 0.7569435351406306 0.2593255965249557 0.7291488650322657 0.26157355404137134 0.7128286247657898 0.2587363001131819 0.7059691773462125 0.23901565236636246 0.6988461978328324 0.23754961086748405 0.7007071136660221 0.22915765683905268 0.6980032137641766 0.21901983079524082 0.7010417675620002 0.21366875891073303 0.7038669559532975 0.20002056206736105 0.7148609957757075 0.20000659199076154 0.7643021065946143 0.2034471124073244 0.7858669479455314 0.19171116225746831
0 0.5957463678099109 0.2696919734361843 0.592674545304103 0.2884756499178472 0.5808849565685472 0.3092378088297376 0.5939717691438953 0.3204890433547133 0.5976543217519688 0.3116310423330281 0.6633033578367928 0.29330441421613634 0.7106437297417161 0.27723673811334665 0.716338335152314 0.2682867528941812 0.7058539790203041 0.23843129329106927 0.7000180095699102 0.23727615164673033 0.6782925821436507 0.2449050947923316 0.6256512072553383 0.25758126219384947
0 0.7125766311654043 0.26024305867551684 0.7172770672772538 0.2679278500871278 0.711247684356831 0.2776831081264464 0.7168246399326608 0.2918055651078492 0.7207933083639012 0.3078974705366118 0.7698867191967851 0.3047051255734057 0.8101933756518109 0.30080852597039426 0.8115257102039596 0.2881081292429036 0.8230562850649514 0.28031328566807706 0.8197537839097855 0.25787118187556907 0.8164580582417702 0.24490838352993913 0.8045203299792679 0.24608611013144718 0.7567761924164096 0.2602763219843573 0.7298153624112957 0.2624568407752806
0 0.5973851446466787 0.31037939949977505 0.5925806096743624 0.3447256611824881 0.5898401769348041 0.35796441212055896 0.5997070274773977 0.3684148908168152 0.6045251134240154 0.353027240027858 0.6647419457163808 0.3354229345165069 0.7092039085855253 0.32722853521172246 0.7197199876863165 0.30763055192703864 0.7166900513800158 0.29117974369122274 0.7107783182943611 0.27786255952997313 0.6635035467939726 0.2918733199793566
0 0.7210624854691913 0.3091491133698648 0.7090037196283454 0.3286596294485022 0.7214108139533176 0.3273024514434674 0.7288720092661778 0.35018640825764136 0.804788273807955 0.33944807036344654 0.8208846962281515 0.3387121967836044 0.8300028403722591 0.33387152587981755 0.8229352474866078 0.2986460751452063 0.8105281531616357 0.30000325315024107 0.7698867191967851 0.3047051255734057
0 0.8144447721626428 0.33711068512616565 0.8228345363697166 0.34541678096296935 0.825795484527907 0.35918485212875256 0.822319896364164 0.37609106436053596 0.7891227189942966 0.3799786299806797 0.7446573683815768 0.3834333765620251 0.7272874363266159 0.38533342576907376 0.7194948512475062 0.36799439449849203 0.7325681128485527 0.360287018129712 0.7293413753286476 0.35000695685411465 0.8064655491006548 0.34016135898611943
0 0.6028478381313157 0.352313951405185 0.5966352049715898 0.3871985672984782 0.6146192548723919 0.3999638462748462 0.676917128115392 0.38495029363604755 0.7063559892419249 0.3777586865206784 0.719829628757331 0.3671891216783389 0.7325681128485527 0.360287018129712 0.7216110029104974 0.32587135720668775 0.6641379911012659 0.334976564503407
0 0.8226546738739889 0.3752857915403827 0.8337226581596616 0.37714970481596083 0.83847853144532 0.3685586224038488 0.8447216542972242 0.3763308810215061 0.8491630765345098 0.396982987770181 0.8426677152951924 0.4116573499364653 0.8144989760598487 0.41294512870118893 0.7849911267852057 0.41745399874652533 0.7323463641533179 0.42539051342460427 0.7277115284460031 0.41564880635958706 0.7315976577548318 0.4100993638245611 0.7268180702641459 0.38551287717260047 0.8044149978421984 0.38022748062451756 0.8190377216704503 0.3820868769086618
0 0.47145367586495446 0.34836724878142417 0.4740244093395113 0.3792164665910836 0.47932880006647577 0.3873476280157944 0.492139660049383 0.38786791426063916 0.5146002428998271 0.3765715098213252 0.5757524195735568 0.35386864877948176 0.5849463273529254 0.3611900203926055 0.5925150092698276 0.3467825768358943 0.5916973147232314 0.32880869016581843 0.5841739067494118 0.3127213017284897 0.5337481613643792 0.3286140434191865 0.4994810510605024 0.336974343153196
0 0.35730772855374976 0.395368073934455 0.3542611217892207 0.4183977638180934 0.3581278842299731 0.4345179648772652 0.3935612047651893 0.43003677303610105 0.4026047487950391 0.44791077966540294 0.417656871232654 0.4490887139060778 0.43840498139237705 0.4395562774880455 0.45857689652799827 0.436643615886668 0.4598895831909696 0.4260092304160823 0.471178250911509 0.4078277263481267 0.47714584551594075 0.40767931265805246 0.4820510202227145 0.39887116125954974 0.4792956640268322 0.3860590692656212 0.4735863387315928 0.37810938983204895 0.4719450562952069 0.3723374169218195 0.465501906875724 0.37213435816063417 0.4487675181983899 0.3817321097082826 0.41988065480633335 0.3831771230611734 0.37372685903080066 0.38802401409827064
0 0.48289615461451363 0.3990813333930719 0.49054601545866466 0.3881572339146743 0.514514366570816 0.37686032186800683 0.5759705515492769 0.3538972418925703 0.5852233785411067 0.36902478404141087 0.5853426913525412 0.38817760690268743 0.5303296557935632 0.4113437456393094 0.5138615389693 0.4240394341186789 0.49221664055593956 0.43498131702791837 0.48498001060649615 0.4329484675084814 0.4738926233040579 0.43718747704060806 0.4583052896456747 0.42608165891803523 0.47043909175801313 0.4081103269836018 0.4786241638229325 0.40711411138710224
0 0.5844975569607422 0.3879674347691653 0.5930495410877833 0.38309790883647227 0.6001338769663377 0.3937216242485529 0.6067506605737197 0.4151898972647414 0.590768768623013 0.4431650982691942 0.5460576423803911 0.4714584667708057 0.5133770105264309 0.4850197405874424 0.4969525450201274 0.48489978038671505 0.4880176437432071 0.4712505565448663 0.48510999347643574 0.4670293304435815 0.4857841611949618 0.4497062983405564 0.4915318027789084 0.43737630905712005 0.5144430690226544 0.4248836793389359 0.5301177053169568 0.41035820010131485
0 0.8084706826882596 0.7995677056216065 0.8105970863418658 0.8223147458755928 0.817446153706731 0.8405354929052931 0.8262201148906333 0.8449957184274958 0.8339555220699822 0.8400845746646498 0.8986891024872402 0.8185913129169019 0.9439531241634024 0.8064954800201676 0.9392181825537322 0.7685808009442985 0.9188264520949516 0.7509791783207153 0.9192244606417412 0.7664565075709042 0.8239244579336584 0.7911701649047709
0 0.7946521563413436 0.8004080741122985 0.8069104710739856 0.8074435112485389 0.8110646870921991 0.8449289883887352 0.6911414449692 0.8868715288034349 0.6793279288666726 0.8705488254648825 0.6757043909108451 0.853699787324938 0.6773769754816712 0.8478504798690031 0.6871829757786359 0.8525673579004108 0.7258665265668712 0.8371263558620244
0 0.5682156656736641 0.8785149207855177 0.6244971863587746 0.8517871327269583 0.6538293078173967 0.8360140616186179 0.672671350883711 0.8509520262844325 0.6771279236792059 0.8603190523084875 0.6786841259631633 0.8720974270421001 0.6780500953968905 0.887318103783084 0.6360779378875645 0.9033652004446054 0.6058431893857311 0.9194833704058817 0.5590359952085938 0.9380302621206921 0.5456727917136002 0.919043900824371 0.5490147034095068 0.9027879275245793 0.5583628752933746 0.8985626382066111 0.5651293206717138 0.8914170384216692
0 0.5631624343423401 0.8813152139607512 0.5659643460084117 0.8915319382812803 0.5587824761703185 0.8975028969906608 0.548326087319982 0.90230694232832 0.5465016545707813 0.9191301458572133 0.5358850412530101 0.9231891656988885 0.5319776904271604 0.9303270377799908 0.5173675645077233 0.9326877513772066 0.4823213012618508 0.9412491884193127 0.4587668363625405 0.9413855802700857 0.44686842730529297 0.9394843961438893 0.44198763059063817 0.9252247840939486 0.44508982605124936 0.9087193408145472 0.46201312417832247 0.9030553876131493 0.4725509028445069 0.8829878441312266 0.490658474782945 0.8759778181684448 0.5332851525214641 0.8604867642977281 0.5471762848514787 0.8575946578277746 0.557090036692091 0.8755740199868803
0 0.3546581197776376 0.9329339651439322 0.3523513492319881 0.9459971702266922 0.3577784963077232 0.9780297635921329 0.3861007440272095 0.97548465798353 0.3980185774679766 0.9748261508012502 0.43381927232591444 0.971370833820306 0.4657566642115507 0.9635455558528117 0.4732326741244084 0.9592255223772769 0.48393164856476073 0.9410047473965312 0.4592741767726546 0.9401997073153309 0.4475475587000275 0.9383488548643832 0.4416509034935206 0.9245240379431882 0.4440097430259943 0.91680068163271 0.3917574393537006 0.9236223924740826
0 0.44299273554544927 0.844101927219009 0.44193983240788204 0.8561984941501625 0.4361074323161682 0.8647626365172165 0.4459642167918437 0.8834076456599448 0.45788205023261086 0.8827491384776653 0.47814489303244423 0.8784128568315049 0.49025394184135135 0.8752449900159981 0.5336697929934628 0.8596204311540099 0.5462109042998804 0.8533638717411366 0.5525225614247413 0.840231241342611 0.5657414568092274 0.8371263005746196 0.5683387062454777 0.8254137891968089 0.5632687304007302 0.8205306709277602 0.5557406515010483 0.8195108556310133 0.5463679985097074 0.8031170026632005 0.49210184040795873 0.8277624343954759 0.4891620430942835 0.8327844032960555 0.46489431371523887 0.8371901102579814
0 0.5706999830035452 0.8211002549895241 0.568579553374848 0.8248344562326698 0.5659823039385977 0.8365469676104805 0.5533915608709498 0.8408735003542654 0.54597005717051 0.8539432047052756 0.5576641040610633 0.8777327852094894 0.5625876218477134 0.8802356455744667 0.5983289360420457 0.8612110135116599 0.6256308518060387 0.8488237467809444 0.6535584826612761 0.8342482499228286 0.672033694807462 0.8266974235842713 0.6726049036862884 0.8157595225813958 0.6745292434956578 0.8077150367650905 0.6704153444916107 0.7902851203299055 0.6665048469836724 0.7873949547774606 0.6564145270554078 0.7795587449084517 0.652841702973707 0.776539477626851
0 0.3441503607054253 0.9486453804914504 0.3529347442387834 0.9521083797397845 0.3582129960308274 0.97835089309796 0.3660787483567466 0.979241606665551 0.3583293201324447 1.006079701158491 0.34110310094315344 1.0058442451390548 0.28644476320274953 1.0218691077250106 0.23733322111464628 1.0347987784453505 0.23225837081871126 1.023096015969915 0.2290061595840911 0.9960788922368038 0.23999561291504423 0.9792088109610074 0.285775178050817 0.9626805399949281
0 0.22477349925283285 0.9475103456378943 0.23237314494408928 0.9811485865324711 0.2859688306445508 0.9635810024648941 0.34511618644850073 0.949737870738088 0.3509038292301718 0.9460633459083327 0.353406689595149 0.9373104253987323 0.3480462348598008 0.9310766134247345 0.34003402447578435 0.9278056419530721 0.3349518625030679 0.9058734131680559 0.2721446052229254 0.9298863347910521
0 0.3514807998095403 0.8756786737170629 0.3502814386138759 0.8853949827441449 0.3365832861962428 0.8930684115436077 0.333117037313784 0.9041386639097642 0.34080619762512593 0.9279976697297435 0.3493969285647501 0.9305602065081109 0.36816505682713063 0.9277698959776965 0.391998286483071 0.9230430595099435 0.4439601112647639 0.9148706549636216 0.4445337573691841 0.9073425760639396 0.46257690701785964 0.9028804423227488 0.46931575218904337 0.87983947512047 0.4571098770832693 0.8825571107009939 0.4459642167918437 0.8834076456599448 0.4367827791686429 0.8645044330589048
0 0.22194116438775435 0.9003554187914493 0.21572145910857277 0.9071186362185711 0.22298586859918557 0.944295800945497 0.2832878282887571 0.9256259777289078 0.33316666907501435 0.9060686905788525 0.33629280730564204 0.8917177178386585 0.34743603037147375 0.8874573607765139 0.34873221786400516 0.8781912829844152 0.33908127211003236 0.8774958468276205 0.32166383755260114 0.8797697504414114 0.31654422994662335 0.8729566055032745 0.31615205030796806 0.864336036356955 0.30216341899973426 0.8706587714514687 0.28402588027978565 0.87808049606087 0.27129111637963416 0.8834365930037773 0.24090050801827484 0.8950557486278078
0 0.3165816755798847 0.8578375216563954 0.31644740364975643 0.8725063742682915 0.3218078583851047 0.8787401862422892 0.3396597926656401 0.8767874121343255 0.42708220165343974 0.8618789702330217 0.4371180153692864 0.8609655092265553 0.4421334850016159 0.8570989566201286 0.44168923637613655 0.8431385387015276 0.43309119375973093 0.8303465356135794 0.4312042995836229 0.8232719375830057 0.37436858877651014 0.8308715084334387 0.3340813130806201 0.8355549166584266 0.3314865008699636 0.8506772501394307
0 0.20616550605146278 0.8499512438450254 0.20120817986871142 0.8606423861892575 0.2029560831498156 0.8687699370545369 0.20358104829914503 0.8900807592993546 0.20598331539391795 0.8997172934522828 0.21922338366049954 0.8999327485551728 0.2718656745684346 0.8824449164101692 0.30373571343764394 0.8680611788407134 0.3165322063834779 0.8570116565062985 0.33037744129797436 0.8508386646910514 0.3358077414658126 0.8316106608269552 0.3114206892029935 0.8347774185121875 0.30901402244123954 0.8189854912119356 0.2956417615118301 0.8166216215073191 0.28271307590316797 0.825522729240007 0.2491465307520988 0.8427540427236314 0.22981519900353875 0.8510245184762036 0.21048166742148833 0.8562172976551145
0 0.15886764343306475 0.5241029617977366 0.1509122864420498 0.5271445110100536 0.1465425820352549 0.5368506727775717 0.14815087924824788 0.5603422920373403 0.1628769025890206 0.5667653905456701 0.21459246496888112 0.5550286303663549 0.274833674817066 0.5429021066383943 0.2796011470734116 0.5330438674102603 0.27497748775350794 0.5055394212589619 0.256393585950953 0.5092007641902688 0.21524810385033571 0.5180442246590409
0 0.2831552189971833 0.49552527661136975 0.2785018048362996 0.5059138729722382 0.27669123015456787 0.5175114331003489 0.28096410228069085 0.5313748433023283 0.2976348551825788 0.5548473227678857 0.34424077101970807 0.5513777304185015 0.373962172609684 0.5434582185899511 0.3948713460081149 0.532594250053024 0.40583345219864553 0.5215155631811209 0.4060970651688127 0.4927165446351669 0.40223057379963545 0.4907510215236876 0.36847015821272366 0.4939011471164713 0.3584646264725265 0.49141292278994214
0 0.37499261158763597 0.47418849661904533 0.3624365630297707 0.48185883848303973 0.3681012503351131 0.4933086223203968 0.40160468975916097 0.48984238471883484 0.40547118112833824 0.4918079078303141 0.4178661909349715 0.49740032224352015 0.4473010118017268 0.486146590157948 0.48627939008856846 0.46722634416722353 0.4856175741889868 0.4492141453756267 0.48837145544372 0.44110627965037463 0.485605223040535 0.4319341614880889 0.47394116968329053 0.43674639523074915 0.4629675116723992 0.43000670075759234 0.45912975492254376 0.4367652160283901 0.4396394049579103 0.439631168242913 0.4171147809205332 0.4493011915647161 0.40488817747748906 0.4490372669446414 0.39508613766401096 0.4686585628483433
0 0.6134975947155499 0.4013872492371025 0.6057711062561334 0.41227338373596006 0.597509670603574 0.4355672553133914 0.6077355375993075 0.4554538922526589 0.6246465779193254 0.44471721759995025 0.6778138739096735 0.43659312742817297 0.7176241423964114 0.4238132221475636 0.732539120100862 0.4101787328199189 0.7276890821677081 0.3876266096982428 0.7195183772510869 0.36878471026868054 0.7064130077078518 0.3780663735414431 0.6761479919054629 0.3884171904938234
0 0.7323088262891606 0.42613095629784925 0.7297778164804501 0.4356408787014871 0.7387972780353734 0.45842939967734275 0.7411601455171664 0.46728858099490794 0.7503446973777679 0.467438040841057 0.7531773085466809 0.45720264742827194 0.7751095811480091 0.45491894958453966 0.7824845248473953 0.45942123548557073 0.815230607058667 0.4542234455202941 0.8288270844376956 0.45573690937670625 0.8453244285128994 0.4579717748806133 0.8475538369614072 0.44918732348612256 0.8557714332566171 0.4490963161164397 0.8595740520121609 0.44337134732799005 0.8509713387232909 0.4118812436040222 0.843478196096815 0.4110851120334528 0.8146590356106551 0.4153916936968252 0.7849320190226483 0.41760473097913514
0 0.7263797379060034 0.41558443510781046 0.7315252731568818 0.4288711724033323 0.7292145116565025 0.4346101501984317 0.6758952228850854 0.4574619800390274 0.6359107080289518 0.48007107422383277 0.6283615179601701 0.4853979772269977 0.6183251574400276 0.4770319384260521 0.6146346335690955 0.47051083806703303 0.5989860461321936 0.47222259410941914 0.5989799420897155 0.463682679292412 0.610393902398825 0.45504768774407006 0.6253710315880595 0.44383007865969804 0.678780829475065 0.4368335946440045 0.7185910979618031 0.42405368936339527
0 0.753118209083136 0.4590557245935028 0.7457554734687062 0.47163326832648605 0.7489579415250838 0.47162919896483396 0.759553665408282 0.5017471599552342 0.7605858244796968 0.5086744648228422 0.7695339784861188 0.5162362333299143 0.8059644805258445 0.5090196289066496 0.8485574167816679 0.5006672796039968 0.8561096588716886 0.4996103340093354 0.8722401980806667 0.4958838328706132 0.8722870894592551 0.47695092607136824 0.8693709626568848 0.4548797373813554 0.8612746173100038 0.45553454782908026 0.8512443608323392 0.4557084238451415 0.844842476740823 0.45998651997694934 0.8281026307689616 0.4566240483169584 0.815833809779072 0.4527725035019999 0.7832711300009133 0.4609509767885913 0.7742638765309464 0.45524228544674994
0 0.8748955108589449 0.49120767095352075 0.8804078509760489 0.510455774891672 0.8848319845794321 0.5288996085359495 0.8645941732334687 0.5348065920637649 0.8274453215674873 0.551450250244289 0.7872743522570018 0.566808703699276 0.7757951884418692 0.5687568575958418 0.7651556252013216 0.5618417608131901 0.7803752562872138 0.5517517578849019 0.7787959419376997 0.5401523604618538 0.7693536280742451 0.5175255074171031 0.8056628791656418 0.5097450999157965 0.8492227709868568 0.5016332178289756 0.8562930613048012 0.50259101733065 0.8655958120924927 0.4990343228463372 0.8720598476687929 0.4971731069578022
0 0.15707178815701905 0.5719048190464726 0.16067997266558914 0.6093208639131759 0.17800625771858097 0.6165051404532754 0.22065382704104686 0.6107206431252642 0.2583458606646927 0.5956524024365827 0.275658989431955 0.58443026063323 0.28907179769640334 0.5825899380937982 0.2977805400431617 0.5588762456528572 0.2889817954118036 0.5477741068956375 0.28181476246614934 0.5419660859501771 0.21520970542162138 0.5555950785695815 0.16097539773126535 0.5671246043684148
0 0.2984305934602974 0.5573126091088705 0.2875740435798454 0.5825050184762773 0.2873829744404236 0.5884960349425091 0.30269212045743554 0.5977666220174499 0.31864145267728583 0.5916687587908148 0.33044138572182735 0.593462833171916 0.34605343291017765 0.5884214826567081 0.37046990490995346 0.5850043672875599 0.38303501247497956 0.5815154885866204 0.40725712626390126 0.5794877850978407 0.4152587036232481 0.5685379438613566 0.41303076101925196 0.5490056433472512 0.38855059930633545 0.5544197642051434 0.37890415397555505 0.5416690692864161 0.3443986977244469 0.5509161327439075
0 0.4069431641255557 0.5046469245072812 0.40623928820957655 0.5220123802976012 0.39420014370683737 0.5325332380179048 0.37935984918183646 0.541494844622798 0.38959265821661193 0.5546789084862823 0.4132251192301062 0.5476162314668825 0.4170716172340767 0.5540362314492948 0.4250160830231478 0.5542866048732807 0.45216672626061233 0.5498241415224235 0.47228100505013626 0.5401612508344812 0.47975661934719627 0.522179430578633 0.47975004120433146 0.5129762214069068 0.48716854393111575 0.5061946158115287 0.4981019398104379 0.4974116192988301 0.4962692917710149 0.4843037041957135 0.48629453066023426 0.4677332229631166 0.44788875390631216 0.4863621056845288
0 0.4969863239727236 0.4853446667488459 0.4986883035144329 0.4978449882435872 0.4877549076351108 0.5066279847562858 0.47975004120433146 0.5129762214069068 0.4809293467551864 0.5230461684681472 0.48425645983973487 0.5316373986029216 0.4987080379430273 0.5254546157587655 0.5032551227915445 0.5099075553649949 0.5446596968500148 0.49605011646448743 0.5613227722001415 0.4863916112051215 0.5778584681239869 0.4807271169232434 0.5897065434873043 0.4761972756691715 0.5927624523621284 0.46976850482960625 0.5956844036678064 0.45813053579580254 0.5958084940226552 0.44953492023245173 0.5887721295747147 0.4443344928953665 0.5463990535334056 0.4697405957835803 0.5132002822594335 0.4850635953248243
0 0.1650919419989032 0.6190205733404021 0.1655532512035391 0.6568497459813577 0.18451746928524726 0.6583697200241029 0.22755088970107867 0.6477638804285692 0.26807657530074525 0.6390913171362491 0.2727966915912865 0.6270544266184859 0.2896307311419224 0.6186693134916029 0.299751185026667 0.6011569732041523 0.2887422338909636 0.5907484776544006 0.2753720059971927 0.5846535163119339 0.26095374941704214 0.5974747661070073 0.22072097993357004 0.6109078452074704
0 0.18311958104466142 0.6603659223748316 0.1746329880786855 0.6684830831410276 0.17938722552753977 0.7041837020679735 0.19077617017392945 0.706163656248077 0.23998453855889967 0.6936842167627205 0.3021685179733917 0.6752693473703179 0.304040788795937 0.6618850127817305 0.30467381793941306 0.642262845259873 0.30267303451183114 0.6385326649759998 0.27497893910918286 0.642299362560396 0.2708275944718743 0.6399885299720901 0.226875542848604 0.648022083886881
0 0.2894956254146857 0.6193527513939633 0.2722181710356788 0.6277628613117808 0.27451477931993795 0.6415176515750376 0.30166001423311917 0.6389199701634675 0.3075941150728875 0.6376257032377833 0.31502780490129634 0.6416051094027407 0.3620213545862962 0.6358194620287402 0.3841165853498197 0.6298081075376786 0.39434117720821255 0.6229754647947913 0.39487006600258995 0.6203370034324082 0.39819473127813904 0.6137061373685674 0.40190182728996826 0.6020565520382721 0.3937407216222607 0.5929955005593449 0.38229727076345305 0.5822658755037661 0.3703322427870494 0.5844041781201509 0.34563001368490043 0.5884887555762494 0.32841816455451284 0.5948957464170851 0.3176349479796147 0.5953447701854685 0.30129309409975635 0.5981312066543013
0 0.1789072710131558 0.7090006655041949 0.18038519722563112 0.7489001214621266 0.19496793020479347 0.7536561098419456 0.22261710220226788 0.7491117086047027 0.24605617305961364 0.7390023854325913 0.2809763534753318 0.7282342921866256 0.3068326991806962 0.7203575846717819 0.30900463202300116 0.697429556961349 0.3097373967361084 0.688826913773006 0.3023993108781729 0.6807271352390597 0.2917415338004845 0.6802101759622731 0.26142491592074846 0.6903661314069334 0.2328968178794248 0.697829410853636 0.212495163972309 0.7030466767871237
0 0.3116677714515654 0.6857930204783736 0.3067478733513827 0.7209639805348242 0.31178274245676135 0.7273615005442373 0.32514006865199147 0.7274203134597551 0.34563229032668413 0.7296299613639695 0.36836352228337355 0.7232350521004198 0.3855815979095175 0.7172260784266729 0.4019236184609441 0.718152637812758 0.40638532611988165 0.7178817173081274 0.4178328969584082 0.7100612119629383 0.4319244233513113 0.7035257091152993 0.4318923201160313 0.698372301269151 0.4363818245565514 0.6972298063351111 0.4368308795155697 0.6893095977401181 0.4410338032328693 0.6848328825490565 0.4373019893179073 0.6724845050149723 0.43247031059100155 0.6720359285508092 0.42317548872059246 0.6698499451660905 0.4150212478048021 0.6729675331087153 0.4076376167756624 0.6806691954098899 0.3990535047750413 0.6787854529669818 0.368963567601663 0.6879937952519245 0.35964094894967136 0.6866793862966154 0.3422767119927854 0.6870045949914795
0 0.30527190519830505 0.6440430564941352 0.3023672076428929 0.6755737273929112 0.30384852739933144 0.6804600426932715 0.31217959739657797 0.6861713001504922 0.3251961847899883 0.6866473690929932 0.33539772948582913 0.6850428998388424 0.35998168775149114 0.6862621302696322 0.3683376835611885 0.6870851584470717 0.3798451544165777 0.6835464865186217 0.3998490404741427 0.6784812980457501 0.40834832664545034 0.6809714363517004 0.4146234799552514 0.6731196105693312 0.42223809814444646 0.6704953173839975 0.43181662976894447 0.6719988661753659 0.4355604501352649 0.6613840676029946 0.4325700138408051 0.6524830114316836 0.4299759099113302 0.6414215503745705 0.42630686698236253 0.6373716611075974 0.4053028193626572 0.6347837335312646 0.4016016731984094 0.6255804364181429 0.3960870813832982 0.6239580445827598 0.3845532492308924 0.6303766183658053 0.362702378802618 0.635860976845081 0.3148753626352539 0.6406583760057223 0.30760004776331273 0.640857085738887
0 0.1950421357844057 0.7535146017705472 0.18534378123850243 0.7640604520214919 0.19198185034841986 0.8028755865100751 0.20668596462524835 0.8031148659753038 0.24246914490194615 0.7900852126464747 0.3087127304412801 0.7608511146431356 0.3106425104289355 0.7539266307175215 0.3096023277015093 0.7422765822385115 0.31743235084893723 0.7343987332063294 0.3147511222067113 0.7276090904268088 0.3115587601765726 0.7275271589745689 0.30636213978661647 0.7203967606031064 0.2818933362060864 0.7281237765137908 0.24827047884646508 0.7409787087856547 0.2413066579176038 0.7426643231394632 0.22989603653048418 0.7486549866329826 0.22289904822272366 0.7490508235492751
0 0.21271561985487192 0.8027632522308767 0.19985969938060189 0.8167956276610582 0.20193843611258144 0.8378170454251174 0.21023768873321552 0.8548321181000387 0.23722025533860303 0.8451671785873351 0.2716478663276111 0.8303764943439491 0.28283283095392786 0.8244721055636636 0.29601553904857103 0.8165014669267564 0.30829399137713 0.8065972479488241 0.32979446096545134 0.7964233466787048 0.33807091146586665 0.7815369106381719 0.3248485211008333 0.779103055061719 0.30991875006320196 0.7789500503097244 0.30848870240335013 0.7632160685503306 0.25807100005336764 0.7831433556768844
0 0.3342045877487877 0.7280243549842864 0.3172991070597947 0.7348480341632447 0.3090987325013795 0.741946058689762 0.310748898564138 0.7546445682798085 0.30857712700965234 0.7608787116283429 0.3113727275630068 0.7789033609343599 0.32521426898863137 0.7779344162620886 0.33923748754030675 0.7815793187316924 0.3725563312849747 0.778207233618887 0.3976693944974369 0.77436989741009 0.4222079384733377 0.7653483994691382 0.42188308203596236 0.7600687848627672 0.4377201238638122 0.7558151253225956 0.44146146186907687 0.7493411484610114 0.43728517995604826 0.7462545473065979 0.4381719416911406 0.7390706805259363 0.4295017293927621 0.7377022311074164 0.4240404376603401 0.7336659065208755 0.42146861603028984 0.7292453677824513 0.4179661288766303 0.7204973405248013 0.40765476047181065 0.719035840887083 0.3878910995301183 0.7201074463986247 0.370058557300043 0.7276458208066963 0.3483691836205241 0.7298139330442166
0 0.34116320027813335 0.7804828120057135 0.33015035124679926 0.7958612100388712 0.3079670579426985 0.8057835036473331 0.3082606245304015 0.8171994060730042 0.3115188548586654 0.8336061618273796 0.335669962697846 0.8315776249186569 0.3424860519140601 0.8343754647954036 0.37669706336761083 0.8313827885244457 0.42884710053909847 0.8200905175067033 0.4334385044559925 0.8050056860612486 0.43942680765393216 0.7976726333317173 0.42690516987990035 0.798497197365155 0.421543153670286 0.783615284943223 0.41158432756998714 0.7762549283442367 0.3982752035836707 0.7734177713229449 0.37309235270680974 0.7794433156736632
0 0.43885860864488174 0.7981106723431094 0.4339229329432328 0.8043672526015136 0.4290279903788209 0.8171625653958916 0.4318463656831246 0.8251882265795238 0.43491526696532873 0.8305692081250026 0.4420642802789061 0.8434934546080739 0.4740047646748713 0.8320099954623158 0.486442144037059 0.8276189753783472 0.5467513382234711 0.8020122344287137 0.5546817344029046 0.7982519721996238 0.5604115425430051 0.7931482859516779 0.5615601866959317 0.7857906940424465 0.5622692101248817 0.7687697222030666 0.5537192053129639 0.7632995468784346 0.542901717127348 0.7637940855745651 0.5340659173028337 0.7620744585189502 0.48601411457010135 0.7837231217610418
0 0.5628109952179193 0.7700190954627328 0.560591530451513 0.7927153435752515 0.5536723450212488 0.7986378891964554 0.5463190029695492 0.802541656054348 0.5553457189076533 0.8191175430672105 0.5632073983852082 0.8201172184887934 0.5717184914274026 0.8215968616663977 0.6359855982334769 0.7839171880464365 0.655412701095321 0.771391885079537 0.6585819453790726 0.765810659565588 0.6638034160933179 0.7558035310381664 0.668486744449553 0.74964343002897 0.6688059871293319 0.7422388127401437 0.6581204682449324 0.7255688749680914 0.6361328015267393 0.737616638668988 0.6053147990865728 0.7555893764811065 0.5967684370096823 0.755215601934366
0 0.5672219411860905 0.735925269424342 0.5549645497324107 0.739883347131884 0.5506095708935228 0.7513798327969825 0.5359399771923332 0.7606296982708498 0.5442358132913235 0.763648152455744 0.5555579961677672 0.7629606552611978 0.5627386357810135 0.7696826323355143 0.5967684370096823 0.755215601934366 0.6171714815859995 0.745958450990444 0.6361680705614354 0.7365107700381244 0.6576510425888008 0.7246559648356438 0.6569183413821733 0.7085503316187299 0.6531611147656062 0.6986988501702021 0.6478174446396496 0.6890897810897031 0.644967443035677 0.6872663893148258 0.5982199315347649 0.717519589235797
0 0.4453424791381337 0.7380994715488173 0.44242922493482334 0.7486806185914495 0.43760299907229006 0.7567159937351547 0.4217032949436998 0.7602459860463066 0.4229334053711005 0.765965859209022 0.4172741353003923 0.7688578081952407 0.4267793837321963 0.7990876072852794 0.4404079617520614 0.7964259282169985 0.4857617672246875 0.7838196010102495 0.5343535336829438 0.7608721106388786 0.5504295829850148 0.7518127751734088 0.5496616127436912 0.7368130105873586 0.5466596067958521 0.7241238910022614 0.5411006797266915 0.7160536329290524 0.5347512629541066 0.7119268816232766 0.5156470455070685 0.7221439680792411 0.4886793272149621 0.7288131787246771
0 0.5396121757622915 0.6625203672656381 0.548457563511665 0.6745458134771919 0.5499932452624736 0.6884030040787811 0.5482216861241409 0.700314793105041 0.53554534011768 0.7096550942651828 0.515973094615216 0.7216318852401719 0.4890225403732534 0.7284049800426637 0.44633872671429187 0.7370205230063614 0.4297467640530539 0.7382283218598419 0.42322715855779436 0.73365927499507 0.42160302278666406 0.729465451753924 0.41819608891747223 0.7214594511579611 0.4183467234160258 0.7098464007137203 0.43261450938882545 0.7034284834250405 0.43181638105714276 0.6985978701219359 0.4364877968447577 0.6968118608925233 0.43654676619163874 0.6903696159855609 0.4504302303353173 0.6799258308185882 0.4839298747459801 0.6745006604273872 0.5199370261484263 0.6639439973968285 0.5318232716515823 0.6610044874914942
0 0.4376778382508255 0.6273451079963204 0.43323850422810256 0.6425237546366841 0.4328016353148026 0.6539252553116833 0.4363999273157172 0.6628210493910015 0.44120694301952496 0.6728596403750712 0.4511940572965329 0.6812387238404267 0.48357985428732614 0.6739925128303605 0.5331579618766151 0.6604941991402334 0.5379242539472536 0.6580299461967073 0.5443146817890225 0.659759516494327 0.5521625552466127 0.6548331513615085 0.5609640082314659 0.6498631918223015 0.5656322128877298 0.643584620769724 0.5604719655939169 0.6285453203654626 0.5418763620294542 0.628272270834252 0.5385348197698455 0.6228091489776565 0.5275630357264587 0.6154485014605886 0.5228605296997277 0.6182093522318999 0.49768795685879996 0.6220557816544616
0 0.4027245438469733 0.600264596779159 0.4000010107470532 0.6144662611233901 0.40162996321521005 0.6253989270992831 0.406214530548179 0.6355225661418964 0.41648145697723127 0.6351280757301637 0.42763978245531425 0.6366396739958394 0.4340302102970831 0.6383692442934591 0.4372967275530555 0.6278118019411923 0.472768922627827 0.6248423214765814 0.49845017825434 0.6211223937647177 0.5250196217985327 0.6148159929070977 0.5284512236441384 0.6128620283148324 0.5305711976754498 0.5992121059740166 0.5277630061778401 0.5839155206398909 0.5143507123179286 0.5864755254131307 0.5011185376300111 0.5742013572886489 0.4656168578817991 0.5803919602067408 0.434089764135245 0.5882728205245317 0.41279690101295163 0.5944877510609062
0 0.5423202376967372 0.5822017149436175 0.533710142843607 0.5880614679661799 0.5311747567440586 0.5986603639706013 0.530643011547735 0.610740108359714 0.5322376626454247 0.6181550540543409 0.5381847993111915 0.6223010013806297 0.5432748382983946 0.6280585803107763 0.5597408344374929 0.6285038667133079 0.5708010725012012 0.6262011468699323 0.5958412565572871 0.6150226790570531 0.6154461978645427 0.6043173274517478 0.6310486740623752 0.5973891218118074 0.6485583093147333 0.5903737273590891 0.654467933478682 0.586509392580947 0.6534098442743425 0.5737535452319547 0.6590954145017767 0.5677279776007736 0.6539399839049904 0.5594275199312595 0.6474562853458734 0.5606224742593361 0.6397917421916283 0.5552072283175974 0.6299338055681111 0.5496676214193946 0.6071164996547376 0.557749327735257 0.5831558616480541 0.5672311158857353 0.5771529667667573 0.5740199752895735 0.5566845055182361 0.5773518348524065
0 0.63053999127679 0.5972626201011091 0.649003206056411 0.5902036312420021 0.6557157752490689 0.597908752501712 0.662143715592656 0.6076486049037627 0.66281908853355 0.6186248652860447 0.6300012393264833 0.6440114197058571 0.6007720487262782 0.6648160827354933 0.5783733660124929 0.6804413772109147 0.5540037382002743 0.6958572626713287 0.5503121754820116 0.6898859932177063 0.5486800118825037 0.6744607654186484 0.5401535543526683 0.66391830834602 0.5384967227767464 0.6584530457351906 0.5445371301598613 0.6596744684357835 0.5520987692027052 0.6545365535337235 0.5612813328853283 0.6490999000496445 0.5656959989316374 0.643881218597509 0.560853076291687 0.6280786264205906 0.570292389715616 0.6260746451592344 0.5953963598156096 0.6151927751741401 0.6160497569331516 0.6037655854483324
0 0.42510360166388844 0.5552304905138935 0.41957823670767547 0.5606467842024231 0.4140848719487965 0.5650597044014863 0.4155932372986795 0.5697690896985451 0.4072900160446138 0.5795512298354483 0.3886113741378207 0.5837191655081166 0.38838572019864065 0.5884307542156312 0.3942796129039447 0.5950976093304776 0.401547259938429 0.6012392408252459 0.4124043361090089 0.5941148686662346 0.433633527816633 0.5879806495339567 0.46461195829137936 0.581092448259518 0.4911745137712121 0.5755621763755091 0.4984322454586464 0.5678316535577732 0.5032337753794104 0.556745268012497 0.5050924903421263 0.5481055192066742 0.49650517402608024 0.5266102100405468 0.483356854749025 0.5322979291809375 0.47697634885234347 0.531433573533085 0.47479102168492027 0.5408589543585695 0.4529422583230575 0.5498730897594549
0 0.6499594194387766 0.6318087864233056 0.6572336767046273 0.6471985207930767 0.6638883623162395 0.6654681714314555 0.6560430591719005 0.6750752370283326 0.636817108794745 0.6916764705844293 0.5983265976117336 0.7166342083110858 0.5668665116191347 0.7362609862087705 0.5556138651756545 0.7392416602101242 0.5503125016007799 0.7376343394723888 0.5471291596829772 0.7239843334506003 0.5408750020177902 0.7167944581261311 0.5357992923820957 0.7104755486808814 0.5487473476859382 0.6992479418835357 0.5552222016167804 0.6947901513442382 0.5788993323018667 0.680451666345747 0.6304035517412306 0.6445716005615624
0 0.5026267774256536 0.5101867904433764 0.49800372796995424 0.5261974991752163 0.4999380724514222 0.5341782678856318 0.5079793359891318 0.5482538392589582 0.5267714528828417 0.5413597795545136 0.5522408522699491 0.533075522748632 0.5939695059520848 0.5182842337100088 0.6095962715810422 0.5128910512042995 0.6094792909592116 0.5103196797207409 0.6169608981334264 0.5065872258220739 0.6172735075484624 0.5009448366630221 0.6254720674289214 0.4934501437840098 0.6262720302081394 0.48500532983213734 0.6176307945860162 0.4772633689227153 0.6151794880931085 0.4709336357046771 0.5986862725544191 0.47229792497030143 0.5891324554328465 0.4765319636838355 0.5614190100836346 0.48654621237478124 0.5444428030823623 0.4968154835878686
0 0.5048717480516949 0.5500233093403658 0.5255050215835009 0.541553293290365 0.5304862827406909 0.5434276276002723 0.5523563789245801 0.5336127085139767 0.5833507021931754 0.5226347683896401 0.6092511455843492 0.5133136796264798 0.6176851206756693 0.5129959154327991 0.619878673146457 0.5211682592561332 0.6227891783234888 0.5255783640991218 0.6279155747825673 0.529141273474817 0.631671645025272 0.5486339965667321 0.5830938728349921 0.5660438897769896 0.5786931528853562 0.5709238557302337 0.5666346278451595 0.5746621254976996 0.5568497574143251 0.5778217926805441 0.5417991710913225 0.5838667182947626 0.5305464246991428 0.5872969169832124 0.5267442228667205 0.5838090867543383 0.5139080738585649 0.5869726311830489 0.5010321384327535 0.5747454862838174 0.4995035912096934 0.570679053470322
0 0.6357232142104351 0.47927754604284184 0.6295014474945777 0.484275604831836 0.6248755770585573 0.4927795649314996 0.6178396122256036 0.49921147447407743 0.6167698392050158 0.5059816549792658 0.6142510148558149 0.5073188568863892 0.6153663896014918 0.5125052222175481 0.6182932488500077 0.5117603912660745 0.6193742519597955 0.5207017667501866 0.6240838391198611 0.5256365276636841 0.6283853913806119 0.5299789176215315 0.6387562503613964 0.5233945480831299 0.6480136062780373 0.5142424058784529 0.6598678882233243 0.5093360047851633 0.6786112900503416 0.4999247714366913 0.6896532455600655 0.4990708137618685 0.7088427972853535 0.49173412654586013 0.7233627485310652 0.4835634462580514 0.7366585950788321 0.4736156531032932 0.7400259891810187 0.467089590289633 0.7382776329053582 0.4576549882717089 0.7291827767604966 0.43493911638720323 0.675505767264535 0.4580806043725427
0 0.6400122252463056 0.5215211373126593 0.6305300033276477 0.5354778120597364 0.6321881521655426 0.5491929727599422 0.641456612738935 0.5542588579992562 0.6472592207618326 0.5612237975168471 0.6525998544646192 0.5580339988027567 0.6628890959589053 0.5598397885359356 0.6752198992949784 0.5551253872568446 0.7061288624953432 0.5387163333457027 0.7394244327930124 0.5213948146708657 0.7611291418905449 0.510226691212707 0.75935980592632 0.4999978282301389 0.7498488743163454 0.47378795447349625 0.7400158652039069 0.4741035932712547 0.7234821381505342 0.48329470974140737 0.7094490762899278 0.4921037185805994 0.6890488578673779 0.49932931193927305 0.6784203130558378 0.49994910565826306 0.6596696305637876 0.5088398951660265 0.6493276664754681 0.5127939091420383
0 0.6626609797679816 0.558779074270467 0.659256462718915 0.566968289390669 0.6538046418897981 0.5736443858223971 0.6555739778540232 0.5838732488049652 0.6527924738762996 0.5889544458796481 0.6565506490882783 0.5984229215591371 0.663151663779409 0.6091003610058682 0.6758831059341646 0.6082505371165333 0.7115681542982701 0.5940332085283734 0.759750786687944 0.5698720320846656 0.7649441364578533 0.5615599635944147 0.7806542181481115 0.5509747538469948 0.7787650148292911 0.5405330311224721 0.7689233323350362 0.5163938165965538 0.7631572186884823 0.5112055322924243 0.7419250979857788 0.521012707039905 0.7055614429871655 0.540081202532403 0.6762435511850037 0.5558819466010815
0 0.6777749503451649 0.7923438485716789 0.6755659687486977 0.8081352332533861 0.6721955728212992 0.8168972427147135 0.6722954016374171 0.8271350217401916 0.6676255300293081 0.8298546175237457 0.6713336449387219 0.8405812045707682 0.6779527300678967 0.8469252293038737 0.6869757816760158 0.8514159753738992 0.7258198696045578 0.8365648247372075 0.7955465793683361 0.7991633735887004 0.8029012129047067 0.7991540280891819 0.7988553790132777 0.7689388445338099 0.7932050597074367 0.758954815018622 0.7843653111073968 0.7520585448863996 0.7358554428550192 0.7692039206626738 0.708062421497864 0.7784286827660458
0 0.8029114089398132 0.7487045753271196 0.797222857100311 0.7499452863800166 0.7939905225226918 0.7577203342987372 0.7990862600545363 0.768383483968187 0.8044268968769167 0.7981036291690028 0.8249128627308806 0.7907383760617233 0.9192571828068924 0.7668122782897983 0.9180887593513223 0.7499767250209239 0.9140975126177114 0.7314178830106206 0.8794116198067026 0.739541269482265 0.8467607510835999 0.7473536993990586 0.8284455342924422 0.7501523083927157
0 0.6698283530367248 0.7407326979668225 0.6684001615057533 0.7487521498963153 0.6632256225317068 0.7572697553468704 0.6587913047146153 0.7659714425971312 0.6559279125280337 0.7722041684076221 0.6578771260490994 0.7812677889242821 0.6672714564231358 0.7874849389022426 0.671529480356787 0.7909949537626734 0.6865601117873867 0.7875837771588329 0.7086170032718604 0.7777495626117837 0.7367337253617535 0.7684010409197727 0.7850127125728725 0.7518110257091214 0.7884782645666301 0.7467493432409427 0.7857412518554298 0.7356514774280031 0.7814692096725013 0.7125291064705834 0.7686046545549483 0.7048361869284719 0.7208802491178257 0.7207470819848614 0.685413566241321 0.7366424012087202
0 0.658466118142586 0.6993021193428838 0.6577781477685696 0.7075056530720821 0.6586228704914018 0.7244649659295955 0.6696902916869455 0.7417196595094292 0.6861990290565758 0.7354079204888352 0.7205565483850878 0.7208708415735005 0.767771613706514 0.7042205041517825 0.7742456283612711 0.7017453123790004 0.7849683214501608 0.6897052314019904 0.7793086566448016 0.6666462978221431 0.7770809840492979 0.6562878743745321 0.7688457316313133 0.6538313736007866 0.753310432834776 0.6630405598716281 0.7153493001627275 0.6836262827977483 0.6709141528359218 0.7066871974966507
0 0.7825261224375555 0.7027832506331556 0.7819785497881978 0.713268548835912 0.788985268307447 0.7442200595901064 0.8039327070984625 0.7490317083253668 0.8289975128543308 0.7495259026555224 0.8473153328575964 0.7466745792447966 0.8799662015806988 0.738862149328003 0.9140046929262321 0.7309862820336367 0.927459725976563 0.7235066148372367 0.9279098061846822 0.7060522636251667 0.9248873252744052 0.6838534168327813 0.8956879902957828 0.6669918081844074 0.8537563614678111 0.6791283120245701 0.8222508292477112 0.6903979462697274 0.8039656375158823 0.697695954462603
0 0.6650007106520781 0.6103171241241848 0.6633304528282131 0.6194216875714925 0.6554896735759854 0.6251406379691294 0.6525606728421229 0.6326099584243483 0.6543924839956431 0.6400732293374684 0.6570624488321453 0.6472160513157194 0.6674898723928047 0.6577424698296085 0.6697963074065296 0.6589771516531109 0.6943092778627017 0.6453721875194052 0.7216371302442594 0.632202799386062 0.7453412329123312 0.6180000182705261 0.7621613659762083 0.6076385913453535 0.7705090797545718 0.5990046187301846 0.7777212437445631 0.5935260050336997 0.7773562015362613 0.5855019484845586 0.7729453080019331 0.5723728906318747 0.7691983651668219 0.5665488957389092 0.7659921799093021 0.5632393618948895 0.760607289916257 0.5698334973213174 0.7113102140223546 0.5947282368670598 0.6765268361786045 0.6080268676641271
0 0.6643760819765039 0.6580258874186683 0.664081710642163 0.6650926301912681 0.6556754250740362 0.6755631346398353 0.6506202418523125 0.6826359269545339 0.655388615667319 0.693209459384397 0.6593743828180574 0.6980350761269459 0.6706091617812922 0.7070433952282728 0.7148773155773028 0.6840713492917448 0.7525896941549157 0.6633033980394586 0.7654270848391039 0.6523481871605217 0.7726978206188584 0.6450330416306383 0.7762291754911252 0.6424734831797516 0.7793061180849208 0.6325287495354289 0.776933549353809 0.622551017573363 0.772080342625207 0.6189641156823823 0.765933057549627 0.6061965711384426 0.7219067528402928 0.6324020717133386 0.6934726365652445 0.6478085528486667 0.670306266703715 0.6602939622243635
0 0.7660224276197964 0.6055576897827373 0.772858412132901 0.6183642821865193 0.7778610731069604 0.6215916872827886 0.7825618008190554 0.6213062531796958 0.8118340707770857 0.6055793231094989 0.8375456999679673 0.5933302174068878 0.8642757353676949 0.5815988164523896 0.8737342501961232 0.5770755000184131 0.8819355345000787 0.5730328569867403 0.8845378532336694 0.5693167124320354 0.8913309403821696 0.5639983232029849 0.8918363625227808 0.5589673845910604 0.8854765142554059 0.5420481194920533 0.8787914963732837 0.5309979466879524 0.8650806165691329 0.534728206840888 0.8562815152833474 0.5402088370514059 0.8272157589750133 0.5516238220991009 0.7732149305979665 0.5725721629591513 0.7775056557817187 0.5851424516898475 0.77826048893663 0.593924549688253 0.7700900029130808 0.5991648431976191
0 0.8925634221683351 0.5707836649005578 0.8949652767943286 0.5798431309459245 0.8973333083688663 0.5834731137248134 0.9041662681109213 0.5920478733398105 0.9064802650522699 0.6038621371352748 0.8962159072067907 0.612019469376206 0.847279336364616 0.6385905162879123 0.7889998818880148 0.6638958995724057 0.7770779158727803 0.6569644490056293 0.7724034492845175 0.652099784403238 0.7735359743018404 0.6447125926957693 0.7760196370703799 0.6425535954134688 0.7790965796641753 0.6326088617691462 0.7813939403647521 0.6211480452262942 0.8119234408472551 0.6049404417537935 0.8379046926341702 0.5928906083784592 0.863437581684713 0.5819192653872588 0.8730455507585988 0.577036452158571 0.8816982225699763 0.5761471515315492
0 0.8904397138816114 0.6157396469589768 0.9030766404582025 0.6175600466801114 0.9053598391191447 0.6281766599978826 0.9102145582332714 0.6338794782832556 0.9136130951008525 0.6549544969653963 0.9083175751779771 0.660909751036119 0.895027284600842 0.6665957031160125 0.8531473739611023 0.6795839675483754 0.8033358016134405 0.6968141473396882 0.7937864043293179 0.6998604287349776 0.7834544003809272 0.6971587944429527 0.7832711230840138 0.692088807971186 0.7854851632565198 0.6897305383616089 0.7792101479027403 0.6658246427237192 0.7830681847752792 0.6595119083723183 0.7894790429047938 0.6640150596659652 0.8470697979438706 0.6386706285216295
