0 0.3481451715085193 0.10204127643833132 0.3599078753471614 0.11394517256505228 0.36269771360182806 0.13691539505196157 0.3569745833939605 0.1490620547869416 0.3261041661963477 0.14315968505342833 0.24125885450752993 0.09363784440753016 0.24445812939360878 0.07847210615230016 0.24702802477896713 0.0651099045039411 0.2505201187588494 0.0596557032112511 0.2539862960779885 0.06637924106801707 0.2657865874041061 0.06739535879004481 0.31688543466350466 0.08656257828086544
0 0.24011999831337155 0.09359395303283431 0.22929839203659685 0.11704339711842726 0.2321046192342916 0.1301994327077368 0.238674121252754 0.14200585308236255 0.31200244313166314 0.19212954106574406 0.32582230251384187 0.19958451342065006 0.3342207461930282 0.19639493264092392 0.34642035221296064 0.17496398808548405 0.34494633951594833 0.16407129812973623 0.32561349394582706 0.1464614648470152 0.2661074994873769 0.10899490623654651 0.25936028618323065 0.10961261571516993
0 0.3403485645698519 0.14797908373014726 0.3316729413975346 0.14743558411231858 0.3309871499757201 0.15318913847065066 0.3494023162657151 0.17153416820713896 0.385953001314294 0.19928899026455393 0.40726102921037355 0.21989604934752113 0.4192435556016754 0.22465968899555647 0.42630978478017933 0.21920676258226857 0.43245981550152507 0.21761032683355197 0.4393911569908838 0.2180940957484967 0.44080210817745935 0.19281653268160645 0.42188281061258215 0.1761243786790118 0.4018621991900221 0.16010637414021764 0.37257026283531236 0.1456874379243056 0.3576545192796673 0.15035136047281475
0 0.37277598948785373 0.09556293143799977 0.3644701035089296 0.1003436828181113 0.35993242842733364 0.11417913301955245 0.36392956553703715 0.12200960132383891 0.3633402806767334 0.13767777751136712 0.3639867037556014 0.14569467750326096 0.37270811217039373 0.14599333101768108 0.4024126093150355 0.15924908370651672 0.4230766821705272 0.17704139981559672 0.4417202810652417 0.1931217676314405 0.44204620744678397 0.20285259034719472 0.4521396923128614 0.1926845665485519 0.4569594829641488 0.19298651078067897 0.45989121930552374 0.18043765437333056 0.4529554353472605 0.17059000282597384 0.40317516299211875 0.12179289503332735
0 0.34775581938707345 0.17355868180036116 0.3344038871629287 0.19541554822728938 0.33068985283822855 0.20380333716377383 0.336246649838022 0.20955162637377478 0.33978988338422295 0.2281540069409582 0.3580149981971329 0.2329123814406623 0.3779913052001859 0.25229652629366917 0.4184918612930252 0.28500536854797515 0.4266618723674921 0.2840804496888935 0.4369315876962853 0.25836700182619743 0.4208121004295742 0.241305275166095 0.4065259972924916 0.21861142998405259 0.3850348284265116 0.1989837553147199 0.367036171787697 0.18779899327996596
0 0.23856829288862924 0.1417099547882353 0.22894403002327246 0.137112631271698 0.2192734987999595 0.16500015277416966 0.2176738768909855 0.17355446351200868 0.22174639471817714 0.17700510929056304 0.22144010169087314 0.1814463284450183 0.23341155949414438 0.19311431358650255 0.2783283237206775 0.22202491505615315 0.3083747097857051 0.23935221641823876 0.3163318572549215 0.24025014533676683 0.32663354652090126 0.24262641708588473 0.33643508500681985 0.23085782806357383 0.3353150520339847 0.21021652891657353 0.32599708219593193 0.20117798624558084 0.31291819384029407 0.19543221623029286 0.27157976622848173 0.16841011705507147 0.25362523266472614 0.15650045813720226
0 0.33779259094921704 0.2320080433230919 0.3278673413388588 0.24303657654972421 0.3178130743217584 0.2421404163919636 0.3160268907981931 0.24748752388840078 0.32824378099448026 0.25644138152547435 0.3317652366866399 0.2684454536614839 0.33990894577044756 0.2725505858214139 0.3509509119272018 0.27517295324883545 0.37303882395243726 0.2888061662952142 0.40765389891299064 0.31534049601574704 0.4159219824065258 0.32158376366994484 0.4207936479029167 0.3193591743809904 0.42627391974218865 0.2998636685915894 0.4265775596283414 0.2898301306427769 0.4191126035157323 0.28630010611260603 0.37783304668234463 0.25335667619157204 0.36400990172420533 0.23897633230644463 0.3480530513430786 0.23294005976490484
0 0.23215662827747724 0.19195738458842748 0.21789074138166553 0.18574558847661274 0.20865648181418273 0.21744879877979803 0.21255140354805246 0.22804907303886435 0.2703121740996988 0.26488230171676386 0.3053302165641237 0.2838700198072183 0.3110358276682863 0.2847872561957156 0.3191594095369833 0.28063118570459705 0.3284038943491949 0.2704808536745548 0.32908903293746 0.2569953144914808 0.31611835472726274 0.24778576789840248 0.29882349740186454 0.23420013739410747 0.2899183283968263 0.2307499658366127 0.2807526303463409 0.22476438026291348
0 0.2117971265219213 0.22802204775502297 0.20056215974970143 0.25492513513325993 0.20208349425367456 0.2701371282356791 0.21057805049378125 0.28000777814956707 0.24498022604959735 0.30124850892331856 0.28338259389291875 0.319529731595059 0.3108567638355678 0.3274376510979053 0.31485695612307296 0.3244781429958941 0.3214427207309442 0.30031880860444315 0.3185195594883969 0.2938321988983448 0.30959349301783984 0.28626913965767786 0.29050018665379174 0.2765516306535023 0.27340784869908025 0.2671929381608497 0.268757483513953 0.26748526373093107 0.26632267883260885 0.2645311830592203
0 0.2021385960532594 0.2723001068182309 0.19781651562408448 0.28066744905021457 0.19057883358742328 0.2984824597846792 0.19269116861670826 0.3056186608780103 0.1941574013210965 0.3186676753978775 0.2136288606471779 0.32759175627133685 0.24808148591946444 0.3411897559608222 0.27204149409425427 0.35068685776665803 0.28469747744789575 0.3555069393677248 0.28545145733040517 0.3490172282728834 0.2922634442405092 0.3457669452951624 0.2962091162388188 0.3418701723189517 0.31113692491660694 0.3480582536774827 0.3133507408892221 0.34113470631063364 0.30982960099669105 0.3280153241133963 0.28397766499095584 0.3200339355444369 0.26174834982108186 0.3111121807125348 0.24416939983633512 0.30189810031055136 0.21014537724255233 0.2798639414060836
0 0.1949142887555525 0.3183065328447975 0.1840545673934194 0.3382876235505569 0.18724974857155546 0.3482348439193012 0.189578420226455 0.3554429633843739 0.22759798302462841 0.3647119045200126 0.2445250155805852 0.3675816612650096 0.2779493149932163 0.3793059065532815 0.28860607446868913 0.38744431276788216 0.29180067413643584 0.39616581942827417 0.2957985403823838 0.3883034564928541 0.2992587633714368 0.3870027230240171 0.3015288441644155 0.3846935816564245 0.2839997623857498 0.36661105646182257 0.2850767934307077 0.3571649386537132 0.2716633411322209 0.35148028589737423 0.24770333295743108 0.3419831840915384 0.22179629515211102 0.3318388169400271 0.2174162053714045 0.3319146120476976
0 0.18930872633242352 0.3568852075551372 0.17589585554432602 0.3524262685071505 0.16639565234974724 0.3884846988177871 0.1744563723178464 0.39576008457148704 0.20534031553307802 0.4100100016897625 0.23487113719503788 0.42166542999503553 0.25747802381655593 0.42856804298786927 0.26499586693425625 0.4313736348329822 0.28684005101742516 0.42638025329537327 0.29375758944358454 0.41765021781593803 0.29094114273787114 0.40813528302482976 0.29158433751082147 0.39609390105653236 0.2888224110943036 0.3875162311396239 0.2775166417419873 0.379162069809798 0.24447107680177893 0.3678701100991623 0.22727376884140144 0.36521688381657613
0 0.4272556318752313 0.30230473642737893 0.421089310494889 0.31917968395337065 0.4146135713168776 0.32390867482349417 0.4335512157574142 0.34454127232598836 0.48995050354730035 0.3879501713253974 0.5088848825833431 0.40169991492714424 0.5165732581842452 0.3927862041080979 0.5176784014685875 0.3753756934062225 0.5122046663090286 0.3586455213558479
0 0.3274542503143957 0.30238891129877593 0.3157230276584156 0.32372216552517696 0.3116008046509931 0.3304816070807061 0.31353415059572465 0.34204713021317157 0.3139849991787613 0.34902376333734936 0.3328534520226889 0.355296341556439 0.3531349839531146 0.3649644318335272 0.37297085018089204 0.37858041872425163 0.3838534201355653 0.386879394195991 0.39466175914039536 0.3838407855323284 0.41411286320865454 0.384650605274855 0.4202411119259888 0.3855175632359457 0.4228549430102322 0.38014489442136473 0.4223996519582911 0.3638043786647749 0.4157869561375479 0.35770506926246476 0.39175692754865177 0.3563482946485171 0.38273495341183494 0.35139855238464507 0.3605558952915022 0.33310259860833896
0 0.3282688842137685 0.2702908084157534 0.31860039366355397 0.2813152999686705 0.31061525118578365 0.2849023443267223 0.3186406558872828 0.29361684223433004 0.32198337886109196 0.30077464189778413 0.3259789117459134 0.3052237081403662 0.3273546902546188 0.30256026635431327 0.34550461696975776 0.3181514355709958 0.3610030418171186 0.33227599620550685 0.3829756961405712 0.3508934338944509 0.3919976702773881 0.3558431761583228 0.41571790806809317 0.35729201486487666 0.42177932995042494 0.3624278597445854 0.42782705422030143 0.3386917331743571 0.41456621302973257 0.3243357782891903 0.40743584179095016 0.3155287226813203 0.372515468926798 0.28948617798891224 0.3507518098404196 0.27600952125623734
0 0.2977315122395422 0.3423436799640183 0.2919801257068032 0.34638004135219375 0.28631206482775884 0.3490165024159435 0.285559424353544 0.3559043010351532 0.28518694270363404 0.36743921477063646 0.3027487738363134 0.3842223632492899 0.34240543968972725 0.4126334623952664 0.3675671760852184 0.4269465000518969 0.38046266057716466 0.4333748419016073 0.3910866756916512 0.43191005810584615 0.39696508289815435 0.43005732445649764 0.40141069644607047 0.4177350705186625 0.3997666532630368 0.40457805471556796 0.3883381738813768 0.3922131961654261 0.3839682088127603 0.38695352092707885 0.37354957244230047 0.3787313075861043 0.35271365449686254 0.36514253305446553 0.33259345598297735 0.3553606925919149 0.3120129341805493 0.34899482568823964
0 0.30209404657901995 0.38503242903011103 0.2959140799245592 0.3900782145671318 0.2922410956000143 0.39643076378047065 0.2910356726576525 0.4090471377118386 0.29392215001677413 0.4178169714734355 0.3141036834491836 0.42902288359704904 0.34478254604945935 0.4468171162110521 0.39198441259390954 0.4759282273312097 0.39713936912958353 0.4607815948769072 0.4036928304603824 0.4491966733939192 0.39791969141026895 0.4414279633166347 0.38066868862844966 0.4343167322174493 0.36675793277381075 0.42728365865831724 0.34203370531986915 0.413214899216458
0 0.45726144211304887 0.19380207705167538 0.4683814229447801 0.1945730220589115 0.5273321946035705 0.22275266491796816 0.5441735398507486 0.23751871255478674 0.5466570491166654 0.24770672955175066 0.5439778720203875 0.2604695794957536 0.5357157968533144 0.26084375915805114 0.5242199387998736 0.26599441226744125 0.5043183563543198 0.2589882829534379 0.4769729098143722 0.23546392659716062 0.4534188135968182 0.22139206171230943 0.44267693122124857 0.2193814599046531 0.44015982343495946 0.21093772459064766 0.44098210677080124 0.20262887696578724 0.4526825175924118 0.1932551221802543
0 0.30458784475890643 0.42370572490648833 0.2945435461004683 0.4235972329309881 0.28656211692761085 0.42641109051058046 0.27485247522518197 0.4292280925537593 0.27301448915764304 0.4380603928293401 0.2849918212818472 0.44477569654669463 0.2885953861565219 0.4593931043566127 0.3110131283721402 0.46908217359958165 0.3643654228197846 0.5047110660269941 0.3744539434905704 0.5055797839560117 0.3792373526124889 0.5108975922743301 0.3883976826935141 0.49679575518736635 0.3854037926009449 0.47293771056897843 0.34288990635584243 0.44712461724883773
0 0.17041726782925942 0.3952111845262984 0.1695592779894013 0.40514606630021305 0.16360163811726125 0.4111638710337486 0.16121818102646096 0.42925650609407934 0.17302412927092076 0.43473647816506156 0.19930214018239722 0.4448053279154236 0.2726445340529674 0.4714088409954551 0.2810323360043623 0.4630884447235926 0.28643984210010626 0.45466599201898816 0.2850628208938806 0.4450989906061609 0.2734129091376958 0.4378934805191295 0.2638810864842157 0.43183645492586975 0.20493294788217903 0.41112901121888706
0 0.15818005633354532 0.43202671127696685 0.15304213892765095 0.4483256031259228 0.1491528936004632 0.4648252320119779 0.17314794555447777 0.48009060143309745 0.2612083688466122 0.5155818513853007 0.26828282105432755 0.513860667948787 0.276071890367351 0.5031592180212702 0.2722816242751205 0.48903710103333703 0.2734515615572799 0.48278061817371326 0.2648963015960813 0.47350548482318683 0.22648491086845018 0.4562343725170206 0.19973077659964716 0.44712593117994803 0.1731645281495099 0.43529316371618093
0 0.3867523050310077 0.5238580425520061 0.38001286696873143 0.5124081764057526 0.37362335517337925 0.5043637192812643 0.3616662365325512 0.5076247036245058 0.3111429247317017 0.4691209373151022 0.2880343614187612 0.4607809719695015 0.2810695465796138 0.46372813621544995 0.27233780291585885 0.4715943340595146 0.27381286532575133 0.48373930758284706 0.2723463351017944 0.4895785652195315 0.28281667316056047 0.50837678093315 0.3035981507823028 0.5201136574924743 0.3264957549007505 0.5325540135093815 0.34107541125270646 0.5413967011416222 0.3745823274849739 0.5558655390644639 0.3819843461270317 0.5490025602682169
0 0.15176464682779311 0.4673758005242518 0.14912015778922272 0.4748317346853872 0.1412616428108352 0.5001417254270469 0.1521536454892849 0.5120976948485928 0.20983324406196513 0.5362735836375929 0.2594191882624338 0.5552583212029395 0.26500718389026484 0.5504479307451801 0.26904016860079893 0.5238661909081868 0.2613867350692796 0.516320867212008 0.21665666709269626 0.49978391031345204 0.1859033116738253 0.48539281620278135 0.1729561540735406 0.48275570981784915
0 0.2768300594306956 0.5089522132563052 0.2688902643261517 0.5179818143916793 0.2696287117189302 0.5240618446151611 0.2729461879962046 0.5397510544413021 0.3477716531264328 0.5792121896648287 0.3629230789245955 0.5767475343611507 0.3728494048024836 0.5687950832789411 0.38454689702499434 0.5731005194971828 0.3848364225924354 0.563194695339646 0.37593332368314225 0.5573177014767766 0.34393030288649734 0.5445949371994153 0.32605073492779557 0.5332333115524309 0.30302181018474694 0.5209933535536726
0 0.14428247453323167 0.5107312828941886 0.13817851492878064 0.5132863823977155 0.13510250603416302 0.5414365158849203 0.18123214366316748 0.5621895194666743 0.24766889186351426 0.5946944014445562 0.2586997248361538 0.5891928950235537 0.26266724939261343 0.5796762689503546 0.2608250859036877 0.5728125692341697 0.2591280806977845 0.5618295950234684 0.2558145594135306 0.5544767610398477 0.2088044801031415 0.5384321024031438
0 0.27044606624205275 0.5414204389394169 0.2655215658696767 0.5493686713624046 0.25993515223905383 0.5575136121571721 0.2608266679008959 0.5761471195711777 0.2709100170408681 0.5890845215220119 0.2789263462799438 0.5863316589818995 0.3600096302822906 0.637458447060927 0.37177495565468804 0.6297005950208864 0.37345772288571744 0.6106726161985155 0.36138942496960924 0.599992614531525 0.3565272207568911 0.5842066325167025
0 0.1694620722991455 0.5599437204956909 0.15430510951075405 0.550737449619841 0.14636373240900197 0.556432500418207 0.14107396333325717 0.5696770935719738 0.14255481311183454 0.5901735298614575 0.18669791996749485 0.6098493833900472 0.2596780576143809 0.635777718223373 0.26629481720103554 0.6288088090000626 0.26798233042368946 0.619784481188716 0.2662884892122027 0.6154706076520308 0.2688580261134495 0.6050724852326417 0.26289368780179234 0.5918373840621239 0.24722788002421786 0.5953812987485775
0 0.24180086265149142 0.6294179180819005 0.24938725403172807 0.6506938052048655 0.23299328184322837 0.6698322668583891 0.11741081028310524 0.6159884748426353 0.12394708074220762 0.5944064511815433 0.1300455033564299 0.5801804254984883 0.16477350231919752 0.600060370052496
0 0.23269821928555862 0.6680671648363979 0.23778053391862297 0.6826760606149578 0.23903731828383373 0.6960132072981843 0.2255119005472711 0.7148550243968299 0.20314805305688555 0.7090874587003079 0.1478202539609182 0.6806923592336932 0.10830895791577655 0.6563049967656368 0.11653353259613697 0.6273659204617018 0.12418063813882346 0.6215730428098486 0.12925583378445088 0.6211764620718725 0.21783869205064932 0.6656278214880511
0 0.2082248306997212 0.7120254282993398 0.21698118932878352 0.7186871463197176 0.21699147231063687 0.7403617235102695 0.18963054530636392 0.7446020274839933 0.15674154583810568 0.7249166819721546 0.12178948146197144 0.6978774478118894 0.10589802627382205 0.6909275225550774 0.11221023131955776 0.6621862092877279 0.14826205679881876 0.681672737098176
0 0.10906164328342882 0.6923959800221907 0.09848289613054323 0.7205524414982282 0.125045452578192 0.7389681472443445 0.1819179796096031 0.7674600188996408 0.21267054402986996 0.7801838378418076 0.2200233780134907 0.7742931333364672 0.22596794136004544 0.7458463552943847 0.21809439740817999 0.7394781178344685 0.18933627374729828 0.7445042006305062 0.1571091875372867 0.7246221467468875 0.1220103828809217 0.6983676367441308
0 0.12173430428975035 0.7366171387662357 0.10312498992291519 0.7375155097493131 0.09674257873148051 0.7733182857694331 0.12212567594705437 0.7863408585960885 0.19694718608426204 0.8174656179770952 0.2106312090801169 0.8228482042485012 0.22165650506252765 0.8056757716479708 0.22142927565474468 0.7918473813676973 0.21848102307385936 0.7791981866532974 0.21237706346940838 0.7817532861568243 0.18155033791042202 0.7677545541249078
0 0.28124274576575314 0.5883229603685636 0.27113283711062014 0.5903424884330982 0.26527084709467397 0.5975721403240705 0.26946424738004926 0.6056126080134215 0.26622949680328606 0.6165641201868226 0.26863385713759014 0.6214778728216938 0.3262437391564057 0.6574038589656039 0.35507563898711725 0.6733185874124015 0.3716125446660462 0.6775500866120105 0.38048580544267263 0.6592946295126778 0.38103699609282915 0.6436530447575567 0.3727059152982983 0.6272741362907438 0.36137137298873995 0.6383814430685129
0 0.2743866347073756 0.624346393819949 0.2664314770940226 0.6276427039971888 0.2597756179299299 0.6394086398783484 0.26132432848393305 0.6535526162693933 0.3237583259843123 0.6826951633312076 0.3536823274954757 0.7020785682947932 0.36102423576893294 0.7062666167278749 0.36836282761595107 0.7034642666680101 0.36391585998900144 0.6908030550094736 0.3708198046872612 0.6819153104182604 0.3259056936018794 0.6585970277429668
0 0.262927930104634 0.6533867837230901 0.24775457534226336 0.6532351012629268 0.2387019364558609 0.6834248220452022 0.23957255732395322 0.6983917705050775 0.25746689353870855 0.7134266007715805 0.31447086726949885 0.7379682867953224 0.3492632178506142 0.748136703977007 0.35714557569449845 0.7214020508752045 0.35856128913003255 0.715232855690321 0.35448412830582615 0.7019956520216416 0.32388203710875185 0.6834352191268863
0 0.25123506895876924 0.7089086560066598 0.2339626047926513 0.704564503211496 0.22607295081060103 0.7159202796288163 0.21768579918964093 0.7187235140690649 0.2184982125645964 0.741009872973342 0.22787571646636162 0.7455251645971113 0.3268875847861335 0.7780909416455838 0.33101499368002296 0.7672317784867896 0.33724217526294764 0.7619631653615854 0.3370516339366295 0.7503674839286477 0.33421224764210755 0.7459289179153438 0.3149643851966819 0.7381323505808584 0.2577758397071638 0.7145777004114823
0 0.25131914457813076 0.7561143538072402 0.23250393942560005 0.7502089419083354 0.22331764013544064 0.7586874114160927 0.22036449199579627 0.7744799850859495 0.22179214456651103 0.7934762244756731 0.23900175824247744 0.7953532298251135 0.3228276693794103 0.8012038101402258 0.3234997894977308 0.7877981207840921 0.3195476663685397 0.7780971323082699
0 0.22958457643940017 0.7945710104355782 0.22393024693407326 0.7993926719873047 0.2258102514685526 0.8261883639891451 0.24109299106642335 0.827092740388543 0.26045770702329285 0.8352007657380046 0.3328495405160506 0.8556471608182612 0.339528250086892 0.8467309416261343 0.32895886794649987 0.8373706367732598 0.3158343695308 0.8282745630315077 0.3122846876036103 0.8037079258276991 0.2398006369880754 0.7960378166925853
0 0.4421716563305573 0.2202485045696998 0.43233914513411464 0.21824579641887873 0.4251889924418707 0.21840079007497448 0.41932580100351646 0.22309807119114336 0.41704008875610044 0.23278259702887083 0.42101060993659684 0.24201495707066398 0.4393976817436531 0.2604708667232574 0.47638869735060396 0.28352893980198624 0.5153347108148768 0.30628743789606033 0.5203585013427112 0.29846264077713935 0.5230276442004205 0.27276426406122056 0.5049778946067028 0.2588514428169721 0.477315509365401 0.2354130941324525 0.45367936508081536 0.22090913240161555
0 0.5239989088443178 0.3183461370594069 0.5197096874978085 0.34382243561871895 0.5147967358112097 0.34978510117401734 0.5031224684434965 0.3512845779938347 0.4527202610267568 0.31870418126792305 0.4274634375421672 0.3027119559930777 0.4268990312455215 0.2904974622253633 0.4266168280971986 0.2843902153415061 0.4362695650296969 0.2606969496212246 0.4414653205758228 0.2621077163371851 0.47616521753452107 0.28345464676702664 0.5189127907170191 0.31254086800502057
0 0.4269781787586994 0.3395807192459161 0.4223528366212598 0.3630463001716864 0.42856536449703375 0.388215815211895 0.4757232099577453 0.4114887579127819 0.4906412385702825 0.4180305497305876 0.5186295325120458 0.42195446446282153 0.5170573645538129 0.4049740031818832 0.5086765710951029 0.40155492167719714 0.4893434645147197 0.39069692529728545
0 0.49472459718553824 0.4286178696701574 0.4753641468041286 0.41181711856009123 0.42836850440174373 0.3896479400025083 0.42182036409960805 0.3874710936773504 0.394282244788664 0.38377145490828646 0.3863906171284403 0.39096709173468236 0.40103177811595825 0.4045624567603016 0.4155769017656015 0.418671401417461 0.4873255806805666 0.4594340280587696 0.4948320236171353 0.4521103414485408
0 0.40628996871307616 0.4135719401729306 0.3959797643837823 0.4341077438341127 0.4033165789724751 0.4461320951523997 0.45425445142072335 0.47744372614804115 0.4909197249640297 0.4979399095680312 0.4991504822821732 0.4923688430950693 0.5021928575410554 0.4863510074014698 0.5068622505559944 0.462661944752597 0.5022357664720214 0.4579288219656574 0.4934926908644503 0.4534247438234926 0.4876873732536721 0.46012162768790793
0 0.40604834824313013 0.4481428109729155 0.3980462324927313 0.461156964516434 0.39266516411217495 0.4744924746787634 0.39310974729334963 0.4908646037118806 0.4038812787837847 0.4839958925606835 0.47850492050669574 0.5371274128503145 0.49544516484620665 0.5402840843169426 0.49971222921191644 0.531803022824686 0.5011625094318193 0.5196356701652621 0.5005253210511209 0.506499376308276 0.49096044266944644 0.49919482318943365 0.4747458603692937 0.4910546036805081 0.4537238498519015 0.47774136250620236
0 0.4036496484581658 0.4852207106853424 0.39277803595762883 0.4908904758249201 0.38563308942915336 0.5020190761718301 0.38444760466288797 0.5151288241176628 0.3899637110601566 0.5245584979710761 0.4007634333705502 0.5243507718319189 0.474151921253047 0.5753335447790907 0.48413201733406874 0.574431349049281 0.49068582337595557 0.5732341170416919 0.49536948837149913 0.5549573663732182 0.49566105387343307 0.5415504462875469 0.47837941571129594 0.5374933654338728
0 0.4008385273537819 0.5256417215643071 0.3914535765007091 0.5250537848708069 0.3840857508673548 0.5373742775701588 0.38022091115291107 0.5546572506460827 0.39222133624673955 0.5734164730419339 0.4191923059362366 0.5916665254346717 0.4466841278187229 0.6088237428549137 0.4784953580564035 0.6248849215095714 0.487944990565171 0.6048165945538317 0.4901010904755437 0.59667146284663 0.4816771433873134 0.5807891761933346 0.47236408272438396 0.5747392004994138
0 0.46963372266303993 0.6211364603171073 0.46136584690702864 0.6529061437805611 0.4149455305065371 0.6351472254485828 0.37961837062526954 0.6249545397957147 0.3747505524600035 0.6089860182046882 0.3621500636187245 0.5985916200229385 0.35694010491260214 0.5828972034681433 0.3633034772935408 0.576867874179923 0.37288341243751844 0.5691929331654507 0.3839758328250935 0.575207539820693 0.3912995543417064 0.5733759197074026 0.41773106016070904 0.5906953363022809 0.4463534432518304 0.6087430823034683
0 0.4700507692705779 0.6344618432836673 0.47977683588967424 0.6462277481554378 0.4805367591697175 0.6608306521096345 0.4836916662357551 0.6735148208102132 0.48102576731734137 0.6815490189835142 0.4576081900108 0.6683343073700468 0.3870265679199998 0.656893545995498 0.38154495794980925 0.6457629663365178 0.38434226571036356 0.626137093572102 0.4137135301067947 0.6355133531694678 0.4608871446024893 0.6539105412408318
0 0.48506464518907383 0.681728156808496 0.48938253564136347 0.6928597179763415 0.4856292955350283 0.7175976377090345 0.43853353163261094 0.7190064417359331 0.37219489392741867 0.7050977535264389 0.3706097110120865 0.6824635959255367 0.3717022051215503 0.6766212565332198 0.38490617992466913 0.6604549484487728 0.42878832559064317 0.6668982602435977 0.45815738159212754 0.67161964176936 0.47972548603575754 0.682280292916419
0 0.4506501652478083 0.7195438552108783 0.4627058792976532 0.735962675136522 0.4713320904907967 0.7380546591619307 0.47455380617537807 0.7472704296027537 0.46484393445255745 0.7696402972560765 0.4010353700337449 0.7499793293211887 0.3597508424043431 0.7358669655650827 0.3573477611702108 0.720717814556154 0.3602845752210436 0.7065681534631701 0.36884029713739896 0.7043704056289948 0.37144233196386456 0.7060111098109209 0.4375071100100419 0.7198287568446267
0 0.35966408666283 0.7357265572957973 0.3537666660134199 0.7329094739494936 0.349390241940025 0.749442358308367 0.3376462089107105 0.7446816427112902 0.33795268428232245 0.7533491318648466 0.4306958464943611 0.7921749866910801 0.439162270242665 0.7927053806443655 0.4433414223381557 0.7852435613647334 0.44636444835344524 0.7839643666707472 0.44887505632813707 0.7648125741404618 0.40074279813067787 0.7519523363378008
0 0.4318044158142122 0.7919724761706476 0.4391179649914705 0.805539059870323 0.4391752762792873 0.8201196412873419 0.4325309052966846 0.8361840955915499 0.3868687432500708 0.825001570505429 0.3239137404747686 0.7975060129630304 0.32375806415709596 0.7880320945156942 0.31972212426084823 0.77869583245981 0.327936674334394 0.779428014375938 0.3318115187310432 0.7678677493832456 0.337856486925237 0.7630248382750254 0.3419864565057998 0.7581163504802345 0.386390875933201 0.77373459796094
0 0.33000697199564943 0.8020056961543198 0.32413165272915434 0.8021330552825846 0.31504445598221714 0.804833601999035 0.3167085201563145 0.8293129471915668 0.33075829296618087 0.8376245518366324 0.3415961882956051 0.8485093440698835 0.3763046042767467 0.8631685193844142 0.40972511017671287 0.8721982087511709 0.42046057565275385 0.86068320231201 0.4292681248682799 0.8490474181799982 0.4245812474755134 0.838647053005233 0.38032679510737144 0.8270560226340362
0 0.5357808936670461 0.20165004076867413 0.574873426214507 0.2271067744676768 0.5901010697477599 0.230251947691859 0.6303803194414469 0.26089585058559656 0.6314001045621971 0.27082018544902536 0.6292631942457652 0.2835292449725843 0.6202963297396998 0.2827848991303052 0.5954225713854782 0.2735574011174111 0.5710012422863501 0.2670363928715702 0.5452813015917489 0.2572080815809372 0.5471938165774234 0.24698051006141097 0.5449334895987447 0.23728279411370443 0.5281779876811562 0.22308585148193824 0.5280049913330488 0.21504057419210146
0 0.6424850799845367 0.21922989859630052 0.6375247318496118 0.2239711071467487 0.632283131510911 0.2302163703324213 0.6100707304078117 0.2439198433281563 0.6308315358320142 0.2610458517609436 0.6324712886655971 0.2702177550185848 0.642396229961289 0.2696830479886599 0.6472440772147037 0.26554346129230155 0.7012866396852208 0.3033188886258293 0.7122265146435576 0.3024825620925087 0.7208969661392686 0.27277485517368555 0.715312405265669 0.26932078525894987 0.6851855243597469 0.2420519088105201 0.6691673424946065 0.236726867085701 0.6651045756827111 0.23154212362001872
0 0.6487102272679159 0.26539184296425283 0.6298813426618085 0.27894208047923746 0.6297712675093508 0.2846566795167395 0.6303422619685861 0.2995439903882335 0.640832133400882 0.301114151271272 0.683874931878728 0.3323572502900468 0.718229085892969 0.3549607273520528 0.719857316513552 0.33984598898848567 0.7204113308694193 0.31894245957609385 0.7004973142178594 0.3036955087168985
0 0.6278539010655712 0.28465829666944115 0.6297222942557533 0.3002964219940211 0.6274747023546007 0.317441836259229 0.6088133562062323 0.32753315240137276 0.5706807197451874 0.3046320987177254 0.5481186873522943 0.29457555135866853 0.5268655759033479 0.30955646007390575 0.5213910901822059 0.300387791121668 0.52352072331148 0.2723398000478724 0.5325383803679322 0.261279136300429 0.5438169708353261 0.26119443279654514 0.5713393513631441 0.266509771605154 0.5953663209447231 0.273858212044456 0.6201838288581896 0.283386520984395
0 0.5485699037428616 0.2947255525340155 0.5264149659450437 0.3106847031944118 0.5242199858910673 0.31985984075745644 0.5273863842444595 0.33752702483097546 0.5419983050907217 0.3503723397319167 0.6091188657005336 0.3771588696002712 0.6253626557609577 0.3825589119127637 0.6304306533192878 0.36699012714140117 0.6329056727125136 0.3537544463514261 0.6279942978311861 0.34285591242459246 0.6084752471294383 0.3280597736677891 0.5871525437299476 0.31522011880130374 0.5700607520323546 0.30538453032351315
0 0.631245907614247 0.3024004813306337 0.6275309527953558 0.31714102533218413 0.614282384037006 0.32519762269093294 0.6149065967756807 0.33339290115611675 0.6288967306123208 0.3431559147752865 0.634373035630252 0.3561593166150834 0.6419269683625445 0.35036324837910104 0.7006431688738426 0.37339732313472745 0.7088793840823543 0.37933045532444315 0.7145624978954119 0.3527832845804684 0.6836493236834443 0.33228224970237324 0.6406633820786165 0.3020165840524067
0 0.6418018700793523 0.3510543320667672 0.6342494169653691 0.35587032494289406 0.6290139544048039 0.36685520061470606 0.6275240677242728 0.38255579253190786 0.6338574561086392 0.390445492257771 0.6604772309376943 0.4073928422557362 0.7009806515620772 0.42278577320465943 0.7118676902731763 0.4171502394327204 0.7205114821018956 0.41732444425793364 0.7271747980880694 0.40334369340290016 0.727848559410822 0.38891425626670323 0.7108974904642562 0.38057977373171514 0.700684944976917 0.37332857900038324
0 0.6164289722181894 0.38002421751800447 0.6167764654441708 0.39517877412733465 0.6013284573962663 0.39891245506781486 0.5348958569887473 0.38762503554203004 0.5178148663242789 0.39235831741159366 0.518487163845017 0.37484346300954446 0.5125581786345037 0.35860464272854825 0.5162300108434995 0.35134173758110054 0.5217392229590077 0.3435327971257813 0.5293624921400002 0.3445245911107875 0.5420927659656696 0.35068469109438577
0 0.6203200830419587 0.3812280898223355 0.6175271832509772 0.39616370213026203 0.6095413003617229 0.3981900993829119 0.6115642423607803 0.40510420469415465 0.6200139009666583 0.4131145232506346 0.6275926527501973 0.42369605496467583 0.6275985760420698 0.43618123180789187 0.6662061417484362 0.44563495938670905 0.6957260171002093 0.4567488022783753 0.7035750378696944 0.4564973747395527 0.7085183632340378 0.4269327013606165 0.7007589385188787 0.4225327110782165 0.660129418028767 0.40824574099535904 0.634278778974531 0.3910698180778196
0 0.5336745377191667 0.3866990810181385 0.5193654600173822 0.3930720835117447 0.5156103170939152 0.40422559359997984 0.5211196697015004 0.42322891399013923 0.5430703148138467 0.43466008126685796 0.5791632931913655 0.443160774430523 0.5939256737246476 0.4458423660683237 0.61143428074725 0.4402150101769955 0.6288327307424053 0.4390029836493939 0.6280958873069058 0.4238121983361019 0.6205699089473806 0.4130423755961845 0.6115865397876243 0.40624001141208543 0.6014238884080496 0.3980916205715556
0 0.5188748836383704 0.4237546489096405 0.4903042622713173 0.4183906608898036 0.48873490376910894 0.42295689001130365 0.495248344345428 0.42893815771423777 0.49464097179902655 0.45004200354969615 0.5021645359258452 0.4557230812255539 0.5406714590358127 0.46534425615322467 0.5614963915466228 0.4700412664266121 0.576762023180625 0.4687562042528301 0.5873117330517067 0.46463140798535446 0.5937047561115765 0.4534008385297617 0.5907261444038298 0.4450967194660455 0.5788267865272577 0.4436848998615533 0.5440244545133579 0.43465927652262254
0 0.5026142174082832 0.4571445577608715 0.5405594913338356 0.4659430267189064 0.561047917180538 0.4711641624233243 0.5768180070316136 0.46845681896998914 0.5973593989384215 0.4670176380614916 0.6005661709573584 0.4830295198559486 0.6008539364685965 0.4980710148999379 0.5836300771663493 0.5123789345051807 0.5695985044868009 0.5121662655205229 0.5347943617983714 0.4993240833835475 0.5085239067872602 0.49186278889535334 0.5027966543574868 0.4867788722967064 0.5067703006613186 0.46297814468297377
0 0.5088044296003794 0.4916380487471639 0.4994309841582332 0.4907479403409957 0.4959563640478855 0.5016767102810412 0.5014030936645397 0.5069853670278777 0.501858207170567 0.5198565199573294 0.5016932734084842 0.5271156071359265 0.5146009441610262 0.5244106779152977 0.5610233183547321 0.5376172335389401 0.5803336690979691 0.5440367151189569 0.5979030884369729 0.5482874640729071 0.6015480743329925 0.5415492833483985 0.6002538066203141 0.5344410959275749 0.5951947390533434 0.5181314383387481 0.5834055382042187 0.5123042893705293 0.571899877959096 0.5126133315841958 0.5344018712832751 0.5001475940974188
0 0.5201299245571709 0.527535978771111 0.504800516660474 0.5265159118817545 0.49882711940892455 0.5333092099321993 0.49517803241537917 0.5402481184721561 0.49618292181156765 0.5587674149031097 0.5046539626751122 0.5675407368918989 0.5135665957838372 0.5739525525375319 0.5668643003055512 0.5869676218287426 0.578152872120444 0.5857037483963441 0.5868915767780971 0.5754402026131465 0.6005056490451552 0.576830643428476 0.6022732082200384 0.5698933218140677 0.5925224730012288 0.5465853486170138 0.5616392905027608 0.5381998567352302
0 0.5674180759032688 0.5877787945371219 0.5756659402559006 0.5927154621810565 0.5826460121948803 0.6082045161988896 0.5798296714376936 0.6207504153782937 0.5235470535814469 0.6148950507496299 0.4905075383052403 0.6104957910160835 0.4881808476589137 0.6053327730101391 0.49077758248767145 0.5964763307605295 0.4818601886023011 0.5800297000820313 0.4801424725843396 0.5753826664915717 0.490324088300878 0.5737507995215227 0.49286562409898826 0.5651895455648074 0.5037137938628617 0.5687958822337812 0.513345799661247 0.5751333057091099
0 0.5697702182199801 0.620149739514651 0.5832992772039144 0.6525672115676816 0.5723185670488177 0.6611853577499641 0.4804700048113656 0.6463773822762431 0.47237919693839225 0.623768202083197 0.4774989479689503 0.6244218040841889 0.4858186061027442 0.6093648643080921 0.49149406226534886 0.6112515978417538 0.5238783572742616 0.6160764450485361
0 0.5774282372528469 0.6628266424770236 0.5877152583122316 0.6835991672341192 0.5856151073658847 0.7041098968193898 0.49652002430936537 0.6964714954915028 0.48834706031546504 0.6844997051747329 0.48446131610342685 0.6712538324729292 0.4814559262071113 0.6486602141549187 0.49241378098521965 0.6488324672441127
0 0.560093990261638 0.7075798308520259 0.5662974569281016 0.7285372949824409 0.563784851896822 0.7404273501606572 0.4737407941605926 0.7409570334866222 0.47203772737802635 0.7376915561874987 0.4627807436794624 0.7361566544986499 0.45365294979779397 0.7200112797723232 0.48584470189828693 0.7179876812139149 0.48896610739336765 0.6982020711017775 0.5471600510470277 0.7025088738801419
0 0.5438444948761001 0.7434388392320331 0.5471148515152718 0.750695889171423 0.5513407699432189 0.7636692321532957 0.558217997932435 0.7701972591475137 0.5574741524436804 0.7803616180555036 0.4507571667218715 0.7849890058605299 0.45102066966271315 0.7665670202160569 0.46599565417277694 0.770002798868355 0.4770768435597229 0.7432229098566623
0 0.5395755726194189 0.7832806374402198 0.5440701172952583 0.7886309552081023 0.5456432623599218 0.8049641969117776 0.5417028039030336 0.8198501272732154 0.43974459769891316 0.8129485558345774 0.43449522901921045 0.7946219674807932 0.4436792009477433 0.7857209564097308 0.4523229927764626 0.785895161234944
0 0.525843805572211 0.8180485510724935 0.525719007161359 0.8419152759075281 0.5232056702290723 0.8522626224528184 0.4299606081186659 0.8482576254346744 0.4273012476463171 0.8377331464601419 0.4341748161304971 0.8365476302897292 0.44199296788834364 0.8179377776679079 0.4810597522750311 0.8178140802049391
0 0.5139501503325228 0.8538131380298216 0.5210332394137017 0.8638801479111038 0.5198214936941571 0.8920129268423548 0.4836148075647305 0.8954011257364375 0.4351552625535186 0.8947160168517002 0.4145973222569084 0.8871105572618839 0.40751203747270776 0.8724154214818235 0.42241181450971876 0.8607871614754318 0.4305059115255302 0.8499813699688814
0 0.7146887251354169 0.3114126491121075 0.7478730334142215 0.3382526028044244 0.7933321938433392 0.36144469758132675 0.7892523558509814 0.3874893748338378 0.7779085280056681 0.3932032132804267 0.7403251501930306 0.37298061716240083 0.7199177966770859 0.35530632270118856 0.7210888707815959 0.3405899697604348 0.7212644075148253 0.3185167738652754
0 0.7931653249639232 0.40178808681511907 0.7906363051359175 0.42940219730280454 0.7790417593633236 0.4294119764199275 0.7278155823070925 0.40465400445044075 0.7284280418286027 0.3886980637909823 0.7108769407779668 0.3797017723713503 0.7152048296656627 0.35373955649795663 0.7194216948864098 0.35514139994295363 0.7406357138806923 0.374137743501988
0 0.7785456575726476 0.4292470536616926 0.7936767621882694 0.43427719778785817 0.7905239479529975 0.4539554576460208 0.7388661821723709 0.43432342634153026 0.7117062760278171 0.4288074040471352 0.7079828455658035 0.42194888541002457 0.7132510933702984 0.4177282418940254 0.7218078491224831 0.4184650602421975 0.7274438393430782 0.40523301212555807
0 0.7111489949607885 0.43037861530360483 0.7071223351489553 0.4378223646903656 0.7043412638776977 0.45692161687341076 0.6990098365228934 0.45866219594135305 0.7100537688083153 0.4742776229565711 0.7155075547158244 0.46906477585921974 0.727290972381361 0.47508979059868034 0.7423622312366017 0.4846668677147248 0.7560682100305045 0.49168230801424245 0.7701465985464074 0.49952414012623 0.7774590992739879 0.4914162546532918 0.7896707718739915 0.48528833128982035 0.7941296871682059 0.47412404072565045 0.7941210193143922 0.45585384738701756 0.7398583857537231 0.4346532718580001
0 0.7943970740451278 0.5149630872447951 0.7387039805988544 0.4845046119884325 0.7171202189145147 0.47030347456727695 0.7104261785303152 0.4751040147690409 0.7039170094911444 0.47750695190186554 0.6977855842378589 0.4919794767478571 0.7012044518340815 0.5103294644336648 0.7734537757176957 0.543832787642841 0.7903185695687414 0.5438185634724805
0 0.6990710157992459 0.4569260619266485 0.7027326002269214 0.4641153150908765 0.7010694248796491 0.4870991421989182 0.6482405849945125 0.4821834638351814 0.6139483821615073 0.47253992753167523 0.5984455345818712 0.468088791080627 0.5945385662908003 0.46643867448763005 0.5916829805834771 0.459166070933637 0.5943463606079293 0.4533768831931108 0.5948391286086773 0.4465148085134101 0.6125072541481327 0.44079563600293586 0.630177379961545 0.4392926619552231 0.6662664515802834 0.44637189441025993
0 0.701017580215096 0.5085108690398428 0.6992220449453339 0.5138859718634865 0.6955052820631769 0.5210814481022473 0.6998471728685716 0.5246326214681837 0.6987379447983997 0.5390182398818201 0.7048168586291462 0.544552042389166 0.7682613758652377 0.5772360858710527 0.7807224328765507 0.5740014228618731 0.7845535532155847 0.5464688847426574 0.7723378800676672 0.544164411180606 0.7072820321488569 0.5130524679658364
0 0.7763240301007033 0.5820241799237512 0.7713770141116407 0.6098883415807318 0.7517224811355239 0.6107316245955049 0.6964623099296173 0.5779580076493203 0.6969537444143937 0.5682851339944452 0.6865961193285619 0.5616802225692198 0.6846097118919005 0.5568043330735186 0.6961417448721706 0.555719888995926 0.698555073727328 0.5456320414135208 0.7033910660494417 0.5451319390749308
0 0.6968705621245147 0.5236430849187741 0.6832270961229356 0.5177023095797261 0.6761606460167363 0.5216764579690204 0.672252344209694 0.5172155424008492 0.6378982953423508 0.5079027406244603 0.6045377835723309 0.5017305833397155 0.5932558017613557 0.5071136872591872 0.5899107818432131 0.5137301558228307 0.5960502081923265 0.5161224248278847 0.6011435860215775 0.5353803766946322 0.6118111080370855 0.5417370149718577 0.6702879397865591 0.5587178359955236 0.6849821216139004 0.5576307248859883 0.6965740003545516 0.5519993478185169 0.6983043558000472 0.5399279820840549
0 0.6966676883138734 0.48809490182286064 0.7012037850760958 0.5089240649460777 0.687629499446697 0.5181119494433708 0.6733057270673987 0.5158092539026145 0.6071413178364021 0.5004883285890683 0.6016815311070222 0.4930525802981354 0.6013011202891942 0.47536139463462 0.6047711657919846 0.47089425599191603 0.6484893026478362 0.48367132470188606
0 0.6832470988625052 0.5598642942073403 0.6941640052893226 0.5691141928388576 0.69609256723956 0.5827532137871991 0.6807187457924853 0.588883804182613 0.6138740301837695 0.5772009586673587 0.6032058414102759 0.5694389209025459 0.5965616454166727 0.5486115358006239 0.604122863797577 0.5419915111943904 0.6118117747950712 0.5431424144594449 0.6697925047538686 0.5599583127248758
0 0.6979512820596313 0.5798581754116122 0.6965893357882217 0.5843235360330211 0.6831992547458658 0.5897084179737878 0.6817794629880322 0.6029369100478369 0.6951762116102446 0.6116060229829418 0.7332550244555728 0.6305881423716154 0.7642022073704353 0.6468481472387652 0.7700184016301594 0.6213806996400765 0.7642480512131176 0.6127878250095563 0.75494847629089 0.6146144214992062
0 0.6966033377059204 0.6138369252723511 0.6813485410216223 0.6094682502004203 0.6810439781558314 0.6209597192491173 0.670133072550885 0.6243584160058844 0.6756567055885601 0.6356796282324614 0.6821678749016877 0.637492889562398 0.683227925339249 0.6501405959400349 0.7173964361035781 0.6604456012977759 0.7413370146726224 0.676132821564341 0.7629141087771055 0.6762799641096251 0.7670597933517154 0.6583369492555197 0.766124101740816 0.6464331733112351 0.7338136390385726 0.63182773009032
0 0.5880699448576674 0.5762687462229169 0.5789138058395621 0.5849812580282853 0.5754761885277646 0.5930141568275961 0.5865191788356199 0.614463160711891 0.5922377005419276 0.6137835477058333 0.6370821113330862 0.6235301779453722 0.661730113968696 0.6262760276899405 0.6705339733015041 0.6217475101880519 0.6812626477049493 0.6207262765653577 0.681054736470923 0.6091875451777385 0.6809505087368686 0.6028446083255333 0.6812989787835896 0.5906306178045151 0.6310405659770516 0.5833852763757813
0 0.5889998309529219 0.6161480431408951 0.5811572906872676 0.6201359179487986 0.57245439368402 0.624124518402145 0.5812724031029681 0.649421701136828 0.6305228253161481 0.6655076400013565 0.6797672609544226 0.6689750133811819 0.6813218366150465 0.6388105951097461 0.6747413254688983 0.6360495068108731 0.6651715409190697 0.6262731251081682 0.6385498747502896 0.6237313769590501
0 0.5869420763467426 0.6524534736054152 0.5771785306490274 0.6609640607516627 0.5888794088012727 0.6823450307708075 0.5891361684978323 0.690172376683782 0.6182406637202438 0.6989875765290691 0.6441040239491556 0.7032844179086705 0.6569594380823587 0.7046906340680866 0.6776020132096953 0.6920546530927494 0.6598287009635981 0.6720958634327682 0.6312827639582633 0.6671939737212469
0 0.6435476426684082 0.7039596770420697 0.6586845054302041 0.7138663213115302 0.6597554945722354 0.7311400386376623 0.6549049488806733 0.7478789184333539 0.6180588757221681 0.7425116763474281 0.5858158405380647 0.7320796279382872 0.5674932220542901 0.7277089475299908 0.5591816569853914 0.703153606502971 0.5727470728300119 0.7076632572233397 0.5866636798917649 0.705694629006646 0.5893902070239805 0.6922640110128003 0.6184947022463919 0.7010792108580873
0 0.6489329328822997 0.7476140394271843 0.6512171026813038 0.7618501791211848 0.6444949442542965 0.7805475280973667 0.5958568268274671 0.7749877947430802 0.5589097913394014 0.7701604697056966 0.5518716843057374 0.7629461542245158 0.5484752961793209 0.751207675114105 0.5474086609099479 0.7431110963223025 0.5644632636993109 0.7416121743526718 0.5682537049304877 0.7305424235666723 0.5989774070644431 0.7387489468528242
0 0.6338661437122471 0.7787345600379364 0.6433376871029269 0.7947865703731396 0.650325312971811 0.8022708443785914 0.6394533585852595 0.8213090883259669 0.5538193572078314 0.8146334154089413 0.5475384676458708 0.803369722063695 0.5450013477888831 0.7893362326742585 0.5551698312730049 0.780960261967425 0.5599780593110213 0.7816984754478726 0.5615934565839892 0.7730598026711989 0.5963638154115988 0.7768767787675345
0 0.5520465298656173 0.8114633982737249 0.5443548888602214 0.813494255192024 0.5428399096827318 0.8204458686033643 0.527202589145792 0.8224159481109442 0.5259476350693558 0.8440777613360063 0.529141554302569 0.8557489322267102 0.5793977901727778 0.8584057043882792 0.629603000644124 0.8601852927573281 0.6321237934786424 0.8398045126430281 0.6303460680296877 0.8263102146566906 0.6257891573474078 0.8219279239213052 0.5822637876495234 0.8189280798522135 0.5574648857536552 0.8181392479972498
0 0.6238334535389537 0.8599877219708656 0.6214179769066541 0.8890057235709531 0.5726794413843466 0.8851330495819999 0.5219156726959238 0.8794401510791854 0.521453178701667 0.8646626430457566 0.5182087783036735 0.8532614306793237 0.5249906698748604 0.8537955425643213 0.5256469250170036 0.8502860817487976 0.5293445674298547 0.8569633827632085 0.5795503221352831 0.8598901134490485
0 0.604868729999176 0.8889522026146647 0.6182371192914163 0.9048659682832385 0.613899004524809 0.9349652552712963 0.6087374083333309 0.9361167514607461 0.5163692753790845 0.922901296550496 0.5027430379221198 0.8968659003353654 0.5222256347276754 0.8927332500518448 0.5224226612800555 0.8813291351036397 0.5727814921820717 0.8868874171670402
0 0.7415039289673725 0.6785611801092779 0.7662488314792004 0.6852907168606279 0.7636216272371541 0.7153469195179954 0.7472901428343506 0.7186478486898144 0.6920316405931018 0.7020238842228542 0.6789520840832763 0.6929365409202051 0.6623896726120747 0.6734623779816064 0.6810990860446804 0.6714508254533526 0.6832470348519972 0.6519608817495418 0.7169748039893393 0.662674387259674
0 0.6795697063898624 0.6956361828802903 0.6705013809121516 0.6971113111475473 0.6557134788528569 0.7061634593380579 0.6606039164006673 0.7140250264866621 0.6625923096545435 0.7294025379914336 0.7069315131901489 0.7433942483714793 0.7544844127107193 0.7572071506645264 0.7567655207373725 0.7400063631776271 0.7594885991366553 0.7264445528876816 0.7486113197226756 0.7195859214654662 0.7258486559662913 0.7152613797591151 0.7032167843144619 0.7082365648620702 0.691328086011363 0.7037854534072875
0 0.6631655455546842 0.731339127879215 0.6558655749904477 0.7483680508158086 0.6497026077673653 0.749312435897545 0.656755196811183 0.767620635787968 0.703032726118743 0.7842521750222299 0.7450813531685678 0.7954869552587552 0.7504358966165043 0.7608499152451311 0.7169276923966079 0.7489622406889129 0.6796769426980512 0.7360798364042159
0 0.6568434962011177 0.7681488540510547 0.64891880198595 0.7675098468047485 0.6450950584617006 0.7809551870359979 0.6388003522881507 0.7826040735453862 0.6458066612336976 0.7961576778374214 0.6517089910935833 0.802609610900114 0.702390127746922 0.8217028021322011 0.7335189826681472 0.8293074424002915 0.7368568428362778 0.8124579587813052 0.7384343962811923 0.7970187404788392 0.7104304645320412 0.7877091879791425 0.6807535786036957 0.7783423472960104
0 0.7173163966780731 0.825916554855333 0.7191296114209493 0.8432312874784941 0.7121308772427043 0.8456438572907947 0.6785811271541003 0.8389804459513986 0.6337163880854944 0.830800398926522 0.6313346716720413 0.8215279352307894 0.6412845707802293 0.822341331949835 0.6504336208805729 0.8054282478413288 0.6580943637718495 0.8064783720614171 0.7024349875763238 0.823463740086026
0 0.6361387035217423 0.8328528276423907 0.6326199837671351 0.8396649018015149 0.6306930201461332 0.8609743341038026 0.641699197972842 0.8611411488092404 0.6978812931362318 0.8758272609272023 0.7186631384060413 0.8807404652331177 0.7207251549382052 0.8657117326738254 0.7228296641849893 0.8474545086607529 0.7126158137529102 0.8470522289154894 0.6775248484355794 0.8396270279650064
0 0.6399384178266694 0.8615535282442397 0.62580684340493 0.8620937398888873 0.6228212339506252 0.8790603247971779 0.6259117125983372 0.8975479640052083 0.6695445210144655 0.9073139282805615 0.6942889501033371 0.9130455791503905 0.7121210507120728 0.9177264745695225 0.7186655055208231 0.8857298946407225 0.7079209119032235 0.8801625335538975 0.6621741257811841 0.8686960756611972
0 0.6189970170034196 0.8915077791469065 0.6127481175051843 0.8969133753731615 0.6205911402518064 0.9109945666976746 0.6180026413407291 0.9298391908490945 0.6237293192666584 0.9372304591486559 0.6708841613980884 0.9471695504355315 0.7012612879474782 0.9477896207635834 0.7093139337294625 0.9397410395300702 0.7110642985705953 0.9173751707016095 0.6907234768275027 0.9141051718296059 0.6643056201364803 0.9073183468948206 0.631416458492039 0.9011239719432506
