0 0.15962438578582905 0.19164915846884592 0.16408903089421195 0.2324447982028209 0.2231719734358752 0.23221002165726057 0.27427847567278596 0.23375298278872716 0.2898094313899057 0.2217725130210093 0.27427936827015825 0.17995706697694716 0.2667495709957184 0.17505518546501564 0.23135099948247007 0.18651309547626885
0 0.27167411080075 0.14782298339694097 0.26522648736375576 0.173888855522109 0.2761511149780965 0.1810663163296048 0.29090441059500116 0.21829000195090764 0.32266320188250575 0.22111285914086398 0.3351232721977729 0.2219043430899552 0.3731641783873205 0.21992359625477462 0.3770974521773895 0.21267317116332649 0.38126331678433756 0.1964187063764157 0.37980776173298897 0.18061264693218748 0.3457919297533656 0.172496583477866 0.3390755308899735 0.17642749989065024 0.31130518290418824 0.15926679490923545 0.290318316063723 0.1504334019196049
0 0.2751470435954841 0.23549835801343258 0.2887815344667382 0.23751325249567942 0.29300785552244624 0.26419112741988265 0.28698260327652353 0.2717840360528246 0.25027500034474615 0.28440003662767527 0.21480316701508795 0.28737587163501566 0.20369493856103665 0.2858911812236277 0.1779062300078043 0.28256283810073984 0.16421083638910405 0.264513561813269 0.16495759881691008 0.23419017342752632 0.223649067839911 0.2335475933709141
0 0.27602179105266406 0.23346757983748237 0.2910328419230613 0.21968465425481012 0.32209430705861464 0.22262167262526442 0.33581441881524227 0.22556633531011291 0.3718979574114782 0.22154657091967292 0.38123815234772407 0.23842127788492806 0.38210054073594035 0.24394280651028902 0.37194032155547874 0.24890941292686378 0.3655112367219301 0.263646824850065 0.3056515266774239 0.25928984097286606 0.2939315929567948 0.2588490799445777 0.28886715535211166 0.23844302069828105
0 0.1769458616652509 0.28366384807408845 0.17284134610443502 0.2890547367603332 0.17218638409648435 0.31653173994802203 0.1801442857977914 0.3260824624729618 0.24723412001793033 0.33208713915298643 0.2966034864094448 0.3301393498350423 0.29536816310601166 0.31288155749666263 0.29269537705598936 0.29538720341797803 0.2868660847187409 0.28973503485350094 0.2518837048620822 0.2864961347731836 0.216717724165713 0.28895000508897417
0 0.29453093915440887 0.2653574573627893 0.28776555031384826 0.2725996430749283 0.2657079761075288 0.279042105458667 0.26926786868369473 0.2869533745600902 0.29065856811178603 0.2886422642594615 0.29761947056233473 0.2950529592557934 0.30063518645253706 0.2893684282389946 0.3817509850625924 0.29779580291231805 0.38447320738846946 0.2850809297857579 0.38352519811487973 0.27862963295779525 0.3804913899199181 0.2687446662706708 0.36694869946851927 0.26388338659037 0.2970695606405753 0.25833535463233703
0 0.1748715292154704 0.32647378722539544 0.17520738692379617 0.36086697134234763 0.1850370353330415 0.37152694321994506 0.2334032229393158 0.3702152797740486 0.2656086572571332 0.3663585177750465 0.29306741937383385 0.36091938294277676 0.2960831352640362 0.355234851925978 0.29317775839713467 0.346744537542756 0.2920708664217617 0.33088139750827883 0.248757203649893 0.3332534690958931
0 0.3010266599711994 0.2897762317500465 0.2950380386334816 0.3016101778849449 0.2962243719597461 0.32217923952267924 0.3519367560007497 0.3314622279848222 0.3958069545275458 0.3351336497141188 0.4091969418116433 0.3268069327872494 0.41235344809886937 0.31496474727304197 0.4078517257835955 0.2968260279430005 0.38109646935332786 0.2983748481941168
0 0.30628661118587064 0.3238351717048141 0.29695214948542037 0.33008226924479334 0.29266403308489397 0.341165928327146 0.29842579684152837 0.3614578263929447 0.32164543253487116 0.3637910813436729 0.3753576385398763 0.37057016814925564 0.3976597163333524 0.3744693171746332 0.4110925140601366 0.3666074843490647 0.41455487298065163 0.3542433341433074 0.40891536101759557 0.3391222417820668 0.39641248025964176 0.3378658737316747 0.3512394298487984 0.3315763891653201
0 0.17770893120307157 0.3765017890158289 0.17781882392768622 0.3892249015216982 0.18146433738922574 0.3980659388257231 0.18018575734441972 0.40724122029193266 0.18715283932945032 0.409875761887609 0.2220253264614943 0.40039154946205696 0.2617729171227152 0.3938843621736751 0.2819402060176509 0.3976611106392456 0.2912014059016913 0.38293193809535336 0.297024965003144 0.36546230215459613 0.29489635563908545 0.36156374819413345 0.266085751661169 0.36769608948870003 0.2335744647100627 0.37207481617925203 0.18616864544634182 0.37228546965179987
0 0.3210765377109801 0.36529989482807323 0.3049157844225231 0.36275479627496754 0.2969759750259755 0.368773571453951 0.29146444809229344 0.38194508930250287 0.28804489961446517 0.39477412360956093 0.3034836086130435 0.41253799694578697 0.32948636937970943 0.41819076057517895 0.3836390388805454 0.42206638159245885 0.4064367496815029 0.4159746421295232 0.41099408780711333 0.40012798085366424 0.40831512222260913 0.3864097801756352 0.398748516003966 0.3747629595051871 0.3772293852478146 0.37167941750191336
0 0.17953124163515516 0.40782026557373136 0.17754297636943422 0.42466201502175 0.1826074139741174 0.4450680742680466 0.20137387103066873 0.45284929849526856 0.23959837805992695 0.44517578126398005 0.30170939556075616 0.4317041669003097 0.302088956309141 0.4127663193067828 0.287647246561321 0.3981424734991646 0.2821114477883978 0.39952064704444884 0.2633388111973646 0.3955155762178825 0.22141362119491648 0.40143547884515657 0.18658394450555915 0.4113845753720094
0 0.3028719033464657 0.4135819263288865 0.3021008690794186 0.4321119704113616 0.29999035202011926 0.4437829141548222 0.3136491147306146 0.45759115294033664 0.36131797618493766 0.45639365067493814 0.38842189569118085 0.4547877498335729 0.4143575741759189 0.4481822850583965 0.41987528064408275 0.431234613809189 0.41536119925984516 0.4206482012804587 0.40769679112286333 0.41812782086528033 0.3848990803219059 0.4242195603282161 0.32965761115045633 0.4200502969803823
0 0.3015747846982142 0.43408566799706283 0.2978983735642655 0.444125397696316 0.30894525297218467 0.4564736642083698 0.3078440942326074 0.46373232867912706 0.29244774937802964 0.4733312973500919 0.28485042352297574 0.4830691453394819 0.20744722065638765 0.49574103637475186 0.19629618175964958 0.49379146186206313 0.1860627007627782 0.490275993274725 0.18251516725557593 0.4748124173719906 0.18272348623321383 0.4540150333732604 0.20211400762530668 0.45320002141607146 0.23933533586932476 0.4461626300568307
0 0.3088044625751608 0.4626313187057785 0.36070627091835983 0.45743758005803775 0.388550327019241 0.4561824021374754 0.40827715241834583 0.46286261639134874 0.41539693757067775 0.4786851545941952 0.4090044836453339 0.4976636040193529 0.40049577942489517 0.5051911926827367 0.31369721211041085 0.5080757994527619 0.30578830038627236 0.49521380762846734 0.29241685170562043 0.49221206435336984 0.2866365493455405 0.4832486264895379 0.29301046466743885 0.47559863726634705
0 0.1849187315805143 0.49706977364418137 0.18616596765422494 0.5336732170871399 0.22350336815733945 0.5355827848331127 0.3076472417265608 0.5307733216883261 0.3147370218038559 0.5116807110826705 0.3069627209422594 0.49643721816162295 0.29215380951501824 0.4931989131462205 0.279834529596775 0.4862497746997205 0.20687832583249655 0.49724984985915227
0 0.31608886366507166 0.5109875046203739 0.30873604139717437 0.5310669640188801 0.31280965928558113 0.5445568423359133 0.3655800355514782 0.5411084789128778 0.41577515942300414 0.5404411807183381 0.41336541556358397 0.521959977846803 0.4162160692175212 0.5106397570241453 0.4116529978561151 0.5033646137947698 0.4025449474380622 0.5043838250399421 0.35496170686911255 0.5065110955079423
0 0.1886922300714277 0.5342034211579988 0.18608608000464716 0.5558652533897726 0.1897986757481145 0.5769645190983659 0.20424656503041633 0.5878122115053285 0.2350511675098494 0.5879599252679778 0.2689571067648582 0.58335287621643 0.3104113818977523 0.5723192484748468 0.3130603424072196 0.5511223003443738 0.3076776931002838 0.5387905125909382 0.2927403503449825 0.5341575552716333 0.2440683101054193 0.5359911834090795 0.2231975155240506 0.5361047495246626
0 0.41577515942300414 0.5404411807183381 0.4259596504427069 0.5472679186050311 0.4319050150390519 0.5618670462747221 0.4239404875045768 0.5829904350563279 0.347877213728927 0.5756234685247222 0.3129376443149551 0.5728494525457059 0.3148036577870976 0.5508368973931289 0.31468140599351935 0.5456660916885709 0.3648398989568403 0.540757755992075
0 0.20285191272651382 0.5880405338663244 0.19474086155921927 0.5921997726401045 0.19655699245682096 0.6272944025986625 0.20553043201233184 0.6286566924502432 0.3151942387083877 0.6050406167159609 0.317573977492771 0.5886066707789941 0.3159838115788804 0.5751821124315191 0.3093164026926568 0.5758017595449486 0.2695198220542674 0.5856202161326851 0.23596254587523424 0.5901701845939841
0 0.3399863943095479 0.5783309744043509 0.3232139357545132 0.5768298052343447 0.31879738802592655 0.586518812012795 0.31893773212426424 0.6072591154212762 0.3236292348137305 0.6159289109545542 0.32910986407500337 0.6216381601092803 0.42557301756246796 0.6237778354109936 0.43126814533586055 0.6049135471663339 0.4352380500341344 0.6019041595768423 0.43321360015889476 0.5876069136170144 0.42337159268068575 0.5844992485407282 0.40245798765663027 0.5841479305550105
0 0.3145825334418099 0.6060845460990606 0.20313260092318924 0.6295211406832869 0.1984958214466872 0.6406618803558887 0.20047128134475828 0.6582703956150712 0.20433084701973137 0.6694358534256001 0.26578116927681417 0.6603194377443842 0.32471140865117615 0.6468966645916537 0.32783746356467924 0.6270372881748343 0.32423476054582656 0.6186611349721102 0.31893773212426424 0.6072591154212762
0 0.33128746341623055 0.6222254447703882 0.32547626338374147 0.6321427739098343 0.3227906719660693 0.6490986845383508 0.3309992567890149 0.6652148650717512 0.36158362752053247 0.6668143117285519 0.41417658248120093 0.6652825653009687 0.43831995560889225 0.662273772776392 0.4393968425092284 0.6432217640023671 0.42668608907232275 0.6358648220448152 0.4234810391066142 0.6241203189524874 0.378473050932036 0.6234665241919918
0 0.34372236929488414 0.6650195002279918 0.33408205496114507 0.6717885624595207 0.3311700522610756 0.6939723593828445 0.3366383224533847 0.7072339153388819 0.3849616996169723 0.7054573677916847 0.44958662046604064 0.7000682643001843 0.4508837391142922 0.6795645226320081 0.4424363839399857 0.6762285351947259 0.43814253430366357 0.6641903897718442 0.41461086644254996 0.6661552529133216 0.3629721002899531 0.6703621427682117
0 0.3135908211281611 0.652964280981577 0.32408116478115284 0.6592690541767201 0.3313232017270631 0.6802623980841247 0.32802590504281315 0.6982622380957407 0.25982255301413326 0.7070685326877846 0.20535785134552653 0.70749102976271 0.2009051190074212 0.6860410411333139 0.20441646790510482 0.6703656216282017 0.2654753166435253 0.6608414024359339
0 0.3362896593774091 0.7072909959291308 0.3309617332834377 0.7147697433815748 0.32932831062817425 0.727778258838689 0.33331012809672556 0.744114522353776 0.3406625040659367 0.7509330208611598 0.38419639858572086 0.7471092163793941 0.4294612494164194 0.7505523157476947 0.44946965560957186 0.7449172210067506 0.45376395154458016 0.7300574085237423 0.4546082476280371 0.7200094394451803 0.4428274111599619 0.7035342966116679 0.3846558469836834 0.7059793324832344 0.3617297048546658 0.7106764196422676
0 0.21159973491669704 0.7094547073646756 0.20749214882711664 0.7164646679565035 0.2088966076186446 0.7342966048485376 0.21154579086448116 0.7424185199008332 0.2846999211758755 0.7367797525954635 0.3298246751895863 0.7312935040346932 0.3280174571855668 0.7271531211899406 0.33049445746674944 0.7153401111726536 0.3337846758808919 0.7071964648117942 0.3268637229772877 0.6991401432698431 0.28284795727006573 0.7063460852233984 0.2607538330898829 0.7090125505468307
0 0.21479481354233193 0.7415697386510492 0.21137715806532598 0.7560717444696384 0.21162343341760692 0.7664882950918641 0.216194823102892 0.7799992671933724 0.23895842987174826 0.7794413227707927 0.2810436900545654 0.7719176795428182 0.3151399050750916 0.7653850700319249 0.3333359720126511 0.7668423893833326 0.3378709148811021 0.7489887211827345 0.3325518006770383 0.7454232805151273 0.3302312842560662 0.7331281858629071 0.2845807831979683 0.7380667562783999
0 0.2185935814539694 0.7802403095108389 0.21226386920893336 0.7863465612044941 0.21575056846561907 0.8190476001146217 0.2617460348300042 0.8178550523125092 0.3080085242590609 0.814400665695639 0.33478932624844765 0.8084319329152826 0.3424254067079848 0.7907043185967222 0.33774702798373724 0.7889352302788524 0.3349665578210488 0.7716454388087914 0.31642552557720205 0.7664420968440032 0.2816556784255243 0.7734018633414408 0.23954167113384994 0.7806133380183002
0 0.22028521164558035 0.819255845676916 0.2153931545318975 0.8229086111634313 0.21972181903040022 0.8595911822811017 0.23118571419892203 0.8627843936105538 0.2583402286034532 0.8608738519946929 0.30313631579229955 0.8595607830338473 0.3323979679168573 0.8573052761116995 0.336033151637287 0.8529076523642208 0.33654674974272936 0.8430004504087961 0.3293504746894972 0.8422773234563966 0.32502950989897117 0.8366472240897173 0.3227993843470489 0.8227529572034454 0.3200352126657834 0.8133823679466898 0.3083576391078263 0.8156110104216228 0.26209514967876957 0.8190653970384932
0 0.33446480896606134 0.8100694346278106 0.3214112240369438 0.8128402225247165 0.32475863698031104 0.8233828270289797 0.32582228000803 0.8349330634202365 0.3312522331050447 0.8422828561797008 0.3386826345716132 0.842967653653624 0.38924564076729495 0.8397598420775244 0.4445857156412305 0.8316505908104492 0.45147822112446717 0.821332830038393 0.451523566403237 0.811502287039921 0.44759706174024627 0.7972519894007536 0.39967523939393457 0.7955911580410499 0.34379726853666714 0.7926978510621456
0 0.3401751202636259 0.7528195404902204 0.334240096472644 0.7671188586964833 0.3356999592802641 0.7744583447688548 0.3382572240047162 0.789457983424235 0.3457095453978538 0.7916351949596939 0.4000439633827173 0.7942383479447322 0.44728509873258987 0.796434799468101 0.45358233626090394 0.7967104966194025 0.4527999796847924 0.7882147859713272 0.4566450499867132 0.7682470978228256 0.45225177303328773 0.7545933459434186 0.43971155779200954 0.7503744900263908 0.42969488025568153 0.7522756748726073 0.38373763404372485 0.7469944368661876
0 0.22739155865636074 0.8621452575968956 0.2248581341355126 0.8788451918551344 0.22482851498747902 0.8969446857410354 0.23203192486964935 0.9106934777195616 0.2757493111996282 0.906476764062503 0.34706461909625297 0.8961586374055471 0.35395495457485215 0.8715075633406729 0.3347042521380994 0.868778389157551 0.333364561585477 0.8579147436062726 0.30287000245833173 0.8601928949480101
0 0.3389001830218598 0.8443422404121006 0.33681840115360956 0.8530518278870954 0.33353167940465156 0.8578873842888775 0.33537272341479746 0.8686689518879703 0.3547289852065856 0.8707022954769988 0.42790289468659937 0.8731985095666251 0.44390516635126076 0.8701263675788878 0.4510298880272031 0.8553889761751665 0.4504553423619041 0.8491499109259841 0.4350043488752692 0.8471557743135643 0.4310112927039009 0.8369527015995084 0.38894456507762076 0.8406729983237157
0 0.23532731844744026 0.913320542631039 0.2315479150697916 0.9257007982982666 0.2337758674380157 0.9425259667050373 0.2366782149125446 0.9556217990650472 0.2806507208434903 0.9486491223490109 0.3166220909421054 0.9432125166268431 0.35383076806868796 0.9346329681824269 0.3612281669188403 0.919172386867217 0.35139465890519667 0.9173895115752525 0.3449946848872162 0.8976284273261815 0.275705310308732 0.9078410659332944
0 0.3648288893627961 0.8710844599604076 0.35169160337752886 0.877916517340663 0.3476602227321332 0.896146082778202 0.3471464402024083 0.9016962861608656 0.35231346543827813 0.9164677800695129 0.3617926792637171 0.9176489572429553 0.37880260768925356 0.9211111758426608 0.3996058293455094 0.9196575984867961 0.43762913091130734 0.9144087869173697 0.4626811846816196 0.9050365732445206 0.4648195687039832 0.8980490967516778 0.4516306848103209 0.8947421945423398 0.4449100838010124 0.8710498172301948 0.428266958267192 0.8747505966575115
0 0.3820060442418623 0.19763010831260344 0.37740547670005076 0.2122619180479424 0.3731198353993474 0.22089418255098522 0.376096633625621 0.22899838065526598 0.3855476302291767 0.24281676716048464 0.3957120790097577 0.2401613860213618 0.4062297740647063 0.24537882435330424 0.48107718799586724 0.24270821776805507 0.48325771565405196 0.22467249610047316 0.478619140600479 0.20659659529406915 0.4400218045021207 0.20729792722144783 0.43421778599491295 0.21155255670216977
0 0.47382543032899305 0.1867299305234222 0.472844616503939 0.20408223891790958 0.4789231684822431 0.20546749677834972 0.4838254866050069 0.22423705578345712 0.5024623731891135 0.22197942463831552 0.5691899049198947 0.2012692115720904 0.5787793405313539 0.1912356745118073 0.5763145774955586 0.17524091574250286 0.5693037011039006 0.16157734322140574 0.5131872307328729 0.17473164863311277 0.5008277796869638 0.17622607181314728
0 0.3724256786395737 0.24882234261208125 0.3674988656677446 0.2599439667027666 0.3718357048754923 0.2661106655062089 0.3806706683138329 0.2694250579801469 0.3836840929040389 0.27845329919151246 0.4091398993787243 0.2877747602422804 0.44561467477795647 0.29396983432955387 0.4698675397347052 0.2773038948550462 0.482542383624275 0.27708027912807415 0.4873422967241153 0.2688888009848814 0.4857242704393557 0.2577806974875377 0.481305307098697 0.24210586622003186 0.40603446035381635 0.2454360626565123 0.3954441801705059 0.24029313185882564
0 0.484336299479154 0.22547587048633966 0.48110988706821073 0.2421378589702117 0.4862145522802751 0.25664247907440435 0.4925605079769703 0.25877742430660994 0.49681868658121425 0.2533195175706212 0.4995204320003818 0.2438846066853364 0.5127540778893686 0.2454209257425438 0.5603677950263218 0.24979241306956504 0.5776298143382098 0.25199167732641736 0.5877268494376242 0.2302375564761637 0.5871168449267455 0.21499710311783418 0.5819916486814534 0.19811544989762572 0.5703384305401779 0.20081669503036279 0.5027297769075045 0.22272911201008103
0 0.38782897561070745 0.2825355176697672 0.38328953917044384 0.29570962933546024 0.40875919976275793 0.2965651980847584 0.41424431444757354 0.31735525191469366 0.4467045705415331 0.31442148850085233 0.46678138102694877 0.312721588226397 0.485647822649183 0.31941897671384223 0.4902627063067584 0.30491007209472704 0.49307082056468704 0.2901679821459337 0.4902357485011468 0.27661424199300483 0.4839343184003142 0.2771168899174636 0.4701109488904613 0.27779302218616325 0.4456386693405914 0.2942303943702023 0.40838221381941386 0.28816329128364826
0 0.5001786757797455 0.2445703085567422 0.4970620957369703 0.25380864490173827 0.49268048079014476 0.2600802245098522 0.48757531529164994 0.27572734754210076 0.49153170502664645 0.27560861261980046 0.4935096497509295 0.29062511672687086 0.5605248660901142 0.2881174957166477 0.5847740173742406 0.28864390088572817 0.5969244444152497 0.2805714911891228 0.5932631666339016 0.26450812888024894 0.5787028927411811 0.2528739537381119 0.5610980224935903 0.2512597950629162
0 0.5861899467129147 0.288941071715766 0.5966671811418649 0.2885482561594755 0.5989674457686232 0.30060262156887346 0.5986894013187953 0.3212782249914309 0.5846087685355577 0.3299311222304834 0.5163386577373288 0.33819843884594264 0.5079425234852307 0.33534118095294185 0.5061426811443982 0.3308750494725288 0.4945238481539791 0.327487435419812 0.4866249228016147 0.3192590129629429 0.49135977927236457 0.30605290854706996 0.49360562800146907 0.2916673568894646 0.560840258933775 0.28938830316971015
0 0.4147071381964509 0.31807294653627927 0.4099792087845153 0.3270461048014173 0.39748593080780315 0.3357036200796793 0.40930018382870864 0.3390592413822162 0.4164995531920386 0.3569237673038684 0.4635888534804314 0.3534464606612564 0.5054018129456931 0.35083295827350075 0.5081859326409869 0.33583030828405885 0.5059472611139119 0.33090704222270867 0.4948152464350049 0.32849768283222597 0.4860626572727905 0.31961555125413094 0.46607168459290815 0.3136312393490618 0.4467765542294378 0.3152031686227977
0 0.508696745515134 0.33706912298694136 0.5056452221014491 0.35132208560461775 0.5044897694223517 0.3560075482970803 0.5092515836987133 0.37109727398292947 0.5193070564452418 0.3747408300370852 0.5837410004648638 0.3528191769789479 0.6028545649154765 0.342813348153922 0.5984905177589019 0.3234266908169782 0.5843618958503944 0.33155846797473376 0.5164586305505032 0.3395012390491849
0 0.4155704421648767 0.3576048511360646 0.41132933106445335 0.3675562640634367 0.4006222914541604 0.374069931555361 0.40953937902541193 0.3868924564933625 0.42444275399705045 0.38286565448562254 0.5028776696235456 0.400969984921884 0.5076127762375107 0.37268800893779047 0.5032007399556664 0.3527802315195497 0.4626837370159044 0.3543881045341011
0 0.4246861631528066 0.3833547818167395 0.4093679535575605 0.38718500928419086 0.4119356219027097 0.3999890620653542 0.4068544509668497 0.4158967451382513 0.41615223815406766 0.41992883223377486 0.42155522870597234 0.4312107535996465 0.4574232129805178 0.43512477282144374 0.5109816551649721 0.4480446101071327 0.5184283974998959 0.4341300471480933 0.5171500087646472 0.4094774395762397 0.502730238718329 0.40152309775336076
0 0.5191836201026601 0.37555450290921044 0.5075989221198821 0.38115390123926024 0.5072867426624132 0.39284249227905105 0.5052946936772863 0.401367752041671 0.5176162960429318 0.408078661122458 0.5183292058631643 0.42012840849264627 0.5267082726114419 0.4184921601942637 0.5929524495601181 0.39468721939043716 0.6001933812763339 0.3871540684076799 0.6067862096581924 0.38766166789563505 0.6136400149860581 0.3630001577696495 0.6127316851353392 0.3509824031496411 0.6034408250069355 0.3427173699033825 0.5835455804343775 0.3528511697291277
0 0.5264134108010089 0.41959838585721726 0.5197931243271083 0.420946699403981 0.5197483485880304 0.43338497781553736 0.5122056280025672 0.446257300611983 0.5155344454364339 0.45655634927641103 0.5232894034129889 0.4632214114893894 0.5990510322852195 0.4286012535033344 0.6102928793322946 0.4235869607549411 0.6131249881528581 0.40910543084679624 0.6065153424103942 0.389028453599237 0.6012424651166703 0.3877757847787258 0.5932438478411439 0.39569746680285106
0 0.4197655268101461 0.43547107446135175 0.42787718984003265 0.43308513879120375 0.45871570597661027 0.43623561652360676 0.5104673787614178 0.4489222684796177 0.5140910580057177 0.45811509148109214 0.5141078753663231 0.47768446924069613 0.507871501894581 0.48320174343783506 0.43365691619206614 0.467844838526406 0.4089758627805117 0.4626283526256536 0.3969182006038501 0.4587836039919997 0.39617090563276114 0.45282271580726513 0.41451639393584183 0.4495548372497096
0 0.5156131060399377 0.46818095481584204 0.5241190726602041 0.46361456056996686 0.5985127613190303 0.4292183518351709 0.6097066192408356 0.42368293900548065 0.6122126944863016 0.42935589243859634 0.6168238644712546 0.4320393324630692 0.6213628006250878 0.44901696393381735 0.6164359876532587 0.46013858802450275 0.5990673493593944 0.4783223743993796 0.5491768618718874 0.49230882484005 0.525061287375349 0.49969519914096266 0.5230009683749397 0.49024643413804925 0.5141969265580483 0.4829596555540249
0 0.4097749511468981 0.4636767084833244 0.41754205953797957 0.4784617750597991 0.40990275057602327 0.5012351591888949 0.41751936780890536 0.5116036644471655 0.425415244934071 0.5055281794023561 0.48021604712873656 0.5191042133503309 0.5198896918626481 0.5242245745478465 0.5233883938133745 0.5065702592096545 0.5229413940642605 0.49058679753269224 0.5116314926709159 0.48184782196666925 0.5061712857348062 0.48376661944179306 0.4339936137507511 0.4679109406280702
0 0.4259200800128274 0.5054455314643914 0.417674332692589 0.51328644804302 0.41396315363018954 0.5258510886246661 0.415929132341057 0.5388528287653848 0.4269556232182867 0.5472965715812192 0.43264140534086915 0.5617391164712108 0.48060488844655547 0.5706267854178381 0.5234979752389098 0.5745368215802419 0.5283737893425059 0.563489668718521 0.530495379140363 0.5392281909038577 0.5203590602391834 0.5265391476130606 0.48002561554283185 0.5198186507576551
0 0.5253856886026319 0.5004355552939257 0.5219400251544102 0.5242305395151589 0.5315670352513493 0.5397360084662702 0.5415662841707821 0.5398071572718142 0.565514957434973 0.5355448234993226 0.5916778763255782 0.5275036828452987 0.605786739279504 0.522119206140768 0.6149268091996236 0.5267722121404456 0.623296528426809 0.5202775224385005 0.6311879318264904 0.5169358151160407 0.6347086793029852 0.5050856119417187 0.624953223573615 0.49096769383627353 0.6173586518665013 0.48640330074187293 0.6075277890072048 0.4798136023651347 0.5981928137756962 0.478608811495131
0 0.5290488909275445 0.564692681027893 0.5326753768871584 0.5691857899210431 0.538363121869499 0.5829796124086494 0.5308945541154023 0.5999981985587529 0.4845267049772308 0.595809223475728 0.43639932191332453 0.5943178485199413 0.43416103239541365 0.5874556590675937 0.43013541463819077 0.5851697082429347 0.42690455453621445 0.5806118303535021 0.4327177537389428 0.5630610684732532 0.48028975694369047 0.5716042652836064 0.523419734099943 0.5755201406216162
0 0.5420910268820882 0.5406039122849668 0.529590500233011 0.5509499413849418 0.5296944124011841 0.5629806396047774 0.5405946527136606 0.5788661059281951 0.5667961009322262 0.5799311326050013 0.6066676768791185 0.5659072944768093 0.6304748407244171 0.5496943214101241 0.6392795222330336 0.5319215426295151 0.6323806113041741 0.518058276558998 0.6237219132433865 0.5221530846929384 0.614514847203383 0.5290149365370284 0.6056237832264499 0.5240450717367584 0.5919954735715858 0.5286857417524717 0.5652108511802844 0.5365511754306822
0 0.44010568487369894 0.5953174309839494 0.43660739945586396 0.6031187708823933 0.4314607573666033 0.6061031569062746 0.4261924202031195 0.6230292641485827 0.4276567344994183 0.6345695203096711 0.4400806368815129 0.6408351026438487 0.4534971098476729 0.6447963734151114 0.5196427459277553 0.6478892877562201 0.5407323582505801 0.6457752838120399 0.5404273804198102 0.620658885085335 0.5402435912508768 0.6121217132946416 0.5301033024001269 0.6001277365513179 0.4844017571692298 0.5966328596891445
0 0.5423957515066646 0.580980785088891 0.5313873334674637 0.600988431849504 0.5405906403613024 0.6115294431548423 0.5430475252416669 0.6207653877530156 0.5516263463016939 0.6201641060482173 0.5823950215829492 0.6097723439067314 0.6127993712601152 0.595424323188869 0.6181022614109255 0.5875952733789124 0.6221732031815824 0.5772906403420777 0.6327614537833464 0.5723444860832078 0.6261469914578155 0.5659310050182093 0.6238150543854523 0.5558714242066193 0.6061956799606918 0.5673232008300252 0.5670910673554688 0.5809537503938939
0 0.44753881159800196 0.6429614492088671 0.43958356392821574 0.649575005846658 0.4387261928336401 0.6640555576153004 0.4438790939648887 0.6767554740251361 0.4530458820689206 0.6789725807827239 0.4873585000286622 0.6882264751188852 0.5356468193834538 0.6978479595671345 0.5511199352962549 0.6971737266565534 0.5580943780984878 0.6755838739106829 0.5536920485799819 0.6537320713506259 0.5412964694779028 0.6467323776578487 0.5196168701345786 0.6492193682027209 0.4533700092221537 0.6457246346496868
0 0.5423433478295312 0.6213328797127647 0.540979799740138 0.6454564252353407 0.5549174992214011 0.6540625675769175 0.5953817132507935 0.6500936504986338 0.6407755502602104 0.6304463839873419 0.6407551872613315 0.6129228197699708 0.6361012568653728 0.6099669006762459 0.6270755414492264 0.6114445253485207 0.6193237112436667 0.5986389686407828 0.6077989111314553 0.5989323709812778 0.5822293609002072 0.6110852040841186 0.5511693744891851 0.622012419108246
0 0.6423382847942142 0.6344394893680115 0.6441108895841499 0.6450372127896107 0.6524754451104192 0.6580080176104941 0.6356666015225723 0.6658054617054773 0.6356045079021724 0.6737823989953675 0.6167818913023174 0.6835028777582677 0.5614364213700731 0.7010615266139091 0.5570509772986527 0.6988583300634951 0.5529168829487444 0.6928961575322502 0.5588792229172831 0.675455384808746 0.5564457093934115 0.6641691833948041 0.559375218412661 0.6570506089461267 0.5967276224252785 0.6517322214229174 0.6403073751791798 0.6318508255117868
0 0.552693102485639 0.6947917066604076 0.5591059786203003 0.7017086088593182 0.5570472485909186 0.7161202793412675 0.5515498573075578 0.7191447448470979 0.5481968790687105 0.730316032491689 0.514923682045129 0.7301865387659888 0.4857296920105833 0.7246091637913793 0.4586699335211117 0.7184168288468449 0.4511485877263034 0.7146025469119067 0.44515570325944626 0.7057579733093546 0.44518675006964625 0.7017695046644095 0.45151369203323527 0.7012648217281109 0.45311815718876014 0.6797574256015193 0.48769926147304005 0.6897640424809918 0.5351786443024232 0.6992524010915795 0.5526138722622126 0.6982569454261559
0 0.62136702413023 0.6835489102409257 0.6387848643310523 0.693178663536861 0.6477760553852051 0.697814549301803 0.6555557060051124 0.6936197716713665 0.6608670675832138 0.699389210549706 0.6586637873141528 0.7122311913940648 0.6608357696170728 0.718514586680152 0.6594242892703941 0.7269779948380303 0.6429837763853318 0.7344495794424463 0.6261784103492785 0.7401219817451575 0.5982165749037981 0.745761926897797 0.5568160107123447 0.7525397270249705 0.549649336569088 0.7417628452830519 0.5439972135466087 0.734455839042606 0.5480247595706249 0.7306097697067715 0.5525033440726455 0.7208475603223502 0.5581969465607048 0.7177909725410355 0.5609406770306359 0.7043293949910273
0 0.541960816308947 0.7338237585153161 0.5485512897954397 0.7420093743858452 0.5512651140843733 0.7563883833858993 0.5442562975481757 0.7738414422951573 0.4960950559724143 0.7639380955364222 0.4579205583685335 0.7568467804692608 0.4551537031603607 0.7539645081962334 0.44243372348049637 0.7486352827066648 0.4518825554493527 0.745606058797713 0.4557065242108216 0.7297861473165778 0.45938145640724665 0.7214022833368556 0.48568616754551347 0.72636042718924 0.515377443459643 0.7318758944636987
0 0.5549351934260357 0.7509699732066921 0.5516734009414038 0.7578038712857788 0.5483731361018205 0.7672381446903475 0.5519517121692922 0.7759168465636487 0.5586094246561627 0.7848326193842435 0.5743125351096219 0.7863382265954924 0.6077844545755059 0.7815996115148126 0.6204469009645175 0.7802677724532859 0.6420875063197393 0.7707956108323474 0.6576706973367299 0.7619445427419201 0.6624360121034909 0.7563468285617048 0.6577046673200679 0.7411863661383163 0.6539916132518403 0.7310473503648836 0.6432745955021777 0.735395939700194 0.6260534042023018 0.7415505099916183 0.5981585203624774 0.7464878404923564 0.5569478610657627 0.7547168804305415
0 0.46941899998298875 0.7592879587264146 0.4572181909099263 0.7583773187830797 0.45770805872018633 0.7689600368951787 0.45385860370530645 0.7876848866072556 0.45503537718624815 0.7978320308463761 0.45406772429895076 0.8057452957540203 0.5394105293948214 0.8140687780299256 0.5525119016327533 0.8116007977218757 0.5644700452509575 0.7967183508465755 0.5644241120628394 0.7883247855843342 0.5590252699741658 0.7875930515674733 0.5514946954378391 0.7768705122680358 0.5474488137499008 0.7697780268822472 0.5448435275320722 0.7756975626357138 0.4977492455996438 0.7669284453765915
0 0.5677664684463298 0.7877775992364301 0.5650396967042313 0.7950094983513151 0.5523904161084834 0.8129131610832938 0.5423926605123641 0.8148730397825759 0.5458060323314626 0.8256233803361841 0.5481722732139318 0.8381607428633249 0.5537134517675033 0.8430697171417384 0.5775623436878021 0.8362572815888688 0.6533060058089405 0.8035006030687294 0.6549481760400153 0.7844908766977355 0.6523389641090063 0.7745782408934309 0.6480836562337422 0.7678431599023487 0.6205237200502812 0.7817255138710766
0 0.5400052630955852 0.8152638871739358 0.5454793519267287 0.8247075061086084 0.5484403265099617 0.8384399777797595 0.5449217832066776 0.8554950597357117 0.45110160162781093 0.8498519066909842 0.4360108334071238 0.8465063219780101 0.43125296380101386 0.8369454488259294 0.44495330104657144 0.8330869356781894 0.4529072648580936 0.8220912106630424 0.45271476389821547 0.8121060471229481 0.45472108510841847 0.8075770442091715
0 0.46016948050470874 0.8509523285875167 0.45234546483118043 0.8554644062738456 0.44501131696791213 0.8705592020722733 0.45270084760290297 0.8935342272399344 0.46632986381917074 0.8967960007321539 0.521884902600829 0.8948095431534275 0.5600624103286631 0.8830663812686984 0.5613443552937902 0.8654081029982587 0.5599581556255226 0.8556183631538444 0.5542788719139151 0.843946506630178 0.5486956858854057 0.8464761386472944 0.5455751440161453 0.8573268081908628
0 0.5772900590849103 0.8385636886561345 0.5568463819636678 0.8428799351885411 0.5600503275954406 0.8539876801368559 0.5632542732272133 0.8650954250851707 0.5611808622945824 0.8741590726552065 0.5750023794707283 0.8874060096875199 0.6121119053213049 0.8719602661533523 0.6288907769611849 0.8646896897575739 0.6446101293375314 0.848545247744957 0.6658204957724692 0.8315018567322121 0.6639818988683359 0.8246942480053406 0.6603255560006975 0.8165686341745685 0.6536619997680263 0.8047347969518756 0.6149692363887606 0.8214090926267064
0 0.5915171871119419 0.16475324455921644 0.5827800698632721 0.19964406347767424 0.5880017685625668 0.21525386649857722 0.5912236044570272 0.22428653701831028 0.5963529161935441 0.20645102351754605 0.6086831752793707 0.20841578880698433 0.6450647047679334 0.21201979476988184 0.6825514775207905 0.19950931477557768 0.6836497656814979 0.1876449124029196 0.6801559659107058 0.1799845611321472 0.6518431875214082 0.1753251568139946 0.6304770315199961 0.1660762340881455 0.6083327346474348 0.16784262436519073
0 0.5964492830199969 0.20749748327593984 0.5807310190214482 0.25309133103931086 0.5929991844868746 0.26303303361863944 0.5980420597404376 0.2680497499536678 0.6252225279189159 0.2604132521106936 0.6667574608506089 0.24644335951242524 0.6802995115266217 0.24210188071174124 0.6909845794591654 0.2305269136930291 0.6936696938604896 0.22291723164063912 0.6873052522949954 0.2013866518354247 0.6833604140461991 0.19964244061323919 0.6452092550076124 0.21358948440747247
0 0.6878794733900366 0.2400642671490608 0.6648917156300733 0.24781104202566137 0.6257113171547662 0.2613954673181189 0.5981625182735034 0.26935782465165997 0.597701047140119 0.28164909007706224 0.5904136633078555 0.2847010411226522 0.5966097140829982 0.28926340886517665 0.5990673193134831 0.300811225218717 0.5993631237404872 0.31483742839485557 0.6020067586762313 0.31759134036422604 0.6300237326385247 0.30822454150624007 0.6667256605725865 0.2958425506138729 0.6766154510309546 0.2907711980739129 0.6951353081002185 0.27127459971941753 0.6923198048223295 0.2536775174796289
0 0.6658103092205162 0.14352277801913127 0.6552466832497547 0.17349364652434082 0.6809370358790663 0.17794245180374813 0.6864693443597931 0.18979095385710198 0.7082922772022955 0.19305087484600514 0.7488976332823414 0.18139267734370723 0.7622125010751856 0.16645865227300663 0.7566214045257433 0.13913251778266575 0.7490045718917592 0.14174601304147397 0.7125444042489784 0.13906036377197908
0 0.6864693443597931 0.18979095385710198 0.6837649606718013 0.1975218167858457 0.6889372833663119 0.19804156428288291 0.693530639692866 0.21824292072288745 0.7330317477428098 0.21314260843832877 0.770726100289952 0.20697156240363523 0.7619406973920423 0.1783463463721707 0.7503678320659719 0.18251850971915182 0.7083749251402601 0.19394835943046088
0 0.7668527155358305 0.20942771507626393 0.7778764393305058 0.20671197585658596 0.7825405136604 0.23510089080731192 0.7643958448595283 0.2458150327925327 0.6955670133054206 0.2589052201499458 0.6894974932279234 0.24122306829762952 0.6927096944783279 0.23158703894935462 0.6960518326029916 0.2196521995146307 0.7327778389616035 0.2140951916480943
0 0.7641192611624337 0.24678480472990094 0.7792476610301584 0.24353184325933439 0.7816271253728411 0.2567266618667316 0.7825625734528667 0.27636788080315394 0.7708300401449522 0.28488676730783985 0.730460778143341 0.2953769779063144 0.6983022197195842 0.30335861732410235 0.6938097309536788 0.2893453534153432 0.6890754809986694 0.29167290959925773 0.6810560799270058 0.28677579132627967 0.695414921342405 0.27200507302453525 0.6954000406893781 0.2591993914810718
0 0.7782207265875672 0.2797955699349848 0.7831107010188806 0.2918031364798783 0.7876031897847859 0.3058164003886376 0.7763686924340389 0.31658250073024824 0.7395764343470325 0.3311446075327412 0.7083787368817918 0.34323831432804264 0.6978186973413761 0.33604025750945005 0.6864284755143252 0.3324712351222525 0.6933665021069881 0.3193035235852451 0.7018287649512752 0.3163656441671301 0.7004152441428069 0.3041770626254645 0.7308179702772317 0.29609475055789436 0.7717959836791664 0.2858930043735714
0 0.6134679584677301 0.3525664222060445 0.6141318840525978 0.36293709814821384 0.6112137231471629 0.37234170819814655 0.6153290565504526 0.3759373482236441 0.6255221058796487 0.3665061205354114 0.693949473554754 0.3572443120371147 0.7059284835534033 0.3514019476067822 0.7034735147233842 0.34054823871849454 0.6977079818982203 0.33799900693222334 0.6861769162478923 0.332900543359681
0 0.6014019263939223 0.31778752559608203 0.599428256924806 0.3228889448425954 0.6038903370025357 0.34127166302919615 0.6138425731235075 0.3502849421664876 0.6809926056271759 0.3329929518513639 0.6829465709521418 0.3276775627701459 0.6875638507914922 0.3247496986570786 0.6920037933334879 0.3198961060316691 0.7012186488680381 0.3138264079708298 0.6980852791168659 0.3045655760999284 0.6935358497940608 0.29054107118402334 0.6885779110585029 0.29330750984678733 0.6822293053411115 0.288048183559576 0.6772094099502777 0.29191074358806407 0.667575078942918 0.2969631368597814 0.6305750889884598 0.3091019852064722
0 0.6255743873353792 0.3668699513849752 0.6158461810291961 0.37673558481021807 0.6074047883744429 0.3893451940219473 0.6138311182956188 0.4077937695552005 0.6101694522696365 0.4225755201718231 0.6148725407100599 0.42712392309341 0.6295490404008098 0.41644819096091007 0.6431555574857067 0.41500853561608997 0.7036203510854635 0.39782155726256246 0.710654813915617 0.3891848289399345 0.7174287814225266 0.3841363193249136 0.7158663683615972 0.37198260320191795 0.7107447219162759 0.35647205417611455 0.7059318350839795 0.35233557912902086 0.6942631836657774 0.35877633961418914
0 0.6289847580623444 0.41673754741213903 0.6274680298458717 0.42112235617573357 0.6152172262647794 0.4276584223911674 0.6173568188907954 0.43164162106156584 0.6218401242546279 0.4482415558550181 0.6266605631300521 0.4588770104241699 0.6341391921255011 0.4566677823259009 0.6475592726301774 0.45801631637226764 0.6818016107394764 0.44965274176054676 0.7112973824235296 0.4410813593861333 0.7227772041090318 0.4277773443695465 0.7265306124096171 0.4236172912803464 0.7220371755573326 0.4020946091651097 0.7171450710913643 0.4019106278349833 0.7147680118571775 0.39855723419260797 0.7042382428972033 0.3981143529742237 0.6718674500475486 0.40755036544189177 0.6430814987426834 0.41580856493251
0 0.7090465723385513 0.343211041817781 0.7063353821492646 0.35040161579486645 0.7115193819778289 0.35480037594556996 0.7166837485425539 0.37119651490064204 0.7382849203695692 0.3676601277036177 0.7664986028818487 0.3626663705685855 0.7861612080064397 0.3594473514533454 0.7907769611751024 0.3515701585940141 0.8008245568655874 0.3446777920864344 0.7963160776707001 0.3292987289379521 0.7923225626374975 0.31645908309530474 0.7761241379252157 0.317611701142527 0.7397625143858677 0.33181055060398484
0 0.7383929762847177 0.368503505131987 0.7167822354522694 0.37102843823934767 0.7178620834139386 0.3827546460918508 0.7108597551505336 0.38921937494699127 0.7062177483867216 0.39656396490587226 0.7150780143120348 0.3978992332334285 0.7182754026883974 0.40168111779213417 0.7223920501259782 0.40100717012811354 0.72426964684673 0.4110832453524009 0.7730424450475493 0.40031270972855637 0.7916855523890967 0.3965008299034481 0.8070197103412533 0.3856330123416603 0.8014525302149341 0.3581798522785808 0.7866010970416188 0.3598514557198218
0 0.7245256936504403 0.41180109271996007 0.7274078185271897 0.4224724793728936 0.7139349146666438 0.4391137098598834 0.7182680512708758 0.4490410370667998 0.7376826154532568 0.4453561150868745 0.776616911491014 0.43087790923342834 0.8067039678028961 0.42139368160900575 0.8084998513779431 0.40995644533786696 0.8026567258696979 0.3939449434521964 0.7919875501698994 0.3977176648391989 0.7738828283540213 0.4011881489260268
0 0.6152403043183253 0.4626156754893406 0.6046071303065113 0.47296713721701894 0.6048368851919729 0.475462075057977 0.6084774407101176 0.4799311729995137 0.6181484815939514 0.485945555255434 0.6249471073707715 0.48964438167249535 0.6308001821681247 0.49957613078568186 0.6750098493598783 0.49081891370052166 0.704680030448227 0.47887038221986916 0.7184482992301704 0.4674991551836198 0.7144370589849567 0.44662915736748593 0.7111707441429556 0.4420987914564929 0.6820915324167739 0.45015174625206705 0.6475398799094159 0.4585940990365678 0.6344940400808832 0.45718429702074465 0.6268910326855754 0.45918877174688855
0 0.7380704181379486 0.44586677119892393 0.7185718518238655 0.44961013748650297 0.7167319551069267 0.4543209713679472 0.7183893538959768 0.4678296944769873 0.7134949928369826 0.4730405831091418 0.715781329773708 0.47542229269049524 0.7206862573468265 0.4793045140618924 0.7247694429836911 0.48773088439783024 0.7591975107942592 0.4732753321444567 0.7870521644216661 0.4637543485072511 0.8166822730675292 0.45780111716760524 0.8134208293669184 0.4448305978671267 0.8101916065155487 0.42772078547714637 0.7995313976396698 0.42643438427288555 0.7770497661402851 0.43369772965123204
0 0.8173181686734758 0.4579726141589791 0.8241880066512108 0.45850154135651233 0.8318254507274068 0.487567327322139 0.8160492045571325 0.5025521543109581 0.7689210092534622 0.518260075709387 0.7363436653273915 0.5213885925347895 0.724979770744665 0.5147053694835889 0.7163594804860092 0.5108801979300122 0.7147020816969589 0.49737147482097205 0.724615817502625 0.4883072372642429 0.7590938907882643 0.4743947008939014 0.7873058008528742 0.46426402740690254
0 0.7078111106909758 0.4786563276163352 0.7195680916159992 0.47838516721273167 0.719993138154103 0.4830008022185042 0.7142198115720784 0.4966236249631854 0.7099433008397665 0.5130330131642586 0.637014806749324 0.5269015457885412 0.6326029764686447 0.5171509727284039 0.6353968469212207 0.5048427285589813 0.6327068571280741 0.5003222924288805 0.6701999557948217 0.4944597954283482
0 0.7084642696158835 0.5149287566804004 0.7190780820725442 0.5134667414861201 0.7274947413750631 0.5173252500230775 0.7346963117455967 0.5483916025294584 0.7208921940916445 0.5556123343133959 0.7126255512143388 0.5533828734255346 0.6455773521143344 0.5660131255902608 0.6345276659520114 0.5694757073252954 0.6272827869112436 0.5648741610050217 0.6249322689294701 0.5550617260525935 0.631530685850167 0.5503986653779415 0.6400334411862852 0.5327461846428414 0.6509367199792482 0.5254491547432018 0.6707389281996105 0.5227584832383063
0 0.7293238109244434 0.5192306176881603 0.7344462843702415 0.5456765231142982 0.7479251057827976 0.550635499640731 0.7597893157696687 0.5470395699721736 0.7791056448092974 0.5458064491250003 0.8124297224590156 0.537319259510509 0.8272092075302875 0.5249780258956182 0.8241049983665953 0.5092257532132181 0.8191036688991877 0.5020520995602477 0.7691746456846704 0.5187697546090382 0.7369009436648787 0.5229509662171243
0 0.633734535809146 0.5720859637158432 0.6227062433285055 0.5780254539079027 0.6186941961949602 0.5883283194621004 0.6140784743047096 0.5943203949354224 0.6191620300964296 0.5978977713819229 0.6271569912632629 0.6106445559476775 0.6359381251146904 0.6094825736038235 0.6413789373436134 0.6124502602005306 0.6474556451784828 0.6155894437886115 0.690296763235717 0.6071978005877042 0.7323841901110326 0.5928663196568249 0.7315593604257948 0.5681972460367174 0.7282156904008716 0.5588230039427087 0.7209922050417866 0.5566983660794599 0.7127005594269453 0.5541973972500828 0.6462882559328876 0.5669991464061831
0 0.7319668829915031 0.5524212605198773 0.7285979495756102 0.5584848220344312 0.7322738733002008 0.5669778663371304 0.7329845164653196 0.583673198703131 0.7392826398821559 0.5914613542803651 0.7860999751678412 0.5791115391302709 0.8130114822271696 0.5705717642345169 0.8200171610601406 0.5658420295931034 0.8207211074204224 0.5555295398899648 0.8133192544961703 0.5380004354015343 0.7802738160151959 0.547268811857193 0.7599643349324174 0.5489401255627858 0.7482787531641477 0.5522312103064465
0 0.6418826011501766 0.6156750185153422 0.6410964284655826 0.6295837854249507 0.6444723193397469 0.6348187344294575 0.6454474261036323 0.6454075441485828 0.6518205577330751 0.654010223550365 0.6946297155945025 0.634048561888881 0.7224879782777621 0.6223221777361666 0.7336840718094455 0.622694044165737 0.7425546500968909 0.6135249835843956 0.7396112845259706 0.5927855570045647 0.7334631775343474 0.5866264490764267 0.7327628402299184 0.5947335382640565 0.6900645204861916 0.6091650301450778 0.6479879207784345 0.6168803095294302
0 0.7398899236947142 0.593566743845732 0.7425546500968909 0.6135249835843956 0.7364348942452217 0.6211412946323432 0.7400930333439826 0.6249520299625086 0.7690586345905108 0.6207611942054815 0.8053871711072131 0.6112309339572476 0.8159295844071199 0.6067489944229104 0.8321594889088867 0.5944459098658708 0.8234538845769345 0.5650037929341156 0.8196849073604731 0.5667232273844129 0.812882859483639 0.5714196250424458 0.7859963551618464 0.5802309078797155
0 0.8138646630523615 0.6090162568307104 0.8284724773633032 0.608278378659777 0.8336377381724667 0.6396781009999649 0.7961624241315488 0.6502229069730311 0.7719267312953902 0.656395408510843 0.7458905807032397 0.6587286498095795 0.7462800579896839 0.6539796668702841 0.7410537038844566 0.6443624417436696 0.7396321569007845 0.6266810885617469 0.7693872792343255 0.622085396929681
0 0.7225629864903687 0.6231367015607145 0.7337840827595876 0.6237800759318012 0.738842635813772 0.6270859444367857 0.7398819236227054 0.6451054795269858 0.7447010158156588 0.6547893786203618 0.732572342230021 0.6644918309357946 0.6646557441211103 0.6946271272165991 0.6582931790057915 0.6951175578183687 0.6562354757627386 0.6929740191951507 0.6485188931112144 0.6967177330206421 0.6396199636838149 0.692111374625898 0.6302423731873878 0.6845517658578583 0.6359334734451002 0.674525220319647 0.6364301797933922 0.666451468115398 0.6541032856139478 0.6585973336472274 0.6529637262014379 0.6552010783410417 0.6947797320197157 0.6356776095379771
0 0.7389171227195098 0.6593190913614911 0.754893130136634 0.6622156394548786 0.7644846574498881 0.6945443327931681 0.7248191477130997 0.7217081730165327 0.6719426285649402 0.7513104251011585 0.65847102526409 0.7419406475437077 0.6547737078578166 0.7309706947839837 0.6603003554669046 0.7281367036587119 0.6620974648204782 0.7184720528632177 0.6598183459954583 0.7116795422508465 0.6620263263171589 0.699742816973082 0.6965366204520392 0.6816909875132388 0.7330546123549015 0.6652396807935812
0 0.7495273261203177 0.6600624766827197 0.7552503865738369 0.6616059496050851 0.7651455557933702 0.694987337726058 0.7569430939611126 0.7001886022092717 0.8016382843052626 0.6939738346149632 0.82378766210498 0.6875916870279263 0.8473446719718266 0.6762938715846903 0.8413646266846807 0.6607368087281039 0.8396644405322651 0.6422742687050137 0.8270607149334523 0.6468180701316419 0.8207803761424459 0.6437122235269418 0.7953692939886834 0.6528331633635789 0.7843482196197487 0.6543618525246204 0.7753848484938668 0.6580340803088802
0 0.8248058168856651 0.6874250021110226 0.844032701489276 0.694198959501337 0.8446755545534939 0.7056689670117717 0.8472797089664754 0.7159910808638513 0.8477439338120918 0.7277659332991827 0.8008301966321172 0.7368243161677039 0.767916989950526 0.743039431299925 0.7612796553757509 0.7248339629949396 0.7577181788247138 0.7086053483962687 0.7710150236162499 0.7003652588130286 0.8016632870427982 0.6942453425564793
0 0.7519237192144408 0.7040419511338462 0.7575145478685767 0.7086386853796495 0.761329660850822 0.7253769788779717 0.7676883562568535 0.7428012603417896 0.7219961441602667 0.7673689328601053 0.6694377031417978 0.7892022776653788 0.6529474654039861 0.7739878612536278 0.6526296479277299 0.7660474569829013 0.6576740254119373 0.7624656159998432 0.6636115439891522 0.7573595503923011 0.6609323813635641 0.7462229127156732 0.6714067439091358 0.7522249598758486 0.7259623161814625 0.7228990278072094
0 0.8247836412436793 0.7320760283042335 0.8349043564079008 0.7364823647986934 0.8396162195390064 0.7494910331570231 0.8404768791293384 0.7678154131721199 0.8022834431581617 0.781784999360282 0.7553374851289458 0.794982675318305 0.752040211523241 0.7883568496228374 0.7573812734554561 0.7745291929034016 0.7520443418859625 0.7547328260071712 0.7676097389883941 0.7441921370327504 0.8010838330633253 0.7373339950673553
0 0.7494757567246406 0.7537753301001594 0.7562381049870933 0.7733383381127249 0.7500252956435534 0.7911671279136693 0.7066338567071034 0.8092949079513024 0.6629246002943971 0.8194822837182095 0.6544259753210004 0.8035107408376433 0.6558160834157343 0.7782034524588318 0.6693340831358028 0.7903216464148236 0.7218675214167363 0.7682167936680342
0 0.6673008613234168 0.819868238833279 0.6654859673440134 0.8248505806562391 0.6660860330448659 0.8313667712526239 0.6445258937784427 0.8508813109825724 0.6701723064307147 0.8690063641732101 0.7222020809050849 0.8436767531116088 0.7436477729979545 0.8318977836776318 0.7594845911574242 0.8265490825753966 0.7570768495888739 0.820604432770954 0.7544443440359383 0.7965068999427887 0.7505325685059696 0.7921864857129721 0.7068338786073876 0.8114669714834307
0 0.7552071109261769 0.7960472257205714 0.7575240922036139 0.8199326523565662 0.7599732879092651 0.8248542772443691 0.7676964259600279 0.8309475982684199 0.8155357040994651 0.8162276416568549 0.857575416642585 0.8035529751045755 0.8557088003734645 0.7871080619004861 0.854651848001538 0.7705305963949356 0.8412935667602809 0.7631681656691306 0.8406786312900139 0.767965240897832 0.8025958760011703 0.7828099445766684
