0 0.21611208540572713 0.2631641531765179 0.230792910312831 0.26529012989957595 0.24205717281641415 0.2830636229398817 0.24184348692943824 0.29740551576375446 0.21310241588989542 0.3135454510917046 0.12124656398816275 0.32936170328259634 0.1181306783297944 0.31416513052129386 0.11517197666020074 0.3009466962402723 0.11605844443026525 0.29387345142632654 0.12162669678241689 0.2972563638305174 0.1321340251325 0.29002388094486165 0.18333817197777624 0.27136292550763513
0 0.12025341940148176 0.3301061534338758 0.12003550976462385 0.35763763580932134 0.12752281038935326 0.36698747418513616 0.13771453971747039 0.3725961601049998 0.2199308852721953 0.3652047094524189 0.23465651279253402 0.3621045296203826 0.2406233174327007 0.35360316758669513 0.24280210647393197 0.3268555805583893 0.237331018440183 0.3185309531274522 0.2139572344128866 0.3167125819533129 0.14847811360216168 0.325461276817898 0.14293323091252813 0.3306241861858744
0 0.22717387875634865 0.30789460535771324 0.2195274760121641 0.3133864369337868 0.22116211270073693 0.3187891405174694 0.24403328268124902 0.3218678844111317 0.28608442731459405 0.32055841769680177 0.3123090370992987 0.32358952068272234 0.32442015874713975 0.3194441470544996 0.32837075079632594 0.3099175740759345 0.3330256871329245 0.3043258282433166 0.33915387596559354 0.2999806261020053 0.33059911662032143 0.27734460082239704 0.3079342922477567 0.27602884369504216 0.28458586713010425 0.2760472368693532 0.253908051249429 0.2838030795815207 0.24292433687605713 0.2980437426121119
0 0.23472237141397778 0.2406967155788516 0.229449539290061 0.25049841603467965 0.2309043303168543 0.26547381212263754 0.23735528753452806 0.2694409297660785 0.24290245229720892 0.2832758502423665 0.24655330157676225 0.2897037647709268 0.2541443711343396 0.28397061759711545 0.284726507780282 0.27493441931411616 0.3093118655090944 0.27599503181551693 0.33150405011183803 0.2769757129116822 0.3355422316976421 0.2850928366244068 0.3402663473228058 0.2694457670920383 0.34451434884735277 0.2663947495497752 0.34217998323868687 0.25362500572098245 0.33243091940342767 0.24994684458302097 0.2709116213765276 0.24230454027071535
0 0.24340398558393106 0.3247339093733633 0.24040198468627183 0.35263790519574406 0.2404584589094027 0.3623781357156141 0.24744200445082415 0.36348943188881955 0.2576648490924281 0.3770015839801028 0.2751248795931177 0.3685648029414028 0.2997355962315741 0.3714621797912539 0.34708607293500343 0.3716866918916784 0.3537318629529385 0.3652833926554879 0.352602173605422 0.33619027340885504 0.33219449707606774 0.33263505214280975 0.31118277086135315 0.32299314620248615 0.2851794938230774 0.32092730560751664 0.26543120016569044 0.32370008461348737
0 0.13750952793842353 0.37241519994551336 0.1274840770266059 0.37508367364785755 0.1299671654230476 0.4056288675568869 0.1319003686301376 0.41405983125285006 0.13672410821237008 0.41422094299152773 0.13817711156760526 0.41823814758749994 0.15294574619231638 0.42001855414137346 0.20261447313471248 0.41395465132689174 0.23506241772661185 0.4081736703479679 0.24222987503029236 0.40347903376952415 0.25197804903143073 0.3984415465999545 0.2558336537422895 0.3816230095640354 0.2469003068700319 0.36469910905943603 0.23542185260297915 0.36335037816580784 0.22199158942933034 0.3674067926322167 0.17611958356361757 0.3726321517255493 0.15612909864198665 0.37475327274208275
0 0.25744156693636694 0.3816767134769279 0.25319405341065615 0.39794585346993144 0.24422969703922187 0.40408213472533233 0.24476411189324543 0.4098921037891683 0.2586947138860838 0.4091775062933653 0.2663501062092831 0.4170487593895275 0.27491635186603014 0.414975117443211 0.28539412849470375 0.4096402143956275 0.3095933822752047 0.40615800457147566 0.34951393521646246 0.4051315889265637 0.35901270644192035 0.4048052767349987 0.36232922766674885 0.39955297391385886 0.35949604165795324 0.3790786656297591 0.35588057128728223 0.37026973018644327 0.34811828222757407 0.372370224089206 0.30000945537692203 0.372479584500735 0.28260588905258427 0.36964581857414247 0.26659651604161605 0.3754295704693063
0 0.15142316332577682 0.41988865557895844 0.1367954279298001 0.42436074030488696 0.14112639288462409 0.45787702253186774 0.14855965106962227 0.4642885203495635 0.21229818124309147 0.45619543145788727 0.2496490505073763 0.44842358228264684 0.2548940225242142 0.4452916647095164 0.26025189035793567 0.43615061169574604 0.2642551048494627 0.4211017301067022 0.2596332086387918 0.4090718702739053 0.24495771704801117 0.41008493892756975 0.2248852931423429 0.4103164607301564 0.21591934617618702 0.41347442129073086 0.20575070616588625 0.41463801770024006
0 0.14790267017952918 0.4647833303432791 0.14866450978722567 0.49555902467589236 0.1558446147097225 0.5075535208161647 0.16693869095003705 0.5101809593015346 0.20463194972504295 0.5047632454691645 0.2446108480087637 0.4940617362855518 0.2712154678255025 0.48197315483729125 0.2735011073342174 0.4766893594860487 0.26981397659914497 0.4514582086717039 0.2648027001355623 0.4479054847245705 0.25423012022929947 0.4475523631055511 0.2341102970039261 0.4523345384807697 0.21584424159277954 0.45605017974661705 0.2119710197189112 0.45949423850988547 0.20874288674575142 0.4586341199756075
0 0.1567273584144584 0.5093697159628708 0.1562547372760209 0.519509976096376 0.1569323895262013 0.5397506631902469 0.16149957549639232 0.5444170041292876 0.16779693671415324 0.5545953051228538 0.1879344160204775 0.5488733448670785 0.22271869551424978 0.5368698871614149 0.24692495781971174 0.5285567369672525 0.2596351470702256 0.5239972688989984 0.25777459773914274 0.5179167296278853 0.26235809555547596 0.5104527831753641 0.26423495673270114 0.5044030350549157 0.2794209093351518 0.4994560695908212 0.2786441021161217 0.4920011651607749 0.2705581601258905 0.4831736878848738 0.24531568666918124 0.49408527772681987 0.22281516201348212 0.50170309947558 0.20418785923165128 0.5058768624610718 0.16651225653759633 0.5103547914128851
0 0.16830621424930142 0.5537659777392404 0.16671588307171786 0.5783506753037971 0.17329708581950304 0.5846829207194614 0.1780774889959143 0.5892623456028266 0.21424700821271458 0.5710986822797712 0.22986483250965334 0.5619344555738056 0.2630438735573212 0.5490310461607247 0.2753221911133469 0.548688839334342 0.28142942848788577 0.5539708423725062 0.2818192065036159 0.544486077511264 0.28428275105664924 0.5409949358654595 0.2853366182888474 0.5374567113371193 0.26332637085253674 0.5339944880718176 0.2606007338976689 0.5251579687734417 0.2469073017387608 0.5294965218478092 0.22270103943329872 0.5378096720419716 0.19657582227185355 0.5469050667372115 0.19285063056244917 0.5499779198365109
0 0.17840342420469663 0.5906837936442958 0.16518395741903463 0.5960725890961632 0.17096929228921742 0.6335046516258737 0.18068900337059884 0.6342054374675942 0.21266614702160452 0.6252114582468227 0.2424812437305522 0.6149227802133966 0.2645254590939561 0.60531493120658 0.27205324835342504 0.6025571588662391 0.2888485324492188 0.5832762134680362 0.29140579468905436 0.5710427182889277 0.28531621339546637 0.5648209303702068 0.28121621128166546 0.5540577584281815 0.2755354083195672 0.5486019232786666 0.26261743914488045 0.5492048782720753 0.2299300195514098 0.5622187451820996 0.21416416509000713 0.5717541775520342
0 0.36128046535625236 0.38049691032123606 0.36251332666939884 0.39919608393225775 0.3587892425636436 0.40769662325792994 0.3829919021039536 0.4123774005843026 0.44810345421129744 0.41085571521994185 0.4696446158864558 0.40963897765727636 0.472791664701655 0.3967186946570432 0.4670136504512627 0.3810360530353149 0.4558592369554812 0.37045440597747553
0 0.27576649946519943 0.449104410845147 0.2739514576484868 0.47544661389635284 0.27302905020499235 0.4840713885715498 0.27915376470686576 0.49265731445153355 0.2822351411400354 0.49832785065286306 0.30083152439070193 0.4907472040876728 0.32195076632288466 0.4851066933845312 0.3442129859915863 0.483156236972545 0.3567468853673533 0.48279659687021037 0.36483769076979344 0.47276972606539136 0.3818233571405703 0.46010646480922635 0.38741117882112 0.45664121759529563 0.3875763226035489 0.4502409781969097 0.38087407116778915 0.4365470787163073 0.37284985211112365 0.43586000364042393 0.35172800443084407 0.4511988603595369 0.3420826839178204 0.4531516500657951 0.3160041859280055 0.452699702617074
0 0.26406596816793265 0.4210315433388621 0.26003697890084876 0.4371208980185806 0.2545779741930476 0.44567913169464846 0.2648233123476802 0.4476377290259744 0.27045348969557803 0.4514776547019462 0.275596908717872 0.4525474467167608 0.27574735062095024 0.44931966042426424 0.29732740864552487 0.4502200297696863 0.31606816652568337 0.45168410275234283 0.3420939242716816 0.45255335678427794 0.3517392447847053 0.4506005670780196 0.37263111230748525 0.4355533634304245 0.3798106316856917 0.43579315764613086 0.37582578647257847 0.4112942484174125 0.3589136294985553 0.40809524414413084 0.34939973170637684 0.4054426742965549 0.30940745339579756 0.40710028537927495 0.2855466129784602 0.41049402001036844
0 0.26572281065271863 0.5037634544509481 0.26235207003241157 0.5111728688438891 0.2585120019616427 0.5173251132754645 0.2605274720638651 0.5237459603602576 0.26466388279688335 0.5338891008732787 0.2862002805467999 0.536215051354048 0.33116727612888314 0.5333351927343267 0.3582639133165739 0.5283248575546043 0.37180063155813536 0.5249794679755584 0.38034137534669205 0.5164282068133931 0.3846644825052571 0.5108032994040279 0.3837152946100675 0.4971881859328841 0.3772238014845386 0.48703941532639544 0.36265140295368115 0.48428879892591276 0.35687391203459484 0.48278130849444145 0.3447673329219545 0.48288815530506746 0.3216584131726412 0.48554869021006924 0.3006335217122216 0.49098090750408546 0.2805335735153915 0.4996572976599892
0 0.2859519807911981 0.5373590258743689 0.28260379420761206 0.5459279990813547 0.28190928568682777 0.5538954989107141 0.285749471263587 0.5655376270470285 0.2916112639934336 0.5710726474569782 0.3132388180855393 0.5668189780668663 0.34640926641174197 0.5610039026259086 0.3981141609181137 0.5535426505289268 0.39668200178155855 0.5370194539528407 0.3978244077967984 0.5225888619326724 0.3898749756685804 0.5198942929158671 0.37234106409801004 0.5256453425005977 0.357700493551416 0.5291695803768331 0.3310732341582949 0.5340888578371824
0 0.3450882141175694 0.2668864656771609 0.35491769759525504 0.25991100983385446 0.416333563169663 0.24358315563862754 0.4364732211770519 0.24467488345351518 0.44253741660673684 0.25170224937385793 0.4451709288561614 0.264481984628305 0.4382334857667085 0.270476430251163 0.43036919899627835 0.2827858078088364 0.4106038957758811 0.2904471464702778 0.3780773187703139 0.2890614322896003 0.3524518580445192 0.2931744983465878 0.3424676153608731 0.29882771411516373 0.3370483989882418 0.29331856210633656 0.3345437037115659 0.2856318133140264 0.34095203280806674 0.26956206114010883
0 0.30302824793949446 0.5687959758249336 0.2943766954473416 0.5756005750442977 0.28862220819064655 0.5834935083053163 0.27967323370238906 0.5939493654364809 0.2815095003443706 0.6027823014972734 0.2943700556151543 0.6003133974849949 0.3031053047756308 0.6103683306595298 0.32606374003635474 0.6032788295960922 0.38555825937955035 0.597180800445971 0.394541376518356 0.5909974740282963 0.40069571372280033 0.5922708749959469 0.40310041186241935 0.5738926830045442 0.3913182961446435 0.5554983038186622 0.3449057386112632 0.5625671911328288
0 0.17701478676191895 0.6365086617643877 0.18011697771432994 0.6456137141378794 0.17733483255043087 0.6548631947384823 0.1822806080182125 0.672008371431303 0.19451707650664457 0.6685982738242241 0.2209311089314443 0.659183394382834 0.29407417733445 0.6316215554143135 0.2980499362331894 0.6187295339748249 0.29943166076655814 0.6077966542185727 0.2945557957234649 0.600541757909946 0.28178653827702094 0.6023656277768333 0.27127647248144116 0.6037194122852184 0.21274921417715492 0.626450383091962
0 0.18074649773436474 0.6764692339212109 0.18263835535111395 0.6939684085048544 0.18567807425589322 0.7107821634279246 0.21214253302910602 0.7073893184411629 0.301334557149761 0.6773386295103764 0.3067336899998127 0.6710051376886136 0.30927648489077775 0.6564833150548844 0.300572521775218 0.6469811399581907 0.29915860859156107 0.6408148711060927 0.28824253438477376 0.6387395762493976 0.2486460859532636 0.6503131151804341 0.22219492133069413 0.6608781875188513 0.1948524575253605 0.668979032117886
0 0.4121436292230232 0.5982195003407802 0.4019439655274747 0.5930331390902228 0.3933596836657286 0.5905254826308023 0.3843700808800363 0.601531853599588 0.3261899708235846 0.6032229231626115 0.3031605162132165 0.6119432308628859 0.2983289310274123 0.6192523034534573 0.29388290942658013 0.6319911916224942 0.2998386275283029 0.6413885147226367 0.3008371457839121 0.6474008273003032 0.3170733248198476 0.6563238794449692 0.33942023162890633 0.6521133432732144 0.36385275190426947 0.6470526257330429 0.37976569719599507 0.6446201842345739 0.41407573196013403 0.6340126154712732 0.41776947875876774 0.6230467992192467
0 0.18890201364222942 0.7111748908823875 0.1895153115940572 0.7193818905662285 0.19255595620318744 0.7464733662458798 0.20651055934423168 0.7492419041603248 0.26529025257420213 0.7303550996150557 0.3151270995335299 0.7125766635436729 0.31805879598147546 0.7046159801253203 0.3112477825145231 0.6790614610326721 0.30177291280991786 0.6778496025171291 0.2570438893477808 0.6943915812789072 0.22512414764089755 0.7031748712818603 0.21300760986202533 0.7098054687549006
0 0.31216407245564237 0.6609282332303578 0.3088462810072291 0.6741205077764159 0.3118278392618804 0.678825006173133 0.3207318767669016 0.689995115016079 0.40011280907582725 0.6724359584250411 0.41214807233683426 0.6599185882575885 0.41758473297332493 0.6462854262013823 0.4292745384927968 0.6419430335088412 0.42569630288855304 0.6332532626999727 0.4157947009245475 0.6343296089649292 0.3834482269582639 0.6454011037483812 0.3637336936025799 0.6479405007765321 0.33926601903901354 0.6532631731072402
0 0.19923583334556888 0.7534759308290457 0.19499069891495202 0.7598577740455162 0.20322783759360014 0.786099496913801 0.25078509482243155 0.77221026662778 0.3202884418240488 0.7544491153772143 0.3276185971905682 0.7421583386633513 0.3273433609258136 0.7312764297007729 0.3231130186041208 0.7266581365248953 0.31741591381179957 0.7184092532261751 0.31173542962171363 0.7143820971991449 0.2652422192608075 0.7329117814640238
0 0.319233701585114 0.6931429340138943 0.31808281263817273 0.7033376392008363 0.3164405375162013 0.7141555037455554 0.3244024399300949 0.7295153176512615 0.3380429980407632 0.7336804239199601 0.3438509615687976 0.7258158071283963 0.4331020831305694 0.71395871339306 0.4401902434368047 0.6992294822599986 0.4342825562953588 0.6817637354214221 0.4198125503225872 0.6808966977892382 0.4095470415214999 0.6707044305933779
0 0.23982867053827384 0.7783679543817422 0.22328043263635733 0.7808851906069126 0.21867321986197003 0.7912202840266046 0.21925510510263846 0.8062056928311035 0.22844177492687623 0.8227576424404539 0.2738801629676303 0.8093092996645813 0.34645191030291467 0.781417487644933 0.34943164006425476 0.7709001223776123 0.3473922169007312 0.7620059189181347 0.34427395476035827 0.7594713978721472 0.3424599060548835 0.748793921560178 0.3322350345127288 0.7415450407115235 0.32017575459502445 0.7553407518034602
0 0.32867150893619185 0.7882426563626331 0.34339273451702074 0.8012699438818794 0.33673313496349694 0.8289328338984797 0.2168609175685891 0.8621521942309993 0.21412692193537275 0.8391642183932685 0.21385908172508022 0.822782241234516 0.2513059831340926 0.8159743573376329
0 0.33579839592683125 0.8276224707650659 0.34579789301093716 0.8366546244662117 0.352027021237221 0.8472237347543609 0.34771166532982345 0.8726624644083212 0.3263142195932355 0.8830763396339849 0.26792062136373285 0.8967315530515485 0.2246325152222156 0.9029605991966152 0.22050380708846273 0.8725070104625899 0.22482099148917145 0.8622901444726674 0.22901809260639383 0.858464983105165 0.3221190290505416 0.8357358418131996
0 0.33180074203643195 0.8821083593928488 0.3418796851450917 0.8818054221243687 0.3502609237639236 0.9003770994457497 0.32844597031570855 0.9228009749197766 0.29265056857644084 0.9285127897398047 0.25224612556947457 0.9293378343154864 0.2359398827278421 0.9342935249598554 0.23024834549667172 0.9053227098009232 0.2686780192557443 0.8972685071884858
0 0.23921886541063397 0.9333797277306294 0.24102734655495794 0.9647791359028105 0.27090949359162886 0.9623235061044179 0.33066456311719755 0.9476904510397687 0.3619395941610937 0.9374785704736325 0.36596675018812386 0.9273799319134798 0.36007385515560203 0.8989140486825553 0.3508649971679781 0.8988623036617268 0.3281559419420299 0.9229192023495462 0.29285192637779234 0.9280078578117971 0.2526248245154803 0.9296063113839551
0 0.2671631413905041 0.9625821217669371 0.25155886707302655 0.9761315165933852 0.25991791752847226 1.011203398503288 0.2867058190814675 1.004934906734424 0.36286319807545775 0.9802327973274702 0.376671872783007 0.9754495171247809 0.37948905350861695 0.9531586064686359 0.37395266925871473 0.941461404894702 0.3665394108810191 0.9326435452501146 0.3622942764504022 0.9390253884665851 0.33046320531584605 0.9481953829677762
0 0.34660570048796135 0.7259319736536957 0.33871991776063465 0.7346056975951399 0.3364878710960705 0.7448282495288137 0.34318817694952397 0.748840594434068 0.34464578883955216 0.760449232175509 0.348604805170459 0.7630100241005658 0.411863550291398 0.7542428943609147 0.44272483036986876 0.7480851109386509 0.45853426257395435 0.7403560322643769 0.45908843995149856 0.7186146285147005 0.4535188937776504 0.7048286613029632 0.4400509426266647 0.6965102949631321 0.4346258580156799 0.7138147429333713
0 0.3546439461410771 0.761518293855077 0.3490983390989734 0.7698067285690285 0.3479380829897453 0.7844627985895117 0.3547291018139019 0.7955230261173826 0.41950262392586374 0.7776285500092297 0.4526398932106289 0.773694037411062 0.4605508902093441 0.7722420791772194 0.4657588034387645 0.7648004573841977 0.4570562536426813 0.7570014909575938 0.45954094413547236 0.7446421477347774 0.412034684208512 0.7554977813966025
0 0.35603959912996547 0.7942796586924347 0.34297490390399865 0.8045694486831442 0.34687691962084144 0.8366636950949159 0.35340459860181817 0.8488950033781762 0.37455067100067047 0.8494940156197747 0.4328925403363224 0.8313847238600517 0.46664324707662136 0.8162082448815647 0.4630727232726265 0.7878792219008636 0.4619031987279058 0.7816189944201167 0.45329514186866077 0.7730723536985881 0.4198945327407157 0.7781779470521454
0 0.36746376956632876 0.8499008836806784 0.35098032501103127 0.8580385202128374 0.34860406452257775 0.8731902833633441 0.3424977017592804 0.8813527274948445 0.35180281847905537 0.8998979671717445 0.36158506851502775 0.8973286320954048 0.45903426575940603 0.8572497752330932 0.45837748383354554 0.8451072920189521 0.4616800679908747 0.8363148949751972 0.4570375791146546 0.8265063040720547 0.4528892271577886 0.824651566491518 0.4333789420880126 0.8311864466080424 0.37526013466087105 0.8502685418711459
0 0.3857703852280293 0.890306328048638 0.3673614726333059 0.8981651314594489 0.36276232822741244 0.911740990150767 0.36633131876357866 0.9273058462048528 0.37489289578831897 0.9426084075371516 0.390369460805402 0.9323991734157809 0.4644822445004935 0.8798493850192971 0.4598800335589428 0.8678969098573847 0.45274511902226766 0.8622955316024434
0 0.3819952059226296 0.9381956234490093 0.37901100402586996 0.9462115207106429 0.39097308365638034 0.9678888798059582 0.40442228951462544 0.9581691579739302 0.4241530471457199 0.9518210041399445 0.4941029636243231 0.9196342513382181 0.4963835908031927 0.9074051735071681 0.48370817699982693 0.9066400052367826 0.4689446678878785 0.9078559701248206 0.45641243146265065 0.8892358804872673 0.39131867477010307 0.9324373749314421
0 0.3423694310080667 0.29991789752629266 0.33316772071373457 0.3049533984374224 0.32709871435661 0.3099963884351457 0.32388743734543335 0.3180490999851166 0.3256691242060438 0.32791999730363125 0.3326387878358118 0.33310704832617516 0.35552870667812136 0.3363001278294386 0.39614303485336394 0.3306623788001622 0.43831740387230494 0.32342531277941367 0.4396010815048234 0.3132682280181703 0.43196225162929425 0.2894074728840341 0.41111637198904416 0.28987693516409324 0.3783513484116164 0.2887825912787358 0.3524886490198779 0.2925816218865999
0 0.4504020880122065 0.3278117795596079 0.45656645555287173 0.3525947127011335 0.45465848385888985 0.3610795242118808 0.44523089935262067 0.3703817496313921 0.38944266666464633 0.3770669734195516 0.3616158897647378 0.3807032618429537 0.35641390212584934 0.3706209848339612 0.3538129083064051 0.365579846329465 0.3529347182935426 0.33864205097742395 0.35793329898027504 0.3362832981630243 0.39592277745637217 0.3307521647256004 0.4437999829173983 0.3263284187398088
0 0.37544155444071303 0.41263919578684166 0.3805411131259313 0.43592942752874747 0.3955887328052916 0.4532376615991261 0.4450007346103947 0.44080235248278593 0.46031493482622887 0.436165292199604 0.485821309312898 0.42030869422310824 0.4779145102809748 0.4068332332071076 0.46941005030712984 0.4096577453151124 0.44864413236076905 0.41362700719403206
0 0.46790471096836594 0.4424362831067164 0.4448197960929773 0.44133038741971015 0.39597318986518726 0.45460041939950435 0.38951946906227364 0.4572312200115293 0.36448560254398804 0.47297091724301393 0.36050067756844206 0.48455810012903316 0.37830219998412873 0.48615726197749054 0.3962197871326988 0.4882625980065687 0.4734661371323946 0.4739319200332896 0.4770714314724751 0.4624994901244483
0 0.38628951926941846 0.4902690054048146 0.38538448984307994 0.514951821849737 0.3963181164660811 0.5202203841296171 0.45207540670877144 0.5120797653297188 0.4914209164001182 0.5044697410108003 0.4963240689196727 0.49404220046122155 0.49660733262498424 0.4867946563550185 0.4914592067141925 0.46328261288223754 0.48566523200381834 0.46240262207401345 0.4764311246837534 0.4645458960103646 0.47404185888767275 0.47427285868420327
0 0.39943639616199167 0.5200679504002922 0.3976043326450447 0.5367184496525033 0.3981430783978519 0.5518444863680743 0.4048483629277438 0.5655728369971119 0.41142813167350845 0.5522882039434488 0.49591664416295966 0.5465854500713171 0.5116566221731642 0.5376580845207332 0.5120381580293176 0.5274581284457502 0.5085813033928274 0.5160327388999294 0.5029608577238391 0.5052103057225735 0.4919405645075702 0.5055174503741221 0.47489756252641935 0.5096747567283221 0.45173556293697403 0.512699262830835
0 0.4117027067093164 0.5534971425718771 0.40457402465996195 0.5658228056834433 0.40274834980482455 0.5802684373438783 0.4067962055361347 0.5923197776592963 0.4151669123684359 0.5966145793162636 0.4243438410364533 0.5890201656778659 0.5069436050215186 0.5823237775212204 0.5151497181761308 0.574696938878812 0.5203049613590731 0.5691700978876897 0.5172597289807698 0.5502875104478174 0.5123308436614926 0.538595313834152 0.4959504251918698 0.5469853189905036
0 0.42490687534209015 0.5900751572279045 0.41663529501504776 0.5960160064800093 0.4150789779362248 0.6116363442577338 0.4184422055968584 0.6291047964458149 0.4359748629239898 0.6369436873522335 0.46614310009857696 0.6340656004229408 0.496335656026172 0.6298930928091078 0.5298072912823292 0.6218148835864344 0.530155242911034 0.5981237425589448 0.5288570915354777 0.5896613706034167 0.5155013727912897 0.5818324651457895 0.5051815458455843 0.5830420649247255
0 0.5207634370150621 0.624687264735707 0.5259484317293807 0.6575968929715317 0.47929856508999313 0.6742521694090203 0.4450800629154827 0.6897751091174298 0.4347392308939015 0.6794302301648475 0.41992337076426256 0.6791734672872914 0.4093951479564525 0.6692984960827392 0.41252062207138124 0.6597605134236919 0.4177675640857893 0.6466030964788455 0.42959893770245294 0.6441412621736248 0.4351690767331054 0.637541930063746 0.4645154184656655 0.6342365918041223 0.49602104658723173 0.6300510400789319
0 0.5262682254228146 0.6358229541081163 0.5391500084392029 0.6392292435234412 0.5454421784813978 0.6512245227239619 0.5530460840271945 0.6599304476882709 0.5538644011178202 0.6686478189122447 0.5286870598665703 0.6734018588089965 0.46376748059443285 0.7120648426178304 0.45476931953263716 0.7062883908248988 0.4495860264797238 0.6875447744382656 0.4783839619202839 0.6754120382714724 0.5259260809679456 0.6587865628492305
0 0.5573955922613902 0.6660278021529993 0.5653966301410798 0.6726042417435489 0.5717352033675498 0.6963861930378631 0.5319104453342653 0.7299352558851107 0.4696745063202937 0.7635690821640547 0.45957264964115474 0.7452563951324139 0.45825232944280425 0.7394982980950644 0.46332564673767 0.7165736677469878 0.5034289002643287 0.6919620294901057 0.5304268631602487 0.6758408005948878 0.5530323179605079 0.6701675688395311
0 0.5425040187649753 0.7220752056073746 0.5591800206902162 0.7278700121558885 0.5673822154228212 0.7237394228471477 0.5737036192597943 0.7294264715943393 0.5740216349041005 0.7552691288541283 0.5117324096725104 0.7822348436149089 0.47089335906762275 0.7984889917126519 0.4629817242336734 0.7871538726113064 0.46003335454881983 0.7730084843995707 0.4665180967491815 0.7652492834272396 0.46938224476023294 0.7648687787249496 0.5313482729755787 0.7313449791292014
0 0.47076475817931396 0.7984282150156008 0.46462150315249817 0.8000633648587393 0.467256474242457 0.8172401794237901 0.45535091080412854 0.8212242819034977 0.4589616766671084 0.82844330820458 0.5534556778238101 0.7980352150810889 0.560917699225227 0.7926758106494028 0.5616175909683111 0.7834098865591299 0.5637147045383197 0.7802374380304563 0.5584687888322013 0.7620970694594793 0.512243756905812 0.784126954939909
0 0.5543276817239036 0.7971003558070587 0.5658370972945664 0.803706846017972 0.5715183885945122 0.8161654869734017 0.572028405268981 0.8344982172930827 0.5285687234385209 0.8562699251656039 0.4639848093750094 0.8759339302394848 0.46019179718677855 0.8679201027781941 0.4531259236530272 0.8626889145192592 0.4604499935394756 0.857675442174421 0.45930590098112734 0.8451054378370655 0.4626167373403708 0.8368030677527186 0.4642607686393122 0.829759550409515 0.5083557790660906 0.8126537125117325
0 0.47094585931672595 0.8756065832245827 0.46595892386048404 0.879750435470774 0.45921283924049683 0.8883055922352957 0.4700950667540682 0.9081457445985949 0.4853486672308353 0.905621956395486 0.4988431185438571 0.9075094727107075 0.534256562857382 0.89623996411211 0.5663915030591226 0.8810294745444732 0.5711455929612496 0.8637869562613921 0.5742004822535578 0.8477648449952163 0.5661656061665991 0.8420685524649932 0.5237547702096946 0.8625234041878734
0 0.4154240205522947 0.21969280732398355 0.45876625149198547 0.21466796342464622 0.47303380256741895 0.2069068147864149 0.519396940867254 0.20551330335140702 0.5241046250686208 0.2133198144570054 0.5271821725840407 0.22568105827078414 0.5192085447023591 0.2312007315319465 0.4943231877859563 0.24037246545938162 0.4708710973924409 0.25155342285805105 0.4450283393579729 0.2607912474547966 0.44271699310597956 0.25071115020072193 0.43703349501641287 0.24395079113987173 0.4171872521637995 0.24328793141502666 0.4139312472554546 0.23651058240522485
0 0.5136780820112233 0.1614860616637447 0.5112576609832944 0.16895642813805875 0.5091771438159526 0.17790916185561909 0.49543075768377526 0.20490897388464455 0.5198416510402278 0.2053320212924271 0.5247901030982163 0.2120678299930979 0.5330908923787714 0.2047938664002195 0.5356472749509352 0.197916446823204 0.5965626298763872 0.19318433811952418 0.6056168779586552 0.18495486351138749 0.6015734553270053 0.15353623836579441 0.5954523192177577 0.15441053788928638 0.5590951598098349 0.1517252029972472 0.543307948669262 0.15816071609103263 0.5378227225876269 0.15650649632653027
0 0.536845443925622 0.1967796537489659 0.525940105915792 0.22132459757053527 0.5280531801598539 0.22629855552826209 0.5342932668880738 0.23866735975326872 0.5438913611472815 0.23280967273432607 0.5928547797128424 0.23003199549678965 0.6310332756613507 0.2258153604516339 0.6265904423951608 0.21174136661527018 0.6189907402245919 0.19344309341727842 0.5960315261611613 0.19404920810529247
0 0.5264103010121933 0.2276166306614801 0.5340524990314522 0.23973806215819635 0.5387488426159773 0.2559780111645949 0.5266510059398816 0.27744302911000235 0.48511877092393463 0.2839993409729448 0.461894705925327 0.2908729383917243 0.4494640375419367 0.3183089656192478 0.4412298271886271 0.31420930718501305 0.4322209415737262 0.28870503018994936 0.43567808510867967 0.273031608594174 0.4453130049081564 0.265213798824356 0.47095749093469297 0.2508698349312626 0.49439116855807375 0.2406689389080309 0.519344506246594 0.23179367842924506
0 0.46233941609830087 0.2906916563327444 0.44951360554391956 0.31958550044333484 0.4511762993065867 0.32895745941044163 0.46071488679184164 0.3419267709439746 0.4782016172353507 0.34290309406642044 0.5460822290775642 0.3197707724710394 0.5620917953046239 0.31324461834776407 0.5604220293886641 0.29641928285529484 0.5574308754154962 0.28337445111472764 0.5490111355159688 0.27740531095910737 0.5265646123976295 0.2781266170367908 0.5033278049373082 0.28176355688060783 0.4848780030673131 0.2850700433778725
0 0.5361712435839351 0.24049530116552317 0.5386808618438599 0.25568153771594565 0.5304367127185805 0.27168541265827334 0.5341374277998991 0.2782814796090954 0.5499005558619166 0.2770427468411476 0.5596176007400964 0.28442816357070366 0.5638536880001901 0.27427254610959484 0.6230808642395474 0.25369516328888353 0.6324325203337127 0.2531248976252685 0.6270492968747202 0.22646683760701505 0.5926324246263553 0.23012263652627962 0.5440953034636339 0.2336990930802738
0 0.5640134086515367 0.27495082762064404 0.5594000075769201 0.28426534045137347 0.5591555621803058 0.29727650009080503 0.5639432820129909 0.31175766524093146 0.5724196772575365 0.3141712096434441 0.6017836756813899 0.31041766045192637 0.6424478425495621 0.29579757247576965 0.6496029702854518 0.2834906579254801 0.6570794375834694 0.27770413806742833 0.6573905499064331 0.2611444803445155 0.6523942939372775 0.2483133550176716 0.6346449600441906 0.2528099036776161 0.6230901189640932 0.2536075496865357
0 0.5534550358057708 0.31720687742693415 0.5596067758829361 0.3299582381528861 0.5478074894062244 0.34376704380123746 0.48650354851884253 0.3797122617079715 0.47369064714424214 0.3954992902174135 0.46750130592519096 0.38002445131962137 0.45614646562414163 0.3701766030780971 0.45648833561331076 0.361429567087852 0.4581942258469601 0.35095272667343247 0.4651117516619158 0.3465678282017468 0.478403240641868 0.34310596351107536
0 0.5572553988228591 0.3155667037631799 0.5606307232059 0.33028695522518353 0.5545682393310005 0.3375079616880392 0.5589730096807305 0.34204531713731506 0.5693099950263446 0.3431089724027789 0.5798936720280315 0.34697465440764397 0.5847215053648184 0.3576724721133411 0.6214664204877125 0.33926340983915515 0.6510629315458871 0.32851801952068266 0.6576937344253405 0.3229124446598485 0.6505107919375632 0.2941759056777455 0.6421600449059663 0.2957329101078719 0.6018149983228067 0.3113875865503981 0.5730219851175729 0.3144170315643545
0 0.48509899720066113 0.37975726500209483 0.4752954778932636 0.39504628745792786 0.4763850539430557 0.40718543370336674 0.48844806600930063 0.41969109006522864 0.5116790560200526 0.4144156221947591 0.5459004123520212 0.39691646093951816 0.559590083571793 0.38907744953734213 0.5724241620835836 0.37223039840417843 0.5868693646451946 0.35924366997456997 0.5803698919284501 0.3467286287647366 0.5697587177945562 0.34266530941919404 0.5594308600850157 0.3430035814841135 0.5475722189849181 0.342997917172295
0 0.48672698892455346 0.42168326657044825 0.4601651929802914 0.43670537520898095 0.4605838265813713 0.4416971033418728 0.46847737031088893 0.44235115723961566 0.4761087135239892 0.46085777712489806 0.48475214516042486 0.4605608484956067 0.5214754740607798 0.44236442963891826 0.5411402795951532 0.43208970905566196 0.5537290878952903 0.4205050204088434 0.5611786338819282 0.4097247102424899 0.5623203960470691 0.395708032950744 0.5565595243673999 0.39063547821467265 0.5458144282578368 0.397596809113099 0.5124966025153339 0.4137597080289397
0 0.4856866833266117 0.461470487587013 0.5216107912375064 0.4429545663613481 0.5411896126776953 0.43336019395167275 0.553661429306927 0.4202099520476285 0.5707129140369298 0.4048702013081959 0.5796467007336974 0.416392916555367 0.5857035709086196 0.4290883806675026 0.5764666844499284 0.45318058594425953 0.564357129703256 0.4626340186191842 0.5295634970876596 0.4755267315538995 0.5041631840154168 0.4871715333322891 0.49729016254627056 0.48674677035237157 0.49150253152374435 0.4636167927186969
0 0.5043168266979647 0.48678625351992316 0.4959383859800611 0.4924601900944722 0.497181604712401 0.5042140565275451 0.5039009834989994 0.5050240993198287 0.5092629422844671 0.5157442963546112 0.5119255961713798 0.5220798114067983 0.5219447733147673 0.5108973120002122 0.5668379237330146 0.4903384859857281 0.5858698330313754 0.48258030118673173 0.6025717379497191 0.47415867764202085 0.6030932859497473 0.4658798541001372 0.5992381416140942 0.4606757444772867 0.5886016033384007 0.45016978920053957 0.5762453831790173 0.45327079739541065 0.5665024838240045 0.46143683574645816 0.5295451715818384 0.47650214808869534
0 0.5278912712187852 0.509779370472744 0.5143573740653816 0.5194319741341598 0.5118612786298931 0.5293570031150725 0.5114137521539058 0.537810700271866 0.519428717572006 0.5529947605376747 0.5300787629539019 0.5546977538265364 0.5401951275079597 0.5540732920045068 0.5909076192008806 0.5286289209719869 0.6000956066275698 0.5197935109321404 0.6036215508641565 0.5049949142654108 0.6158281859114768 0.4968377339030569 0.6146635412612551 0.48967747496110353 0.5973021596397877 0.4763946423523521 0.5675909697635094 0.49041489272579325
0 0.5916956361577784 0.5289439443357908 0.6006723646313331 0.527511542176874 0.6126385434766168 0.5359949157141881 0.6150706800929537 0.5486828805445084 0.5645652586739837 0.5823141083199027 0.5345455268500251 0.601232017854103 0.5305568005682638 0.5984042266749983 0.529361583026976 0.5890295509017358 0.5153649038283978 0.5810557667173174 0.5120974844000545 0.5782520670131551 0.5201944772435134 0.569861390996507 0.5190659698057053 0.5607776471121056 0.5297577167213624 0.5564192536847625 0.5404619679218787 0.5552370195599524
0 0.6062160175264455 0.5550760027290714 0.6303348587964765 0.5735725590851136 0.6242515581773023 0.5885003972778055 0.53980197062488 0.6388814938161776 0.5241333531984633 0.6250577426741678 0.5287743088068547 0.622102166650695 0.5300894747549251 0.6034825959471318 0.5356830948993622 0.6012024075490258 0.56530558865013 0.5830992488606171
0 0.6292653934882209 0.5863983532699047 0.6461070724333965 0.5971396055473991 0.6522297467260982 0.6161629425286725 0.572909804240232 0.6707987014292763 0.5612797608763629 0.6661493910945158 0.5528324314162808 0.6574638704366816 0.5415288792084781 0.6401612132453421 0.5509881316847068 0.6327839130540963
0 0.6316942407751238 0.6366630525476087 0.6451070685381561 0.6503670767996189 0.6475462190129357 0.6622842929796892 0.5705680024092945 0.7245731444111767 0.5678468053960146 0.722943609698698 0.5593191220582223 0.7279848742460006 0.5452584635769958 0.7204138021583312 0.5720705081004118 0.6965726022712229 0.5671033179157198 0.6774695006890575 0.618648889073528 0.6411983555868377
0 0.6316172706608977 0.6785590337287236 0.6372237562063618 0.6825337287193863 0.6458573994941312 0.6907520422484318 0.6542739712880077 0.6916249411735983 0.6575626451417721 0.7008483089268726 0.5678757952317656 0.7780991689561608 0.5609856433195314 0.762127493184536 0.5751488779872512 0.7547889473725747 0.5743028143204632 0.7242244562625647
0 0.6433481223808055 0.7156416636886488 0.6492674121309754 0.7171412989443878 0.656925041662742 0.7300613135063644 0.6592975252111724 0.7455270277699159 0.5692363557640493 0.8096277040687925 0.5576576004934267 0.7975235847842167 0.5620915312160365 0.7835871355214484 0.5695679985140542 0.7778006156633968
0 0.6450078001664342 0.7548734261880122 0.6541200310595554 0.7754169035358282 0.6559626389093873 0.7860122629304244 0.5744889762507255 0.8466123201593447 0.5681440788701925 0.8394173101230091 0.5735779375393301 0.833680925120805 0.5730908145765559 0.812360306874873 0.6065298030190052 0.7854264355565089
0 0.6486280408214907 0.7936972410486748 0.6585881032118545 0.7974622719817059 0.6684165236312614 0.8224088970696887 0.6386901247911977 0.8501769129339346 0.5968875445298605 0.8828676743653062 0.576328124388361 0.8904660190907469 0.5645784341231539 0.8827354178012937 0.5728582883008478 0.8625361169174445 0.575622238049952 0.8477153882529466
0 0.6111769054002377 0.19091859922801122 0.6499891079135218 0.19113668688124116 0.6979138226360034 0.17979859419286595 0.7044772192421325 0.204924935765097 0.6969607942137445 0.21761265558375595 0.6569339964720845 0.22608766819906279 0.6326142793983263 0.22495192634907926 0.6279334742611843 0.21153335281952193 0.619557536368264 0.19249238694132118
0 0.7133545742338028 0.21449422001212604 0.7218535198638574 0.23990085456497923 0.711918831824339 0.2478714136166377 0.6584459542453797 0.26182759843408476 0.6528074967997519 0.24773010121829517 0.6342881924272555 0.2520714214493613 0.6279692699999866 0.22684542220072768 0.6321253310406063 0.22515124170188439 0.6576471746017101 0.22686624956169768
0 0.7114298834666191 0.24807072896944282 0.7263428083770782 0.24199161070888744 0.7312416089156109 0.26102426409306806 0.6793788285539002 0.27967061713490976 0.6539675239889007 0.2935936442281154 0.6481266224737303 0.2902716909307507 0.6510120481402176 0.28303609571108107 0.6586312364987859 0.27779159895891714 0.6583509665811234 0.26257918725411394
0 0.6540967660965502 0.29532312976358455 0.6535206057404981 0.304468845822943 0.6585143939432869 0.32274991038709433 0.6546168171179663 0.32790306195687596 0.6701152193458105 0.33370403454919373 0.6727764152403921 0.32549054261408406 0.685204109548343 0.32256310990123915 0.7018221193403071 0.32042257104504923 0.7162803503364397 0.3170238424927972 0.731377016204896 0.31407772973136683 0.7345131504207586 0.30210629369611125 0.7426135114711225 0.2884676697046181 0.7421230218179937 0.27583599003171577 0.7350582081131145 0.2601813300906564 0.6803567252693401 0.27927198642929957
0 0.758127465030815 0.3106582660699841 0.698623710608173 0.32279567523012487 0.674637221007016 0.32544487002289285 0.6707536542181344 0.33415665034001524 0.6661024104492794 0.3406863293308469 0.6664371792172894 0.3573022609993059 0.6764559274754428 0.3706834744316921 0.7513273007228706 0.34978655730269265 0.7657777560530792 0.3381930168639166
0 0.6539986266525968 0.32637289177421186 0.659914271425069 0.33002081064338984 0.6673668114528968 0.35086392719085663 0.6201848362283282 0.38292885376225555 0.5870655900110195 0.3982117832884711 0.5720576774363041 0.4050424903690557 0.5680713473172424 0.4063110476196832 0.5628143818240483 0.4020381901494842 0.5628611050084718 0.39524689822661596 0.5606328173258537 0.38902655981955725 0.5735681631030698 0.37199126233635726 0.5881338505044889 0.3585685786857095 0.6218027783003803 0.33985367063116145
0 0.6755932628312132 0.3692529619254307 0.6761304756687657 0.3750933496754647 0.6757240462342717 0.38381344248660715 0.6808175151764229 0.38387574006583874 0.6854235770562631 0.39696834802358266 0.6927718124585018 0.39753724647884714 0.7597795231685016 0.38198448377841415 0.7692112528138608 0.37065461133221983 0.7618599348208043 0.3444237228255406 0.7504988905220344 0.3508371191519295 0.6827172684615462 0.3688439636652551
0 0.7685401047935526 0.3805519162116074 0.775063012585773 0.40783336656752356 0.758541531753474 0.42205331162939164 0.6985145745297188 0.4319089617868391 0.6951993924309652 0.423280214158079 0.6837698392454087 0.4247314617734712 0.6801837041903258 0.42191610935213947 0.6896496882790786 0.4130673112614435 0.6878215956604393 0.4027630631824255 0.6917736713361076 0.3990134315762998
0 0.677883825030103 0.3850716321826693 0.6638942979847362 0.3893485997739587 0.6593722963235309 0.3976077643002595 0.6542990717883339 0.3964679123291855 0.6212545688283271 0.4120768074272143 0.5902748569998955 0.4296954810413344 0.5826836887142055 0.44205723528818003 0.5823722469439677 0.4500257392792934 0.5885588446727693 0.4478602629410431 0.6003636554402445 0.4608698382104249 0.6119629395473591 0.4589929673468167 0.6686466945994828 0.43339131206592746 0.6808221390626497 0.42236872514296103 0.6885830382698975 0.40958134764789955 0.6854033326493087 0.39804590241542526
0 0.6639784273922504 0.35474020901599057 0.675912480267375 0.3694792698208415 0.6678261292534502 0.3866765225596754 0.6546587780384042 0.3945391114409113 0.5920266650658239 0.4268427685228317 0.5844744442986336 0.42421841896028484 0.5773146429294983 0.40931534783925466 0.5785634926012676 0.4031033219262161 0.6209727576152558 0.38403340069670383
0 0.680197714226765 0.4254747380994803 0.693128366928875 0.42590661878117103 0.7000499284896655 0.4362731644394205 0.6892401070648873 0.45208557726318405 0.6274301699226279 0.487974855635051 0.6152874386074455 0.48864752188780836 0.6015470788160447 0.4753576536378044 0.6054711344188348 0.4644907645369971 0.6125063867554268 0.4601971719576674 0.6687011934498305 0.4347948320295833
0 0.7005248668109463 0.4325152203392746 0.701082324055453 0.4372780536974661 0.6916848488534871 0.4510890004991586 0.6955777326037016 0.4634030270942678 0.7104096798863437 0.46163412640108237 0.7503819787776562 0.45175559382211966 0.783189783224727 0.44444116828701746 0.778337705870618 0.4186172229799687 0.770072306973802 0.41521429205478694 0.7628065904947892 0.42316617105786
0 0.7124947154248732 0.4625663505253312 0.6977312770290178 0.4692973999295132 0.7019091237720008 0.47935666006453487 0.6938694959424995 0.48976262088050043 0.7029773150765908 0.4956736187037862 0.7092589004696485 0.49275655354550657 0.7150530788003951 0.5028697987657397 0.7483218115323077 0.4882388003831506 0.7749025294366685 0.48524495996998374 0.7934545469571492 0.4705537190687086 0.7900770903421241 0.45232663958976865 0.7846768727048411 0.4427656678367596 0.7513396310861418 0.45243451750835195
0 0.6049516580794716 0.5048959088519285 0.60046877159337 0.5186516693631298 0.6006250949915279 0.5278978792804758 0.6183760754373709 0.5386998500835152 0.6230152853216304 0.5341902994896599 0.6652193621276387 0.511749353550555 0.6874074868893288 0.4971767930604771 0.6932045980271162 0.48724933225380296 0.7020063862563298 0.4790063964379358 0.6973710070444861 0.4692585494698504 0.6948315259498016 0.4638931664117211 0.6904122204554387 0.4531844326699827 0.6445336323863453 0.48148729115473526
0 0.6211532432687528 0.5384405691524962 0.615971304721628 0.5472444541582275 0.6100521768133733 0.5566397831339925 0.6273824453668182 0.572268220179817 0.6758119500731598 0.5522354374486728 0.719362042026723 0.5213905440876253 0.7090427055115008 0.4944670368932496 0.7023355573335357 0.49661927401261957 0.6903562443338479 0.49481101718034215 0.666555199798541 0.5109138760395868
0 0.6334134125688871 0.5709734929459354 0.6283318777730131 0.5849732869980713 0.646620498143395 0.5952651583447218 0.6498641200374291 0.6017981819528336 0.6782166643142191 0.5893677187552618 0.7020456686729797 0.575290010331488 0.7136081004526851 0.5676673358446098 0.7264212323670213 0.5426605699338973 0.7034768778314899 0.5377577914411101 0.677114739182282 0.5531590444577211
0 0.7018295949554988 0.576250897105141 0.7186311429951469 0.5743478010899264 0.7262216264557468 0.5884187998288434 0.7285297676179712 0.6060977745270871 0.6948732680235891 0.6267999908994814 0.6632059159908785 0.6399998344844614 0.645812066445695 0.6488358916915766 0.6292024629724899 0.6334955529357266 0.6425722752240766 0.628045470521524 0.6537406968689267 0.6168012501064482 0.650889827043837 0.6034166098200805 0.6792423713206268 0.5909861466225085
0 0.7233084337048291 0.6099718164018687 0.7307654648523982 0.6206059906143976 0.7322258354255892 0.6412489701472454 0.6883872258267476 0.6698839916710124 0.6548527430028329 0.6911183398743156 0.6460331724268187 0.6897676553437374 0.6385875768218131 0.6820381738266876 0.6345457571814155 0.675830528273155 0.6485854036046611 0.6628340083224981 0.6475584385323425 0.6507424178487978 0.6770637953243339 0.6366782793938947
0 0.7224148644708577 0.6469939358358575 0.7367341091286391 0.654248920239909 0.7456146880898871 0.6558656706859415 0.7436496696792536 0.6796505914707676 0.667668334574307 0.7327347845578114 0.6579336382197885 0.7273931112954165 0.650338066020862 0.7171063475119869 0.6558186996899179 0.7029438644325614 0.6602253115758064 0.7002747428723674 0.6582730432483309 0.6917606335778247 0.6895514738845127 0.6711550091091598
0 0.6649242153047052 0.7312349809688142 0.6591156686243542 0.7382577490800092 0.6605023372038372 0.74525680739547 0.6478595368367276 0.7576839157506132 0.6551513251753965 0.7771135125632239 0.6623973713438113 0.7849243385939187 0.7065016275028037 0.752689803516474 0.7502233090695043 0.719738415206311 0.744511391942672 0.7005376045445497 0.7377750258753426 0.6901915286219954 0.7321762061082354 0.689564482308571 0.6937089070164567 0.7168827442239363 0.6721473903879928 0.7332364216085508
0 0.7452015245929532 0.7235311125674476 0.7543400887695204 0.750063144583684 0.7110670789186715 0.7802132170865329 0.6653549917243888 0.810193815577657 0.659250322528612 0.7978446215941518 0.6520652847454309 0.7902998614789115 0.6580848164049363 0.7861004415495506 0.6572917073968993 0.7826415846486429 0.6630405037579274 0.7858259132284467 0.7072057683021533 0.7538574440664568
0 0.740133941471464 0.7613819245279694 0.7577400340617126 0.7658423781091418 0.7656482530569548 0.7946215617272635 0.7616686998677016 0.7991531446956387 0.6773889098303895 0.8512560960557236 0.6556520293910559 0.8382967805700933 0.670755520120816 0.8213753690111796 0.6665192397821539 0.8114648330158044 0.7118322281032549 0.78164692355197
0 0.7759836257447797 0.4872118465530268 0.7997936227770691 0.47598742946711853 0.8091517357753388 0.5035547705219156 0.7964279995278802 0.5175993341195904 0.7426407373285802 0.5412967921928059 0.7279191233301898 0.5424893781375179 0.7061999142535169 0.5371704591513339 0.7214599920569641 0.5225981417311025 0.7157725962241911 0.5044169654040366 0.7488213344944583 0.4904387849532039
0 0.7294913427741312 0.5443792909442319 0.7222880811197738 0.5518710998548634 0.7131090257619417 0.5697854154296489 0.7203377037215455 0.5731657450015836 0.7279820923414485 0.5849813807181236 0.7713929054354732 0.5665261132940954 0.817489323912528 0.5457106763668674 0.8128003197667021 0.5294002471378255 0.8098958170297939 0.5159055214101643 0.7979228265523687 0.5174961442269866 0.7767409377770385 0.5294208065136637 0.7546281020875231 0.5389410656999915 0.742718129748033 0.5432898948921238
0 0.7292215145564074 0.5862477111588297 0.7295421262579472 0.6058573641146597 0.7246242279848755 0.6108990771584087 0.7377415417184999 0.6217491315935179 0.7838335335607279 0.6042255570439256 0.8242159963960494 0.584980118055446 0.8154261901429096 0.55161332163006 0.7821120994164219 0.5644342637125592 0.7452057783209276 0.5789726272235601
0 0.7380212684562382 0.6221412662858591 0.7309816449104399 0.6270355558398549 0.7328977036070919 0.6411862931711355 0.7281390168077527 0.6469223492358847 0.739380062431489 0.653728701146287 0.7469315899733839 0.6552058543825862 0.7977490934170891 0.636768293497865 0.8273692394269089 0.6219100151188983 0.8237217498125831 0.6051750219599036 0.81911013808621 0.5908576954301794 0.7915100030014557 0.6021086395739302 0.7624537371019391 0.6144593249599436
0 0.8121710853843591 0.630130055457525 0.8204136236894651 0.6437265119084062 0.8153464615893522 0.6506006406327987 0.7840147799552408 0.6679281805873379 0.7423984159168248 0.6917259102143904 0.7367751325990246 0.6854134237195497 0.745618058470085 0.6792778716133068 0.7469271633385572 0.658497716760222 0.7538993421115938 0.6541370832085517 0.7984677583662979 0.6382469059035477
0 0.7452675547017957 0.6918217387578419 0.7448827813586069 0.700077192175082 0.7514624278958386 0.7196662202528384 0.7609610005781727 0.7122510741769682 0.8147913856220259 0.6862583050757758 0.8345027693010763 0.6761984877073536 0.8304649853316974 0.6619003268863198 0.8252165277103951 0.6448056282725952 0.8163061570665728 0.6514748363811637 0.7833591331439671 0.6692077745569653
0 0.7596110107458989 0.7138137107665643 0.747706559418273 0.7239811610379757 0.7517012205430988 0.7405746328869863 0.7614916563639373 0.7542993471189307 0.8026646555560562 0.7327070021561725 0.826088784868119 0.7206275550305897 0.8431820079369012 0.7123942511630418 0.8364321079022086 0.6804736379057269 0.825071641391504 0.6830799777808982 0.7814297454161584 0.7046664205638876
0 0.7532314115195244 0.7538703401785923 0.749963125109847 0.7627950687283734 0.7621251700010775 0.7694790650374816 0.7671856675856121 0.7874096279821906 0.7749494770924835 0.7898125719131568 0.8192083236693763 0.7659499838108811 0.8454861231078549 0.745620985447827 0.8492795934181093 0.7331921125554336 0.8421404934054011 0.7128188150929947 0.8234418756948154 0.7239842758834486 0.798175747847764 0.7363084342116194 0.767591479725897 0.7535843792198569
