0 0.1276374502130314 0.26644077183675857 0.13683351118979503 0.3058029170569596 0.19516149930876675 0.29324755298758737 0.24581982492114696 0.28411175992378374 0.2597539500169629 0.26903935395379475 0.23950905504564063 0.23097797492752783 0.23149684466162412 0.22770700345586534 0.1978783973215827 0.24640725637871963
0 0.23316571398806046 0.19978291798453796 0.22985567206607405 0.2268727166675396 0.241487901067428 0.2316831599866976 0.2604268596438437 0.26537132839228944 0.2921258416257033 0.26153520549212766 0.30452536932521124 0.25971803238157 0.3418655360306446 0.24982712674758137 0.34489972241559297 0.24184556697879134 0.3471072294387818 0.22492230855785475 0.3438151353453065 0.20961444656842929 0.3092658706698573 0.20869330329457336 0.3030933599263123 0.21397672528758985 0.2736515167288719 0.20281961643590338 0.2518866477148044 0.19847240288822876
0 0.24688247696108928 0.2856544814054044 0.26058550382990997 0.28480069681232834 0.2678897961793779 0.3102685997955687 0.2628295692370056 0.3190247699392941 0.22805408078574874 0.3391418922487381 0.1933681069545773 0.3494797794835847 0.18222244666315185 0.35033031444253576 0.15636073922419363 0.35242193918203046 0.14071631196684697 0.33745145486905753 0.1378961632297374 0.30734563853858016 0.19578965162560485 0.2944691449633808
0 0.2475081920523336 0.2834662512780043 0.26071733853444445 0.2667220220972388 0.29174097366382945 0.26314410265538873 0.3056376531263839 0.2631907805322789 0.3408053212162961 0.25169422736915426 0.35201036217132714 0.2664130074920655 0.35350995115996753 0.2716866805827068 0.3440575324509162 0.27871135110226536 0.33943667968283575 0.2946082949582049 0.2798027551689575 0.302790448406902 0.26817540061879114 0.304799649294131 0.2607791564236438 0.28570115928229456
0 0.1555413715392155 0.3537097068394644 0.1521198799667995 0.35989034166832196 0.15469674434894487 0.3871656688597449 0.16367721770163057 0.3949389526812383 0.2306455685214569 0.38687615205932185 0.2791785900539524 0.37465491603227713 0.27593369049611366 0.3578672586087465 0.2712412709364588 0.3411457768668564 0.264820601386762 0.33677906551443143 0.22988890597503264 0.34087664150703006 0.1954437792732316 0.35063519577773766
0 0.269530968774928 0.3111028865838944 0.2636985686832142 0.3196670289509485 0.24266842718522685 0.3306309270268243 0.24711268793872998 0.33770227542327297 0.2684381827785056 0.3349087152587334 0.2760655252006482 0.33978858389365696 0.27837717019748537 0.3335450230172839 0.35948304760923655 0.3249495673081187 0.3606799715793072 0.31182343617784325 0.358986729996933 0.3056493006172357 0.35483051090843676 0.29651882382254285 0.3408841996846519 0.29454211927656443 0.271214461454927 0.303637733731728
0 0.15851529001120385 0.3964252473835936 0.16288222227259036 0.4303249413706071 0.17384154164706345 0.43880341025127034 0.2214583691977139 0.42741971064667633 0.25281480330214856 0.4168930452692834 0.27929735138116346 0.40579354619600166 0.28160899637800063 0.39954998531962865 0.27774325618010515 0.39177020222988507 0.2747888355128672 0.3763332385113037 0.23228674111700698 0.3877104388476477
0 0.2788116699205896 0.3338661525231112 0.2742852062237823 0.34680350551084027 0.2778702164334521 0.36687188330840853 0.3339858230780475 0.3644201334535859 0.3777466593331776 0.35889593917202234 0.38999485452340066 0.34787886395100626 0.3917231045134425 0.3355240935615411 0.38514866522886704 0.3185476579954643 0.3589045270536288 0.3256580020014136
0 0.28800285644616563 0.36640865353692526 0.2795162634801897 0.3745258143031212 0.2765813406177021 0.38636742741008784 0.2846529316653241 0.40520771396361255 0.3078604462300202 0.40266910762325975 0.36170672796222736 0.398161479004318 0.3841917011388123 0.3973608715563823 0.3965367226259022 0.38679402757034925 0.3985058197453145 0.37385992421674513 0.3911616445369913 0.3601012829771905 0.3786652905406165 0.36146822485276503 0.33331047622557275 0.3646783369118977
0 0.16718733664477758 0.44524549817256487 0.16878862638147246 0.4577890467045762 0.17342653972870958 0.46576085757099106 0.17324019881175706 0.4750898614106054 0.18043060428520158 0.47623877843650825 0.21376100996023611 0.45959765391189816 0.25225578055129116 0.4448800567881263 0.27261788687358524 0.44440382848014265 0.28003695334843126 0.42792430202593906 0.28373917490907286 0.4094550724892567 0.28117937110608393 0.40604850002018833 0.25344295561898667 0.41811463724507686 0.2218456743851816 0.4292206355866088 0.17504821451950925 0.43931656753376885
0 0.3074755782681463 0.4042780047865208 0.29121518482193054 0.4051350390137219 0.28407928556090395 0.4127357928632944 0.2801809741809347 0.4268947378268169 0.2783087033583894 0.4402790724154042 0.2956414977469227 0.4546040480825977 0.3219873366702154 0.45476357951801843 0.3759280074736957 0.4472963600308663 0.39773032212102455 0.4365244897316618 0.40037232886731766 0.4199223608165525 0.39611684625636073 0.40693183068368305 0.3853015477143912 0.3974237976038976 0.36368557398401474 0.39886666406348786
0 0.1726616782561493 0.47579829610390023 0.17267386438411825 0.49284740661986765 0.1800701085792656 0.5119458966317042 0.19951845814530839 0.5157170268493649 0.2363720561408134 0.5001651429372673 0.2961378153592262 0.47390431477348066 0.2942908040419734 0.4551204549992212 0.2783111405839832 0.4436888945185977 0.2730051920610529 0.4462047534200751 0.2539937794437082 0.44616457481143507 0.21327931570149528 0.4607563198401761 0.1800457363233277 0.4778476755997693
0 0.2951598034881818 0.4557627140108757 0.2965723150823305 0.47422544427930785 0.29585708537100064 0.48619290948130534 0.31096774938278227 0.4969822109502744 0.3579092300809581 0.48585671480399223 0.38449104168243364 0.478617269068887 0.40933241716589847 0.4666834832072795 0.41279379159716967 0.4487935866347361 0.40709322620999033 0.43927905428670067 0.39922747388407115 0.43838834071910965 0.37742515923674225 0.44916021101831416 0.32237464185768305 0.4565645044579509
0 0.2962842734173235 0.476284572677552 0.29383104481357664 0.48696751985624065 0.30619068965422935 0.49685960848936866 0.30595471697604654 0.5042585856598946 0.2918741338221334 0.5169507337258122 0.2855128449360421 0.5281533374552495 0.2105493443113559 0.5568139213278579 0.19930685772306345 0.5572142250518258 0.1887869125228822 0.5558765298833767 0.18346877787198296 0.5413432782688866 0.1812344613672624 0.5207584935546948 0.2002906312946499 0.5159090546260362 0.23622803530830994 0.5011947071363894
0 0.3067740846610247 0.5029708180024607 0.35742753582221726 0.4870153807322702 0.3847815205730344 0.4799679627738363 0.40504923782405533 0.48245132533406315 0.41393775933106164 0.49659402212696047 0.4098506698085461 0.5166721488269038 0.40232990258564566 0.5258817998397374 0.3169384086064575 0.5468352755724928 0.30761782460194076 0.5357812713769617 0.29405881856562355 0.5356054917709158 0.28729803836409573 0.5279580600444531 0.2926959387327053 0.5190727881715719
0 0.18845411354783248 0.5628252758189195 0.19398052414602834 0.5987179225225369 0.23108228094768507 0.5928161719558807 0.31362592945887735 0.5705152521523009 0.31838836583386754 0.5501789219940458 0.3089213237712535 0.5367446598944433 0.2939147977331201 0.5366350559700378 0.2809318750268168 0.5323410195675033 0.210164476349482 0.558422818491119
0 0.31964223324194996 0.5492122838424391 0.31473577603445624 0.5705781781998164 0.3203419523503625 0.5830523014160622 0.3720580555514974 0.5686395856274923 0.42155690282706826 0.5575108398470849 0.41700850409991685 0.5397597939060729 0.41849590696058825 0.5279843564807466 0.41313545222524006 0.5217505445067487 0.4042591168462027 0.524656958229819 0.3575112887417607 0.5366829168460673
0 0.19653789072342343 0.5987146728884117 0.19650531954134964 0.6206534009416779 0.20264769632841456 0.6407185291051211 0.21819042283770668 0.6484191379767239 0.24863310018589013 0.6421398311249753 0.28158107512464453 0.6305174258668197 0.3212304496013213 0.6109731372532645 0.321359847080262 0.5894846404349815 0.3145966296531404 0.5784273866053256 0.2992996247244062 0.5769670889759707 0.2514419500443853 0.5889301215447036 0.23084143381831473 0.5933955049200196
0 0.42155690282706826 0.5575108398470849 0.43241695867908064 0.5621292553895717 0.4400019810167743 0.5753085636649874 0.43461382955053984 0.5978331239506427 0.3586226852935789 0.6064220803915578 0.32378781617871644 0.6109698876191395 0.32304821421144864 0.588839131789202 0.3223207983721499 0.5837574864752321 0.3712858824021558 0.568447557850821
0 0.2168397291327574 0.6489355448933475 0.20931652468426304 0.6547353738029875 0.21522780324433283 0.6890191233433436 0.2242505966814674 0.6884929675243449 0.32979348381005924 0.6422940462912852 0.3302157974051946 0.625566065281145 0.32707016136981654 0.612638461195791 0.3205575399744404 0.61464116281477 0.2824028800352164 0.6326394803125793 0.24979257852269932 0.644132783841579
0 0.35114667538072114 0.6107421138670927 0.33440458767576453 0.6127578140225717 0.33117918592267614 0.6232487334245891 0.333751175853634 0.643704416409625 0.339402109479583 0.6512889220885721 0.34548510560304246 0.655784735170153 0.4410116768205379 0.6377778517691076 0.4444234194905788 0.6179579285274762 0.4479913691210921 0.6141575516026899 0.44431440706574293 0.6004585867765256 0.434228961588666 0.5994420211139038 0.41353161906572833 0.6034571732542365
0 0.32931178955131846 0.6434527122195633 0.22198370899467307 0.6898469108634192 0.21871111270594817 0.7018176256995418 0.22272818541312844 0.7187973108997436 0.22785023024470002 0.729020277941074 0.28747440585620315 0.7071988360796029 0.34410427794161313 0.6816496922432362 0.34486182773739193 0.6613827874007466 0.3403207406870219 0.6538612077693148 0.333751175853634 0.643704416409625
0 0.34770479875420024 0.6559105872651839 0.3431287032961626 0.6669179135838247 0.34246554257165684 0.684225227558104 0.3524639106542421 0.6984308503985167 0.382859393466789 0.6936313389808731 0.43462512842915424 0.6811486498613917 0.4581182474332635 0.6731410930196012 0.45694658296848534 0.65409902978703 0.4435291605390778 0.6494838638786683 0.43898563626311393 0.638552462144043 0.394455064084236 0.6472944507521289
0 0.36500745918625344 0.6955841130888368 0.3562800190909072 0.7042806068191719 0.35600660077946295 0.7267986678365771 0.36296347080031843 0.7387563841361994 0.41048347205410196 0.7269224532966222 0.47368047174730593 0.708120278716752 0.4725560018181643 0.6875984200500757 0.4638212500460367 0.6860654474708302 0.45816787919449387 0.6750711196886895 0.4351564544491254 0.681920010602202 0.3846470241204363 0.6968458836732704
0 0.33383249154758365 0.6899621304202285 0.34493339452896643 0.6940012129985762 0.3545493318752715 0.7132255551054435 0.35340447689202503 0.7316915350080008 0.28707402729141196 0.7546152160184846 0.23332944630725927 0.7663927200787963 0.22641489637085271 0.7461355641386819 0.22804388283843385 0.7299207404110403 0.28723355872683276 0.7077781690437419
0 0.3626257973740811 0.7388854858653553 0.3582409172841835 0.7473834525507689 0.35815383988969174 0.7605725097285599 0.3640033005605621 0.7758771220838602 0.3720651427058089 0.7810781202246108 0.4146144316373057 0.7682211244541618 0.4597259615973852 0.7621805232559745 0.4788268888348155 0.7524414667900171 0.4813248747486051 0.73686890207403 0.48097988964558636 0.7267685374936054 0.4674111347068941 0.7129534694747853 0.41024262492473157 0.7275017862607612 0.388149831386802 0.7369229628550165
0 0.23972487207523796 0.7670302939278795 0.23649030676292043 0.7748107076491664 0.23996962146741135 0.7921301627946921 0.24353909944865515 0.7995995188433404 0.3151310078634203 0.7787717377995026 0.35905652250597464 0.7639409450568136 0.35678578042295556 0.7602284854376778 0.35784631329340366 0.7480442622244148 0.3601405634376102 0.7393146062538882 0.3523596041859568 0.7328010388188764 0.30973118885052786 0.7490990406850685 0.2882219253094148 0.7563410540578364
0 0.24664853728533792 0.7980835086665289 0.24497441896020905 0.8131198228704418 0.2464397928973472 0.8233567605319175 0.2525400874594748 0.8357478929468062 0.27495797515201537 0.8304488008828944 0.31564237811785534 0.814239672637456 0.3485523681964388 0.8006757261810421 0.3666953925852027 0.79831978085 0.3690798060061621 0.7797400257825963 0.36340786057191193 0.7773279386527844 0.35967338114285385 0.765668228678182 0.315164335471203 0.7800677460458951
0 0.2549375936092278 0.8354856363274757 0.24940223178830695 0.8428369567952526 0.2566826811374213 0.874408138408166 0.30197195030266655 0.8636365712817659 0.3472595828768125 0.8505753168493566 0.37301038211391946 0.8390941484973267 0.37847254235487815 0.8199920623127278 0.3736442024475892 0.8192205673049958 0.3688694250270721 0.802723590341976 0.34994617714471393 0.8014515854317054 0.31642096502035044 0.8155779355727599 0.2756715434300443 0.8314847346314224
0 0.2611859279223792 0.8736679874820172 0.2567826639607695 0.8782961631473437 0.2653618492081085 0.9136242411897695 0.2770592510334248 0.9143870077116389 0.30365529238859224 0.9068361187876981 0.3477458084789609 0.8961956799709632 0.37638257184486695 0.8878645675534281 0.37945704548266784 0.8827628618242146 0.37880194946470824 0.8728705080384263 0.3716094310154491 0.8736572778964175 0.3666811082848121 0.8689977581495075 0.3628482826235051 0.8557397107417365 0.3590187301443966 0.8470610379459838 0.34774640426475933 0.8516979420971728 0.30245877169061347 0.8647591965295819
0 0.3728819814560863 0.8407791774297836 0.3603141928604228 0.8462385597634782 0.3648573136175603 0.8559531663077588 0.36726300272280943 0.8671393462184742 0.3734884247605718 0.8732660750888873 0.3809076900999131 0.8723926137316079 0.43047182256893485 0.8586778998723386 0.4841791445017017 0.839125693600638 0.4897762517648903 0.8274973277076189 0.48866766196676664 0.817778356920407 0.48311757082595286 0.8045224916341015 0.43559088718547123 0.8128776073877585 0.3800614071765518 0.8216749091237191
0 0.37180509692359165 0.7830430718323829 0.3676208227696117 0.7984042647321595 0.36992382367661775 0.8053488924086785 0.3742094495654127 0.8196304681695564 0.3818254637071541 0.8202264747375473 0.4357963519773009 0.8114645444420092 0.4827135710981305 0.8037804316871889 0.4889656255850872 0.8027392612371007 0.4871961346538977 0.7945113302615331 0.48865113979967273 0.7739874754676542 0.48271001334748376 0.7614181705042952 0.4698292081137733 0.7598668848547409 0.4601589106254113 0.7638339344164998 0.41414784864428833 0.7682034468481705
0 0.2732368206663442 0.9145471227796677 0.2726939207667456 0.9315698730147536 0.27478820476222937 0.9494527100373013 0.28351601740395943 0.9615297494765823 0.32620044065449544 0.9482464093038944 0.3954271558020954 0.9231804198547179 0.3993404516290926 0.8973956601583045 0.38000655460654176 0.8987153844213047 0.3774087714325605 0.8882649200738406 0.34755693697090917 0.8968755569837762
0 0.38128383472589644 0.8737049009455123 0.38024954278999223 0.882741475523145 0.3775706217989295 0.888203040279521 0.38065395607201746 0.8984678652440264 0.40001047392371825 0.896438859721231 0.4725763615896943 0.8836417794273066 0.4880211770696318 0.8772697181956461 0.4933291046436983 0.8612276991701547 0.49202962896298774 0.8551852854923814 0.47653489907499125 0.856438457211303 0.4713939198848469 0.8471938700614436 0.4302815904522604 0.8596426118024443
0 0.2870790618389553 0.9634371200177171 0.2847987131927189 0.9764532594545626 0.2889732629344089 0.992606577402669 0.29337635734247786 1.0049358087689875 0.33598941354324474 0.9888772233514379 0.370880062004043 0.9760046685497187 0.40662403576754585 0.9597697892487288 0.41211643453713126 0.9429566091691227 0.40219481596800766 0.9432467501179583 0.39355515026799776 0.9250638596233314 0.32631704936256445 0.9496030920291653
0 0.4100308692723253 0.8947096883208375 0.39785690200866625 0.9041977974778407 0.396013953586561 0.9230437892141286 0.3961576788951239 0.9286328247766967 0.40299416753673656 0.942144722645276 0.41249525912456475 0.9413341899092827 0.42970197484069783 0.9412058641146416 0.4500785321203536 0.9354310615735546 0.4870178824753549 0.922315998465106 0.5106619009681386 0.9078338327885761 0.5119541463243877 0.9004863611122941 0.498539654368611 0.8999711003518197 0.4891220668321574 0.8779721936844865 0.4731180428788 0.8850988216286023
0 0.34798294144919606 0.22596387856268366 0.34515570402441703 0.24137512953646403 0.34193561383945376 0.25079501254469244 0.3458265946611159 0.25817853607141744 0.3567824877389494 0.2698555131780934 0.36651025044212326 0.26511273071058683 0.37751059559858446 0.2680721603863176 0.451123182477718 0.24982281318912924 0.4511608078690402 0.2315543282802214 0.4444585709670732 0.21466848248405476 0.40641871648834915 0.2234117846843134 0.40118533309525256 0.22882463065631964
0 0.437393005917088 0.196046277992745 0.43846014184846616 0.21338952812442646 0.4446263833193942 0.21348987112597398 0.45167050021264 0.23100582369610898 0.46981305730641976 0.22488871922628786 0.5332892190671914 0.19051550227652322 0.5415833995616524 0.17860533706726398 0.5372723832002247 0.16332159883613082 0.5287447320874232 0.1512885711632234 0.47486248863414876 0.1759856586102442 0.46283053740798236 0.18003960844448963
0 0.3445266983853166 0.27852411733313753 0.34096539664300174 0.2905364469114579 0.3459723553348156 0.29572264859100716 0.35508740962264435 0.2971534450215029 0.3591229800187691 0.3054419956504386 0.3853590316039148 0.30933914009021374 0.42211158431710816 0.30785005989928155 0.44411051076635166 0.2863306605216435 0.45660307038997566 0.28346608797756173 0.4603828164686435 0.2743742980726062 0.45748144310124605 0.26374044053052564 0.4512778216492141 0.2491802966684518 0.37732440205608675 0.26816943238553576 0.366261107074339 0.2652987326869761
0 0.45232036911915807 0.2321228415493667 0.4510885611401537 0.2492526561053577 0.45783214631770963 0.2625139728381522 0.46435045703073646 0.26329899843903554 0.467915856849957 0.2570201197358429 0.4694773803719438 0.24713784012746312 0.48272834805744474 0.24589498012746694 0.530268749787083 0.24028141203289707 0.54757627554219 0.23885310002185192 0.5549966786912389 0.215260776119133 0.552606085222073 0.20033519233750222 0.5455633343544625 0.18473039005907657 0.5343705125438746 0.18982899830967379 0.47016512654851855 0.2255734018256237
0 0.3636957820891474 0.3086094185666766 0.36075789747732856 0.32256816747140243 0.3860143646129738 0.3181007591103085 0.393871159145776 0.3374907715699429 0.42558756933986297 0.32782259058919067 0.44521775873010416 0.3219560120972699 0.4646376999378038 0.32463579568223966 0.46749349717028577 0.3093429506135384 0.468537410665865 0.2941966457861625 0.46414703897637105 0.28140111197447243 0.4579821635310781 0.28321191926463424 0.444408310430771 0.28676299577556535 0.4221658538947876 0.30810240724469545 0.3846562591453525 0.30988092518325133
0 0.47020797063216346 0.24767780385298707 0.4682136565143763 0.2574524549897648 0.4646218049191337 0.2645607351661051 0.46141530447018814 0.2810800479271799 0.46530905380675575 0.28013755387988926 0.46902447083934473 0.2945566216031785 0.5349204098965749 0.27810188754531545 0.5589327748224987 0.2735639411148293 0.5699865076247997 0.2630565887714242 0.5644856586313302 0.24795465981631262 0.54873965639821 0.239500692218978 0.531162148780341 0.2415784177946628
0 0.5603661375412806 0.27356211974731565 0.5706682924098809 0.27098880631837124 0.5743545256151774 0.28241497493138973 0.5765056870745091 0.30289402167964025 0.5636136187592831 0.31437731573751854 0.4971539962517773 0.3367825789812271 0.48852600213742836 0.33571175836774736 0.4862243261757754 0.33167602220863834 0.4743510856057416 0.3307535632039977 0.46558400248310594 0.32427399849771005 0.46871114760398513 0.3102428901560783 0.46924154915006255 0.29556601098483415 0.5353810182940325 0.27929126483547917
0 0.3944124888969352 0.3381030947323728 0.39079555155130574 0.34795192667357006 0.37947183688624253 0.3591086925816149 0.39153433796533677 0.3599587921493496 0.40074104181194886 0.37610173678578557 0.44684261672026426 0.36284538889189233 0.4878341578839479 0.35154274579445904 0.4888238018018477 0.33614409362166925 0.4860350656667149 0.33174838164554427 0.47475742442551977 0.3316905931487475 0.46507049053360405 0.3247434241538417 0.44462352542690076 0.3230024918811353 0.4257503780729013 0.3285796326254324
0 0.4894736707083658 0.33726111147492693 0.4881319575483672 0.351975081048381 0.4875404562964342 0.3568438614156649 0.49401405961122824 0.37075459171309905 0.5043732161087785 0.37225592621298703 0.5654418948038087 0.3371645789967041 0.5831461971992472 0.3232952448884439 0.5765613226778238 0.30505751931676345 0.5635607152072388 0.31603611868381387 0.49742534414017453 0.3380443157082966
0 0.39990327842200557 0.37696822866114305 0.39688194040521474 0.3876817311101841 0.38707094378699985 0.3963484712312722 0.3973826608350468 0.40715320984429265 0.41163010256662375 0.40006744913005293 0.49122346016150753 0.40158898646088836 0.4925820629180815 0.372667563372322 0.48588864924129926 0.3539251431098136 0.4460591229080004 0.36396422811266377
0 0.41192790223104303 0.4004997843839749 0.3972476699036658 0.4074779166266125 0.401285972351061 0.4195887678389667 0.39813374147979486 0.4363604279454554 0.4077901255187828 0.438403547538381 0.41445025729136675 0.44841961781549083 0.45033586278732435 0.4448041303896452 0.5047507425489939 0.44639372137042227 0.5104732652190398 0.43109723356669366 0.5063182274624743 0.407014785913256 0.49114273880780596 0.40216604058862204
0 0.5043467643327564 0.3730853276861348 0.493561647367582 0.38103211617319094 0.4946246852220545 0.3926419154297447 0.49365739500327105 0.401477715254259 0.5066146611012584 0.40553597087546867 0.508732540656392 0.41728866763832057 0.5168164729683112 0.41392486450595195 0.5794521392878691 0.37659583884812625 0.5857200897859799 0.3676451250819553 0.5922913040510509 0.3667713477365433 0.5961672950543606 0.3409838998970323 0.5938601549901666 0.32930356257108634 0.5837139787264285 0.32307816657772614 0.5652526342947483 0.33723693843361
0 0.5166550302609082 0.4150789727614195 0.5102744425305328 0.4177915409616348 0.5116895496271039 0.43008602281752434 0.5057499486463404 0.4443731212395973 0.5102461274399227 0.45385104915869673 0.5186875930964817 0.4588165297925009 0.5894546311774622 0.40882029688917415 0.5999697662798745 0.4015229219667577 0.6010679493531332 0.3866289644847957 0.5921841309213273 0.3681778033374247 0.5868292010643203 0.3680403699336674 0.5798584781076472 0.377532868792876
0 0.4131824353568937 0.4530007818026647 0.4209142984267142 0.4489522960709602 0.45174277373008415 0.4456317104952792 0.5043457697548509 0.4473678417173818 0.5090033912558364 0.45569166138101364 0.5113159954225712 0.47501659987379674 0.505803720935067 0.48176672560063477 0.4307010780312247 0.4820785150220617 0.405711860707071 0.4820742092350974 0.3933515599635574 0.4807917744134409 0.39191409916786984 0.4750601449058267 0.4096503174418714 0.46800601049125595
0 0.511687686312516 0.4653161295414386 0.5195531742880822 0.45903178673570505 0.5889953888056397 0.4095420698907198 0.5994019847526932 0.4017400002774754 0.6025427901299247 0.40682039485293625 0.6074120258390872 0.40850900273138674 0.6138869951795164 0.4243308833205303 0.6103256934372017 0.43634321289885064 0.5953043200728074 0.4579258648758264 0.5476690394441627 0.48214624119666105 0.5247169803214408 0.4944716863002825 0.5215734428929387 0.48556899114140323 0.5120228659580393 0.480208265655887
0 0.4066241102104809 0.48294298481102604 0.41603026309384705 0.495925964755442 0.4111569133244619 0.5200123723499651 0.4198962510401638 0.5286645555133024 0.4269821053758283 0.5210169533522856 0.48270103846477447 0.5229955315607601 0.5224869855209322 0.5197777520949879 0.523871305113196 0.5016110339169363 0.5215545354650521 0.4859175900650858 0.5093585699998121 0.4796452169552799 0.504190711814186 0.4826792769175021 0.4310413857694285 0.48207357516053334
0 0.4274710283575678 0.5208300248069453 0.4202467420626769 0.5302942987857672 0.4180554108937435 0.5434783228737542 0.4215226253419546 0.5559099275809697 0.4334040311118223 0.5619498163089528 0.4407142956592253 0.5750286131257439 0.4891300219998838 0.5738026710245917 0.5319537720283427 0.5687179587051217 0.5354734401832681 0.5567898207989189 0.5347224112128706 0.5323845223490181 0.5232221344433202 0.5219659284037687 0.48259677338290996 0.5237408931424162
0 0.525124250545349 0.49513526406385405 0.5245127756523925 0.5193559865681198 0.5358404535853547 0.5326625625673235 0.5457249427517872 0.5306471992056524 0.568878686179909 0.521442144647495 0.593776062471702 0.5080429608177063 0.607079483610753 0.4997819593850708 0.6166529419813709 0.5024712498951592 0.6241576210942723 0.4943107705343093 0.6315597995750879 0.4893642218819066 0.6336468656621568 0.4769255593755757 0.6223551190563354 0.46501624226701394 0.6143185278354386 0.46209211477539763 0.6038355572560655 0.45763406088369174 0.5944741579487344 0.4583911854638734
0 0.5362813745878181 0.5578372098234069 0.5403903703020113 0.5615185912354381 0.5476264616366291 0.5739562430872222 0.5422465644100624 0.5923230907360651 0.4959581053806812 0.5978570617875125 0.4482482734325679 0.6064224233634111 0.44523242877086394 0.6001115796814918 0.4409881719275893 0.5986934331852124 0.4372623321827592 0.5948655608315266 0.440944803222512 0.5763183650105752 0.48893345394366666 0.5748338463952682 0.5319918629087812 0.5697054909383301
0 0.5463367049677444 0.5313246943820181 0.535203937190811 0.5441506976276141 0.5367180819078219 0.5560116040626454 0.5493478979938038 0.5694279295857454 0.5753517180648182 0.5650147646363822 0.6130870500371713 0.5428471983553561 0.634698907363512 0.5218681526373222 0.641309982276609 0.5024777120668712 0.6328694889307812 0.49022409572714193 0.6247978206513141 0.4960745150434545 0.6165091814643248 0.504772289372164 0.6071444876328083 0.5017181036370966 0.5942284356331811 0.5091442224111812 0.5686963950723694 0.5224995369823244
0 0.45202628177555887 0.6066366287659738 0.44948636488149685 0.6150715911018825 0.4447532321200574 0.6190927173174878 0.44153562682810843 0.6369093021001401 0.4443358833347699 0.648002052926472 0.4573419416277163 0.6515991268478379 0.47105799500378887 0.6527132294409705 0.5367521473416103 0.6419714552808985 0.5573340842334603 0.6354846219377569 0.554086058386957 0.6107410598160594 0.5529029010411486 0.6023473293904968 0.541480252471336 0.592616072619374 0.4959313297053608 0.5986966191970661
0 0.5513749287993404 0.5711409016353067 0.5428494567919072 0.5931983490460457 0.5531761888042708 0.6016899638230249 0.5566864403940586 0.610299743321123 0.5650890960447279 0.6079165000142789 0.59425973556201 0.5912349693654023 0.6226063635324857 0.5707218790228941 0.6269254163918024 0.5618831447624493 0.6297372382965072 0.5508562647270526 0.6396148182165493 0.54376251607665 0.6323293237887301 0.5388076354400207 0.6288458478742628 0.5293582985323692 0.6127869865987288 0.5443441213323816 0.5757630324619815 0.5659632684171901
0 0.4649577692528556 0.6521436737955705 0.4578764050288457 0.6603351064612295 0.45872853262223123 0.6748162084598631 0.46530802146202627 0.6862849793818947 0.474622075125255 0.6865627877519636 0.5095979688268992 0.6885458499133401 0.5584206276699776 0.6879769347141487 0.5736241389012189 0.6840836312490893 0.5779796669406837 0.6613048611118658 0.5710677561210622 0.6406403252531884 0.5580035421633076 0.6363122704526919 0.5368826429397177 0.6432905573844448 0.47104136823511755 0.6536565727971996
0 0.5560575140502351 0.6110071253354966 0.5575410689545242 0.6351180778698554 0.5723168951818352 0.640711148901809 0.6118172710250643 0.6283510988788508 0.654347102354494 0.5994775086761602 0.6522710230124646 0.5821739359127744 0.6473275845058382 0.5802251225705948 0.6385863541926338 0.5835671325148165 0.6294275390704913 0.5725361046748066 0.6180790520506033 0.575229729332616 0.5942501468718123 0.5925662194424833 0.5648546052121116 0.6098373721281435
0 0.6563590915112306 0.6030954982489798 0.6593532594903098 0.6131930174666235 0.6691366441428388 0.6242594571309436 0.6534495870589949 0.6354668783561471 0.654324158852303 0.6433585577540831 0.6368737433185407 0.6568853692378099 0.5842697513421254 0.6857717606307987 0.5796798074591446 0.6845104018822842 0.5748970937180178 0.6794839200392954 0.5787397739244405 0.6610142515514986 0.5750120578298373 0.6503745825203734 0.5770703069425225 0.6427326146340805 0.6133388565486815 0.6296887675003995 0.6540494685795204 0.6009623108193639
0 0.5748984652741211 0.6814028077815782 0.5820439196834236 0.6868969583064857 0.5817013975086051 0.7015606056510845 0.5766265362169182 0.705694476920431 0.5746255195090086 0.7174275892858755 0.5417467777932127 0.7242397895449043 0.51225784396778 0.7248203429292804 0.48480471505510997 0.7243483510280618 0.47692845564249003 0.7221498261742388 0.4699716564230234 0.7146641355169567 0.4695343705263693 0.7107182958179887 0.47572420498156215 0.7089001573242232 0.4747855430029615 0.6873228947357205 0.5101149313282515 0.6899934114907623 0.5581229938950041 0.6894617368573521 0.5752267725856375 0.6848419094913751
0 0.6414078263528494 0.6559744712494558 0.65974104301654 0.661852665617363 0.6691654468210099 0.6645560997188861 0.6763571611862609 0.6587902927846813 0.6822800354030232 0.6633808602871194 0.6816105774727915 0.6765242936642043 0.6844930237545261 0.6822772994081109 0.6840918976188285 0.690930914531275 0.6687304047342942 0.7017396619817092 0.652797460055839 0.7108474788601359 0.6258415925568053 0.7222502466216026 0.5857459491636292 0.7375799009309679 0.5774031018739157 0.7284305202674597 0.5709632651558013 0.7223923911875995 0.5744899820556382 0.7177536106705529 0.5777680682486569 0.7071774503221633 0.5830329562862829 0.7029709266627249 0.5841635158691945 0.6891027981261936
0 0.568877779962981 0.7221928429037888 0.5763474981143895 0.7289030440007392 0.5807149401585421 0.7425389760049351 0.5758401087347085 0.7612390527512028 0.5271098933975101 0.7615030700401663 0.48857339264685773 0.762461470309968 0.485502436976782 0.7601917922772573 0.4723138054504683 0.7575813026855308 0.4812909003520874 0.7526185429172029 0.4832117051704388 0.7361958001213306 0.4858577488958471 0.7271486406831477 0.5124203238256915 0.7265591236705378 0.5423931577428656 0.7258137012384697
0 0.5837041151600466 0.7364217729150794 0.5812842736461409 0.7438518767184829 0.5791315246780235 0.7538583654483905 0.5836842785993932 0.7616838012565238 0.5913060742114175 0.7691011451971198 0.606992499961366 0.7673128723075137 0.6394963625187758 0.7556510483544043 0.6518466540322814 0.751694482405831 0.6721094982230951 0.7378251567834094 0.686462375223523 0.7258327291615306 0.6905122644904962 0.7193099861766991 0.6840604562908497 0.7053230347232416 0.6792035474482484 0.6960833132278168 0.6691286759057172 0.7026137121303329 0.6528415962309899 0.712284493246348 0.625869421191847 0.722979331990048 0.5861316125916367 0.7397027487126677
0 0.5002166826755133 0.7624742568615351 0.48805924420393737 0.7641196644608929 0.48978470731346735 0.7744699154735667 0.4881795543633756 0.7937671477948468 0.49053236212057294 0.8035439132768771 0.4905050531679578 0.8115615851112233 0.5757737063376599 0.8019818500946784 0.5884242210584473 0.7968115798431539 0.5984890443737393 0.7796181395185094 0.5974588945307044 0.7713374936845835 0.5920406698323978 0.7717408551596844 0.5833447781405 0.7627210499774382 0.5785165761020474 0.7565597719726783 0.5766378798374449 0.7629498371591302 0.5290945625386057 0.7641115740190546
0 0.6006959018580829 0.7700998977981927 0.5988511899028943 0.7778115083393407 0.5884582053678612 0.79813312519785 0.5788134831653539 0.8021541992691542 0.5834461235433215 0.8120602266320412 0.5872541887739374 0.8239496845864389 0.5933030957983106 0.8276424461752154 0.6160590935006027 0.8159394981427847 0.687027020341034 0.7677875496730087 0.6864186404499835 0.7486693418830033 0.6826785438381953 0.7394229746379976 0.6776854267702723 0.7336583827515398 0.6520935580967697 0.7531182537376705
0 0.5765013350743692 0.803038196330862 0.5830160093953387 0.8112237671018182 0.5875517033626639 0.8241695712923992 0.5860774811326286 0.8417485721406814 0.49275029395389425 0.8557438422278998 0.4774527945655823 0.8555870688859545 0.4716317646719081 0.8471362989964858 0.4847107247014786 0.8404676839779238 0.4912766792492791 0.8279483024856663 0.4899150305081037 0.8181262245910842 0.4913652814639232 0.8132345041716694
0 0.5018356401275621 0.854939344396631 0.4946373344144952 0.8610277985277506 0.4891644918109583 0.877466503671544 0.49945491589232954 0.8985547913394624 0.5132988266464227 0.8989336765063012 0.5679368278908873 0.8853840451539089 0.604266530711161 0.8658224237480101 0.6034609203204258 0.8481141610188713 0.6009431975337581 0.8387340816551431 0.5939644247553919 0.8283905059992677 0.5887467682351692 0.832053531008023 0.5869377094285941 0.8434214912011274
0 0.6160607623398024 0.8182743024400452 0.5963751880962188 0.8268015364071265 0.6008429134447162 0.8371042498883158 0.6053106387932136 0.847406963369505 0.6043261551339904 0.8567914929710992 0.6195317146292587 0.8669924560325201 0.6543721756667 0.843996596799558 0.6700914450069961 0.8333158081854236 0.6837231057086074 0.814091399737784 0.7026727070194834 0.7928337980482163 0.700058037822173 0.786493495512182 0.6954933660630331 0.7792305588586865 0.6875234342686449 0.7689322956153632 0.6512633689063987 0.7934718120279145
0 0.5510573485416396 0.1497920988183307 0.5465213946489592 0.18607573554162696 0.5535102389610721 0.20040421779419237 0.5577521744448208 0.20865367291817372 0.5607257690823491 0.18996787600157286 0.5731347399731742 0.18933661512475886 0.6094911955206517 0.1853078163232298 0.645048641211209 0.16513239677536964 0.6447414065435118 0.15318498472259226 0.6403918640307288 0.14634767935172258 0.6118809943593284 0.14765109915407448 0.5896927534842843 0.14297258359341733 0.5680283328911094 0.14933606832159704
0 0.5609437262526243 0.19098135197991542 0.5507683170548531 0.2392923681119655 0.5640518597389863 0.24655278663308758 0.5696212393321028 0.2504558995418606 0.595571112252768 0.23724413699398397 0.6349556517303426 0.21478291027043972 0.6478216096055376 0.20767029100733014 0.6570170837909051 0.1940091471922469 0.6587763275725133 0.18593309370687458 0.6499641492934995 0.16599508174911506 0.6458632374875348 0.16509515620958815 0.6098181312760647 0.18682803029074357
0 0.6550691848194607 0.20407674080999394 0.6332733414412257 0.21652291014970002 0.5961691229149219 0.23811230819214302 0.569893685794947 0.2517227445147887 0.5708799792855996 0.26395893738646203 0.5640403879878909 0.26849331117204894 0.5706954387640738 0.27170714074568564 0.574477644151246 0.2826001787713967 0.576415442927698 0.29639199743489403 0.5793496353897947 0.29856059668882023 0.6059227062847431 0.28346535822297103 0.6407200449915436 0.26358054823547805 0.6498930749769884 0.2565088270210923 0.6658974669235216 0.23338940556742174 0.6610520345532054 0.21659622827614955
0 0.6219449165278748 0.1133270081336623 0.6150277039081982 0.14513223908392936 0.6409237255214111 0.144167796760963 0.647778057664584 0.1547164991357514 0.6697147869876936 0.1533844733213181 0.7084524158364649 0.13340037136774305 0.7198512083448985 0.11587300330024997 0.7111228855489122 0.09004948580087262 0.7039064593135842 0.09421951811406253 0.6675800807565961 0.09917176940428869
0 0.647778057664584 0.1547164991357514 0.6460139994823767 0.1629162607338702 0.6511836221177818 0.16235076989843908 0.6580905678965525 0.18134533513219311 0.6965069532902409 0.16806870321362133 0.733013202593454 0.15411137182821197 0.7209774848163505 0.1276710327769138 0.7100366032724471 0.1342056898648075 0.6699017155330339 0.15425366973329938
0 0.729475675830219 0.15734519301489688 0.7400450528831468 0.1523635686054289 0.7479824582609944 0.1794301396074681 0.7313182262447804 0.19379697480201355 0.6648726091644014 0.22108226882248436 0.6568032414765165 0.20488378976981778 0.6588453398770291 0.1946963972872827 0.660746065568684 0.18221139474456768 0.6963679331810884 0.16906251865582944
0 0.7311588270676362 0.194812496867847 0.7457193147632657 0.18844411389733354 0.7496175772440085 0.2009801754167543 0.7528459310886748 0.22018446326203947 0.7422573303246278 0.23104563156635818 0.7036158537895549 0.2498268821385803 0.672789673203412 0.26441786350834456 0.6667083763467969 0.251514166234372 0.6623054953696325 0.25480053281807596 0.65381026787464 0.2516363871527919 0.6662593410632394 0.2340525640033897 0.6647422061594489 0.22140764544553082
0 0.7489596960999156 0.22447557117494646 0.7551982647681963 0.23531535727129418 0.7612795616248114 0.24821905454526685 0.7514465214396635 0.261195889770433 0.7168157486435901 0.28325281582237377 0.6874210510184146 0.301704822503285 0.6761465049623132 0.29679799122369793 0.6644777770860494 0.29564867376881226 0.6697854721257896 0.2811959499734458 0.6777988612757994 0.276529187977998 0.6749727075792844 0.26478549926289646 0.7040528615811288 0.25046131493723484 0.7433294391088554 0.23183800437067736
0 0.5947732099563368 0.3307145083578753 0.5966457098728726 0.34081902294511934 0.594866880227149 0.35071651455947245 0.5993534085651393 0.3534095129837593 0.6083144377491364 0.34196834040000496 0.6748127014361525 0.31854802859159076 0.6859587695780192 0.3102790200011098 0.6822606048803534 0.30007099392742026 0.6762669645485588 0.2987557181388809 0.6642796838849696 0.29612516656180227
0 0.5787752671953882 0.2988805220409508 0.577424425215634 0.30433080092130954 0.5839883376973392 0.3215564998627596 0.5948755359019482 0.32838298026580737 0.6591700426355855 0.29729777716301503 0.6604763188694309 0.2916402726480117 0.6646932381898435 0.2877853864652084 0.6685090657970757 0.2820654695706043 0.6768983386919922 0.2741484715703532 0.672717010962322 0.2656552119349826 0.6665781557208454 0.2527522886700591 0.6620058322025569 0.25651879120730836 0.655118333435795 0.2526484036062462 0.6506134194210678 0.2575104553112633 0.6416904793446399 0.2645101671273823 0.6065702213499737 0.28421699762102076
0 0.6084087622966282 0.3423167870593231 0.5999578201684779 0.3540900604984328 0.593099788168545 0.3683051241551733 0.6016114940877322 0.38518616779876796 0.5997291906842682 0.4005496782242985 0.6049080215350318 0.40406111592599264 0.6181512898265382 0.3904556059343582 0.6314213793221175 0.3861956375074884 0.6891252741537948 0.35660855585692036 0.6950598195923511 0.34661091675219896 0.7011580676428388 0.3402116533572026 0.6981889454194016 0.3285334566494278 0.6913105666112083 0.3142821375828113 0.6860716189564869 0.3112004579101801 0.675302295690972 0.31999576093574317
0 0.6176279037312725 0.39085909753517895 0.6166443003659383 0.39550628011626116 0.6053111740223814 0.40451714038329784 0.6078917568775855 0.40800502456451787 0.6142674667521076 0.42346546197971274 0.6202763717604044 0.4329645327522784 0.6274037268610677 0.4292226168163864 0.6408168018069835 0.4277553973514839 0.6736562964220982 0.41235254976331653 0.7017832814989963 0.3977344883102008 0.7115608626758728 0.38219981477637704 0.714779978532193 0.37730809561781115 0.707816696396795 0.35698763128782857 0.702963236089068 0.3578263067332485 0.700222002643172 0.3550100042508071 0.6897699111973891 0.3567688673341414 0.6589047446958342 0.37284058371331935 0.6314420964837122 0.387001264255246
0 0.6880774645420772 0.30153858911966347 0.686243293798061 0.3092061333148621 0.6918795582546429 0.31246946244218626 0.6989040338168027 0.32758655782445617 0.7198243497440315 0.3195881524101236 0.7471047782121933 0.30877108693792416 0.7661476298895429 0.3014904871376983 0.76978235713907 0.29274752509032076 0.7788975975029702 0.2838442947093005 0.7726402635310246 0.26959494872293116 0.7671894929482135 0.2577463447439097 0.7513257296145944 0.262263428022791 0.717077670064438 0.2838717475875681
0 0.7200300252841816 0.3203986082371375 0.6989815884522833 0.3274000081363898 0.7014239289829072 0.33875661299409093 0.6952662908001852 0.3466022909439846 0.6915431450934724 0.35482468327257016 0.7004509879323565 0.35429544428440946 0.704052723967883 0.3573638585816103 0.7080396171626078 0.35583956094547625 0.7110762816300964 0.3653999551787015 0.7579849435173605 0.3445890272609853 0.7759512912351415 0.336935511970426 0.789821584337506 0.3230031075488158 0.7811019801306489 0.29704913990181114 0.766629515036805 0.30179786446888796
0 0.7114133981244612 0.36605555859428174 0.7155120687580827 0.3759944112183356 0.7041574851926948 0.39524092922077564 0.7096020057855706 0.40414223201414745 0.728345207867261 0.3964532015894258 0.7651014903224634 0.3740323587787282 0.7937053799884791 0.3583893609894895 0.7941372698034085 0.3467183519607379 0.7864875198172991 0.332122733183571 0.7763923371137883 0.3380743751671849 0.7589176919576923 0.34527840179859126
0 0.6094353573375588 0.4390391980836492 0.6001475893758863 0.45148107599115095 0.6006672362972956 0.45389737489704474 0.604787311245129 0.457552106353638 0.6150449280705748 0.4614752627742998 0.6221938194312819 0.46371049798510916 0.6291400840598351 0.47229914061956696 0.6717780089592529 0.45442851855949556 0.6996810292859171 0.436438508120551 0.7119456489683227 0.422335504076676 0.7055352035389808 0.4025591121946452 0.7017775734270315 0.3987658082256762 0.6740011948079635 0.4127849390248403 0.6408654366842944 0.42833011147227523 0.6278148065742626 0.4296587584248019 0.6205405815150618 0.43322438460027435
0 0.7287881492191635 0.3968766830699895 0.7099688362394079 0.40464095936066835 0.7087042942877908 0.40967755940470935 0.7119262101521566 0.4226742686586052 0.7077034787311917 0.42884186494336074 0.7102411031644476 0.43071736920008274 0.715541127857432 0.43352872768960515 0.7205626737552486 0.4409996874762639 0.7528708649832525 0.4195411252316563 0.7792655241159009 0.4043274569167456 0.8078323690360785 0.39226729280691236 0.8030893019334295 0.3801367317231173 0.7978924129128242 0.3639111185147632 0.7872125207846481 0.36486405380760756 0.7658598536366474 0.37672717801396643
0 0.8084805567419838 0.39230404373382255 0.8153278724467639 0.39139355305456974 0.82628145492165 0.4185084783252737 0.8124575480661986 0.4365994154012856 0.7677525242621159 0.4619439115823536 0.7359433173907414 0.4718288703335014 0.7239352163905609 0.4675982018746638 0.7149722647102874 0.4656181385238922 0.7117503488459216 0.4526214292699964 0.7204785607480302 0.441600987575751 0.7528998516001054 0.42066832568124984 0.7795758363712622 0.404777957517471
0 0.702748446597103 0.43557401040069316 0.7143288654528396 0.4328539257362973 0.7152902122574469 0.437324078712201 0.7111862741472348 0.4519833782435989 0.7088876597571546 0.4690827312042957 0.6384841738083427 0.4979918924574335 0.6329826662190574 0.48928158154489004 0.6342980642960289 0.4765421287793659 0.6311108287351973 0.47263842287159985 0.6674545027045684 0.45902781916055574
0 0.7076492575790501 0.4712636302496623 0.7179608642181589 0.46760579345690534 0.7267266032671424 0.46966125655705776 0.737484396532409 0.4988430323012767 0.7246974089587613 0.5088541179089009 0.7162709687819921 0.5083763558590675 0.6515300993285507 0.5348359742051042 0.6410227034798223 0.5405606614713762 0.6333271405945066 0.5375268995248316 0.6298543091301557 0.5283255412935316 0.6358243910375467 0.5223435975388878 0.6421513710606426 0.5031349494910845 0.6520642821721607 0.49365356002468735 0.6713070070313493 0.4868656846848404
0 0.728756702813747 0.47116165996243536 0.7369188984120518 0.4962135305507452 0.7508135892962422 0.49830005089112656 0.76210983567013 0.4922737646273307 0.7810436716956275 0.4870268394108923 0.8129617079260625 0.47169342883744875 0.8261112873020962 0.45642144183320094 0.8211971473416697 0.44151057950011263 0.8154157375355466 0.43546841916057116 0.7680628365174772 0.46239441218307875 0.7366770415255355 0.47325577188505846
0 0.6405455886316944 0.5433042117937593 0.6303499284599978 0.5514708503848907 0.6275960687302913 0.5624837004968941 0.6237401993767233 0.5693647475574282 0.6291808868889619 0.5718377561225165 0.6385729441353492 0.5827600233206557 0.6471096370928492 0.5797807842723274 0.652831650243596 0.5815770929885477 0.6592018511002481 0.5834101526316778 0.7005309672422313 0.5661860546370289 0.7404187748881387 0.5432524525405914 0.7367097802239528 0.5190591385401407 0.7323074354151884 0.5104977292307987 0.7249236082069043 0.5099059186091136 0.7164406182180993 0.509165206384227 0.6523479364705631 0.535661575657174
0 0.7352613546195255 0.5033923808176822 0.7326453108657325 0.5100839795569836 0.7372724315009693 0.5177057388424043 0.739933119509989 0.5340472985181705 0.7470674545399585 0.5404259108865854 0.7918594381946003 0.5184630160542985 0.8174376836069066 0.504415197011452 0.8238021907768773 0.4982824537580463 0.8232875487818745 0.48795009928603195 0.8139202078873291 0.4721806803650843 0.7823690337242912 0.4882275417143063 0.76250568435438 0.4941144158527028 0.7513501007997465 0.4998023521920645
0 0.6537074606193145 0.5846570953398045 0.654562824908202 0.5985586015862718 0.6585113477990103 0.6030249587710546 0.6607167904684035 0.6132800155981277 0.6680207749344801 0.6204474784917021 0.7079608621274123 0.5918024743979159 0.7341003353950649 0.5744098049331989 0.7452022159810034 0.5724418198670521 0.752887814914627 0.5615354267446585 0.747547416231427 0.5416652620124704 0.7407523800736718 0.5368643506943743 0.7410118362036787 0.5450177040165826 0.7005323906639016 0.568177505361163 0.6598790254230065 0.5845741040081817
0 0.7479142782988241 0.5423787127882488 0.752887814914627 0.5615354267446585 0.7477369935709186 0.570334422675506 0.7517971926641281 0.5733352294862611 0.7799144859313606 0.5631543654242706 0.8146776120070722 0.5461640582600061 0.8245643833450778 0.5395383697922836 0.8391510009521763 0.5240015347174223 0.8270982556967693 0.49673770784351684 0.8235774149504048 0.49922210378196774 0.8174101204117239 0.5052794472859925 0.7918884248114533 0.5195902165038919
0 0.8227908930851394 0.5422084182608463 0.8371322887789343 0.5384327371051169 0.8459179557313024 0.5683685103431454 0.8101412033039588 0.5866000665288551 0.7869280860454605 0.597751637854996 0.7614862331873975 0.6054867548010062 0.7613137369079496 0.6007150028275786 0.755023378793505 0.592306290912559 0.7515448536424728 0.5751391297847229 0.7803944476228291 0.5643937165501555
0 0.734269984831172 0.5751986554583582 0.7454284152291464 0.5734936205672647 0.750812552929349 0.5757036789572999 0.7539532026298371 0.5932845897589512 0.7598491354817021 0.6018441011727328 0.7490081344474407 0.6139568902852218 0.6854633515767712 0.6578871666521788 0.6792366603827139 0.6596986585328825 0.6769527983927837 0.6580107047018328 0.6697704540808003 0.6633178465031687 0.6604406403331299 0.6606243323766187 0.6502915660217767 0.655113766073865 0.6547362264258736 0.64402361831692 0.6542795576645768 0.6359456647440928 0.6708135852327319 0.6245019838982303 0.6692895871511081 0.6213852306200631 0.7083001609996267 0.5933801754482347
0 0.7546679040994704 0.6075244459298527 0.7707870603182148 0.6070530684779625 0.7840534913998845 0.6369831480293097 0.7480633505194307 0.672085960032013 0.6993109384171716 0.7123527059195318 0.6849058758029893 0.7059081832795381 0.6799670194907208 0.6958444726692582 0.685093124482587 0.6918926284612191 0.6857341950801407 0.6819721257674591 0.682686198916893 0.6757386192111247 0.6834665089120305 0.663488315868797 0.7154339778461496 0.6384606018497364 0.7495722091461277 0.6145949413116193
0 0.7652346966035752 0.6060456102869018 0.771068385956723 0.6063763686290943 0.7847582289178254 0.6372828491312733 0.7772669957721512 0.6441309410560179 0.8206827612727747 0.6286701966417996 0.841810652594303 0.6177467224593621 0.8637521107928325 0.6016744975565923 0.856020444182312 0.5875562815397841 0.852175056963883 0.5696756696361694 0.8402596095009429 0.5767924054226486 0.8336921960130009 0.5750347455288992 0.8096640884558308 0.5893436168512384 0.7989580565541423 0.5931522531427572 0.7905358866423842 0.5986488432653259
0 0.8427967157507522 0.6173697237124572 0.8625816458001263 0.6200499525700841 0.8645623126430468 0.6312446594210787 0.868345456362759 0.640896518253104 0.8701854603864253 0.6524295750285326 0.8249120916186449 0.6711616680108009 0.7931332947857936 0.6841652779356763 0.7844417047923362 0.6675683596670986 0.7790200399452586 0.6522823964826657 0.7911864030081835 0.6413703096735909 0.8207393110848105 0.6289331468168528
0 0.7727615152910076 0.6489837864655076 0.7788228273139687 0.6523577962320467 0.7845548044164077 0.668094260017205 0.792879532342468 0.6839777275100042 0.7506322902294338 0.7177733802196832 0.7012825465466237 0.7503005224588088 0.6832102866801415 0.7387129427851642 0.6819647673936853 0.7309365882098606 0.6865267976868645 0.7263466929754241 0.6917921420763147 0.7200650481188169 0.6878393489204954 0.709624338761632 0.6988889499594092 0.7133677556928341 0.7493321627360587 0.6730237121603739
0 0.8480135326747418 0.6614756470586877 0.8585266222101515 0.6637167626889519 0.8647067275438653 0.6755824757021333 0.8677067144250993 0.6935017364282187 0.8316224965857351 0.7152656934614708 0.7868029497359106 0.7380928385682983 0.7827688904162136 0.732236330758869 0.7864218534518104 0.7174648805511796 0.7788280028172034 0.6990254131616694 0.7929650687713568 0.6853678781346507 0.8252224038740061 0.6716121686115262
0 0.7761787021815463 0.6986154592789751 0.7851530412351824 0.7165271284228187 0.7811084997803465 0.7354322795775378 0.7403781386405845 0.762387431944714 0.6984022582143662 0.7815662297365867 0.6881343905922603 0.7675639601871906 0.6865381850602272 0.7422782987684963 0.7013115331634767 0.7514277229084025 0.7506047270342511 0.7186376304942237
0 0.7027699227195964 0.781034635699799 0.7015619305800151 0.7863341859188934 0.7029191260688725 0.7926449901201691 0.6839139878311894 0.8164162719533009 0.7113711878357074 0.8289688652044148 0.7597885713307633 0.7930987704389789 0.779588253780287 0.7769916925048594 0.7946025535318293 0.7684056105532319 0.7915269941733989 0.7630363542714379 0.7860996356396398 0.7397845881904689 0.7817291242910691 0.7363332807789885 0.7408305371368703 0.7644910333451391
0 0.7867990799354365 0.739171475946813 0.7918899132820829 0.7622795590431335 0.7948863891417293 0.7666297390682759 0.8032293466083112 0.7710371545733636 0.8487526124456621 0.7465201425425164 0.8887876803552208 0.7252329089117281 0.8850146318300594 0.7093797973679435 0.8820257270846804 0.693226886343327 0.8679681050183097 0.6887413601301208 0.8679235613469782 0.6936076382042341 0.8320513354294594 0.7162128528819016
