0 0.3033239114145432 0.13861458051180406 0.3163384315667021 0.14791846354725577 0.32178892313292873 0.17002398200522892 0.3175613713181606 0.1832148226192096 0.286378519643972 0.1838240504513733 0.19676760254782988 0.15260888043422516 0.19814815593799595 0.13696255510925623 0.19911867999669808 0.12322883739006703 0.20192786170880744 0.11711340789453402 0.2061402094192072 0.1230311950503397 0.21791443645183695 0.12157350632916519 0.2706329824033131 0.12984658442828123
0 0.1956376179704547 0.15280307124783987 0.18770046955513864 0.17822097668299533 0.19201569048146055 0.19062971877574067 0.19988950932012056 0.20092052047880496 0.2781958421119693 0.23513233361371944 0.2927202170515836 0.23961298647560939 0.30064104168042666 0.23471093333592222 0.31017604654604025 0.21099925414866708 0.3074421872967547 0.20054811979861667 0.2862812724998469 0.18718752392473872 0.22311209978787144 0.16259395870268056 0.2165204291647369 0.1646113920909206
0 0.3010129858766305 0.18561302788054282 0.29238040746796223 0.18688577493803163 0.29237809992515007 0.19271153538033758 0.3127188911446298 0.20698968510933513 0.35207593466350506 0.22677908343416542 0.375539366075311 0.24268802216438656 0.38793326574786213 0.24489370669574276 0.39427272869966873 0.2380340458133605 0.40015973915820263 0.23517449581667757 0.40706250293048496 0.23420657446964546 0.40549037142469724 0.2089459249577266 0.38484558067129426 0.19640545266127676 0.36319213021936714 0.1847605411889318 0.3325691122783265 0.17662881719621248 0.31838420494875763 0.18434643427055322
0 0.32689140582619813 0.12707851624315647 0.3192486847999807 0.1335328444136409 0.3163901319666192 0.1481444222963768 0.3212567740257802 0.1550447645346551 0.3225130263100079 0.17064295208930433 0.32409208044423216 0.17842632027430527 0.3327411536261614 0.1769021917220219 0.3636351815546033 0.18379900127178272 0.38613234397244395 0.19706216686796915 0.4064330520301771 0.20905589011280026 0.407896642751574 0.21859892876136366 0.4166728880471794 0.2064507983346616 0.421468764940884 0.20574371663605673 0.4228921015137464 0.19273785799978008 0.414886324488998 0.18445810825507292 0.3599937678023842 0.14664490753408996
0 0.31133019315046095 0.2093326987252713 0.30070702077347083 0.23370540735674358 0.2980228168307564 0.24276459932298292 0.3041856233491037 0.24728308479940322 0.3098677739000685 0.2649173940671738 0.3284267876337791 0.2658158036326443 0.3504314143966004 0.28079465363036377 0.39427093411722036 0.30465321865768713 0.40223184190781 0.3020355920021663 0.40935826790373464 0.27449666945358014 0.3914354567119805 0.2610071921173634 0.3746626645628754 0.2415725310301344 0.3511332540580252 0.22666911827909178 0.33204392905036095 0.21937620618868184
0 0.1997502673602593 0.20065033878839744 0.18970511025762882 0.19811703783683451 0.1834255664516542 0.22767829017768704 0.18284928031084635 0.23646093115207445 0.187276508630438 0.23901965089152502 0.18749505638547947 0.24347007764957077 0.20068808193797621 0.2524974124024435 0.24844380711795588 0.27168336974945556 0.2801532126507803 0.28253028950479925 0.2881177447030321 0.28175746728485523 0.298571401179372 0.2819557641864322 0.30687150676582065 0.26828766811768534 0.303343505315122 0.2481341132940339 0.2930798004574501 0.24115038558442517 0.2794878075767017 0.2382033407368976 0.23548793388442368 0.22013626818853682 0.21635713958145686 0.21211818073901645
0 0.3083472495390178 0.26914057469750213 0.2998381282429855 0.2821035298635624 0.28980250318581297 0.28331551476735867 0.28866566447096276 0.2889693513827954 0.3017826634232931 0.2952647819311998 0.30666915210453727 0.3063865613031116 0.31519423673083136 0.3087425434421183 0.32640792944533936 0.3090294997499734 0.34982343091302287 0.31788778438536675 0.38712549961666265 0.33687544483080184 0.396024285958985 0.34131729654244225 0.400574971342536 0.33810396712475194 0.40370044517733655 0.31770541217128684 0.40282315339651675 0.3077320707334524 0.39503594015682125 0.30580254188435413 0.35039948729033443 0.2818747607725743 0.3350593421327504 0.27055468449908543 0.31859073625928586 0.26792099695995014
0 0.19931286333034764 0.2516164797782038 0.18449380892383743 0.24845672969757115 0.1790928444728831 0.28169569614743867 0.18418349943170442 0.2913530634431472 0.24555462886730528 0.3156851136327053 0.2823692912612443 0.32713502308558334 0.28811227236260845 0.32685089447766197 0.2956482249602298 0.3210515811991059 0.3035879985032348 0.30909800855163594 0.3026824995676436 0.2956355930158299 0.28879099405890685 0.2892448460330404 0.27011511949622447 0.2794338261891756 0.2609147935924987 0.27788356576797973 0.251159676586738 0.2738834474468666
0 0.18343533804305073 0.2914836974494958 0.1754951199166141 0.3203989445346686 0.17878248427071297 0.33510633389343997 0.18833054080675493 0.3430836712459165 0.22480125526108302 0.3568873121378123 0.2648756861978785 0.36693352412938296 0.29293940688551906 0.3690135412508389 0.29654312336798627 0.36525611235051375 0.3002132918716438 0.3400205653711208 0.29656507260522647 0.3342235274813552 0.2868615584800941 0.32861537462776497 0.266863207408969 0.32299997250725804 0.24888328795741566 0.31732160870802595 0.2443244738301858 0.3185803051185559 0.2415730556126222 0.3161704439056678
0 0.1790906809738 0.3372311895263291 0.1758035180561911 0.3463970123436937 0.17074510515109492 0.3655023212904169 0.17366869468129154 0.37211007457271955 0.17664786233230323 0.3846926082986018 0.1969266210461078 0.38944547583020817 0.23255047418572006 0.39568995757399356 0.2573297504308455 0.4000725728821522 0.2703954377930382 0.4021935352995964 0.2703787240694957 0.39562645873129537 0.2767255019077553 0.3909953527597079 0.28016540393936085 0.3863235700741187 0.29563544841875755 0.38932183419628363 0.29700969757174744 0.38202177102999063 0.2919926661025278 0.36979834704519426 0.26552258713955396 0.36730740098628906 0.24252019926859325 0.3631320624635843 0.2240766255248624 0.35769802753034957 0.1878863187132137 0.34303185204955305
0 0.1773530598698877 0.3841780409684255 0.1689713381250037 0.40617824422657306 0.17329424739350413 0.41533654919503443 0.17643994797047124 0.4219702120755189 0.21507891324678413 0.42319494387499085 0.23213424258907628 0.42249874077555577 0.2665225904412464 0.4271070246184468 0.27800299294054354 0.43292245425749093 0.2821815199568185 0.44087025737832736 0.2852077074303842 0.43227082108750253 0.288472719674263 0.43026437096316045 0.29044393003479085 0.4275101671250064 0.27100911272411854 0.41330647119603636 0.27096460994016847 0.40375200440594566 0.257049342788166 0.40093510747105293 0.23227006654304044 0.39655249216289423 0.2054917908769796 0.3919366904710999 0.20117451999515673 0.3929251484174509
0 0.17634278697728972 0.42345095238732294 0.1625719020775126 0.42184455730005516 0.1574192480908186 0.4594405941040564 0.16623431802886862 0.4649451085649196 0.19840991227510402 0.47257783471014375 0.22894464353762872 0.47793024763338837 0.2520830567990435 0.4800325497195676 0.2598375112373782 0.48123553371828937 0.28082690443895475 0.47174738465839555 0.2866350176655854 0.4616819751715868 0.28273689829199 0.4528716374618497 0.28195940891004795 0.4408443477801456 0.27822510398731415 0.43294836385567265 0.26607836834770515 0.4270552054220833 0.23211481039043996 0.42279488883791666 0.2148179378027409 0.4237613304015307
0 0.4049564711607276 0.31991166159482326 0.40084593497060883 0.33786501742960007 0.3950047557554627 0.34388649163353824 0.41612998338223683 0.3603150672533742 0.47692788826989563 0.3914258074544146 0.49724235401878875 0.4010569496222028 0.5037902642702902 0.39064934547592006 0.5028390984611283 0.37322267705389905 0.49546987242847784 0.35784018895887
0 0.3063936861060363 0.3408113011135336 0.2973098364271549 0.36432879763384324 0.2940314220431731 0.37186482958176387 0.2972979001092246 0.38288470601444763 0.2985617374009858 0.38968140753193925 0.31793382384359703 0.39194119146870293 0.33909997335852915 0.3972599440475608 0.3602891343762437 0.4065709447159563 0.37201140617741313 0.41249786734944877 0.3823301692531084 0.40724227336045904 0.4016368107416815 0.4039850254656563 0.40779132712670135 0.40356308398930557 0.4097426246840083 0.3977113706201059 0.40737577413978104 0.38166699801087506 0.4001288849251319 0.37702205260612004 0.3762355211305265 0.380694148362049 0.3667438897540898 0.377687142569338 0.34269130433720735 0.3642425344672801
0 0.3034323533453164 0.30893846338307973 0.29517635578653106 0.3218438720135112 0.2877103766871669 0.32705228922553 0.2966594112030982 0.3339855640147344 0.3008007746310822 0.3403580165130631 0.3052691063490749 0.3439189219682132 0.3063154561731394 0.341001312670244 0.32607117433416094 0.3526148299535376 0.3430359639185802 0.36333284340832234 0.36692240508474905 0.3771380289793112 0.3764140364611859 0.38014503477202216 0.4000122249942014 0.376628485590667 0.4066015880745239 0.380436812644733 0.40978999362640944 0.35573148716593606 0.39500809080404875 0.3443182147045871 0.38693221099294095 0.3371068363127571 0.34938630220535066 0.31866858502464995 0.3263094296871672 0.30989729678824474
0 0.2817246114054054 0.3864737077823969 0.2765176035106144 0.3916599949645776 0.2712286508986791 0.39544623691291464 0.27129339349686277 0.4024062205147439 0.27227884125878277 0.4138768122779061 0.29159355424849254 0.4267902981375924 0.334095337060866 0.4465800504301552 0.36062658001950776 0.4554686538120924 0.3741175103622949 0.4591281211491682 0.38443886921906256 0.4554654217779168 0.3900275299302228 0.4524093843720431 0.39297269169615 0.4393115749249323 0.3898052313663205 0.4266594571736444 0.37706673800588086 0.4168305746282856 0.3721334785971531 0.4125471389170577 0.3608784347700681 0.40659926640904015 0.33870472704395505 0.3975237331443866 0.3176845788264301 0.39205898002466083 0.2966105566611125 0.3900641580640025
0 0.29104192942549656 0.4277269532087471 0.2855300494865126 0.4339996297895489 0.2826476039223437 0.4410400770311689 0.2829372485167129 0.4537525487212835 0.28681711673944954 0.4618123518878705 0.30806492515723033 0.4686708507898432 0.34045380349507265 0.47984703159397596 0.39049002255646026 0.4987544049734165 0.39380442151415784 0.482719035541737 0.3989179881150857 0.46990982737635245 0.39230445548290965 0.4634409202367644 0.37443150994714863 0.4600154420482634 0.3598668572557977 0.4559704528292616 0.3337963969265171 0.4472318648889533
0 0.4218626934765697 0.20648625950900626 0.4329362206690489 0.2049283152336674 0.4944674110222834 0.22046511002349048 0.5128338504349768 0.2315366073319817 0.5164821013222384 0.24108118434241987 0.5153333215443894 0.25424572327261585 0.5072168671792259 0.2563385939075327 0.4964668469625372 0.263823631803152 0.4759882859532417 0.26105481743810804 0.4462194921608603 0.24352377867935848 0.42130439246199114 0.23453805839055974 0.4104588649199544 0.2347927445914878 0.4069820784948246 0.2269779822174355 0.40681939555832936 0.21859991902290746 0.4172759711705374 0.20690110737013256
0 0.29804240207539057 0.46540396199264583 0.28810903648788444 0.467391838383179 0.2805560101814395 0.4718358135105209 0.26932104075513524 0.47706052229804435 0.26854194047256463 0.48616744812383983 0.28115969047153194 0.4903018519177473 0.2864338892610909 0.5039876661901176 0.3097124101427457 0.5088815702314037 0.36658803935782647 0.5329436283494958 0.3766542766665871 0.5316973944736768 0.3820027104591994 0.5359520116844586 0.3893957516706432 0.5201131364982696 0.38363955599810173 0.49717328745931627 0.3386205431569987 0.4805455122210309
0 0.16218054145534855 0.4652454399233528 0.16249873333082682 0.47523696572545043 0.1573204859398047 0.48242332157180917 0.15708910692603573 0.5007903460514682 0.1693926467312779 0.5037403743088781 0.19652846806577634 0.5082042110381707 0.2720891751157239 0.5191824865263046 0.27939751175155414 0.5092150063912817 0.28375027106163897 0.4997683542913438 0.28126774671045657 0.4906063566424305 0.26891587211305557 0.48591948862588846 0.2587907563447802 0.48192517583894673 0.19813884873877313 0.4737680358291325
0 0.15441340326394631 0.5041601352930781 0.15125102346755864 0.5213300238846622 0.1493454941677954 0.5384377309757908 0.17483614963902594 0.5485102875465231 0.26597644401745113 0.5651970010389001 0.2727618586715138 0.5620214240312079 0.27919947492014996 0.5498270881888114 0.2737989839309186 0.5366694088933069 0.27422047018185114 0.5302459290359028 0.26468232677451503 0.5228694379885365 0.22471749609609093 0.5138227822145313 0.19722409400514096 0.5104068391475162 0.16959663067148184 0.504260921839144
0 0.3909457371724993 0.5471854338973904 0.38294590751219737 0.5372822417872862 0.37569123844972657 0.5306695450917772 0.3642639295369976 0.5363843885837941 0.30984515647956157 0.5088927838691651 0.2860426044144959 0.5054754649892922 0.27950931655011657 0.5098390608641227 0.27180798347908786 0.5194296736247305 0.2746898047500266 0.5311174549052393 0.27392642580516413 0.5371907094187903 0.2864733732420499 0.5535735922591057 0.3083760353937344 0.5608313826124177 0.3324513073378996 0.5683426112685397 0.34788893975856094 0.5740354164199105 0.3826808989406296 0.5813372702503384 0.38918658163782793 0.5730148783428829
0 0.1522243399945154 0.5404121401320069 0.15048718280819207 0.54832786500861 0.14569493533603 0.5749653712135911 0.15785558364763846 0.5845022966621373 0.21766150732026718 0.596349770613954 0.26886436671319436 0.6047581736838187 0.27381918169867897 0.5988414669727304 0.274683788486643 0.5717457953887216 0.26623931991506616 0.5658897148549552 0.22011974079620256 0.5588861210108339 0.18805656288339562 0.5510867180868413 0.17495940553281097 0.5511825877548576
0 0.28062797774714543 0.5553906236771329 0.2738453403130272 0.5659651322383777 0.2752880408995965 0.5718162823701105 0.28040542339840363 0.5866203751529151 0.3589394740710675 0.6099886361744623 0.37361519289985057 0.6043940512816571 0.3824862811612854 0.5944690820972424 0.3945448968023356 0.5962816566669878 0.3936686486024512 0.5864374006062589 0.3841856383213401 0.5824897643102546 0.35108391869899874 0.5765988056240238 0.33209146551875557 0.569106367973984 0.3079100015923656 0.5618204608660768
0 0.14992100442517975 0.5847944707299896 0.14419197391036886 0.5885912722591495 0.1444565740942496 0.617036422631843 0.19245314309626327 0.6279122353885467 0.2618856075483552 0.6461595987788766 0.27213516375206986 0.638425021757779 0.27493729526594834 0.628198017701445 0.27231252247149274 0.6218030586649653 0.26934782344429165 0.6113092632274065 0.26521241961745223 0.6047380867374549 0.21689865919918877 0.5986962932843795
0 0.27813194424494136 0.5887906803698684 0.2742006057592182 0.5976682056375177 0.2696385822425206 0.6068780788657472 0.27270531394027986 0.6250962251821065 0.28418241198487226 0.6357711684751709 0.29177706497458544 0.6313801580062393 0.37786057300764353 0.6649651969418237 0.3885708511259599 0.6548488537596061 0.3880004269340773 0.635704150542895 0.37482766953095537 0.6276728343901418 0.3681732233817435 0.6130953590958343
0 0.1805644905715858 0.6281490790193406 0.16451400160204793 0.6222175811021519 0.1573385726991427 0.6294989231462557 0.15366786259210252 0.6436837896408912 0.1575352424372088 0.6636190061972098 0.20344336061190588 0.6738452795770836 0.27856705555253997 0.6842322485278688 0.284284718659103 0.6759690191463551 0.28489266887358167 0.6667038154810673 0.2827135527839547 0.6627963530777907 0.28403148588347016 0.6519902966260157 0.2765877589951591 0.6401621789441023 0.2615306161058368 0.6469300251721203
0 0.26016378957547737 0.6816795606535405 0.27015299140418164 0.7011111421978405 0.256206292475406 0.7234334206555427 0.13572956433851185 0.6943606445435337 0.13965323321751222 0.6716810007768542 0.14400749359156834 0.6563581164377004 0.18064036462779576 0.6687497646324939
0 0.2557077705345357 0.7217515939062777 0.26244151453780995 0.7351205643746782 0.26524761785688616 0.7480313694640511 0.2540993526404639 0.7694623345120958 0.23133415668262242 0.7684304124778909 0.1733560554586273 0.7519251366759178 0.13146994103196363 0.7360792610548416 0.13619795585983624 0.7057809968814445 0.14307125855626474 0.6984644113466464 0.14803744094999727 0.6970141324879119 0.24074499070904876 0.7224416725140657
0 0.23669313054514202 0.7702733001362976 0.24612327559021152 0.77502660631624 0.2486764201373275 0.7964321886776573 0.22214984881013555 0.8063272101116411 0.18735616763078972 0.793744187919045 0.14966202006853235 0.7743281282573058 0.13315080918439287 0.7707783965012368 0.13601320153736313 0.7410743412676114 0.1739074426355392 0.7528012935412448
0 0.13644776483761656 0.7715689098408444 0.12930274035792977 0.8015852260886862 0.15769890596522168 0.8142338048606378 0.21721407083962163 0.8305124631741139 0.249080853018035 0.8366652828395359 0.2556520295079867 0.8293134538140435 0.2581858630364595 0.7999769900316928 0.24966209661082028 0.7953294143238335 0.22184772260365876 0.8062919666209468 0.18768472645528733 0.7933765964677705 0.14993771365698833 0.7747662066899693
0 0.1541526893415628 0.8126023781463977 0.13587788865307926 0.8173712062089007 0.1337746466196622 0.8540644294187775 0.16037312019786643 0.8616322844522396 0.23792519219856256 0.8767676291809338 0.25207225866692945 0.8792297431275093 0.2609470447298894 0.8599690832964182 0.2591001852662852 0.8463583387951902 0.25470415306076266 0.8344798210782521 0.24897512254595178 0.838276622607412 0.21688551201512402 0.8308800546253884
0 0.2942985768642473 0.632863790215949 0.2845500808053975 0.6369671720748896 0.27960848665845595 0.645330504650452 0.28469361392401205 0.6523973243996997 0.2827835839557803 0.663888707253273 0.285734852823144 0.6682404636757561 0.3468505084137886 0.6917079132149532 0.37719464873691577 0.7014129678441116 0.39402442190072223 0.7021431142757312 0.400646601113807 0.6822616337428133 0.39935584348475006 0.666697655899093 0.3892056627814743 0.6522580898644795 0.37931384169170473 0.6655927980145241
0 0.29175335581572237 0.6698737581783188 0.28428288178280436 0.6747887664081045 0.27908941570373685 0.687798118451073 0.2822785130960884 0.7014449300794708 0.3473630185536025 0.7172062453619433 0.3791927803897324 0.7301094815544947 0.38693566392628886 0.7327145981708537 0.3938551174306224 0.7284160714374766 0.38797741195005697 0.7168382856402302 0.3937535954547363 0.7066199440725821 0.34665661430053496 0.6929569014053586
0 0.2838429152755638 0.7009466611247666 0.26883857341567297 0.7039616936408799 0.263439422151172 0.7356679218252186 0.2660553341633695 0.750269008833655 0.285493335627656 0.7613863475066999 0.34467486999238117 0.7737360364699052 0.38023188717983925 0.7765222998950302 0.38488053425162994 0.7484726981597728 0.3855550118441738 0.7420841675062234 0.37997498147947006 0.7298603470771426 0.3475720342631861 0.71791138626463
0 0.2788081634451295 0.7582238556647848 0.26123867056098415 0.7575358648549088 0.25477847741830306 0.7703974512207473 0.24682347741150912 0.7749155592960504 0.25024065460436007 0.7967580835378532 0.26003246629426774 0.79926183135399 0.3616461416476454 0.8107748447762039 0.3644486747543608 0.7991884839325523 0.3699810448917753 0.7926858750848371 0.36843237627906555 0.7812726987062032 0.36510718901664285 0.7774810159739358 0.34518156081782664 0.7737951427407572 0.2859335318983929 0.7624588354284428
0 0.28442965251581465 0.8048308365593587 0.26515323629731896 0.8029225921506096 0.25707477922656563 0.8132127493830535 0.256010866351228 0.8294268557973073 0.2596496920597743 0.8478914412028073 0.27686764807946096 0.8461557685564193 0.3603479474505008 0.8344499697657498 0.35943895877265364 0.8210691363561864 0.3543973161304227 0.8123119141696865
0 0.2674746328574873 0.847347408648989 0.26245562306527986 0.853289083561028 0.2674563089320192 0.8793627461245913 0.28265699937386385 0.8770683252253301 0.3027345844994572 0.8810374486864179 0.37663404505184445 0.8861326777200945 0.3821844256405593 0.8759331915033418 0.3706469644214948 0.868892681723659 0.35661684578783065 0.8626460942618454 0.3502285647739126 0.83912230325247 0.2777370110373273 0.8466652974646127
0 0.41006153755288005 0.23575450437422774 0.4001151114517285 0.23582731105607035 0.3930711737663812 0.2374717702315519 0.38783128043795506 0.24333416031060617 0.38670995431517163 0.2533762057949358 0.3917147862693815 0.26166673168865556 0.4120408379758973 0.2760602561452085 0.4512817407928525 0.29111888643130196 0.4924184243100253 0.3054738579392981 0.4964623126764495 0.2966975384124894 0.49608351009592394 0.2707588234445393 0.4766236493101389 0.26078209601254854 0.44655190978083714 0.24340211287665825 0.4215050760335819 0.2340067290983697
0 0.5023907487988359 0.3155769222606955 0.5011433632369053 0.3416342080382891 0.49699047293541204 0.3485482032446077 0.48563586256194274 0.35246422937707383 0.4320316672567088 0.33079780787103946 0.40520949577625526 0.32027052365414027 0.4032189624089826 0.30832413403627157 0.4022236957253462 0.30235093922733725 0.4089777589374006 0.2769360159405135 0.4142750655132726 0.27724568679138334 0.451052295890764 0.2910921213275199 0.4966861411064103 0.31090398459282753
0 0.4090558702757673 0.3567865861820616 0.4072405929745906 0.38092801743160115 0.4163296690385926 0.40449184934219024 0.46563744092371867 0.4176421137297331 0.48113932512655355 0.42099177346750444 0.509243413352483 0.41902959991113004 0.5056983543582142 0.40258611795735283 0.4970195957345244 0.40095719094139787 0.4766505881362717 0.3942653600953589
0 0.4864145771195276 0.43059704190257464 0.46532132362500567 0.4180413248490598 0.41630325787436406 0.40594740323841544 0.40958033570260033 0.4051631639373536 0.38194719307850267 0.4072529551442308 0.37499695864835236 0.41600603180925083 0.3910529503896073 0.4263801724156562 0.4070743433381683 0.4372816010355332 0.48272218672478434 0.4625770838299787 0.4892769551448309 0.45377787544136683
0 0.3973034492234653 0.4341819844929089 0.38952956121319937 0.4566154533987541 0.3981868146640086 0.4669614574453373 0.4521712210591209 0.487263005202444 0.49078981635908037 0.4998592299899997 0.49826560929392777 0.49263998709938844 0.5005644801842697 0.4860616644877698 0.5023970458406956 0.46169031484537765 0.497272203804648 0.4579804534043701 0.4881083251751066 0.4553554524121935 0.48316019824106415 0.46318075552983723
0 0.40112086026212834 0.46837762753155315 0.39474416044601557 0.4829006308446729 0.3909939419953068 0.49719433815250325 0.3933539255549267 0.513272168266415 0.40318696425254275 0.5042413039923015 0.4831255658299728 0.5411537411374275 0.5002276068100828 0.5407381646589026 0.5034470887945275 0.5314714978653408 0.5034519686801467 0.5191514470939067 0.5012813983191715 0.5063097871106826 0.49097726656775315 0.5010902006723602 0.4740072545191304 0.49643222678414295 0.45168207251444314 0.48766764965989456
0 0.40310188850667766 0.5054993558614771 0.39302933360381415 0.5133669099646123 0.3872780257048997 0.5258487866249624 0.3876452485283452 0.5390443993861679 0.3941997869909816 0.5472074327689835 0.4048421751530321 0.5447496657070218 0.48330872607767555 0.5797974376621394 0.49306009973515413 0.5768247081368919 0.4993927512877706 0.5742752278524889 0.5018744173100003 0.5552465788092656 0.5005894148782009 0.5419439056329317 0.4830445419043469 0.5415413659381232
0 0.40506780637780393 0.5460090586565366 0.3957294196715716 0.5473858667941974 0.38989781646131094 0.5610914495990194 0.3881082988226635 0.5789677661078562 0.40216192046007243 0.5949929912404582 0.43094203564419414 0.6073927695840254 0.46010837267578003 0.6186045285881635 0.4934123452995923 0.6278328037689137 0.5003911036577305 0.6060405536110306 0.5015650239093902 0.5975459842098124 0.4913813868263868 0.5836162957353955 0.4814731668609675 0.5795833168318828
0 0.4842200199519366 0.6259788459434666 0.47978134054406213 0.659081899512599 0.43184895510184224 0.6512239394186684 0.39576086568520175 0.6485252564498682 0.38907945808979955 0.633768659898665 0.3754145705862363 0.6261304349818888 0.3684273943738161 0.6117159322090395 0.3740050269050188 0.6044335662971037 0.38256654818152236 0.5948549405031961 0.3942280712982152 0.5984818482374027 0.4012467292655049 0.5951452017970331 0.4293848346396778 0.6067383230030329 0.45977229581698414 0.6185938350530469
0 0.4861953438905591 0.6390531840495736 0.49718211126583933 0.6486455750699676 0.49964597673036637 0.6629101887886447 0.5042502225140192 0.6747801460588451 0.5025597643550475 0.6832714812155164 0.477880069027956 0.6751038862018836 0.40682512678962 0.6785258439759719 0.4001050998284676 0.668675650520393 0.4005653459084866 0.6487079443595423 0.43067507891702295 0.6518425292643725 0.47942637364379154 0.660173778558664
0 0.5065699344354099 0.682605987290974 0.5121406843533693 0.6926998779584016 0.511336050290582 0.7179160809932305 0.4649854025209639 0.7291307411470959 0.3978316548789828 0.7292301577041512 0.39361041644384853 0.7072053004643486 0.39400400270986935 0.7012070183226594 0.4051486888547723 0.6824856686708748 0.44924653951463545 0.6796967459626769 0.4788079537965123 0.6782342226947352 0.5013612890286019 0.6842649636950761
0 0.47701591276205124 0.7271342593734688 0.490849552950377 0.7408363641429375 0.4996150049707718 0.7411033433957804 0.503878304078278 0.749533669250277 0.4969125406985 0.7736534048302119 0.43158282584112456 0.767543640889231 0.38915083419860685 0.762216121074613 0.3849999518817298 0.7477547142229254 0.3862404878805473 0.7331667003580598 0.3944330220326564 0.7292114640719859 0.3971955185033206 0.7302892378947144 0.4640680966699099 0.7301570224821576
0 0.389048673044865 0.7620955369148006 0.3828933427351681 0.7605432163317153 0.38051053439456534 0.7777853848609965 0.3683525349017192 0.7755328436053485 0.3696721575746738 0.7840296971701428 0.46582877393353156 0.8030332386732802 0.4742531908770262 0.8017911819703692 0.477505426394889 0.7935495455050755 0.48034115134027927 0.7916555592104682 0.48057384925041 0.7722158962062128 0.43152534070655274 0.7695533813543071
0 0.4668999352067933 0.8026019967953865 0.4757151534051522 0.8144760984664776 0.47748243818637354 0.8288652147836316 0.4728046461726996 0.8461177671581774 0.4263926618656587 0.8445970987019931 0.3609868000160122 0.8305711666735508 0.35972150480903226 0.821246358738667 0.3546398691600249 0.812866855026135 0.3628391883556722 0.8118766375728206 0.3653100090854716 0.7996504863449431 0.3707123550338064 0.7936063443546232 0.37421558533878996 0.7878968620804644 0.4199057368202629 0.79406098088629
0 0.36753294289539284 0.8337445294135123 0.3617449010764252 0.8350957904414275 0.35308642673645935 0.839658489962261 0.357602063471514 0.8634893644758385 0.3724540263335372 0.8687681478841419 0.3844355566745621 0.8772583697853639 0.4204365546458563 0.8844976096777276 0.45450501462921983 0.8864453033020222 0.4637573008065834 0.8728328699685819 0.4710912362264652 0.8595032693145835 0.46524183040007777 0.8502085354370651 0.4201722963001036 0.8479907719930947
0 0.5003362092906704 0.19786007057089713 0.5419341807805399 0.21484949708019754 0.5573433568711605 0.21477977697627734 0.6007220240784804 0.23664498540401313 0.6028936349635882 0.24623442918368957 0.6022741347549503 0.2592327343246249 0.5933303362228818 0.26036785481762814 0.5676801910731559 0.2564421133930047 0.5427944462327646 0.2550951729839209 0.5162380457236594 0.2507525113989917 0.5169270559667352 0.24025194724499885 0.5135567646091679 0.23114508366201303 0.4953418823799909 0.22061777959113085 0.4942270969172977 0.21270763646999769
0 0.6077892617502082 0.19296720810439086 0.6034462500494752 0.19868467038586554 0.5990019133129956 0.2059463332782215 0.5786707553273025 0.22411414056019918 0.6011852842617449 0.23669902542307794 0.6038809503515649 0.24541598885529034 0.6136209641942763 0.24281772778000296 0.6179234458807108 0.23771794574288083 0.6757326888036648 0.26375613574856693 0.6864397530272035 0.2606482744670566 0.6915179749476494 0.229497842128999 0.6855969176009589 0.22725112127027566 0.6526416045170877 0.20660181327149715 0.6361958680112018 0.2046833925946979 0.6315748161727172 0.2004098909284027
0 0.6193537564448025 0.23726238555572263 0.6023464797705574 0.2545731124824486 0.602908230008399 0.2602403147197508 0.6052188609623824 0.2748252404733122 0.615763805128727 0.2741881001692119 0.6619422984427825 0.29606870858916 0.698525467945341 0.311228334400043 0.6983603028374951 0.29596006836574434 0.6964549720264974 0.2751983401686578 0.6749972685144695 0.2642927559643223
0 0.6010146592610428 0.26064183488784426 0.6046948057576702 0.27569772082077615 0.6044864857238388 0.2931008477007763 0.5872388639449715 0.30696029326449864 0.5468888179548502 0.29229486766762636 0.5234246686655605 0.2870681057179132 0.5041908661165806 0.3062975334140815 0.49770805853204836 0.298383610318056 0.4965207179842658 0.27023673919827157 0.5041296509561681 0.2574313540989553 0.5152594453486727 0.2549952130808622 0.5430666063386954 0.25450451274910074 0.5676599260660067 0.25675095351518096 0.5932898062085832 0.2609855350619807
0 0.523887928848825 0.287122145736978 0.5038781759963513 0.3075058738932542 0.5027867005914589 0.3170258776616535 0.5079869326937653 0.33381510427219346 0.5239260440209189 0.34345452800339915 0.5933629915021197 0.35591131258311454 0.6100403580996376 0.35785675326944616 0.6132193393103891 0.34142256675771954 0.6141109996249577 0.3278336013819641 0.6079814121749534 0.3180936575624133 0.5869667038390407 0.3075509534993189 0.5644000948961405 0.2993168503564401 0.5463647627501379 0.2931673480150904
0 0.6064465214549813 0.27745808150791657 0.6045067507309881 0.2927920075786001 0.5923665409621883 0.3035127918763874 0.5939445866081459 0.3114769750165854 0.6089079325414822 0.3182017376005429 0.6158424503151195 0.3299028021912806 0.6226233529750702 0.3226024992720723 0.6833191519956954 0.3331060031230282 0.6921500754978582 0.33724818471655377 0.6946485514090415 0.30984247387146374 0.6617106683511503 0.2960416885796276 0.6157030101072791 0.2751146205357407
0 0.6225808768395664 0.32331116748343386 0.6156864474079046 0.3296431527790768 0.6118042519411521 0.3415847954495462 0.6121747935110203 0.3574028465277279 0.6193558730916773 0.36387439732602583 0.6476362765426888 0.37506076367650154 0.6894470215364096 0.38181600751877265 0.6995388289518479 0.37397904575034085 0.7080966400885853 0.3723481898908863 0.7130376161371793 0.35714973558301616 0.7120101363805816 0.3427574161061245 0.6942899129838733 0.3380611867514444 0.683352348301707 0.3330293917132709
0 0.6009192778546153 0.3572166465099061 0.6030405140794297 0.3721121454906153 0.5882207539305109 0.3790219931229113 0.521281742996188 0.3817300048698633 0.5049663839839403 0.3899677530344527 0.5035754592476029 0.37252830821698785 0.4958142363109614 0.3577260782666121 0.498588735661374 0.3497867233905207 0.5031139296667327 0.34092481641695666 0.5107597068251233 0.3403143437239713 0.5240559888144668 0.34374333122035927
0 0.6049037279871444 0.35759409202828785 0.6038975468182205 0.37292836321076034 0.5962477321767787 0.37659550190748914 0.599056971677145 0.3830025393098107 0.6083424183878187 0.3891518137874546 0.6170693503504289 0.39802229864580996 0.6185400346870502 0.410352526768129 0.6577814438063103 0.4116371247558482 0.6882418215575526 0.4164569032542078 0.695964708907263 0.4145714280520562 0.6973784733353009 0.3843396695836563 0.6891983474199055 0.3816123057554457 0.6473928128563826 0.3759757083857915 0.6198452583306973 0.3644031574363737
0 0.5199668217930317 0.38107019228480116 0.5065816305091496 0.3903493097629835 0.5041813146643535 0.402148746666353 0.5118524186935097 0.41976896781112655 0.534873986342805 0.42648094854915053 0.5715199513042795 0.42734873638828486 0.5864152024514176 0.42691818638125234 0.6030480151613661 0.41770817981476754 0.6200900593249135 0.412882119054935 0.6175800158743072 0.3980320477947137 0.6088831162028601 0.3889645826423231 0.5992122540728957 0.3841197115808937 0.5882187049241988 0.378191359529029
0 0.5096969519674897 0.42075644593724904 0.48084874791241894 0.42141773733686 0.4798344475249786 0.42625508427765074 0.4869694541493964 0.43080414386031324 0.48884558599208916 0.4517748516662146 0.49694305982017395 0.4558167262095083 0.5361047113227337 0.45728770195232427 0.557224335074396 0.4575832346659013 0.5721512504408459 0.4531298991823618 0.5820871306540478 0.4468554350416294 0.587083808897775 0.43442968034228246 0.5831675810253513 0.4268490754695547 0.5712490810566706 0.42793659728549915 0.5358162845820107 0.42628113993469646
0 0.49755398091838665 0.45712690776701287 0.536064373393811 0.4579024548021538 0.5569131268978643 0.45878584841294523 0.5721714194053074 0.45282252275744694 0.5922910595696191 0.4471165516819526 0.5973369585257723 0.4622624344209407 0.5993859373390065 0.4770587217759317 0.5840528211380893 0.49478302743603636 0.570169048833152 0.4974996721805481 0.5342866829759704 0.4920750218729227 0.5074642581505405 0.49018506106922205 0.5012110428719443 0.48635832214684976 0.502343326427021 0.46202180067335324
0 0.507714959433688 0.48990457659692255 0.4983524839350155 0.49098053346671916 0.4962028693733668 0.502499485897789 0.5022053833688155 0.506606709292461 0.5041650126145933 0.5192244697204335 0.504853788025412 0.5264285872565488 0.517285185815238 0.5210646874444128 0.5646854938971122 0.5244259027561192 0.5845112733041143 0.5267386106810237 0.6023631066652487 0.5272724089078179 0.6051726539636438 0.5198569178111005 0.603060346711786 0.5131062014091237 0.596150020241683 0.49805255947412896 0.5838222888194033 0.4947561354834212 0.572494540984474 0.497461215281785 0.5339956437639002 0.4929702591950518
0 0.5231127738634909 0.5229982798732332 0.50785241620209 0.5251881686649265 0.5027495908427767 0.5331437568815637 0.499959543499493 0.5407583599052291 0.5031248532122693 0.5588400539526172 0.5125209389548537 0.5657384781281346 0.5220761144731895 0.5702123630267542 0.5762446398612953 0.5719503980247519 0.5872459456016288 0.5683475227143426 0.5946728830833894 0.5563876254267613 0.6082824781784194 0.5549213341255281 0.6092143486200919 0.5477007462200852 0.5968490333935536 0.5267135342473891 0.5653622391668753 0.5248728738627798
0 0.5768867690889848 0.5726360777318521 0.5856122872663598 0.5757916331415218 0.5943236893464496 0.589634092775495 0.5930139806873674 0.6026129614635699 0.5367373096276055 0.608569074377113 0.5035884187281385 0.6111153353609354 0.5006846180347752 0.6065011821496111 0.5022102931446485 0.5972121523021333 0.49147307227164505 0.582827990594921 0.48923128702794033 0.5785964496810845 0.4990960899822281 0.574860999557549 0.5006018788701325 0.5658750371196833 0.5117396061733815 0.5671742702883199 0.5219965695853138 0.5714246326652029
0 0.5830079012259259 0.60411787449352 0.6001738024675112 0.6333143521990011 0.5903394143916154 0.6441167433926186 0.49788430207808676 0.6486487862671791 0.4872404642195826 0.6280055375352288 0.4923738670287455 0.6275832185928587 0.4988245281259687 0.6109763463716612 0.5046514726185911 0.6116560684864604 0.5372031425110578 0.6096668206638531
0 0.5955787412001136 0.6446720498145997 0.608176266058358 0.6630431708068636 0.6085084102128537 0.6837394272617292 0.5196140535544562 0.694778456203604 0.5101371118492437 0.6846587694919192 0.5047451243389053 0.6723864612194647 0.49912592033319614 0.6506978699157989 0.5099690754753632 0.6485824207500247
0 0.5837086133656163 0.6924898170503072 0.592294557330734 0.7118953453678748 0.5912078974526458 0.724163091601666 0.5023345770325002 0.7434675789829542 0.5002693529323126 0.7405975295828767 0.49094625442072337 0.7410123401378689 0.4800365690348035 0.7269696105033049 0.5115945668293339 0.718256393109722 0.5123561791430546 0.6980633161586738 0.5703389580745254 0.6901790437893851
0 0.5718663648273656 0.7312966496896243 0.5759478974932426 0.7377822246467568 0.5816438963296965 0.7497144051970547 0.5892023605382163 0.7547276140377305 0.5896602150579553 0.764921983582251 0.48480000471892665 0.7917513533274838 0.4828988883993545 0.7735012116403773 0.498092611647139 0.7737712185683612 0.5058953999960164 0.7450097278507385
0 0.5723244728792385 0.7715383380075574 0.5773914128252096 0.7758853155627549 0.5808615013098579 0.7916893424821021 0.5787160608499281 0.8072139003532941 0.47720339662716826 0.8216636686369044 0.46986847385288805 0.8046576205719295 0.4778950571681389 0.79395060940342 0.4864528683048762 0.7923197535439656
0 0.5628409416481651 0.8087423631050891 0.565517863461715 0.8323412793163643 0.564249481093757 0.8430854628798691 0.47168253075472333 0.8585787625661094 0.46782111799408876 0.8487385449025796 0.4744709697532592 0.8461339403918225 0.48000945033495857 0.8261225014199329 0.5185807448683991 0.8178518048561663
0 0.5552898275619076 0.8465473987754343 0.5634668325417845 0.8550130813915039 0.5655707075894782 0.8830522441883103 0.5302073091589402 0.8939506934989949 0.48226400057941227 0.9033816767747309 0.46106684564006084 0.9001578135365075 0.4523446731905743 0.8871214429095783 0.46569671377241084 0.8725285612131849 0.4724233603623261 0.8601675459490603
0 0.6899193796613593 0.26895485118866697 0.7258441543872208 0.288542801161582 0.7734646693209946 0.3019675235094964 0.7724907747692822 0.3285425172647453 0.7619569892142867 0.3365520963991389 0.7224636918944765 0.3244175881335 0.7002339351651223 0.31121744480612035 0.6996639828043972 0.2964380127890395 0.6972476019454635 0.2745999612371079
0 0.7780331772589109 0.3418490240676488 0.7787751428129329 0.3696506601840686 0.7673244924820621 0.3720787009911259 0.7138242445949645 0.3583102602118795 0.7125571194424896 0.34242301728916286 0.6941666040434874 0.33719828128369383 0.6953951704236958 0.31065299539232866 0.69972459150813 0.3111580290783528 0.7229061928577302 0.32549569117525207
0 0.7668151488250698 0.3720192852633583 0.7823501303633338 0.3738314649602685 0.781544901043469 0.3939250645297317 0.7282197833446713 0.38530947604817545 0.7007470887164571 0.3855263589925601 0.6962648183416358 0.379528910570851 0.7009730146905881 0.37426138281096283 0.7095108704184375 0.3732043676911583 0.7135250109706427 0.35895967722398536
0 0.7003810123983968 0.3871944633186506 0.6972772716656147 0.3953864456296839 0.6967712759700718 0.4148306281870411 0.691709702249517 0.41766180315319784 0.7044497586307757 0.43078144283086245 0.7092247976734665 0.4244952277569897 0.7215700318823 0.4279882877152637 0.7375793772331857 0.43430390269775815 0.7519397051720752 0.43837418800509703 0.7667648149721316 0.44318301391619325 0.7730360221364314 0.433649713781791 0.7843783849727408 0.425050133363059 0.7874725437540679 0.4130932563701987 0.7853204166750853 0.39504980736397793 0.7292384706586559 0.38542830750371054
0 0.7925281144510636 0.45337373509411355 0.7339471289405013 0.4349066799173698 0.7109629386771139 0.4253823076801659 0.7049145404919424 0.4315199834346197 0.6987674367636645 0.43525101425922585 0.6944095007913118 0.4508242466144943 0.6999392043344826 0.4682352105372196 0.7752298249826832 0.48625633980044475 0.7918853163730408 0.4827246440810888
0 0.691566434910585 0.41593428309933983 0.6960264243874934 0.42227129395904384 0.697080322512295 0.4453190559435359 0.6443251571742226 0.4514828994790605 0.6093237121806885 0.44911073431695786 0.5934894970181027 0.44794797163215366 0.5894370286600774 0.4471330833720184 0.5857633355665703 0.4405456336659708 0.5877147035978908 0.43427219452737154 0.5873963060706591 0.42739182217582333 0.6041759008970387 0.4180578571466713 0.6214521404339527 0.41288776496510865 0.657927472651183 0.41235240750467667
0 0.6995412651670545 0.46647798261947787 0.6983984744170479 0.4721614204737388 0.6955716864106749 0.4800435482106611 0.7002767657646244 0.4826453722524218 0.7008689990232624 0.49708524183150776 0.7075223294135295 0.5012829785363181 0.7740204225053848 0.520331415055464 0.78594855364388 0.514537457732342 0.7865022281302515 0.4865447984973463 0.7741665758728731 0.48681663322089935 0.7062614382510601 0.46965703201030357
0 0.7825455792867761 0.5233788570554813 0.7809286556905946 0.5519318097109318 0.7616150415257115 0.5568642389814241 0.7031900223005391 0.5360202467387166 0.7025405282996176 0.5263639591554422 0.6915354959270034 0.5220007512026025 0.6890014765884998 0.5175992154439429 0.7002642977846132 0.5141227794590174 0.7014643492769032 0.5036557596089448 0.7061821275773104 0.5021531265308837
0 0.6972207038226708 0.48228887788581654 0.6830482050185388 0.47926698775634585 0.6765350249722007 0.4846661229070424 0.6721514601404859 0.48107531941518106 0.637127734249039 0.4790427166910731 0.6034537921452662 0.4799048606542266 0.5929422874881835 0.4875748773506254 0.5904147331061322 0.4948075880754417 0.5967592479206225 0.49588984711053086 0.6040493733653535 0.5138483285184375 0.6153313584643767 0.5179016818971659 0.675080532617861 0.5224763849800049 0.6894662584496665 0.5183377560477002 0.700254715833158 0.5103578847771904 0.7005474845010277 0.4980742212816085
0 0.6928496069709672 0.4472206671873595 0.6997736560976378 0.46684725292135654 0.6874444687967115 0.47875333412838544 0.6730268801155384 0.4794666308168581 0.6058795239892083 0.47813485680121154 0.5996145508149142 0.471929453332316 0.5971631901116098 0.45453542133820113 0.6000664027631765 0.4493995009691214 0.6447453772395635 0.45290056495880743
0 0.6880146521238831 0.52090571623224 0.6998824055250922 0.5277646927065786 0.7033874333867518 0.5408335365984119 0.6889221659147501 0.550095309964523 0.621529719911379 0.5524987227668198 0.6100821865755108 0.5470574117722281 0.6010762010250456 0.5278722880031506 0.6077676282546863 0.5197566533484953 0.6154969067012215 0.5192896395130291 0.6747367371977138 0.5238049268681005
0 0.7048836015083606 0.5375864515378823 0.7040623252805888 0.5422809099420426 0.6914688841997114 0.5503923886033607 0.6916186164950956 0.5637541551406947 0.7058675399444211 0.5695222526380078 0.7457046326843788 0.5803282190155511 0.7781785232958616 0.5899330949024701 0.780935120647047 0.5635660561944077 0.7742276465094988 0.55628254968376 0.7652568717698508 0.5600263564436395
0 0.7075388382543298 0.5714280198751684 0.6919592949202401 0.570294965054248 0.6930067280885897 0.5817084805552641 0.682628908818984 0.5873411226236939 0.6894128076017254 0.597370836502184 0.6960565560405376 0.5978036785251671 0.6985874583840382 0.6100745660854757 0.7335443415817468 0.6131258561235681 0.7590306883342699 0.6236264318755994 0.780359396229209 0.619271227954172 0.7823488610999032 0.6006844174561072 0.780028068789073 0.589122362635672 0.7464018054761287 0.5814360299211869
0 0.5959339530787782 0.5569601851162753 0.5879127441682994 0.5674752123892436 0.5854599162998034 0.5761262286414156 0.5988834716583913 0.5950078206536418 0.6044518527003739 0.5931438096328456 0.6498876860452605 0.5934168274643178 0.6745543900193147 0.5909878084332383 0.6827185470749441 0.5846787417964189 0.693195316591683 0.5814323019997351 0.6916361736360574 0.5700789975198188 0.6907890386684215 0.5638358924921901 0.6897002016657429 0.5516995928286523 0.6392104874870796 0.5550263174707435
0 0.6015312630928008 0.5961545467348147 0.5942531583084326 0.6017291156410195 0.5861253743425584 0.6074838538534201 0.5978028328690054 0.6306303321754738 0.6483341970890578 0.6362456085035958 0.6973791645329951 0.6293989235029638 0.6953755348109099 0.599281626992986 0.6885520936484808 0.5979270905939541 0.6779531067453386 0.5902671312084552 0.6513609847042378 0.5933094043376324
0 0.603758408305051 0.6324422020929109 0.595113579917101 0.642884483186369 0.6091789412980376 0.6615616571658961 0.6103508898596002 0.669239080707579 0.6401313112536979 0.6718751559609398 0.6661803811623417 0.6707245348642222 0.6790425093197002 0.6694320650588365 0.6979484128997282 0.6526460403813836 0.678052237683019 0.6366401213327776 0.6492826301604555 0.6377526731971602
0 0.6657100752093947 0.6715075300478438 0.6818228835198868 0.678134971049175 0.6849073405552524 0.6949726340996017 0.6820804164098314 0.7125171538689802 0.6450582633211205 0.7149013190974051 0.6119882444702643 0.7113229357955705 0.5933784140360171 0.7108277844100228 0.5822882018972863 0.6883083806918981 0.5962157035608119 0.6899330453676275 0.6097300031198931 0.6850859382565253 0.6108472035229284 0.6712519763725555 0.6406276249170262 0.6738880516259164
0 0.6761508486841672 0.7135011748001411 0.6800771637355348 0.7270856134835647 0.6756314485721161 0.7469548700773042 0.6269398466463564 0.7516084901067641 0.5898813204678903 0.7545469837596078 0.5820834385236822 0.7488894918184136 0.5773516385460676 0.7380039490775744 0.5753481973478767 0.7302295306298778 0.5920169673840695 0.725191825991908 0.5944619740870616 0.7134677546789284 0.6257702537747694 0.7151649141689754
0 0.6649207981858387 0.7473811702988865 0.6761590468974599 0.7612599859855109 0.6839387422967905 0.7671946421389148 0.6754343178401214 0.788266158202346 0.5900713841299587 0.7995341528228831 0.582546300358914 0.7897191976985468 0.5783939256035117 0.7763876745008291 0.5874545003097759 0.765993890860378 0.5922901426050218 0.7657201189333284 0.5928721120411039 0.7568508641426256 0.6276622200137194 0.7533684702860345
0 0.5879484582831287 0.7967729389214603 0.5805897861537463 0.8003831096156953 0.5799090628277724 0.8075651304066378 0.5646954049056794 0.8127725761301315 0.565997392019149 0.8344294539148048 0.5705213188376066 0.8452907479291406 0.6204705250976825 0.8374324009856844 0.670266417833234 0.8287183126790963 0.6703649831992313 0.8080626686165754 0.6670259145355799 0.795105304537081 0.6620109510054281 0.7917274442524008 0.6186694915831202 0.797843023807578 0.5940833549540802 0.8022364410506272
0 0.664544723266727 0.8297265823367607 0.6655635468276595 0.8588911425775928 0.6169706987917916 0.8652319966068128 0.5661639921847057 0.8701974577956575 0.5639734085861051 0.8556983520754233 0.55943129522277 0.8451142222732969 0.5661923555850626 0.8442271962481497 0.566428780668471 0.8406240614894269 0.5708643189764105 0.8464479022309853 0.6207953386916089 0.8388667194997387
0 0.6492117692198891 0.8622901106688093 0.664282667520726 0.8752195823714478 0.6635293865391363 0.9058531380735094 0.6585664384297474 0.9080670594860255 0.5657849960039355 0.9142803880427938 0.5492718951822424 0.8914076816477897 0.56802976218938 0.8832622450018371 0.5668863655520687 0.8719574379749279 0.6172773258408404 0.8669434793330764
0 0.7594804568645006 0.6259900784326757 0.784710257175846 0.6274754893037099 0.7856417676654991 0.657709630617831 0.7698986352530857 0.6643763292417876 0.7133700361294765 0.6594828123460156 0.6993853303984263 0.653235473886441 0.680742007000127 0.6374556461801686 0.6989850693991424 0.6315664630927893 0.698819899204597 0.6118684553075379 0.7333893946632217 0.6154151457574631
0 0.7003120865339025 0.6557730555540281 0.6915284778668613 0.6591214874043688 0.6779846903907687 0.6711466386930929 0.6837372835756019 0.6778913729291025 0.6875053759983978 0.69266482410312 0.7329402796580151 0.697236033863272 0.781528334561624 0.7009603265444113 0.7817632613715995 0.6834955174094149 0.782861663253834 0.6695326977584667 0.771313606446169 0.6650272826519305 0.7483238083268179 0.6655038034003108 0.7251463802001408 0.6632860152779448 0.7128818210718693 0.6613694406034597
0 0.6882987664657003 0.6944580062206223 0.6830866034900643 0.7127998975113564 0.6771103134016458 0.7150181229530909 0.6862240984630145 0.7316298945298558 0.7338831840488218 0.7384041378635379 0.7767322528510763 0.740730126674682 0.777957052864982 0.7054026792474146 0.7434666587353785 0.7006504790269128 0.705163088562655 0.6956964133180067
0 0.6863732843969925 0.7321331921258255 0.6784711842503399 0.7331549791859694 0.6762720033087822 0.7472323386645985 0.6702482524229509 0.750173869968679 0.6787584902066687 0.762099235978558 0.6853451311144776 0.7672406312867167 0.737642423742316 0.7755277183180747 0.7692802516782092 0.7765458984893988 0.7706001372817036 0.7592076514808365 0.7703468490340721 0.7436294706032842 0.741595441005823 0.7402755742527777 0.7111849542556872 0.73721403862085
0 0.7528793076489926 0.7765762822258079 0.7567016644109407 0.7932996427204868 0.750072153065133 0.7971423007778111 0.7161536656815721 0.7975587100324258 0.6708815550394115 0.798837228234258 0.6674412618338547 0.7901757006640789 0.6773640936335669 0.788903740260834 0.6844161617966761 0.7702905819392595 0.6921057949461336 0.7697299050996071 0.737893334812859 0.7772576193723598
0 0.6735148506941873 0.8003591433209198 0.6708386846014127 0.8078212815997409 0.6714355923320876 0.8292702841270163 0.6823258375229493 0.8271393843460054 0.7395392984355564 0.8299262647179569 0.7606417305700214 0.8304443168627627 0.7609151014533448 0.815170519002543 0.7608516563953647 0.7966991146756071 0.7507163575984575 0.7984321852993438 0.7151862522904227 0.7984176494101917
0 0.6806351182694539 0.8279139489728152 0.6667409077685786 0.8313950634288089 0.6657826750962572 0.8487754978128491 0.6710041827854845 0.8663909136717861 0.7152455989732784 0.8669357426641812 0.7403578538822543 0.8674356520310152 0.758519601769923 0.8683395110343423 0.7612294575818682 0.8353718243837638 0.7499639523763547 0.8321141064232821 0.7034350731991537 0.8303306516738184
0 0.6634659487523302 0.861867355787278 0.6579281997417807 0.868509791154044 0.6673267495876264 0.8807817275567337 0.6669810809170209 0.8999342503705372 0.6735044407616126 0.906040053495157 0.7212448408587668 0.9060212547381327 0.7513207248499243 0.9002976515832142 0.7583299225750347 0.8906685466271229 0.7574346429764041 0.8682129489079081 0.7369605951094593 0.8692258832387502 0.7100717160762271 0.8680328330862951 0.676860714289208 0.8687747190459815
