0 0.25820521174442146 0.3646112996029336 0.2582802798333186 0.36924902427305456 0.26210544828773197 0.37723475089802294 0.2699085242791796 0.3804021267008813 0.28348948990152256 0.37578742798893244 0.2985373615947642 0.3713545122755621 0.3138268393883841 0.3699865678866749 0.3168512538178234 0.37149949813051303 0.3196349297818267 0.362587614787428 0.33013021181469354 0.36305358526296033 0.323046737604699 0.34417263248419916 0.3129756009130524 0.34282936943865955 0.29522820900848123 0.34780232292780006 0.2850047338385399 0.3507844451923113 0.26428510900078955 0.3606604392437302
0 0.3306444924129396 0.3622068070650468 0.319407990245251 0.3633941253019452 0.3174561367037113 0.3718020841792807 0.3282370245283641 0.3869474714962968 0.33095856369738835 0.39198902984697126 0.35275074942303836 0.39203392491672595 0.38308723127495775 0.39359290707690847 0.38541702816580947 0.3862940447628577 0.3874594839949911 0.37903545013220336 0.3858122409837508 0.3691950963778225 0.35980140925563053 0.36354373854325445 0.3433176998889796 0.36081815041116655
0 0.378556249257923 0.3434845370052906 0.3762851186222814 0.3662693266753423 0.3833927094401994 0.36798475218275195 0.3855248999220805 0.3692353640612189 0.38874518549060605 0.37691850463741955 0.39344877896371727 0.3739352255263188 0.4253729699367245 0.3772084763473213 0.43591398693088346 0.37456920781497427 0.4460321932493803 0.3665662394647817 0.4442046132977986 0.34706731495459836 0.4303069734861803 0.34397931767194306 0.4203259720515594 0.3426665689984972 0.4083637839477939 0.3420188155243864
0 0.4462746669847008 0.3622713685268246 0.44430727924441643 0.37416768782759996 0.4495087514820867 0.38118583320446575 0.45492984489964705 0.3892090079505192 0.47567058702294346 0.38875279811683566 0.4894931587456646 0.3872030707293699 0.5056144589617481 0.3853312018747331 0.5055247243090485 0.37682199536561184 0.5074153086905514 0.3750076359195957 0.5145841686685061 0.3701294619956859 0.5106088640362985 0.35286828603047565 0.4774136381314787 0.35558346254325707 0.45506143684629063 0.35949058467929546
0 0.5146747709561479 0.37127882624236713 0.5073223709881967 0.3753098927759517 0.5057989049290234 0.37660721059412533 0.5066188183905181 0.3849461112943389 0.5131260147857185 0.391187416957593 0.5174332425219944 0.39426879730380254 0.5304152910513844 0.393966855433236 0.5480010530809291 0.39432033885255885 0.5593244321373578 0.3936005487278557 0.5688370378803141 0.39053334851766724 0.5765726711632451 0.38554752974007095 0.5772424229074765 0.37548251970360624 0.5736899345798616 0.35928952088979343 0.5384923315844689 0.3644388412520883
0 0.5755620442755204 0.34385367361341873 0.5728270417553402 0.3565925116314815 0.5796036739164923 0.37450132389202034 0.5858322560361612 0.3751458059179687 0.5944225746956578 0.3706905049059988 0.6097489738073398 0.3691929714648077 0.6205730619792079 0.3683263872879598 0.6261753572484842 0.36927540068213877 0.6299499787775644 0.3676626082317936 0.6387686959632339 0.3640423563536807 0.6393621530218039 0.3550718590147079 0.6375610437487232 0.3425351787429109 0.6049960696515458 0.34189646098557525 0.587054913129996 0.34115925385277085
0 0.5861369492479958 0.37488634235433405 0.5791632917600575 0.37716420860967736 0.5769449660819735 0.38614564921259137 0.5792714451759181 0.39297283633559266 0.5814714138348427 0.3961327616526371 0.5851195249289028 0.39085270739633504 0.5948431432404967 0.39252474778729735 0.5997346495257627 0.3927063137545132 0.6015792236926821 0.39548251535807605 0.6094413674106329 0.39416395838643653 0.6218478303698005 0.39480973516121703 0.631520747401224 0.39583858827506296 0.6463734490338365 0.39245656080711894 0.6462223162549493 0.3822898245231053 0.646071183476062 0.3721230882390918 0.6384210233883726 0.36994371135921705 0.626048361282652 0.3697267261025143 0.6207169583717635 0.3680894576266231 0.6091057865302235 0.36928310707399953 0.5942955787298256 0.3711418303263743
0 0.26160283044417887 0.37736486841581734 0.2549225308411141 0.3783010387906516 0.25352828653844833 0.39027279963856626 0.2553661723786803 0.4004061574317685 0.26172086136239936 0.40852107940586685 0.28245154922797144 0.4045768102222577 0.30226251835170675 0.40214688511745694 0.3132428059592684 0.4030326661643375 0.31969317587687407 0.4024750818092053 0.326428261130977 0.3956430473926093 0.3308370446158294 0.3922542937062102 0.32752467555067644 0.38648393538504183 0.3175466730723693 0.37194950270900556 0.3130167553824132 0.37050613730699267 0.29906127223207174 0.37142275276194625 0.28311743665657363 0.37677438079469 0.2711765350243267 0.38017958611408664
0 0.33191879284561826 0.3927954264283449 0.3256304524159647 0.39540848758442015 0.32112676381894656 0.4008887246246405 0.3223026413391804 0.4059193969683634 0.32656250988254965 0.4039369677021379 0.3275894724613003 0.4103739644660343 0.33132080561452326 0.4181637930352675 0.3555937922307075 0.41961129615312465 0.3840587471927538 0.4215104328254015 0.39505370099022596 0.41269596914257994 0.394459592867735 0.4051592208724555 0.3841567555918028 0.3930948575699426 0.35235165082822406 0.391663806085083
0 0.3938817025785961 0.3747601819218101 0.3879043065783778 0.3780223954586548 0.38364288639156696 0.39316687067569905 0.3954873312682065 0.40501519466094255 0.41489245085034077 0.40402760052919356 0.4361640128308073 0.4003538977066518 0.4469282611210995 0.39849904301894173 0.45101298563004766 0.39099933573065654 0.44960795424607536 0.37976622643122643 0.44501091218033306 0.3741759008744492 0.43619412103234917 0.37437238527183797 0.4251999430565978 0.37660582597925013
0 0.4618312437496572 0.3898296399765942 0.45129692514482417 0.3913059086446022 0.4471311858919 0.3977778775324157 0.447806308758367 0.4063423642030117 0.4510646679942026 0.41142756359053245 0.4561092307061152 0.4062178929113795 0.4793004690925105 0.4071242633071019 0.5026815177032375 0.4038476669951818 0.5159202068825427 0.40372423013251063 0.5158268534138185 0.39265366753551306 0.5126086136391105 0.3913728488359329 0.5071597530290386 0.38486280453731886 0.4898911249918233 0.3865900846465135 0.47581373181465736 0.3892556039884645
0 0.5167596867021242 0.3946011246778214 0.515487352426283 0.4048239816387387 0.5164734197221853 0.414037620690104 0.5199022146711761 0.4225574304524178 0.5249784906190131 0.41977300688735525 0.5396646581085807 0.4149439910858264 0.5669136160892654 0.40800807472644 0.5818567181789508 0.40314305237203296 0.5813976346297531 0.3973192014360278 0.5791670137943892 0.392089975836994 0.576449528673448 0.38727534281054066 0.5689305250725224 0.3907535956646548 0.5590451002412187 0.3938707485610254 0.5492005706927632 0.39421125916992716 0.5294575017665349 0.3942071214540828
0 0.585022499767783 0.39057666618714676 0.5813166198857771 0.39629146303555624 0.5818027083496334 0.40245789343838534 0.5870756491035637 0.410031682690349 0.5897653534881253 0.42108475922538796 0.6119558583887078 0.42247773529944715 0.6284938020866969 0.42466285553682787 0.6343901833429392 0.4203729035995116 0.645519385891984 0.41985236022621875 0.6464398804555416 0.41175699317200093 0.647036316043195 0.39955067251589726 0.6404779264669547 0.39873793900373405 0.6320129750312544 0.39680693349442336 0.6211545974505173 0.3941722485605452 0.6099983899868138 0.39435021246701424 0.6015735580122411 0.39622358764564397 0.5997348963502883 0.39267125282785126 0.594745119289414 0.39198505946524254
0 0.6348500427138577 0.41961573156010745 0.6491704801229516 0.42003342741957095 0.6506565262509 0.43229427511947266 0.6507907750024726 0.44058819542900124 0.6451922236291966 0.4420654985259702 0.6241914866170377 0.442583973041341 0.5924272771363074 0.43837627926901246 0.5883981141001182 0.43339909954012645 0.5892777133808274 0.4280803747733777 0.5895084188880074 0.42112076577826624 0.612185788074167 0.4220991492797452 0.6292916108017093 0.42489741534501696
0 0.5943338389957673 0.4394945512661601 0.5865301200583443 0.44924725418173805 0.5849198364384092 0.458478379295062 0.5868796323054656 0.46686283320126676 0.6010511547730766 0.46868685348090383 0.6286241717296656 0.4658618907234034 0.6538037625412175 0.4623332485413356 0.6526016559280459 0.4503789737553796 0.651818513402944 0.4404441692174883 0.6250163002467087 0.4431611123163539
0 0.5824245972085039 0.4037561981999242 0.5865617799033278 0.4101036957961055 0.5897383485734666 0.42074217975856404 0.5892777133808274 0.4280803747733777 0.5856258433281389 0.4344803305554348 0.5753214544087651 0.4355780132037406 0.5292892657048165 0.444799828456415 0.5240564444120139 0.4410304198923917 0.5200010522828868 0.4291296377212725 0.5219770101593008 0.4242111096971026 0.5247215560188953 0.41980901344023347 0.5391777938230036 0.4153585836584068 0.5674274852895012 0.4079360616206835
0 0.5169693827746289 0.44656096067913786 0.52934703443599 0.4434235953686188 0.5811940077859142 0.43381985700971376 0.5847054557021698 0.44166858363196093 0.5866106684193284 0.4523710276435551 0.5836948976473242 0.45914899221953637 0.5795845240283853 0.4625558386465009 0.564746746908641 0.46622752746104673 0.5367639791932725 0.4697951511387765 0.5218919142167076 0.47134852787426706 0.5192674110865985 0.4683547209216384 0.5150482674413274 0.45691499025874577 0.5141579340423962 0.4506704092404013
0 0.5260984523539929 0.47252829219584386 0.5250201111817505 0.4790487612612419 0.5299372591892599 0.4875598514453961 0.5392000782519479 0.48891566585718094 0.5557302455976899 0.4848298807733067 0.574498672807666 0.4788380903760292 0.5814065740333056 0.47556998056883604 0.584964775260015 0.4685250600152881 0.5826516369281468 0.46106445799992263 0.5644842569658179 0.4662643125339872 0.5379451839359766 0.46962961831054434 0.5271693018778755 0.47096281300588844
0 0.5299301638390224 0.48915318363880517 0.5260471997098416 0.4971282482778408 0.5303006312119334 0.5106862910197887 0.5502147864134262 0.5124956287613242 0.5668348155235218 0.5078664712553334 0.5843116827719722 0.5006402673245647 0.5899138333356115 0.49932440837069825 0.5940592874076153 0.4913125586587221 0.5926648638756281 0.483723208888065 0.5882656004035275 0.4767318807514389 0.5826291619830678 0.47592942762625007 0.5739114199623714 0.4798050195344575 0.5556817670403944 0.48589823308106944 0.5397664413446522 0.4893670755969463
0 0.5183605472144219 0.42655024429911964 0.520266552527825 0.43052937294664684 0.5254800820368558 0.44448364781894933 0.5165830127855747 0.44608432688935634 0.513176946282867 0.45169251600824034 0.4934141332091315 0.45516976219610794 0.4609686401676474 0.4627243897958592 0.4584690792549569 0.4545822071361023 0.4544765525031993 0.4544340100493478 0.45458100126615 0.4473423155583798 0.45652997497910003 0.43839979336341955 0.47619622723636684 0.433697594109044 0.49820399922645175 0.4300826680963979
0 0.5135568867947491 0.4514623451036142 0.5147719830961515 0.4567767820364708 0.5195850786388324 0.4690179090295596 0.5221819929642361 0.4716617293917575 0.5233903902135233 0.4752078408359896 0.5086629683126004 0.4802794760122588 0.4914213985003899 0.48375725059762265 0.4794434219469947 0.4866743170193924 0.4628513779397268 0.48829180343378065 0.46061391067173724 0.4834744933831168 0.45699462537974633 0.48132779990311164 0.4598757119968078 0.4757931809301086 0.46233626749117374 0.4632404376120185 0.49303419269724946 0.45539993310073407
0 0.46208440156572533 0.49034547743644197 0.46235160907005246 0.5088853062622931 0.4662404796551039 0.5094018824759489 0.47003160052931986 0.5187784786691968 0.48683844851835983 0.511469244125564 0.514642285301266 0.5022650499280004 0.5258883659337247 0.49679665422388014 0.5296124962867885 0.4884899955308839 0.5245987874628104 0.4787539522802217 0.5254351321466976 0.47421358707160416 0.5232871303449392 0.4722145622808572 0.5234041846158759 0.475382834131205 0.5085593121458942 0.4806478551391598 0.49194637838603616 0.4836836804517417 0.47865595211852535 0.48678467223821387 0.46227122044466984 0.4876654003987999
0 0.5252735242837249 0.49741359679187763 0.5299068962976987 0.5107414686291993 0.5297614606258122 0.5139465255524877 0.5229635183208717 0.5219762394034377 0.5034281147368943 0.5300217038033764 0.47706757634139313 0.5423852377818009 0.46695461819246514 0.5453947952834182 0.4647376443789435 0.5425208040165942 0.4623204535822469 0.5387902388101634 0.45945474656002705 0.531053220350248 0.4697198394329567 0.526606931413967 0.4702732007195528 0.5201600324944501 0.4875845351397712 0.5108339090210964 0.5149323640487944 0.5025782514454907
0 0.5307909269426369 0.511856066476886 0.5239858892874589 0.521479112521245 0.5325302105334411 0.5238202486279284 0.5382904022769528 0.5295592990920895 0.5513802152631664 0.5289633910480439 0.5743409899099527 0.5273380293591613 0.5837145604895846 0.5267321324506362 0.5924744783135834 0.5166582050640082 0.592481969961943 0.5117032151885657 0.5881315813452603 0.5002818770621432 0.5840629872315017 0.5008520456927207 0.5672147560354036 0.5076363003507072 0.5498486403038969 0.5129007929611658
0 0.5869980814527052 0.46748869124318393 0.5832377724839622 0.475022376531763 0.5882788625780591 0.47611765115795796 0.5925845668063026 0.48312154953220593 0.594662718767469 0.4904376148098479 0.6130066890833491 0.4888678694318296 0.6290053719273003 0.4918308219030945 0.6401431332626855 0.49026998738612476 0.6511484478694878 0.4851242581149389 0.6531030783014548 0.4794451546436673 0.6506351661217653 0.46337526268989376 0.6285942170392599 0.4656632908861977 0.601652652969185 0.46863808626996833
0 0.5946939354578085 0.4908336241017727 0.5901050389629136 0.4992841947355589 0.588611975740251 0.5012951589450428 0.5932454552170582 0.512457154884501 0.6101124190661646 0.5092926678348576 0.6311606687928766 0.5077443314646916 0.6453933665790552 0.5073513115775624 0.6560775890830803 0.507655763381826 0.6539762488095191 0.4981408358717047 0.6545555512236753 0.4902521656640277 0.6407683638909121 0.4905827521704779 0.62902098027247 0.4920288265490569 0.6128425772537076 0.48869067591276005
0 0.6566716030209676 0.5075725188742543 0.6583109276745052 0.524559296173235 0.6473444097252673 0.5321018923228626 0.6269209422160628 0.5377667040044534 0.6097337830856178 0.5387739510754034 0.6001595467315185 0.5373129870261844 0.5971747655183516 0.5299237838639376 0.59604203946675 0.5250777233493422 0.5924779558394269 0.5255771903947725 0.5927290345943002 0.5173341331489564 0.5964264617716448 0.5128121398035993 0.6099795239268626 0.509511483607713 0.6318875778700659 0.5074422711842644
0 0.6534174442434415 0.5310506314742901 0.6554799878594384 0.5381686921059696 0.6575732997550552 0.5494864725566454 0.6436376089378201 0.5498378701899888 0.6282324916210367 0.5505953837382236 0.6131787862759311 0.5539061465570768 0.6004150665785813 0.5576967610563855 0.5996185925642075 0.5514022346393748 0.5980483844371353 0.5448157545649035 0.5995030994129525 0.5366042129499065 0.6092882726322023 0.5388363844560822 0.6267724387315909 0.5377875151313464
0 0.5998522693310336 0.5581760148558822 0.5977254986914805 0.5654807777486389 0.5968964627546092 0.5702013736209176 0.6006010214884597 0.5714839483891488 0.6053758728932328 0.576820565088126 0.6061491585952119 0.5809162292726576 0.6178497171781447 0.5788761409561914 0.6356621069368164 0.5781816586695946 0.6515988048108081 0.5765488820299383 0.6579924830210401 0.5738511506329879 0.6629479514220632 0.5719555444428538 0.6618705271946348 0.5620969343985195 0.6614887953540561 0.5515402547818335 0.6571041525785255 0.5511537542319164 0.6529696917364293 0.5501316174903262 0.6435047137985179 0.5500566859628441 0.628083988136565 0.5506161948651166 0.6134914015900444 0.5540625289492535
0 0.6627833911817024 0.5755820614508559 0.6616020464517145 0.5853568291066591 0.6636641416569918 0.5962786002654102 0.6484775411725842 0.5998081788571187 0.6259518365683795 0.6035654840827313 0.6149313620271268 0.6047094981808832 0.6025435878460079 0.6018410926020752 0.5996524567038591 0.5956399173156028 0.6033654922263735 0.5913159286162081 0.6058980798403386 0.5891592865184737 0.6062115919758907 0.5817082478565072 0.6176856053485033 0.5786989474371221 0.6359278972154205 0.5777440271238838
0 0.6607408970030649 0.597288836741156 0.6623891468559857 0.6048653400454392 0.6652249761739615 0.6160790648616503 0.6588076612406154 0.620381644553193 0.6449419837712842 0.6235259183569027 0.6300523902558202 0.6270138746948254 0.6161554960961496 0.6297621392066104 0.6046739027563118 0.6307705820394787 0.6020717502051621 0.6263306374397751 0.5983288432244664 0.6188474852660305 0.6028236412376238 0.6130125972835413 0.6033793069286658 0.6067287753704563 0.6037704123793469 0.6040714704653735 0.6150094037529753 0.605699521410695 0.6247950253829445 0.6041279823897994
0 0.5369537094028624 0.5297548459716189 0.5347720853498557 0.5382684478670431 0.5297140416784313 0.5483863001761001 0.5349651718162398 0.5578602033133947 0.5368640520133144 0.5609973598989334 0.5514486101818903 0.559353878755351 0.5715282456866422 0.5531366753896589 0.5839869300371038 0.5511905360846904 0.5981812795764373 0.5445969387920481 0.599252917479518 0.5372398491415795 0.5976827093524457 0.5306533690671085 0.596190542951222 0.5250569122224492 0.5926264593238987 0.5255563792678796 0.5854670753789128 0.5261593040668152
0 0.5363012547657666 0.5614766136984298 0.5319464834484172 0.572897254021652 0.5333369714006783 0.5791085359310914 0.5370722984141488 0.5845908305183188 0.5450054164718331 0.5842798593768433 0.5609657510689392 0.5810422344425948 0.5747141417441378 0.5783147810577028 0.5872357078859975 0.5733569498095125 0.5967171909905173 0.5660224649288143 0.5997742276051852 0.5571859916260702 0.5982437129571161 0.5453889573758978 0.5842839370060475 0.5511489138309046 0.5718252526555858 0.553095053135873 0.5519253373256452 0.5596874546665971
0 0.5381586478409606 0.5850391665679556 0.5450678498525119 0.5850718779606929 0.5611454712437502 0.5814174326076268 0.5748626452286096 0.57829396993081 0.5872513162311672 0.573554954455475 0.5958413300181369 0.5701490468632057 0.6001242943447049 0.5711503724779029 0.6054619429970258 0.5760077353773835 0.6057192564869661 0.581176667299299 0.6056478979069041 0.5897949227101468 0.5973236743985387 0.5927631987567054 0.5930166249381371 0.5971704319636718 0.5726007373961577 0.6048361012317797 0.5480191723217427 0.6110836244663723 0.5454946130857221 0.6114374136235522 0.5401725727785708 0.606778055370034 0.5351792045414219 0.5986693736275833 0.5355551500576528 0.5920103535494664 0.5379548425323157 0.5900725272245874
0 0.4692807697230198 0.5446968888403059 0.4663704143970669 0.5541581060684345 0.46971358675130376 0.5634393728423274 0.4745933824419824 0.569023236096247 0.4904994671691065 0.5654013485241934 0.5087713761688841 0.5586622665969404 0.5252491405071293 0.5490407578499882 0.5290693624943272 0.5478089832974923 0.534875328944674 0.5386383906173718 0.5367524791765359 0.5293219656976261 0.530866626949588 0.5242272964501195 0.5234712999440201 0.5231744324206166 0.5037038804187495 0.5308195062065043 0.4775192619179264 0.5431941486752137
0 0.5290693624943272 0.5478089832974923 0.5362048283295082 0.5621301022376269 0.5314452512779473 0.5746361176667637 0.5172518655388904 0.5801072269644252 0.4953769230144889 0.590833297028417 0.4828287548431607 0.5939846095982267 0.4735299089963413 0.5952877403736713 0.46779376381162907 0.5887792662569475 0.4654015709295859 0.5849360304973489 0.46878741599163565 0.5781938287763675 0.47404963133711514 0.5687512305524082 0.4910975153896173 0.5663621574640932 0.5100085854208544 0.5577924728154012
0 0.5311598014466027 0.574327914045829 0.5380237817035661 0.5852050160056602 0.5382409701661401 0.587960229589903 0.5313203529482371 0.596242409484315 0.508480466698515 0.6046662618933814 0.4751524561711784 0.615724235821043 0.47023491186554683 0.6105748033189222 0.46684382865955854 0.6062730126869212 0.47491204487531213 0.6042577089496896 0.47776514638954604 0.6017347610682889 0.47342106052685623 0.5954434061125244 0.48285690406613624 0.5939441501914521 0.49573980101705967 0.5907233427191753 0.5171957969130374 0.5801086848979123
0 0.5314786275536966 0.5963305257310173 0.5351392960527455 0.5990021990966685 0.5404363845721368 0.6072831183761966 0.5461000154991797 0.6117972157738497 0.5473430969034098 0.6140999816151037 0.5442066156937626 0.6180780534676383 0.5295485621027254 0.6206629974379513 0.5234971027173185 0.6246957185024 0.5056678837616914 0.6325020799282256 0.49247401831064924 0.6368280247812058 0.482554578092781 0.6389258307338056 0.47722950447056206 0.6336565825458801 0.4762906925143355 0.6284803538352984 0.4749798279927088 0.615217648471867 0.5086483052820773 0.6046608102474965
0 0.5298110520455486 0.6206262123650108 0.5345492691205953 0.623500732029331 0.5355779428411754 0.6281335883177963 0.5389197548936238 0.6402270466216268 0.5341807452223325 0.6440758423213734 0.5294693243557466 0.6482746246115506 0.5161438176351707 0.6559806196830343 0.5079301657475306 0.6612009803435546 0.49734740532236704 0.6649840811719144 0.4892582993540233 0.6684177238073398 0.48215018114520863 0.6708292596749263 0.47787467099616 0.6687745288772723 0.46975246606536236 0.6600048863875423 0.4703192254561889 0.6570946384452739 0.47754479423406243 0.654489716746002 0.4771104687090142 0.6472965991056995 0.4778778413811379 0.6418812674210048 0.4823610601617213 0.6398375822828232 0.492328978936885 0.6366714240224606 0.5064691479925134 0.6325667180046197 0.5238908376315532 0.6246405408929893
0 0.5453125456707104 0.6119075709926712 0.5724944454533791 0.604913651556514 0.5932524369871188 0.5972276342139895 0.5973423171515897 0.591877469003185 0.603904565722168 0.5909578421796732 0.599890752919698 0.5955896416731458 0.6026047215160382 0.6014017338856913 0.6035711222769702 0.6069279491867038 0.6026378204784921 0.6136050190108469 0.5980091660260223 0.6188537610723168 0.5763324596924017 0.6266685261701331 0.5381949543229249 0.6360823851458675 0.5341350407518927 0.6216125908549018 0.5355858307876574 0.6198169407603203 0.5439441257509395 0.6181148385405787 0.547646970053291 0.6145881764278095
0 0.5381811599205721 0.6359073918506519 0.5393134898078585 0.640171869012216 0.5339596384865675 0.64463760727996 0.5339730365907979 0.6481742582572089 0.5396575572704309 0.6512700167566684 0.5413148670433635 0.6554609237723514 0.5435531269075976 0.6535549184589484 0.5482499607755863 0.6559044582376224 0.5600620082026272 0.6542491299553012 0.5688278324824966 0.6526668434213644 0.583209601728358 0.6499436912287765 0.5915887864442302 0.6468232501108416 0.5928117706921147 0.6438210394862222 0.5954851486776415 0.6423848364490548 0.6011909554079868 0.6407005983682872 0.6045075564444633 0.6322741239894861 0.6020836665956515 0.6267752332944309 0.5986169123257846 0.6198301506977284 0.5768850283827534 0.626944942614683
0 0.47969790989544697 0.671703697753507 0.4766370997496785 0.6783250615707432 0.47709152243107233 0.690823155676919 0.4820985322029352 0.6987908734389565 0.49235613342750517 0.699299574378118 0.5100749971643108 0.6900932665905689 0.5277177935391157 0.681605324520352 0.5395444279647538 0.6734016741691792 0.5415067997819343 0.6679958029514678 0.544388282697118 0.6590995262964312 0.5439121776668894 0.6547430864525159 0.5409349265314815 0.6556910946769777 0.539498723494314 0.6509384227027079 0.534076692757504 0.6478058791303077 0.5300979604080991 0.6478326753387686 0.5162127896469341 0.6568555861591115 0.5079715489545886 0.6617259602292008
0 0.5483812057469979 0.6558860657011523 0.5443126116332394 0.6564562343317296 0.5445057332661769 0.6589061404647455 0.5398758899193403 0.6742398555723158 0.5446070116441496 0.678707707430045 0.5510652077498994 0.6815181174154678 0.5744819902705686 0.6789442191046272 0.5904662879780742 0.6763503430648273 0.5991284560912374 0.6751364356577917 0.6082056451693478 0.6690873540611183 0.6070189302688952 0.6573995883546256 0.6044503973444414 0.6483824392187917 0.5987378915619807 0.6482983518109348 0.5949806622464632 0.6444017253787755 0.5919963157608176 0.6469430657966462 0.5828572500211814 0.6505238487238335 0.569352812368143 0.6525932732754834
0 0.28707939990102826 0.8190503597758797 0.2849818572542187 0.8254897926032475 0.289747139313409 0.8427240568236248 0.30666792060766634 0.8387496256976609 0.3351471870982652 0.8339569852861368 0.3599230235382034 0.8304849248300205 0.3570969466866512 0.822597922900686 0.3560029483974537 0.8112618490705499 0.35061981993680114 0.8141537953222614 0.34171063575427085 0.818074269457039 0.31518248688028294 0.8196543370728051
0 0.35841357497635545 0.8037097609211137 0.352696530220874 0.807450086906201 0.3528316413331416 0.8117062728089328 0.35598211603471697 0.8109975734818572 0.35729515337817075 0.8225701464170371 0.3615509402868746 0.825714474985756 0.37958715072410787 0.8282636041261618 0.40462369094377576 0.8255565939524748 0.4236307009669116 0.8226257759334848 0.4232563169286928 0.8127920261845579 0.4119900833017069 0.8122333045593567 0.391773599257759 0.8099897167390888 0.38008000294914995 0.806551740121917 0.3655698482337944 0.802974083098445
0 0.4323238385503945 0.7930848569313701 0.4265544136425504 0.7987028885209551 0.4246026975348977 0.8069922504691713 0.4269270022076439 0.823767005727258 0.4341041078278195 0.8232956034932818 0.4500755203899527 0.8199886059629478 0.4676224695483945 0.8137888641928467 0.4794005922900339 0.8081303648598718 0.48449206767237274 0.801538560366463 0.49115848115997834 0.7971308007857457 0.49493572221677995 0.7891200016620742 0.491900723246819 0.7836670329982715 0.4824284667793561 0.7855288553908055 0.4733948869114474 0.7827868868409683 0.45576460830205884 0.7879295262562988
0 0.49549222442764673 0.7875526002145034 0.5115892296572419 0.7807544670638668 0.5238526926510768 0.7732991215324393 0.5340321213505508 0.7683077819977103 0.5393274020786897 0.766107377529154 0.5457167497706052 0.7669943832465783 0.5483163794012625 0.7706809883192438 0.5513037804762424 0.7735857403182758 0.5510412812233876 0.7880510574932228 0.5470557165392189 0.7934191007299672 0.5347347553843419 0.80236001306185 0.5107195994298139 0.8129397379290196 0.4923697065694467 0.8165800532631408 0.4814998863254998 0.8159657786706415 0.4796856752942818 0.8082041699117548 0.48459977634783785 0.8019044174906877 0.4909114411778778 0.7980807620546534
0 0.27562747048253733 0.8008827903950685 0.28189447813189517 0.8219145295439425 0.2858276626637011 0.8184241919116954 0.31551640317511187 0.8188059573394293 0.341533261425488 0.8183663215293805 0.3507971942655839 0.8138617432499197 0.3524560603128393 0.8120261013649234 0.35249832352935445 0.80747786338985 0.35414707264076234 0.8029716891342779 0.3511227890976907 0.7951124636885921 0.33007121507114967 0.7975282197779934 0.3088214343530891 0.7999717523510436 0.2973254462449577 0.8015827884026815 0.2860068324656092 0.8029017723819779 0.2809373864280906 0.7996042741591619
0 0.2870318076769997 0.7803137521607081 0.2786964112062912 0.7838866212558462 0.27786072273265633 0.7936227543179739 0.2809582187908273 0.7998685497478547 0.28638241348591154 0.8025819438259872 0.2971272395534383 0.8016105648863304 0.3084250209700501 0.8000273053183413 0.3520304931043414 0.7939164789155768 0.3542744607813496 0.7842501860565992 0.35556905972623365 0.7752513267932516 0.34814196575321765 0.7725514219629156 0.3423630224005678 0.7704221320294663
0 0.3595433104924712 0.7773663294908486 0.35328342732375206 0.7843890684748439 0.3516132473585657 0.793707756294182 0.3549607317695771 0.8031248587883749 0.3580171615933165 0.8037653138884115 0.36592459689136 0.8023899789537617 0.38008000294914995 0.806551740121917 0.39193014122380515 0.8094333890780545 0.41218828999322643 0.8122055280757078 0.42359023322352174 0.8119436464511821 0.4257705068302363 0.8116381051310438 0.4239872450976025 0.8068113043314256 0.4271906984425823 0.7991481102473936 0.42732700653693345 0.7932507178452081 0.41616493472363103 0.7940133741634702 0.4107312215837411 0.7835526585623032 0.3874898555056798 0.7785266344488083
0 0.47984805679621606 0.7702766909365502 0.4740614144281726 0.7790007082272602 0.4744166329209907 0.7835069458293275 0.482308422556428 0.785518273648905 0.4919982230101748 0.7829614029041511 0.4948154185852403 0.7890409447311848 0.4958362146640317 0.7860204066351614 0.51186444948887 0.7794579989883426 0.5442585161359064 0.7614900652384039 0.5422089188916123 0.7560223241575722 0.5398692695863467 0.7491564882896188 0.518148945158897 0.7565165795694327
0 0.5319320834439015 0.7351620023969453 0.53659429766632 0.7349882252453545 0.5388217727106956 0.740431038712655 0.53983187816605 0.7486821474894012 0.5176153117586522 0.7565913624100261 0.4859803012483307 0.7682183724624178 0.474867478393931 0.7709746641154207 0.4674356135328356 0.7588276861965553 0.47098462734041135 0.7513764094821846 0.4779314779523408 0.7482447713399617 0.4940430378118287 0.7495837697373268 0.5222326665814079 0.7398783343562098
0 0.41237682054218683 0.7744566524353775 0.4110371231761837 0.7825574793878104 0.41610048950577316 0.7943170050822536 0.432858394133741 0.7924481502105484 0.45624478519377165 0.7879718532239003 0.47396739877008587 0.7823709490558456 0.4739679358774311 0.7778148562267161 0.47938920623656445 0.7713001553775785 0.4744182442430262 0.7698386673419387 0.46706116222252403 0.7586403710235087 0.41966073104413115 0.7710379886659835
0 0.4776804286337014 0.7336527388656688 0.48118082329019835 0.7415548610529799 0.47935450035299365 0.7480453504317129 0.47773490444211086 0.7480325285533841 0.4707693581200332 0.7509269962954983 0.46690198013259077 0.7589024690371486 0.4150546039521577 0.7719232770179009 0.41310810166735196 0.765481926723103 0.4109089387418713 0.7581168224414007 0.41239820178906095 0.7519133586898384 0.41508560160777863 0.7472205220578513 0.41686491671593984 0.7424151530934108 0.42319373467828447 0.7405690774058563 0.4546968010028774 0.7363940602109621
0 0.4127764128507887 0.720208024058978 0.41197034888503037 0.7282340681708175 0.4083561686456081 0.7325772020702424 0.4112107556409702 0.7391310846974938 0.42353079456829934 0.7402820517786853 0.4550525566030406 0.7363442049839 0.47817667061364966 0.7331036152248581 0.4795911508202461 0.7259514698728605 0.47796354982265205 0.7144298307216532 0.46135521087587084 0.7181960487942286 0.43646193527319244 0.719526453474071
0 0.48014401703798437 0.7215577646032466 0.4797690286203277 0.7259265422593294 0.4781296627846062 0.7347887356391508 0.48132130966998327 0.7410555926392312 0.48955870138949187 0.7497326192753865 0.4937059779218138 0.749870795364498 0.5224105443814896 0.7398534067426786 0.5320912655338349 0.7348999043833054 0.5361546799241619 0.7316927672573623 0.54233393220532 0.7279493283689374 0.5463978837029922 0.7201860984138646 0.548748223631695 0.7157802874090485 0.547644639625599 0.7063433266317581 0.5444716884503703 0.7003136400317866 0.5384521553664907 0.6992388880774424 0.5183508897425786 0.7111678940647147 0.48543280610404405 0.727051149440736
0 0.48267438319614936 0.6989026546683809 0.4812502865808062 0.7082142612348887 0.47744861213255557 0.7147417839623551 0.4800879299075394 0.72084625340292 0.4854515018141924 0.727288319840845 0.5185474632528086 0.7113801368512925 0.5396599085467653 0.6985900539825071 0.5469721311676047 0.6932490993987116 0.546674074019922 0.6803421873387113 0.5398874797126162 0.6740995418090351 0.5278660350403149 0.6812993939587143 0.509712345915899 0.6905575645825254 0.4922514722816611 0.6994788543521034
0 0.34691087932841813 0.7516250893366839 0.3421049940248898 0.7707017719788004 0.37009454350733106 0.7780841622447161 0.3872459932646511 0.7780467000924687 0.4109145923637862 0.7831426939601797 0.41275296477701084 0.7739463736620599 0.41095853216003975 0.7586865828224186 0.3692968995915341 0.7529572816141313 0.34889214680906533 0.7492442147291679
0 0.27182833749320956 0.7521567766277707 0.27429919441831796 0.7759975639918305 0.2784350765681317 0.7809389229172846 0.3418689759639932 0.7702090418584574 0.34689038162211094 0.7513650591389743 0.3429495221205795 0.7463963699384442 0.33864965832030824 0.7393747694313128 0.3046231834024514 0.745457718558206
0 0.3511428288553452 0.7252675611586971 0.34791938907456543 0.729399928878005 0.33796210184392556 0.7381566092679933 0.34353459006542625 0.7463143791132154 0.3492616943993226 0.7489295239813055 0.39180590609249316 0.7558496550778364 0.41111255939570757 0.758139192151923 0.4136396660387706 0.7401705634038508 0.41096088766695105 0.7387056455958744 0.40832369358447373 0.7327655538766815 0.3783423333298678 0.730131640272745
0 0.2716157615222593 0.726947905171957 0.27334752326685313 0.7514180740317412 0.30503372640532306 0.7456630882057631 0.3370074863088215 0.7385532908410841 0.3490280318453373 0.7284558566344185 0.3450256792248843 0.7227070768407592 0.3420294808436672 0.7147140738149652 0.31507477109137516 0.7229608256867053
0 0.3465161795076145 0.7040950088749393 0.34298409637877125 0.7143173922418743 0.3446151362220126 0.7225017071932021 0.3511428288553452 0.7252675611586971 0.37851685827184284 0.7298442797999591 0.40789265287529486 0.7323001540314147 0.412111703603793 0.7282911651344351 0.4129544650692992 0.7189714660139871 0.4089931078614606 0.713742746615747 0.3788577203711868 0.7116562236823064
0 0.4127822956342356 0.6992778892602288 0.4083670445039995 0.7133046770455566 0.4137755510750426 0.7193822053091012 0.43683917339975153 0.7193049254976952 0.4611859634372074 0.7179962129699167 0.47805044530622676 0.714318328049734 0.48149994873311347 0.7080510581985965 0.4829482758497736 0.6989093984506293 0.47679071968342623 0.6908336194306358 0.43358822588151413 0.6955734592339402 0.4152461425281935 0.6955148728389355
0 0.4097580006388329 0.6684162865580081 0.4065035198602285 0.6746562261340695 0.4063178627500081 0.6823064229679545 0.41081274919856153 0.6893006932000095 0.4152256448218863 0.6952548426412258 0.4347788594775148 0.6956695077811924 0.4704885018194728 0.6909280976399472 0.4775708102765552 0.6907242983303309 0.4771719883186567 0.6781608580150386 0.47980040573980004 0.6714828488687865 0.46926040607122477 0.6603405828574594 0.4497165569536581 0.6675487842763018
0 0.2699659906028943 0.7035178571030113 0.2716567569348737 0.7274679655673761 0.3148387530304786 0.7224680955663624 0.3437231915592859 0.71368801074615 0.3461466319173572 0.7044096996228014 0.34163124776249654 0.6971553991930367 0.33928161044504773 0.6898604959351428 0.29760825683156894 0.6964892653945908 0.2753551772210858 0.6993448865555744
0 0.34481545876084535 0.6775172681584015 0.3418385803324798 0.6797747639435893 0.34029771909907336 0.6902439049551811 0.3416722431751109 0.697675459588456 0.34630065915302505 0.7038623089523058 0.37858070689767576 0.710643433166544 0.4081720218557172 0.7133320073206328 0.4125257798670317 0.698525128942176 0.4152461425281935 0.6955148728389355 0.41087424231748315 0.6900807837931385 0.40688243298854765 0.6819644019450161 0.37444776913150124 0.6807259027079097
0 0.2690248627429469 0.6765707650884588 0.2709745003490415 0.6812926966443325 0.26966906829980386 0.6972498020829033 0.27453409121534245 0.6989341472604599 0.2973927364769795 0.6962565654719574 0.3402157282738446 0.6892037841643425 0.34207459839337645 0.6802674940639323 0.3445999384062559 0.677284568235768 0.33516799263172475 0.6701934642874905 0.32944088829782836 0.6675783194194 0.2947268569035888 0.6724431083829737 0.2725458137035448 0.6737112180826231
0 0.2677332460502758 0.6470296559923306 0.2684552652563452 0.6561890611516548 0.2678925744970557 0.6703184636666059 0.27482401376666404 0.6731790663638 0.29626780494889604 0.671770608469603 0.3303040014864409 0.666042818709489 0.33436868479686577 0.6629185531156869 0.3351177470262825 0.6541916533587798 0.3376864516872188 0.6503190408053425 0.34309773036311775 0.6460480728278671 0.3372141198909549 0.6382506690603829 0.3004228472223466 0.6424485686158902 0.28077451652741336 0.6423280899985225
0 0.3455810829494998 0.6259015594296256 0.3425009124968419 0.6324004932968169 0.3456536287821621 0.6450512305747292 0.36678513188469175 0.6487958264520309 0.38487377908246606 0.6512473895260872 0.4027888871399308 0.6532891335497985 0.4128268610740392 0.6464948836259164 0.41756519970209194 0.6397635757613696 0.41609483353638743 0.633263688201136 0.4069069776855452 0.6291226442858803 0.4062340376376989 0.6266623043988088 0.37264742149176033 0.625940477873215 0.35237594517698567 0.6239913424832121
0 0.3450674713484334 0.6467300272168292 0.3370007053974805 0.6507344712185702 0.3346937791184601 0.654889729043889 0.33350794273932916 0.6671904747862044 0.3364621965824118 0.6712470974485559 0.3452758789534365 0.6767179001633569 0.3748227090029526 0.6808798338399707 0.40575383787383723 0.68133513638983 0.4065526945312587 0.673239919747359 0.4094706754580102 0.6677217068371583 0.4068159034527379 0.6613878007036076 0.40190471486623164 0.6537734533519951 0.3665482507167782 0.6488290227373675
0 0.4184878271597438 0.6393149490628053 0.4128268610740392 0.6464948836259164 0.4066800416803972 0.6505495989021833 0.40377486699553766 0.6531920415120848 0.4073394602165698 0.6619530912473707 0.4104182001296644 0.6675889216958121 0.4495028775656195 0.668178916773102 0.46966338932205576 0.6596056919188988 0.4705490285935948 0.6556496118055993 0.47815412318083106 0.6549031722320485 0.4763721842052058 0.6474889562854974 0.4776319969565624 0.6422031173726525 0.47325717137578 0.6322782902645038 0.4426874097428209 0.6333689992153985 0.4227516881821878 0.6387174159267478
0 0.26953228288648273 0.6151638086916837 0.26701265738376967 0.6257354865173735 0.2676471787059399 0.6368231373053427 0.27816882368036433 0.6426932491372243 0.2840410584501984 0.641231658889375 0.3016072530619143 0.6422825871892075 0.33740120663086365 0.63758578966061 0.3404429583578455 0.6397141666943164 0.3424134146129427 0.6343287389254618 0.342277552840602 0.6234905371240377 0.3397849703612361 0.6161759100334961 0.30446549439789544 0.6147389328336039 0.2719636952355151 0.6125877586524555
0 0.34315253167959386 0.604208080837588 0.33949829476531773 0.6155774232043966 0.34298819634434263 0.6233909482680281 0.3461046397133316 0.6264668499733886 0.35284970751281286 0.6239249499125391 0.3730713893995826 0.6252424021881057 0.4076304274311778 0.6261472851295714 0.4155108219120036 0.6167403383697866 0.41142267192713955 0.6074139980907376 0.40915416437379515 0.6029419450151586 0.3989056734836155 0.6066134724704924 0.36645366874923996 0.60509398140378 0.34784036060986023 0.6029124720164214
0 0.26961882777693813 0.5842506810582674 0.2657709242313776 0.5932258474172077 0.2685626921772176 0.6029577219993688 0.27646594725670476 0.613323025999257 0.30903213500650645 0.6155079737176264 0.3398596671049262 0.6148996418375245 0.3432204778708131 0.6029558031354227 0.3397431665680492 0.5973692439384801 0.3349609187438545 0.5977019862691816 0.33065374298295497 0.5912194124216866 0.3029096443380612 0.5859966430307003 0.27952609510378973 0.5815125387042553 0.2713845481663393 0.580966301774663
0 0.33661013859637856 0.5768872090865328 0.33135206288257274 0.5904466765766281 0.3352638491416032 0.5983344079184879 0.3399145524072802 0.5963329150921756 0.3436947941077928 0.6025518959384243 0.3477524131206662 0.6026581393536593 0.36614324323711445 0.6048049852178282 0.3989334346495542 0.6066211042881373 0.39944759216724707 0.6035121177492233 0.4043749169189693 0.6018092964730952 0.40900006709925835 0.5930626445664627 0.40633984371193616 0.5849995204799128 0.40539196706429237 0.5793959258927116 0.40109756784608686 0.5762859315853767 0.380730546046609 0.5747534642118347 0.36439483434830106 0.5729934901544057
0 0.40993592303052384 0.588882250632306 0.41106796206009255 0.5968220959133625 0.40943378622920934 0.6017752256925779 0.4123578545598827 0.6067644417891521 0.4366772597254197 0.6070681521814404 0.4581379909263844 0.6064227262155587 0.4754095585559579 0.604002306338831 0.47753082716651485 0.6020178489027773 0.4739745891286403 0.5954300394084685 0.4631863511728773 0.5837818489512882 0.43944649789113427 0.5844092317584902
0 0.4157434625848419 0.6079771711485681 0.41314787773730516 0.6103655357816201 0.41595317805215476 0.6170585809227435 0.4070727141080578 0.6264015681613232 0.4073094943133898 0.6294053190534229 0.41593813403051394 0.6329202283261768 0.4184405039476148 0.6389808518179939 0.4428132827628745 0.6335406534273288 0.47331157555184195 0.6319661497987983 0.4763025499012477 0.6281726276713814 0.4750788075938743 0.6158589525527983 0.47034993341940223 0.6104477861005462 0.46595029855438247 0.6060027913967226
0 0.26954292434709 0.5576037948361096 0.26742089991021734 0.5659996612533611 0.26960680706055984 0.5744666925369097 0.28411064817705 0.5818823751207365 0.3306274340712514 0.5908856623225646 0.3358065830499465 0.5763249445351026 0.33197447935234237 0.5630270545094116 0.30188510843425365 0.5601575712025393 0.279252496923007 0.5555682312292799
0 0.268043316379987 0.5385800391861446 0.2626935373883766 0.5477656768387135 0.263496337108493 0.5547393503713415 0.26827782910637216 0.5608180170218379 0.27001724058406973 0.5571998876391112 0.2722174359297374 0.5562166805004242 0.28000343464603195 0.5554629955824657 0.30216172992029877 0.5604562427527234 0.3306702986572271 0.5625349470558577 0.32545508752939695 0.5477436992792462 0.2928490584988821 0.5482638309027924
0 0.4087136923757817 0.5637457575513274 0.4053664139789044 0.5726507668123916 0.40252051655702603 0.5750742099943816 0.4056159707269304 0.5790270972446513 0.40734109400930274 0.5848592062841604 0.41035762144409643 0.5878108432370633 0.43891956383074743 0.5841456387572442 0.4631337333494702 0.5831143487530437 0.4692472266067995 0.5771960549938208 0.4733717516384053 0.5685195601850646 0.4694990508337724 0.5643381584824869 0.4414512659648143 0.5648943764233921
0 0.4553928666980982 0.5362830914607016 0.46307287394126284 0.5406058151274524 0.4675251266296897 0.5457183100295203 0.46643066140188727 0.5543076123501419 0.46494080667221566 0.5643020721651281 0.44142495705311074 0.56456062632427 0.4087663101991888 0.5644132577495717 0.4037608145386715 0.5587034197471356 0.3974376058140293 0.5555403037321832 0.39909809055661616 0.5509209240520901 0.4004294324313496 0.5409066514510938 0.40650553096323566 0.5381553869506398 0.4342876837182894 0.5382284392741341
0 0.3316452400428901 0.5620608827609832 0.33605689562428814 0.5762898659861645 0.36459252909923556 0.5722909114072232 0.380730546046609 0.5747534642118347 0.4015981929947701 0.5762157744875006 0.4053927228906079 0.5729845169115136 0.40854230653655066 0.564782086397632 0.4034841930526263 0.5584047481969515 0.3976616094766674 0.555171475084123 0.36352664026208353 0.5619797368833733
0 0.33114763819946924 0.536485403934068 0.32620602525242187 0.547638463632432 0.33114461489420677 0.5621310398588594 0.3640272654107668 0.5619095797854973 0.3966077413558937 0.5546442890816309 0.39909809055661616 0.5509209240520901 0.40003470231419724 0.5403291211367355 0.3969926217940156 0.5306323251035125 0.3917368135591568 0.5249575656500144 0.36580954147444 0.5299407351360638
0 0.26433149235083797 0.510755502153509 0.2636587255366081 0.5182733970788876 0.26000851674198205 0.5265459846906454 0.2657123323021171 0.531483086848023 0.26799069855657986 0.5379125389879003 0.2938766177079522 0.5484572668061621 0.32542877861769337 0.5474099491801239 0.3322352056502233 0.5347362815329181 0.33031928539396493 0.5227665713211201 0.3209126432157967 0.525434556577256 0.3016130219061022 0.5213904457651682 0.2850668389141657 0.5169604709147616
0 0.33917344042635833 0.5130898339834181 0.3310439142052862 0.5223275855751837 0.33262320473381557 0.5359411825413175 0.36631016662312327 0.5298705780381875 0.39243513345877457 0.5241848298049558 0.3998520515849036 0.5251700524804847 0.4052544483999212 0.5166519150261603 0.4018695962012776 0.5090277766855466 0.3935566634245962 0.5095178686022589 0.3871943692455565 0.5026484229480243 0.3533495538860274 0.5067165268564209
0 0.40517552166481047 0.5156506647287936 0.3998520515849036 0.5251700524804847 0.39671600030797044 0.5303336535533285 0.40028501488853896 0.5402940425877975 0.4066615972629039 0.5377132498197964 0.43503862144131433 0.5381232036273198 0.45584087402337437 0.5355454341645812 0.45809368719244914 0.5352297272241385 0.4596752451999253 0.5296090972466787 0.46978020727771136 0.5261683761454842 0.4702289704293031 0.5190193098681658 0.4661856396117549 0.5094628280306951 0.46224678861470536 0.5076527555709109 0.43176127236843187 0.5125998387396014
0 0.2670542530168577 0.4867007192377581 0.261613580683416 0.4938693129842721 0.2605802910271805 0.507426980040254 0.2645582200068603 0.5102727808492916 0.32177619609969665 0.5256767740958298 0.330796111994912 0.5220104284769196 0.33841751155992167 0.5139356538891244 0.3349015982002656 0.5036180032912274 0.3247650130093379 0.49883258251443335 0.30212291843243955 0.4953992871047206
0 0.33690529572133854 0.47951436112248547 0.3323873093957863 0.4831503868724953 0.32503080328794215 0.4983949509687227 0.3345733745409826 0.5032636162530885 0.33964478450398 0.5123623212253512 0.3541829660477661 0.5063211156168103 0.3870490611515433 0.5023158705113601 0.38944920203692573 0.49657433365940956 0.39319300583906014 0.49645006477901116 0.40270525722319994 0.49331529971730914 0.40151054620163906 0.48387351009179264 0.3937259316284266 0.4841636701063754 0.38994377957944704 0.4780873615812606 0.3772665783966096 0.4772614358427554 0.35302171377014147 0.4782567826478612
0 0.40204925831535326 0.4888028151139598 0.4032992711610871 0.4932320552097374 0.39350562115317345 0.49660644717118774 0.3904806980502838 0.4982315087117137 0.38987820732373274 0.5039213166869114 0.3935430725785799 0.5104144456308439 0.40257056844102035 0.5087489575984504 0.4049145106807911 0.5156273913303818 0.4321218650294701 0.5122149644009005 0.4624009675165478 0.5077714898687805 0.4621610560146546 0.4875857204845416 0.4611924417926947 0.48291685348901575 0.4574878830588442 0.48163427872078435 0.4294051161485041 0.4853695770575856 0.40731734203048964 0.48706359131600235
0 0.39221995052491054 0.46315436650746794 0.38973284271429637 0.4773161541243039 0.3940385469425399 0.484320052498552 0.40144811282096027 0.4830814915079431 0.4024011186977505 0.48755235385750656 0.4073329503756593 0.48726159596196467 0.45478360364801235 0.4816128697129323 0.46000531073835904 0.47547592145001616 0.4610461803618197 0.4639191119805512 0.45861661642897533 0.45404979743229096 0.45406786182380315 0.4534861033633044 0.42253026970232765 0.45910690126727277
0 0.2588059429184574 0.46054288898756957 0.2589554423797523 0.46767333426891544 0.2567738380822874 0.48186927350002434 0.2658525292958738 0.4884360251829912 0.2667118727016835 0.4862526949868033 0.3018903564006368 0.4954880832718194 0.3250423450742901 0.4987073489401615 0.33261498153819974 0.48224312065400615 0.3286479203665974 0.47509755719484253 0.31549371039753094 0.47047721301303236 0.3040790162256522 0.4669883633194432 0.26931319627955874 0.4642964333569477 0.2635787347976499 0.46482500125023324
0 0.3171642998041827 0.4641919171002576 0.3159609109891894 0.46986163261515684 0.328943252277094 0.4749186428362046 0.3333024562628476 0.4804964564970559 0.33661544251617265 0.4793445437524127 0.3521650914818625 0.4777155391848343 0.3897555600571945 0.4769860351602013 0.3919693319735912 0.4631981685292796 0.3900260879231695 0.45948221423987284 0.3857796246271067 0.4540261280595588 0.3779297423667545 0.4538884609429111 0.35018662889413527 0.4539256008934384 0.3371123759021083 0.4542450180724504 0.33429844981251355 0.45780247625964127 0.32144385485975646 0.4622169161600506
0 0.2604563194332603 0.4435333317137256 0.25981111877346863 0.4510501991513978 0.2588059429184574 0.46054288898756957 0.2630686440474159 0.46489648484785917 0.2694152144296056 0.46428213663742257 0.3040897387652961 0.46712438751950563 0.30950190796416877 0.4677412001048202 0.31743818663539153 0.4637409543414948 0.33429844981251355 0.45780247625964127 0.3371071686557162 0.4528704793523011 0.3379453750290978 0.44780204751575226 0.3277392769186045 0.4400180210274132 0.32553317662347775 0.43427600045659553 0.3211895943769004 0.43282180295619205 0.2648862980907082 0.44084961633415626
0 0.33103848971391175 0.4190641726809059 0.3284074628919826 0.4197079357886855 0.32721510466349285 0.422900622263411 0.32435798036846286 0.4285270368905884 0.32574793546321523 0.43438343121760753 0.327954035758342 0.44012545178842527 0.3387507976898284 0.44755164955948845 0.3379288291493424 0.4515175910760128 0.35493307649450767 0.45394807279559196 0.37781700167706384 0.4537667334623739 0.3857477650550347 0.4510050022191354 0.3970309806821787 0.44489942094203644 0.4002914003795508 0.43614039867701654 0.39919273015431816 0.4311324256695701 0.39489735044702406 0.42352219927291795 0.3842694748666664 0.42201505323305494
0 0.26149950516335196 0.40924993853819114 0.2560483010011722 0.40978497389685514 0.2569319296523677 0.41881677645173016 0.25745761481398177 0.43201877586013876 0.26399793188317267 0.4409445283709141 0.29082513827729883 0.4371849910210886 0.3219328476200193 0.4332833700212971 0.32493608661755347 0.4278269008152367 0.3301471401003844 0.4177121048861896 0.3274044611542153 0.4112297360873458 0.32663657453975253 0.4058439669106851 0.32137300872824676 0.40658159765653695 0.3199973359522206 0.40219656635013773 0.30149913868844247 0.4027288673441354 0.2820714162771776 0.40453588521614864
0 0.3947044739063711 0.4047739617686778 0.3952220051554768 0.411339269662599 0.3837735022974869 0.4207259395468057 0.39601589158758954 0.4235881202811238 0.3998130170172364 0.43038050169358805 0.4050403783250841 0.4335390887935158 0.4238159561586191 0.4299923351230562 0.4448702194046421 0.42704181213964887 0.4478729457088014 0.4259343406341212 0.45038567866162965 0.41207764957493814 0.44797340530726726 0.40760899558229485 0.4469021383053977 0.3983745976402322 0.41578524966341907 0.40433752252660177
0 0.40519232486547496 0.43328890432595046 0.40042895709130827 0.4360164553378141 0.396674651997703 0.445011540695656 0.38531589135879596 0.45118116251621293 0.386003727746809 0.4533736781694125 0.3922401517352182 0.46279979961531853 0.422704383106092 0.45944613663103523 0.4509169542688775 0.4536613290004982 0.45279436316236754 0.44698928747131084 0.45382280982819545 0.4404362186430674 0.4524384704462859 0.4337634935227135 0.45171545494136456 0.4267692003142279 0.4455493891867719 0.4269466339788938 0.4239322108887268 0.42928937080073765
0 0.4559959697549273 0.4062432222206244 0.45046496362032057 0.41260389309614043 0.44816057824845335 0.4258853295644089 0.4524084948313199 0.42663056558157114 0.4543520260423193 0.4406572380670019 0.4583038102333827 0.4376457920810753 0.47621225507022225 0.4331253188083381 0.5180911970061441 0.4265861792292663 0.519173211037514 0.42330663254951273 0.5162173440049809 0.4134434319210329 0.5151368313077942 0.4039876884060522 0.502418960665519 0.4042060006618035 0.4795648162579968 0.4076321796085613
0 0.5517019434209879 0.777205901835186 0.5809585704373842 0.7696289471874471 0.6053657575762063 0.7621321121047758 0.6061234709445583 0.767181420480053 0.6019094166583544 0.7776033800633848 0.6006303460734969 0.7876140340234535 0.5938426775515008 0.7904835741520366 0.5493112579815901 0.8061958825999973 0.5395148971323445 0.799415861093149 0.547365561357802 0.7929203930615049 0.5513216096916126 0.7872105029276537
0 0.5525373937203316 0.7581453812506856 0.5853841599542834 0.751623945739798 0.6050818564879711 0.7482640546375748 0.6062644944316885 0.7621260592371746 0.5802283635269094 0.7694914872414627 0.5525913324213958 0.7770812637675305 0.551454359538359 0.7729243708264618 0.5458116823985293 0.7666570063234263 0.5387581692574457 0.7650528931711541 0.5516895553278155 0.7595138605557533 0.544593519497805 0.7611769508672209
0 0.6668216319677106 0.7659917974624008 0.6677532787857149 0.7836450367706486 0.6242921699619002 0.790962101166515 0.6054797080879938 0.7929852259313609 0.6005243002226827 0.7884671788258562 0.6025546253336044 0.7777576653130468 0.6064404118435143 0.7672480551767836 0.6087511172424892 0.7644712974378071 0.6354218807285672 0.7673259542838494
0 0.6113992536738191 0.7426369841944105 0.605832182683856 0.7478630976823469 0.6063034674956156 0.7611349018169004 0.6130846259706323 0.764017312558318 0.6363555879255677 0.7675017227393705 0.6667738199876592 0.7653852633244177 0.6753988302631506 0.7654030320990981 0.6748978346621086 0.7502956882239112 0.6758561346421336 0.7449489001308486 0.6684769830199745 0.7373977244734288 0.6636824254925879 0.7392960977967991 0.6236457109829401 0.7404608523090714
0 0.5413049573314619 0.7329897333037833 0.5387722630335007 0.7402435501765569 0.5395673089001054 0.7488707243161338 0.5441986123140719 0.7609463132254027 0.5525845626893062 0.7579314113101674 0.5857506429595905 0.7512905386433649 0.5983338622727098 0.7484401506805528 0.6070421823521497 0.7398747901961203 0.6071384931052514 0.735262034854511 0.6076418924817889 0.7299789960681835 0.6058711322373889 0.7221017920067444 0.6032855079531182 0.7213909784523178 0.6018791423583607 0.7195950530973944 0.5834372233298531 0.7263188174316099 0.5767332442276708 0.7287913923775967 0.5735370213673397 0.7329568747349047 0.559435404463074 0.7375256462409934 0.5474454286855429 0.7379549412804328
0 0.5508845231667178 0.7086509704610324 0.5489983207889491 0.7153542627702159 0.5420057528239614 0.7287521919322423 0.5407008159885635 0.7297016075249271 0.5422147585384366 0.7328622346903128 0.548229551746633 0.7376917464591504 0.5563757554286113 0.7374699974715745 0.5661604469342745 0.7349628398388787 0.573117601993298 0.7325175657092577 0.5765717070967475 0.7282007955662971 0.5829345107463143 0.7257760326003618 0.6014901549256938 0.7190363309394625 0.608739197188709 0.7132678904822773 0.6120379133569913 0.7069798843908713 0.6069151635615 0.7003389678024255 0.6051385985178432 0.6909294910693445 0.5750782695131389 0.703420780136747
0 0.6120140073669655 0.7066766173218797 0.6086732840178884 0.7138903619469444 0.6028189977511174 0.7183901824157694 0.6061344415241712 0.7225248179568641 0.6122506634917271 0.7300996706733102 0.6281721846137858 0.7278684449375764 0.6542391501534647 0.724522064195975 0.6684011772331374 0.7203910915508733 0.6724594236794854 0.7193624471867688 0.6718443595310721 0.7071839524470537 0.6718754439063521 0.6973678449525359 0.6644115911296049 0.6974939699800089 0.6442880442245447 0.7018471494746854 0.6264212425426516 0.7041976762295481
0 0.6123524356475861 0.7299320998121304 0.6076299394867761 0.7298273625336877 0.6069284572012779 0.739890727522804 0.6028195109745441 0.7452189511534716 0.5998710062549679 0.7451723927231342 0.6013490898198025 0.7478781192850324 0.6058202296888431 0.7477114641478511 0.6116806641513703 0.7418310045418801 0.6238851142796966 0.7405806111901997 0.6638859698043059 0.7389609560744398 0.665592190463883 0.735808984365395 0.6650481574925482 0.7303661144502301 0.663492894554879 0.7223054022009275 0.6544785534502211 0.724641823077103 0.6283098157546834 0.7281557746798842
0 0.5505512749845342 0.6812085215714611 0.5466655395191141 0.6837071773720611 0.5471166975205374 0.6934145165225116 0.5426858952439441 0.6969666138275293 0.5443966484311589 0.7000767782680349 0.5504172449636313 0.7087244630109487 0.5752399890027002 0.7035708751478196 0.6056383944730281 0.6907965249959894 0.6082760426193539 0.689728990247605 0.6086528984453784 0.6825576243048314 0.610288098878898 0.6793972997915786 0.6082558406871261 0.6761926112492654 0.6045942923174701 0.6722391933739074 0.5994878322991155 0.675188079239299 0.5906759809563347 0.6762833836161845
0 0.6145223894704608 0.6786643311402285 0.6084840621710815 0.6817438079362083 0.6080798435788974 0.6898960648664062 0.6051315730055635 0.6910071299249866 0.6069069963689241 0.7002497289072468 0.6132767733166875 0.7053589927296775 0.6269985729927926 0.704133931141068 0.6448293572963597 0.7019143021804998 0.6652707396246671 0.6969559754241049 0.6718158883915109 0.6936658936991281 0.672933384780017 0.6905781197028685 0.6713976907673087 0.6817206637498218 0.6714424716558011 0.6716646652583705 0.6688107337651109 0.6688231461604568 0.6627291888001094 0.6686983512735556 0.6511817461130618 0.6696187006907924 0.6325114401153498 0.6744684101014132
0 0.604804798497628 0.6314762598810487 0.6013442230651949 0.6409343125436396 0.5950182055019902 0.6431464044781804 0.5952130958018028 0.6446485969235879 0.5984889930310224 0.6483701607665043 0.605248630639242 0.6487484423280545 0.6064902080311858 0.6528570606235682 0.6086678570740286 0.6523479532173609 0.6243770489949361 0.6498405822447152 0.6357111819157907 0.6471305920202309 0.6491993421406935 0.6416715319284155 0.6581925075026572 0.6403092719595459 0.6618911274919508 0.6377516122277898 0.6607256465175034 0.6297575859522158 0.6578479367251066 0.6252664519137044 0.656765588628669 0.621237486331963 0.6158402337418372 0.6298277982932731
0 0.6065299582560338 0.6533613247920239 0.6068400100098487 0.6572945853059778 0.6083075926931414 0.6691210192618148 0.6049712707402504 0.6714239730263913 0.6059861576525033 0.673626987541733 0.6125899699974162 0.6788195527064828 0.6325908596442524 0.6744871442518935 0.6514094546422456 0.6697086196945495 0.6595190230320122 0.6668387149862168 0.6700576946636775 0.6579182493127204 0.6662223470466135 0.6383682428743523 0.6624126548238596 0.6375765589743823 0.6581248179223586 0.6404207248531965 0.6489565231749492 0.6415016264409117 0.6355599026652541 0.6471517921401498 0.6245362782904423 0.6499202349584873
