0 0.2519875873528355 0.0773086660939412 0.24562615291509726 0.10104097483520295 0.2457380364721149 0.1143488196171012 0.27212502498761043 0.12961384659522523 0.3014368136820599 0.14220879969631506 0.32089389120305006 0.1523444334075963 0.3416250673659237 0.150198100990348 0.35660615221566627 0.15289675257927562 0.3529262319026325 0.14149846047378123 0.3444327539035925 0.11245900267775966 0.3050210536377285 0.09466355399466024 0.28083563861956223 0.08230793309268947 0.28083563861956223 0.08230793309268947
0 0.35619242578375676 0.08959386860987843 0.34475079997813696 0.11681834884000757 0.3586886977280045 0.15045648499739603 0.3806387314526808 0.16997420466501786 0.4105866122962191 0.19128785009060334 0.4324709447722795 0.20122922866431328 0.44377925373696164 0.18457141702388147 0.4372083410411349 0.16577169395361682 0.3941310093181838 0.12066161091729273
0 0.449989766737254 0.1358415886888701 0.4442325309961495 0.1486447438189112 0.43812344138433973 0.16716005762850897 0.4446215084035773 0.18434161072872682 0.4757758722966774 0.2135162997093918 0.5064469798218405 0.2292504651817896 0.530394338870025 0.23090673876769421 0.5398386393521365 0.2215437046192825 0.5446345924416344 0.20362068212636297 0.5328839793331495 0.18880829429285814 0.509666991394563 0.17361436962990073 0.4903165673463229 0.15502540104686177 0.47267017157152835 0.1418216572794392
0 0.5654405286248031 0.17337316890164048 0.547316106566339 0.1684900812796067 0.541187498014315 0.18116055768327885 0.5399862450490208 0.1950606937818552 0.553089032560246 0.2209704651105332 0.5786604297773134 0.2343519646658725 0.6075741822926559 0.24892757275853272 0.6322376235944918 0.25296253751511477 0.6388175950619978 0.2340847386839934 0.6389775752711229 0.22140473637635685 0.5937838902396727 0.188806425763717
0 0.5515306956399789 0.2188215802350104 0.5419745116008498 0.214876769601524 0.5408799121083057 0.22032357082834267 0.538790222167994 0.23072200953408742 0.5341275859194337 0.23807836343730981 0.5360306322824326 0.24247326075714107 0.5376013437149406 0.25842515416245454 0.5687966598321749 0.26957016717744986 0.6015503128696763 0.2828640650679681 0.6184611074506052 0.2878442802587875 0.6273935738528863 0.296873407097569 0.6315053381411879 0.2962195393696885 0.635148134917499 0.2662088058858106 0.6064600638598976 0.24852953657942578
0 0.6389899497833638 0.2352077449061476 0.6320652688731259 0.2518395312929606 0.6250748867142721 0.25889497658586164 0.6364346080716234 0.26772984828707186 0.6339130741560439 0.29018044682619154 0.6527073961597578 0.2937107219309165 0.6813031026005559 0.30392698386132894 0.7003692883704125 0.30808510144031553 0.7242776095381684 0.2980517002143688 0.7255393336678111 0.27196672555604845 0.6799404680292807 0.24930724105884414 0.6557550530111143 0.2369516201568734
0 0.24162627218381333 0.11500268734498165 0.2366117820645477 0.1280711999277607 0.2346873024176287 0.14755081597952482 0.23549574928808353 0.15739251452617467 0.2498726354411922 0.17102031972632306 0.27903158835448993 0.1883371040111843 0.3043577851736022 0.19897742737432267 0.3153266147798199 0.2018347829432382 0.31738964135194403 0.19354967795543288 0.32574648676948464 0.1816752739099747 0.33107187853532133 0.18092427861330862 0.34431512731545744 0.1883092102284243 0.33697480562960425 0.17135746342336114 0.3279961569189214 0.15859683289659343 0.3219085005910317 0.15323763333459586 0.30312132301529116 0.14174918710600584 0.2700691428434596 0.12994078045916554
0 0.3587348800364062 0.15418798868538222 0.3425668310773161 0.14947313094730075 0.3290907564114656 0.1531500316697747 0.32928263007304576 0.16011787529785457 0.3385331425498713 0.17350634829888392 0.3458734642357245 0.1904580951039471 0.38419056500904436 0.21370034501386517 0.40879353514653183 0.22992014833019128 0.4271169752945495 0.23381290845643984 0.4275488192698173 0.22176074862306486 0.4302160445385752 0.20254649002403877 0.4112298488732813 0.19204837129123395 0.3802406952735738 0.17195485965658827 0.3656186087225099 0.15558587826423884
0 0.44362641795580987 0.18929324820765292 0.4340097627523324 0.1975332761339104 0.4297575371951199 0.21671198357535315 0.4287091200109774 0.22589028849015813 0.4381053238409814 0.24251510143128108 0.4568463191083202 0.2502720439718849 0.4691478041770639 0.25838194563004785 0.4859857530814037 0.2617439908508205 0.4954690914439436 0.2640706315142601 0.5125789041144261 0.26806051920929436 0.516384996840424 0.2768503138489567 0.5247880245663664 0.2687074134914848 0.5314336972824882 0.25940595575427533 0.5363877162374054 0.2585222817312402 0.5357321051481024 0.24395875200081887 0.5328144493971219 0.23867065475398805 0.5063474707770637 0.2297456289296822 0.4743898900977763 0.2124904210560232 0.4482819097763968 0.18989506542829562
0 0.5374023256253871 0.25941548165823974 0.5303924245263192 0.26062608954521516 0.5249603792877324 0.269830419713639 0.518115688482057 0.2801222049466337 0.5162907178799148 0.29910665725050517 0.512536037546586 0.31580954595248484 0.5135630214468085 0.33050575440927515 0.5192669304515379 0.32192926671511296 0.5237305486105448 0.31556324030767574 0.5321140573962729 0.3015755025442782 0.5353107213413696 0.29953327114150546 0.542638668514982 0.30268200941677786 0.5600398638918214 0.3131445769919994 0.5712272305278068 0.32085644247105544 0.5808100779351233 0.32268791938660246 0.5956916537400891 0.3258817347234227 0.6052745011474058 0.32771321163896966 0.6155005851317846 0.33030520975514727 0.623333221957254 0.3230199581670916 0.6275516397183056 0.3139127555674534 0.6287262293154124 0.30212595318681634 0.6171479709282934 0.28843657157546576 0.6008075672478373 0.28259870761523004 0.5690685235983175 0.27019800965171153
0 0.6345563107331061 0.2909409680268221 0.6319762199968841 0.29585705434816484 0.6285272112258589 0.30311628068260155 0.6269812488178328 0.31477040433686965 0.6507295897764638 0.3174170054185595 0.6749416681628175 0.32765929260259075 0.6938816815197099 0.33442590764740937 0.7064088480461945 0.3394321480918477 0.7068211730812483 0.3215351508525471 0.7084399811658636 0.31149919716832597 0.7021533067484205 0.30713032510211363 0.6823177119885375 0.3048201837883285 0.6529792599259004 0.29433856440517814
0 0.6272531125839754 0.3153982468111312 0.6231342038677006 0.3240102856628768 0.6158452945745165 0.3325512221994557 0.6292147157676169 0.33732765634873935 0.6302488440958127 0.3440656936816646 0.6299093647373484 0.3635808608910121 0.6529611423825421 0.3696936082079502 0.6837655667486429 0.3748611050906509 0.7009020427873127 0.37673765906774576 0.7120503715428699 0.3727598497349504 0.7157660139957702 0.34436728622111934 0.6744707863071214 0.3280217776241144 0.6512004716321599 0.3170545203970358
0 0.5343422942617897 0.30237157490249217 0.5146771398795669 0.33090379058838215 0.5147747345806377 0.3601279776180104 0.5200060418268813 0.35079972920622277 0.526592598869096 0.34276652768587806 0.5403747095095985 0.3416767926778895 0.5809005282082209 0.3598702775400959 0.6077388796391985 0.3689279820907707 0.6233098743296281 0.3766138223162077 0.6290671100707327 0.36381066718616667 0.6296855976233131 0.33696517132721576 0.6142602942860619 0.33251567104187224 0.6042332283912366 0.3289333454299095 0.596606754083294 0.3272700983983149 0.5700864487268609 0.32257174000988786 0.559668491080902 0.3130118982656304 0.542811023236348 0.3038050156389321
0 0.22392272098523203 0.1654643125684799 0.2150540414878609 0.1957308776011312 0.2279187730291043 0.21094130161374305 0.256507335041929 0.2291157346680206 0.2786563868561588 0.24764312683985723 0.29430022722317767 0.25694713703534117 0.3054485559787347 0.2529693277025458 0.32127189549509283 0.2554381729963188 0.333859533185926 0.24825957488101325 0.3349950849026043 0.224783097688525 0.32772046446536707 0.21740769197737367 0.31651357888916754 0.20385098909239205 0.2774465880660354 0.18830155285360098 0.24875851700843382 0.17062228354721612
0 0.630353583224857 0.36533170958742783 0.6533325151934616 0.3698262869343192 0.7028317525184993 0.3790192226696374 0.7194902022734998 0.38921643279212087 0.7216579679746682 0.4021973437100789 0.7198596607407134 0.41906846229601086 0.7100439874476824 0.4282988177180536 0.6934512389412978 0.427677948689482 0.6753801436192088 0.41856819363156944 0.6464130643674911 0.40821925297478795 0.6286066883835715 0.407695511515002 0.6295094142145355 0.3952808666601035 0.6239797742748778 0.3752610097988989
0 0.5395324548429828 0.34190659897304404 0.5265592915140815 0.34540646259255 0.5153184621129232 0.3613836625665337 0.5095078996354436 0.3784134851324536 0.5291639952459873 0.3875587913479497 0.5622623577262207 0.40309870168277623 0.5963558106542213 0.41368697453867664 0.6056134675590202 0.4191172764158409 0.6262522791050905 0.40950793662262014 0.6292108870802053 0.3967663579037813 0.6232103652848514 0.37710898606410037 0.6088529980719568 0.36932601826987765 0.5808010191634442 0.3603654412879884
0 0.6265508062394207 0.4080224453789423 0.6465125734122679 0.40772408922689535 0.6768656348628865 0.4190989085370454 0.6927084933194588 0.42741259123674397 0.7093740875024327 0.4296516302353624 0.714240971924814 0.44306612849001065 0.7104401092830835 0.4560375135040042 0.6908763782893432 0.45435521466448053 0.6545546884958259 0.4429708694503662 0.6385856576262892 0.4372656842164995 0.6289299645423834 0.4338160373309057 0.61286142462807 0.42860601584493163 0.6060310226783414 0.4229814588301961 0.6067275859917786 0.41951531259494784
0 0.3306009966796251 0.1812867636348322 0.3470870917132597 0.1903609675351615 0.3857755652974989 0.2137358961714486 0.4081502985694697 0.22915962712956064 0.42309043119507805 0.24988795468415784 0.42191584159797124 0.26167475706479487 0.42487967965735357 0.2706943579996119 0.4222000798763548 0.27610560806884726 0.4138237155186 0.2821351747083797 0.40361715047443536 0.28538801399812774 0.3878933200028539 0.28242400495646214 0.36700407797456097 0.26753098890382615 0.3338861965541135 0.24614624116307385 0.33645391277809467 0.2274271463119404 0.32829085536584 0.21655004320795745 0.3175281882771491 0.2047441890193916 0.3152342501630165 0.19437177556726573 0.32500374114764574 0.1814099164572367
0 0.411963535723441 0.229991250645358 0.42803207563775436 0.23520127213133202 0.4367460050102678 0.23937588905997306 0.4570186738296861 0.25139505019403907 0.4686769223213677 0.2587444306515715 0.5110934128707483 0.2675298043038184 0.5172734338154414 0.2803520112417883 0.5155746356262634 0.2967279660798277 0.5130069194022823 0.31544706093096114 0.499431335691655 0.31961912540132775 0.4766852296087648 0.3040627157168468 0.45153853193899185 0.28658722745199766 0.43854048355681086 0.28194347202908293 0.42438213443346984 0.2731701767390749 0.422187705364114 0.26230259953905644 0.4228185674289353 0.2492601122098963
0 0.21745617099722503 0.20157248877974931 0.20762507640550215 0.2163546779269018 0.20634834950322872 0.23708165370700748 0.21828282457069464 0.25675132652404664 0.2396082750843218 0.2764060320738993 0.25677661088160814 0.2969827147607114 0.27301332556940694 0.30422783691886374 0.2884376199844928 0.3155156173901678 0.3002947881663771 0.32119607828235436 0.30378460751399705 0.31281418593661925 0.3156370312622959 0.29875414814298945 0.31595621298786425 0.29357240419796304 0.3116315224667516 0.28095435366708665 0.3018198709254418 0.2740789485414349 0.30185053942624485 0.26494265486351226 0.27845538478804444 0.24839998913411274 0.25863383739984985 0.23024544489289603 0.22712917865134719 0.21273126933639383
0 0.3332489593715818 0.25064421539633336 0.3221251679936099 0.2538915810428935 0.3059061597730054 0.2519485613886881 0.30068352449357494 0.2635628521137967 0.3025839162301574 0.27387048140225895 0.31398973981609013 0.28179686357952977 0.3157998626334823 0.29255367712500885 0.333516292962715 0.303216056178785 0.3831226452012104 0.32767877817400803 0.39772329389319333 0.3304879163635823 0.40361322454134474 0.32633354084724925 0.4113504275244958 0.3165804871075378 0.41135690854130014 0.3093612890166031 0.4080605890656698 0.3024064166664349 0.4067920797634196 0.28895449757885466 0.3886661987894281 0.2839230467271218 0.36688940367984935 0.2665142624623535 0.3414487324010743 0.25116654096641916
0 0.4263268505100677 0.276194795310424 0.4135605121194756 0.28222537507934087 0.40935502243513744 0.28698154339027615 0.4081266705008614 0.30387432799640596 0.41370864487383435 0.31742299701998095 0.43356086076283196 0.326441247583275 0.4539482091501672 0.3399835906954027 0.46937250356525306 0.35127137116670665 0.4901451151133483 0.36109988166377893 0.509101122827247 0.3673907767063069 0.5130533512488696 0.35596650309495903 0.5157149414121399 0.33268323035708774 0.49795661713171424 0.3186358443863527 0.4773887309059983 0.3059918697882588 0.4541983015901772 0.28663373995783764 0.43773267409600036 0.2841211774876949
0 0.5292111834402068 0.38949987068041986 0.5103035506943054 0.3793747844639161 0.5013816263112902 0.38244593294996515 0.4893970396926081 0.39357014808365287 0.495364277226341 0.4034049844921725 0.5039121638989862 0.4165689692160604 0.5255390896709875 0.4257398283169398 0.5463600761870799 0.43173414764003626 0.5603111359775363 0.43238547312478176 0.5700986000348475 0.44117797383742147 0.5828826448926339 0.4404494965724514 0.6056830666141093 0.4437809603321116 0.6031507924431945 0.4366176208427674 0.6060812918084781 0.4256287315351866 0.6038198243951343 0.4171178392747919 0.5632127034252357 0.40357318071837245
0 0.6123918985517781 0.428364728411692 0.6059910228892879 0.4260779157922035 0.6033313302815752 0.43571925232873365 0.6063568429996347 0.4440216774499525 0.6069032009483621 0.46106707059366764 0.656203333494898 0.4762731403520475 0.6819873739832399 0.48452202231596747 0.7005645995531831 0.487307551882616 0.7038626556120324 0.467302727456033 0.7036467048392632 0.45759689096217304 0.6921441313173358 0.4573388911328538 0.6545931915662997 0.44296036401973043 0.6282256436116227 0.4340215806809528
0 0.20813483818231504 0.24893764544041608 0.20004563472999842 0.2537376747590338 0.19553372677161268 0.27112460654770887 0.2023015988537809 0.29204681985944586 0.2198435267407663 0.3037844402907397 0.23615057138067236 0.3154909923139484 0.2532603273718994 0.3265796168508015 0.2681376717234312 0.3318947800568184 0.2864514947416398 0.34205651336413795 0.2963490276629589 0.34514020698650283 0.30014913025015283 0.32116601121630944 0.2887764440503948 0.3152935245106897 0.27365073994243805 0.3044613791249159 0.25592454241720874 0.2981284187092362 0.23998557955487998 0.27614922038509704 0.21836554729419771 0.2571162689205086
0 0.3172726970222917 0.29335709874506255 0.30448531579427063 0.31140632321753764 0.3019862757601782 0.32046529714447874 0.3153263768941649 0.3216124217223015 0.33378710628561836 0.332731348252531 0.36938031816333117 0.35313760145264506 0.39830956902004133 0.366187153218003 0.40175822677869955 0.3574674450276161 0.4057551465862631 0.34939596631696146 0.4034606450074616 0.3422432594411861 0.4010192370554152 0.33413335934250066 0.3831234066619088 0.32864450357087954
0 0.4109123121196741 0.3186689333942998 0.4042361720066901 0.32487851025123315 0.3993744509086992 0.3321886709033043 0.4044102627320274 0.34258252517774035 0.4124872870923627 0.35134877415081206 0.4266240100316796 0.3586611103881239 0.4510762585170179 0.37373001778349896 0.46746811959106244 0.38501451748467846 0.4887156122171072 0.3957719956796315 0.5018816226257564 0.3792151053309471 0.50984055665387 0.3784397240682957 0.509830009250819 0.3666747436435747 0.4693978027701477 0.35177735322856324 0.4331548754603493 0.32616308159187013
0 0.3158444821708111 0.3224289314295611 0.30308374559783535 0.32077934609815917 0.29685910341179955 0.3481342609069816 0.29710096928192553 0.3559790359210973 0.3394353382582874 0.3841958895928494 0.38962260274699 0.41133913028163177 0.3927251323757711 0.40856837502899257 0.39716707554800457 0.40094227044141006 0.4097525030920546 0.39622555260183256 0.4068026700741476 0.38013984723720046 0.3987322701863558 0.37143779756448386 0.39810236947805433 0.36733357338567574
0 0.4126880004113578 0.3526637079805446 0.4063319936195448 0.3499080276732731 0.400805558059634 0.3556919870742186 0.3987566316810308 0.36950690992291335 0.40825083580532556 0.3801723292301004 0.41120066882323253 0.3962580345947324 0.4301355755162709 0.40156813183027434 0.45958262188008114 0.41790732171650397 0.49817325431033466 0.43217932456796176 0.5038880541848203 0.41821939880229975 0.49505463990632653 0.4024561812645023 0.4901046034991662 0.3963236234654239 0.4687766800124976 0.38482470796876983 0.4511146300217113 0.3731807895551483 0.4270965732391121 0.3587811908342553
0 0.6059852529776523 0.4440274633476404 0.6063537048873541 0.46210031681587665 0.6034199566446742 0.47850851000734335 0.5790673665794506 0.4838702035005901 0.5312000344003533 0.4687084439976316 0.5048246285278246 0.4588005212681812 0.5000564287924146 0.4517631318722342 0.499778895218588 0.4332378626055637 0.5049303512259723 0.41665218450422975 0.5257614876867398 0.4270038195083483 0.5453750180774296 0.4325563656395573 0.5602869055739096 0.43254999421795565 0.5705506517317309 0.44300544662237556 0.583111717781106 0.4402196164243686
0 0.6063537048873541 0.46210031681587665 0.6048015655346519 0.4770625201571069 0.5956336179735338 0.4810605948334494 0.5989649581867915 0.5006768841306217 0.6416516942976284 0.5144726927145115 0.7035038967626036 0.5288119916539334 0.7055480445750056 0.49511455214326544 0.681117591459556 0.4863863918992506 0.6561903513182052 0.4765109511627002
0 0.59810449781739 0.5013392668318232 0.5799861070706046 0.5191110788401943 0.5844328288090392 0.5313674909145851 0.5945390997897853 0.5407968872743029 0.6270464804358513 0.5509559624231865 0.6636499647625005 0.5606388433045019 0.6783556540925552 0.5634681911213393 0.684900025198943 0.5580479050638943 0.6931587894013096 0.5585739883718945 0.6962630681067141 0.528649581689434 0.6554969232582815 0.5179644232325503 0.6104106427109899 0.5052509311553964
0 0.5048911853690249 0.46027899311131754 0.49839553725198693 0.46183750388562134 0.493680839072128 0.4708208558685066 0.48648220576276374 0.47406780538871396 0.4866997101382148 0.4838434680444002 0.49130390705372484 0.49712593616349315 0.5152619346379484 0.5027759282734019 0.5557796859734305 0.5128874464840177 0.5724059665658893 0.5188274444278612 0.5801013869011546 0.5167277754001894 0.5983528913303404 0.501912907078091 0.5959729298223594 0.48118181928128284 0.5775282825123975 0.4842901373061245 0.5316302645850541 0.46837725264703084
0 0.19776167132632144 0.2906698231537188 0.19227707621486134 0.30119199437830607 0.18832700102785133 0.3152579875687254 0.20072857700714802 0.333668067659149 0.22056716245134428 0.3467468931904086 0.24607084637752413 0.3558584818731266 0.2749060445278093 0.36516177568380787 0.28833243469118847 0.3579761996866739 0.2951826875643867 0.3574279685206394 0.2950523508273418 0.3468968358901005 0.2673404992269808 0.33200369354765386 0.2539709967515441 0.32772649549228794 0.23904189103491824 0.3218935745983366 0.23765114995644065 0.3139077336670306
0 0.2976282462970341 0.35830168250391375 0.28690988924150773 0.35946503368062094 0.2790299020308791 0.3651372926674404 0.27819903332624774 0.38231473153503065 0.29277205245517457 0.39550941194366346 0.29248449476322974 0.4043934498746112 0.3163533254980021 0.41791361310048397 0.35828883069405465 0.4458766195682385 0.3767868416932521 0.4469934059136988 0.39035701070260365 0.4353658109510909 0.38726960859142817 0.4227796903486669 0.3863720118921584 0.4104766467352119 0.3351406950902603 0.38218815745021734
0 0.4125009778357066 0.3978439613015408 0.39807665770610023 0.4006788901942067 0.39352818471957696 0.4065428543089893 0.3885367339873247 0.4127478228514276 0.3899892829070928 0.42974251799700625 0.39226597947702835 0.43704635007300124 0.43157542256991 0.457580708181436 0.4619702239613846 0.46843972483070256 0.4856585513256334 0.4754049536805298 0.49531044951917813 0.4683686769830882 0.5007332367893477 0.4488376515442283 0.5006530666857816 0.4343303206591959 0.46073178368445916 0.4205670850711373 0.43069306888068365 0.4023463089071892
0 0.19942472708670034 0.3327029818148689 0.185680775761289 0.33028906660342483 0.1824043483240103 0.34659279148774064 0.1744925567421784 0.3617397253998133 0.1845672695180608 0.3768221716687353 0.20983356238577444 0.39084160002790763 0.2351249385702276 0.4028729292598332 0.25634262388508966 0.4109525432536329 0.2716278161894148 0.40942370463290273 0.2823394521904773 0.4157469292542018 0.29201643370076136 0.4067225534295135 0.29347078352164524 0.39575904451031324 0.2784547866469894 0.382905368529336 0.2799843864180915 0.36597756222839556 0.24597723416503048 0.35632430258410713 0.22037993802635691 0.34767853461236947
0 0.30023906539016154 0.4086616865240254 0.2934138958337027 0.40722181856281314 0.28313179546944156 0.4155307411098712 0.27337464385559146 0.41004778604952713 0.2625626745875715 0.41167695793721487 0.2658623844404737 0.4213433379904312 0.28749124312986163 0.4385566224818284 0.28253651692216053 0.4557585443657861 0.2972416736892479 0.45152615334017887 0.31273245268083594 0.4545641499682475 0.3685306047315329 0.48248715180921903 0.3713573333686188 0.474011007150565 0.3791437083667537 0.46880456887472605 0.37172014101078177 0.4591626718378771 0.37121535542376227 0.45049482205125996 0.360291411680973 0.4470913379791684
0 0.3906127640233453 0.4359564479453963 0.37757918497221643 0.4467772177693681 0.37158980427373695 0.44863153920733817 0.3722818142857438 0.45636774757199444 0.3811462893536721 0.4700192872856559 0.43580273259216934 0.4980336609876331 0.4603017654976581 0.5102811783638893 0.47528103784776277 0.5121379010033472 0.4827749350006049 0.4953438723916836 0.4824390115762972 0.4802459045123459 0.4808359627560929 0.47517980413024735 0.4618080828531366 0.46738326712541683 0.4310639159284267 0.45639943419282525
0 0.48797197242012014 0.4937057390980441 0.47978606525527107 0.5027635593450516 0.4775828177344378 0.5174536339520955 0.4794098155041805 0.5325850462537525 0.5213336794924214 0.547563000252741 0.5606247603230274 0.562598881690416 0.5809381278841559 0.565862027868767 0.5880024894001967 0.5344358520887458 0.5813712653231891 0.5245777669075663 0.5579203290174064 0.5127046983812847 0.5172250649993951 0.5046561276083166 0.4928380065686755 0.49744126619183965
0 0.5930055813402607 0.5412159360150738 0.58456392085467 0.5496831192677759 0.581661942267366 0.5641235613081701 0.5751359716106637 0.5667847078847762 0.5759399560974399 0.5795535722092116 0.5950430859506143 0.581385811832302 0.625070159546578 0.5866215355274841 0.6457512549032174 0.5955079746599196 0.6587713918454186 0.5996603564319606 0.6702319255464305 0.6022570153654162 0.6877069232626614 0.601011253733655 0.6899988628426404 0.5653837301488581 0.6774651492251831 0.5644007214926746 0.6638148101122655 0.56152098557025 0.6272684869140635 0.5514598326536676
0 0.6898031164620735 0.6017601514336045 0.6856022081076696 0.635707135896491 0.6717395612530253 0.6357471405232741 0.6550569068157588 0.6367767140107047 0.6333711604384284 0.6310262035718073 0.5986903604356361 0.6191352122336221 0.5898876932089983 0.6144925267342334 0.5677840524026782 0.607094921595745 0.5671923756576287 0.5914063167221018 0.5713162331606985 0.5913818337057344 0.5763327672096901 0.5831887660360494 0.5954609803796039 0.5830329065318932 0.6252323006548259 0.5876779932327699 0.6461006204364528 0.5956327909432445 0.6603560784033473 0.5992279801432994 0.6698574766964558 0.604120298209338
0 0.17624671931223335 0.3733844205037528 0.16639640309814296 0.40474810802101957 0.17617721966729583 0.42006715774789877 0.21941809722558397 0.44320169071849347 0.25159932811758995 0.46179375747240714 0.26410011016041957 0.45916503642794165 0.2715174083885078 0.4641799219600278 0.28234155627910684 0.45444861193707115 0.28773586501185466 0.4386387620403472 0.2677742951723894 0.42322988964829555 0.2585695062246438 0.41166404492703706 0.23352445257043736 0.40389877911153715
0 0.3131866818646064 0.4554175184784764 0.2983738301927036 0.45189910136651945 0.2837747325122103 0.4561431065419848 0.2711036860465186 0.46403211320345883 0.26263722999959843 0.4598248697368727 0.26141780775790446 0.46589279741938133 0.2634784603244066 0.47549752306828613 0.2718855085158914 0.4844134223625621 0.31394462690364733 0.5023958732357603 0.37169549035927574 0.5283493847724239 0.38067273967478216 0.5167757713879845 0.3828087183836076 0.5039404774770794 0.3797800606379826 0.4969460920182002 0.3697775309339763 0.4827303018699589
0 0.16357354020048342 0.41438182671562296 0.15678158565973566 0.4503855717779242 0.16684352321917728 0.4598927060984758 0.1945332162047373 0.4721502207024412 0.22448353010737904 0.48639784742445835 0.2581870490156415 0.4996214250417515 0.2663506392879992 0.5031292299624498 0.27354039788384826 0.48500465738883786 0.2641950484409583 0.47634477037074324 0.2618315300998937 0.4660406061759503 0.22024554190956236 0.4434973082316314
0 0.2728455545515702 0.49066876403859655 0.27087984026560685 0.498243772332493 0.26923873653847974 0.5130295731244927 0.30385085277042967 0.5283514663794496 0.3349017732038947 0.5459484770743375 0.34747574874298937 0.5539881360204579 0.3603902531278082 0.5515072237325614 0.3752328087274287 0.5526713129306736 0.3835449186383747 0.5444074782821479 0.3816762752790084 0.5360538209684497 0.38039161868449334 0.522587686794312 0.3730475139526701 0.5282411812528119 0.31477207158762566 0.5026914907488982 0.2778696305108762 0.4877338132897345
0 0.38126681822913566 0.4696892131110886 0.37166209258023064 0.4733525954515367 0.37159472558135126 0.4869269331452866 0.3848773300935537 0.5046795212599242 0.41728027412041313 0.5221683284352 0.47062075230930467 0.5435899859464414 0.4772424424271904 0.5128465265011486 0.460744997459613 0.5110912022767606 0.4365867963448203 0.498912898146709
0 0.47610417282520545 0.5207171523081829 0.47186191933527233 0.5440334122161482 0.4721568259663908 0.5535985326280964 0.4853662369823281 0.5606827407521481 0.4914532564012957 0.5723171837560618 0.5037026213815542 0.5731460502040792 0.5269304803883859 0.5767146847442516 0.541632475492862 0.5807847316455274 0.5657392278956633 0.5888060097372084 0.5728022116371977 0.588964430685036 0.5752787191917472 0.5656085655401139 0.5629482015717797 0.5629770009675708 0.5221005462822738 0.5477923042779242 0.4782459780314166 0.5321245760816139
0 0.38360645913986835 0.5065904229040622 0.37994819241478645 0.5247942059515879 0.3853621132857497 0.5486041095574754 0.4117294866056329 0.5586154997672081 0.44510043581161524 0.573493966752458 0.4554434943613457 0.5771891856666821 0.46317161750744046 0.574037827878596 0.4792553401330286 0.575645343346415 0.4850554120643216 0.5688489840723204 0.48597196853145314 0.562081617843924 0.47069394580556967 0.5542583659370274 0.4710344746512939 0.5437377947030103 0.41987346473977516 0.5225035511852949
0 0.56706154756134 0.5910521341314411 0.5637872992505297 0.6117580538493804 0.5599746863894737 0.6174907587817942 0.5560888800321525 0.6125550837236219 0.5446372558081549 0.6143761627025873 0.4999987324418666 0.6114355248975699 0.480413221873229 0.6073944710419923 0.4765194563724639 0.6113244778498802 0.4618471651957055 0.6049001030347595 0.45613037855017974 0.5803907608829838 0.4633933306422939 0.5729345682999581 0.4803856505915695 0.576640399405441 0.4859937133157268 0.5685929717961394 0.4900200801681924 0.570622689151148 0.5041163437235434 0.5732938589606481 0.527868781639791 0.5764586724680704
0 0.15447769176046222 0.4610555569977528 0.15053843399830374 0.4695600770724149 0.14774404574130368 0.49086347127978036 0.15879174138878194 0.4987751853115466 0.21177693510713858 0.5236521005954496 0.25159052703766666 0.5363893448044437 0.2595303959338529 0.528322917294287 0.2724183420837262 0.5215286734569372 0.26807760591562374 0.5135351549293454 0.26697586253669336 0.5042208467405703 0.2240908983461557 0.48642155438013246 0.19579629313506053 0.471852518962885 0.1659717795993083 0.46119724654081046
0 0.28245721823967584 0.5196636837412345 0.27276513875274655 0.5216525719734729 0.2592765231522343 0.5277366232190576 0.2543649003898296 0.5373805329367297 0.25611043934562705 0.5508895996611983 0.2696039389218891 0.5651266500039541 0.2878845668576214 0.5795871943855933 0.30848162034345333 0.5899193772464371 0.33005103882953146 0.5991121704642709 0.3451740422527981 0.6015415348066093 0.3537692623365468 0.6105594399739362 0.3618634084920041 0.6109732295442535 0.36866996349372744 0.6029975020431836 0.3715506040031836 0.588663239723675 0.3701767605969935 0.5733045907644309 0.353630116006363 0.5594635389654704 0.3356033608522493 0.545589288659061 0.30370473893732053 0.5267590976912215
0 0.38340661944013743 0.5463131438552763 0.3752128777623326 0.5537932772902033 0.35791617043754187 0.551082917407344 0.3496112776266941 0.5535673997057255 0.3535371921189612 0.5599259345241643 0.37010873559017854 0.5717935055718135 0.37381723179210946 0.5884818397055017 0.3914358369053336 0.5932895788562077 0.4448176250538844 0.6143434311540243 0.45868949181469937 0.6192993718154544 0.46270344621861853 0.6048744094868589 0.4559053505110368 0.5776659805064874
0 0.46080184234435423 0.6106377547168073 0.47576389687340404 0.6120184294252223 0.5135282793053425 0.6146072743371401 0.5562225117453268 0.6130102562266254 0.5611505740941768 0.6365770222390835 0.5490673724153872 0.6486147142460505 0.5355423023235927 0.6437826721011564 0.5087824894129044 0.6456209752770762 0.4700706408613066 0.6421980392568571 0.4597845635586841 0.6360452074507797 0.45646599015200157 0.6229653377775558
0 0.3718725017916171 0.5907606189915215 0.3926620746871984 0.5927364832884273 0.44541829450452336 0.6150536237457896 0.45896826347690484 0.6179121851393728 0.456744761814207 0.6215781511014743 0.4599704113334877 0.635120416333392 0.4578829596844197 0.6418085526807281 0.44880977689377055 0.6499656801999711 0.4426287902232731 0.6566781195414954 0.41420969060924356 0.6519764878808033 0.3674419380526668 0.6313032266458548 0.350702774052287 0.6258184934108327 0.3428327178221116 0.6076433770787156 0.3450130933585813 0.6004928451726859 0.35342246566752644 0.6104355414574004 0.36177048460460226 0.6114356251029474 0.3690167601627478 0.6031214005597194
0 0.15539179970539307 0.4990472853388064 0.14962563471073087 0.5073947083894836 0.14995908810985997 0.5223816617991203 0.15841158654503307 0.5358089240277634 0.17603019165825723 0.5406166631784693 0.1979215079327688 0.55190683566415 0.21609098473545824 0.5613717289092434 0.23060664707314021 0.570522428106367 0.24908646605356755 0.5691951264775176 0.2626115361453621 0.5740271686224119 0.2690032694712501 0.5644164574121888 0.2550700493385659 0.5505179041115911 0.25591303596012793 0.5389248166367961 0.2504572131432037 0.5364800448135303 0.21140523955753132 0.5255016828302249
0 0.26840260002061117 0.5637062648204235 0.2628654089269806 0.5746134626976415 0.24901844104675258 0.5676840412849004 0.2415680904681623 0.5714650102502766 0.243238932782199 0.5908945192286785 0.27160156300010907 0.6069746398385433 0.3070361766120565 0.6285549011643575 0.3342223668092756 0.6412411558393805 0.3402108340700238 0.6428850350617944 0.35682061969171935 0.6379160704650316 0.35777475744632437 0.6313186341267822 0.3510495707213074 0.6259423919273684 0.3438731078291727 0.6080150726283229 0.34410875336515 0.603143320008313 0.3311843527239944 0.5990214704551843 0.3077880270054126 0.5896715802133655 0.2892717535337029 0.5800827884517362
0 0.4710181069809659 0.6430321303651582 0.45605605245191605 0.6416514556567432 0.44705089466808184 0.6513196683686036 0.4432045607933251 0.6593617928845719 0.4505668714602634 0.6763643210662297 0.46205428766416384 0.6839375380558379 0.4935945572993768 0.6897542563653517 0.5088602823712188 0.6877742636463742 0.5309441180554799 0.6907081175681166 0.5480367503598257 0.688885221873124 0.5582863731711659 0.6841219602887226 0.5606343692367981 0.6705885905700658 0.5566039752464337 0.651802877168531 0.5499468135282316 0.6479377201617345 0.5343160645417279 0.6443357676689367 0.509036362194523 0.6462072693523058
0 0.5688997112398095 0.6091142842579743 0.5989780975571803 0.6203558507552783 0.6336577644592177 0.6327457024088534 0.6541436668120068 0.6380822341331517 0.6734349018984636 0.6345668532273686 0.6676918481251923 0.6686934245616257 0.6437562063278408 0.6675759543672094 0.6176468606289652 0.6661774886322724 0.5972787810441649 0.6584050805979693 0.5859954398607093 0.655365119186213 0.5693060736215033 0.6459334244485687 0.5602213352201587 0.6412009778260219 0.559992361319127 0.6386412029994811 0.5558757150763064 0.6128863577100897 0.5603342740123974 0.6184439999276766 0.5637159884501451 0.6127138532051774
0 0.5663027263683087 0.642382461489742 0.5597500441482038 0.6509444830660416 0.5598545236463012 0.6633716616491375 0.5667588865111761 0.6752546401777142 0.5805809555108173 0.6841575423417664 0.5989180528426691 0.6872395977742327 0.6220173796534043 0.6925186279968937 0.6499718598304248 0.6995322374510549 0.65844995782201 0.699876103729485 0.6627878190657486 0.6916576414167634 0.6666514581181312 0.6683217290120185 0.6443568757784797 0.6682861469589746 0.6182475300796042 0.6668876812240377 0.598387196058041 0.6602878613401938 0.585648643191689 0.6552412206696773
0 0.6539724709644525 0.6999703300155605 0.6541698743499516 0.7119351130399627 0.6526266227554032 0.7307119309282366 0.6358558882394909 0.734632205891076 0.6106757814146334 0.7286097845692008 0.5960605235546039 0.7273530083773213 0.5756675450892168 0.7215540810943294 0.5659323394760594 0.7200584033826395 0.5514166771383775 0.7109077041855157 0.5514980454150837 0.6975557344850319 0.5537282187127273 0.6864582410763801 0.5595126109530306 0.6835688647209422 0.5610923170388614 0.6757081402231471 0.5659723692857336 0.6754692387033364 0.5794476416163543 0.684248242350853 0.6003981634061525 0.687272796281682 0.6227109729914451 0.6927664250299651
0 0.14395239360347056 0.5152797358814669 0.13145925422459548 0.5460035457676213 0.1400295754277573 0.5569949316862594 0.17513561961632562 0.5839093411907773 0.21276216437543827 0.6112286447523517 0.23296262343107604 0.6253838905992818 0.2375092222788192 0.6101580356698345 0.24573453447215654 0.593272894037046 0.24206249276150804 0.5875006532938367 0.23347394431270502 0.5710512206799592 0.21669165418609715 0.5620819215010088 0.19704206681992448 0.5525838297484661 0.17489687776379426 0.540707363187556 0.15857253543924982 0.5368576136616868
0 0.5525931171590684 0.7143015701203576 0.5659074405954725 0.7220318841339507 0.5754136723075982 0.7209677870190997 0.5969399646674483 0.7266760142930052 0.6116232475342928 0.7294438756775019 0.6366424054649334 0.7344176073654536 0.6363800733891732 0.7690154697716655 0.5894131297879014 0.7641300545472056 0.5482056795463461 0.7583287437186192 0.5368858838716082 0.7443726889163841 0.5348864721341923 0.7302773281166858 0.5495515277553955 0.7275871428059428
0 0.5496857901098295 0.7583619422260685 0.5444771684395782 0.7639349919245825 0.5317319439382804 0.7663198787006165 0.5329017123240257 0.7771452720820088 0.5427413974352804 0.7910681283767946 0.58216506657056 0.8001969081253245 0.6277448234957503 0.8045867292836414 0.6412401107312082 0.7910711505915065 0.6433342340152219 0.7769514867976198 0.636472997276575 0.7685530742129716 0.5887195364498606 0.7638822575141342
0 0.14053732099099442 0.5581675198367185 0.13051667208068596 0.5654905562476606 0.12330017937887722 0.5921524016279179 0.13880643396244652 0.605621757877271 0.16249975858887494 0.6190425081382477 0.18291096429990333 0.630299482116479 0.20586089782711725 0.6474193968470063 0.22930034967192708 0.6602538530327534 0.2399350113027659 0.6387779543204757 0.23968781015609308 0.6307601327986956 0.23252290287465388 0.6257223876414398 0.1738413568276459 0.5829513515659406
0 0.24531971279632125 0.591637910327893 0.237069501722397 0.6104965327119926 0.2344427339945594 0.625417089106731 0.24066017515633925 0.6296207431556856 0.24305618132394924 0.6398930409692974 0.2834637710701706 0.6607720052166073 0.3041288495628176 0.6726152732700682 0.33845504816088895 0.692312753853658 0.34726280255922404 0.6706797581173953 0.3415531069606813 0.6676486922189001 0.3368789173934499 0.6446682202816714 0.30643550716141754 0.6278447085725921
0 0.3569815685859361 0.6389647600989551 0.33731863794987205 0.6443297232395132 0.34095243751004234 0.6669384996271347 0.34890386201692414 0.6717616462587679 0.3753284338692875 0.6826890187081022 0.4437967709498225 0.6952561419577785 0.4541028631572821 0.6791143914242045 0.44329748468072694 0.658899397325878 0.4152500806163047 0.6523481834304107 0.3679745824964908 0.630502334045003
0 0.34744865033402766 0.6697549670000078 0.338430149280302 0.6942862346049691 0.3392215504814944 0.7143927376676871 0.35993642673531506 0.722289044218526 0.39369352639828004 0.7318713240124888 0.4123956476447934 0.7405353246567303 0.43075764385723203 0.7416438993378858 0.449001817301682 0.7451883503290461 0.4529726455793731 0.7272788220565222 0.44393770493920215 0.7185994139313534 0.4414487748841903 0.7087895116764354 0.4351019553437263 0.6941321597956959 0.37567523053830787 0.6828129172246379
0 0.45366314260085994 0.6794528884663625 0.4441435676188429 0.6953800404743143 0.43456931089990225 0.6949330523965477 0.4443774254956243 0.7182609168891952 0.4543598322554546 0.7277744161226654 0.48384422075713207 0.7308742625816537 0.5358588371344385 0.7291379384736758 0.5499912483118177 0.7272486457637847 0.5514415760189643 0.7089342234342048 0.5515296159306163 0.6881507262871706 0.5291172108229761 0.6905510205441318 0.5082596129205799 0.6870640710546088 0.4928080400739342 0.6899688548909739 0.4640421437908843 0.6851433247137462
0 0.45322651836099165 0.7278651161317519 0.4836583729823285 0.7317990536990413 0.5358588371344385 0.7291379384736758 0.5373256044280303 0.7440341918742259 0.5490602217786037 0.759625230385614 0.5457034062214429 0.7633818963568021 0.5317568428188673 0.7643463979493053 0.5251792617181756 0.774881900276916 0.4409921357394849 0.7794963216814761 0.4311159961369479 0.7546573719962114 0.4337858899910136 0.7432213815454015 0.4494415378581042 0.744849853286888
0 0.1341620272515518 0.6009889067770718 0.11931112385554488 0.6046038832052024 0.10928868728604052 0.6396795486510353 0.12211349240484864 0.6516953212094084 0.1924318479392783 0.6901986897666497 0.21837357310899147 0.6979799933142136 0.22481510419605322 0.6844223206013685 0.2331946936486617 0.6760173960490538 0.22896510861360225 0.6730195286580075 0.2294861974467307 0.6593290619153657 0.20507438060167466 0.6476339953726287 0.18221737096186252 0.6300516850834076 0.16240683470147316 0.6195049036969414
0 0.11783561908468765 0.6497865085146883 0.11107091838357491 0.6537382925938647 0.10667300147318393 0.6696806600952138 0.10554459418447887 0.685198966163837 0.12935863639172573 0.6974219083394386 0.17255691044337362 0.7181623142562749 0.2017691900930464 0.7312524311052574 0.21709498438552077 0.7361970951384933 0.22674544738515912 0.7178855623704313 0.21414543518208518 0.7112611519559463 0.2143782610677995 0.7001993196183564 0.1931371651688013 0.691018462245277 0.1931371651688013 0.691018462245277
0 0.23750479873328834 0.6782108861278205 0.2251161791320087 0.6843991567473408 0.218888061535208 0.6975647968989055 0.21458965366959382 0.713012000652362 0.2267721107533467 0.7157722286524919 0.24914684402531745 0.7311959596106039 0.31773701614469335 0.7721530299844903 0.32899914280097386 0.7517637146560722 0.330147069029893 0.7420902459933747 0.3197291113839341 0.7325304042491173 0.31684526342911434 0.7171708021604819
0 0.1084160676270578 0.6867555597226817 0.10201559530889115 0.6987981936520921 0.10210081549772121 0.7142193721519297 0.11975435570048909 0.719464944795487 0.15575085499148883 0.7344481149712188 0.20867766780363173 0.7602563377436956 0.21829432300710921 0.7520163098174381 0.22702968566354276 0.7323164133744836 0.2291727023402294 0.7176913072328602 0.21568233881843218 0.7372845502030643 0.20204105385918902 0.731880273579519
0 0.10858650800471792 0.7175979167223566 0.1007929090596768 0.7365728431222638 0.10183941190011347 0.7571138889849798 0.1511786690160261 0.7789868270279344 0.21270752764366485 0.7956618219471542 0.2209186817080271 0.7805510779616025 0.22093297056397376 0.7646347357138724 0.21697404205682397 0.7605667722579814 0.20949325910205985 0.7621398651664805 0.15575085499148883 0.7344481149712188
0 0.24837743503529103 0.7330439358758053 0.23535272328492252 0.7305135141708301 0.22955644966338967 0.7316269944890198 0.21566090553451217 0.7611590635746595 0.22286268029516032 0.766916299315764 0.25593437940720604 0.78456954336853 0.32146120442242293 0.817002176555492 0.3261771674073583 0.8054191552163906 0.32910911201428555 0.7947909102154913 0.3314440023525524 0.7871336477019475 0.31830026261719296 0.7792535523389393 0.31865211648789826 0.7735413936593826
0 0.22600601750388188 0.7691007353488702 0.21960554518571523 0.7811433692782807 0.21990930240431295 0.8014190576882587 0.2647459034807904 0.8179683473267992 0.3278064356605087 0.8389055608394812 0.32585720698910803 0.8307791598316637 0.32004855885533434 0.8180896316200629
0 0.3385910489799696 0.7159176696702332 0.31179887985739374 0.7105914688075446 0.23010400588308677 0.6734439778825011 0.22969359519173893 0.6616216243442808 0.23974209437048427 0.6413294365846485 0.2837097774121585 0.6602218662362831 0.304625682808639 0.6730015485709798 0.33878483698525563 0.6931661625207921
0 0.3185830994987207 0.7124845221342938 0.3402755583132009 0.7154580570799238 0.360701062913771 0.7227553870302185 0.3941512792647096 0.7325831386854884 0.41306462925341436 0.7414630874482464 0.4323031697446368 0.7467442112493873 0.4245486086800241 0.7774088124611457 0.33098932369650874 0.74186043969822 0.3197291113839341 0.7325304042491173
0 0.33207677876107955 0.7443718095952665 0.31872496216448754 0.7751595636294294 0.32015712667179025 0.7799169459707843 0.3328299845514535 0.788159526355316 0.4238891689033094 0.8222839842857662 0.43163658553994877 0.799577554197873 0.42951500214718213 0.7903281469679012 0.42397821777955114 0.7782664612305618
0 0.3299513666809012 0.7945611039203366 0.320492777342843 0.8198404803164787 0.3255853432229653 0.8301513173574021 0.3398165380228956 0.8405427826174569 0.42171043008675607 0.8766999460467151 0.42797235547971757 0.8534628010533462 0.42612978028106696 0.8368830651737708 0.4023228825017934 0.8167019518743039 0.33931567705845017 0.7915380709257432
0 0.4339200634855464 0.766427608342687 0.4252984987298363 0.7697159987900185 0.42410439019251545 0.7756579637647297 0.4329230586940731 0.8010985965991341 0.450974635075948 0.8043635142511212 0.4919127788096241 0.8046600018740268 0.5124982636193194 0.7992773295166847 0.5321224657774078 0.7887747897964644 0.532627155429265 0.7783407999331363 0.5319448809717744 0.7658906039206546 0.523886562688564 0.7762795167224347 0.44081616668389095 0.7816285064513343
0 0.43160992217176125 0.8016908879158123 0.42398867794808615 0.8217888205378735 0.40779396562080855 0.8191872965177315 0.4259307621915135 0.8378733926695561 0.4624852778707453 0.8381959055460807 0.49758096567448684 0.83587436979919 0.520746541220404 0.8255756111205054 0.5199380943499492 0.8157339125738554 0.51765130066379 0.7974033279978645 0.5139837548629972 0.7998080444221607 0.49022826947639275 0.8051196144643361 0.45330238098624154 0.8046644228614425
0 0.42612978028106696 0.8368830651737708 0.42858892868859216 0.856336655971916 0.42572268533028085 0.8765412420667272 0.4658380933375555 0.8829123733907133 0.5041766273947953 0.8822801099290363 0.5321167227462904 0.8779328421290273 0.5330461119454419 0.8634048635561893 0.5292124350947963 0.8577233118767724 0.5239100506412239 0.849374088004454 0.5174698871707448 0.8339578436770964 0.4979523384854062 0.8360070485255591
0 0.5323943295435506 0.789402632270726 0.5424213954383759 0.7929849578826889 0.6276790760844315 0.8064617164776727 0.6250508886961019 0.8373656498885501 0.5775275434106524 0.83418578144311 0.5214431045338412 0.8221094648852572 0.5185521121510482 0.8147080339204869 0.517823655385156 0.7985263342200187
0 0.521714968299984 0.8227373073595187 0.5171980234046021 0.8333300012028347 0.5251815816675174 0.8510422692085285 0.5350753307214052 0.8651912634101885 0.5764043662062149 0.871465267165389 0.6271438943769753 0.8784477416139821 0.6298036811983623 0.8570041303667798 0.6256941252731641 0.8381261710891806 0.5780979343111254 0.8333281326736937
0 0.5333179757115847 0.8640327060304509 0.5314734861692282 0.8771723209283966 0.5034338817729564 0.8820147524762983 0.5024583102654031 0.89281122736115 0.5130681415729423 0.9093389127334873 0.5563997324655277 0.9195126500606264 0.6151780599792842 0.9102613743015135 0.6159493833130165 0.8786940472587913
0 0.7254177159429783 0.27247793091153655 0.7619707439661311 0.29439264867289555 0.8240422160052552 0.3288680645276126 0.8185074793541691 0.35640928904543495 0.8050926036649028 0.36440800694016356 0.7780373243382706 0.35031429729053515 0.7352018981246367 0.3192674225567089 0.7176425928839362 0.34054477611914097 0.70697036838328 0.33673195753728175 0.7099107566673538 0.30924781480210667 0.7261291890822682 0.2983148985251466
0 0.7351343696507182 0.31776736718301585 0.7167448539123549 0.34317590442312135 0.712402687265457 0.372127146349412 0.7236844426419682 0.36189040819417917 0.7450897971803185 0.37839338345225393 0.7691142172226143 0.39288020114535804 0.793993564899506 0.40127675937846535 0.8059753221521349 0.40408149917783937 0.8123137775533622 0.40191822186499654 0.8177809857305298 0.37287694197348115 0.7780373243382706 0.35031429729053515
0 0.7251537494787106 0.3619233643767564 0.7114621369568901 0.37129914349737597 0.7175534209887878 0.38872662400776736 0.7341209670364668 0.3980894742582756 0.7522121025210461 0.4237399015063807 0.7772446013458272 0.44055477742521393 0.7842649644231199 0.44601477112863824 0.8061761329633015 0.436131720399248 0.8114588499187663 0.40800848132499334 0.8071003636824046 0.4039914612126147 0.7937415452038845 0.4006947448220331 0.7693662369182357 0.39346221570179035 0.7438049815652789 0.3774423864524159
0 0.7339611929516969 0.39704843929321293 0.7303587658021993 0.3947774628501312 0.7205957515362966 0.4011290056232946 0.7208773366951426 0.4199247167770699 0.7095955813186317 0.4301614549323029 0.7138980103442469 0.4454739093299916 0.7153854113810421 0.4509250724509087 0.7409466667339989 0.46694490170028313 0.7557006406384625 0.4761518016204122 0.7772971093353963 0.4843594533405631 0.7973386485216165 0.48561588656610377 0.8056950360984032 0.46055867060438976 0.784676758203511 0.4476378206501332 0.7779331319587728 0.4408007657208177 0.7522796309949645 0.4252399568800737
0 0.7133904395521378 0.4454920044845199 0.7108474578544858 0.455816950127424 0.7043511610800918 0.45786461674447326 0.704666652071979 0.463282022861109 0.7441217190683385 0.48705122260410955 0.7836081402106223 0.5083352984380517 0.7873683057833315 0.4884599080443044 0.7561594383233852 0.4760618907676119 0.7406448663721447 0.4670866202758444 0.7150160512936574 0.4513774716636241
0 0.7050020207958683 0.4627777571494615 0.7016743614806633 0.4874882777711189 0.6948583730553423 0.48879764814528653 0.6937352516180576 0.49089272116895466 0.7058617070886395 0.4946010050195226 0.7334828567784599 0.5132062311901412 0.7717677711186484 0.5427981898203975 0.7843664883107386 0.5394982602423092 0.7902444050784778 0.5125784517707265 0.7830115874686145 0.5078101299624547 0.7445584259848826 0.4872072429582657
0 0.7058773841616016 0.4933584430649934 0.7037187519393702 0.5297200823398821 0.6981857307767974 0.5293035278118224 0.6968985628550093 0.5357085625878036 0.7422063426648688 0.5606326131017455 0.7619824449298561 0.5751869109430247 0.7870659391442618 0.5819640953423065 0.7912127053187863 0.55317764349957 0.7848647779559338 0.5521579103188353 0.7716664329259935 0.5421379037545938
0 0.6964618559384651 0.5355525422336476 0.6930485355035673 0.5583602148349721 0.684224535393951 0.5580160696052707 0.6787572976190691 0.5654240349258272 0.6902600468607589 0.5664131643361026 0.6905472588025644 0.5871104620285295 0.7268325627765375 0.6056906853074088 0.7705189315039171 0.6200501587684925 0.7795708119530826 0.5936402168872771 0.7732312859083097 0.5832622639590345 0.762083783122511 0.5758471970088282 0.7418709739409796 0.5611368788133931
0 0.689455491511204 0.5867204111431391 0.6877974000605627 0.6007939454135803 0.6901992881015556 0.6016520573614391 0.688736597281342 0.6089305059705086 0.7183898370464994 0.6185884660429591 0.7357410984426492 0.6254115560979298 0.763748848734285 0.6351057208195594 0.7697028997404399 0.6369208576563044 0.77141109750581 0.6319144051890084 0.7695870100380202 0.620029256004543 0.7572965080829349 0.6206309339062882 0.737543358645792 0.6129497319034586
0 0.689274642390541 0.6097468123904685 0.6865435358173438 0.6349825014877227 0.6729115589667017 0.6376012422360581 0.673608324338167 0.6562605743179455 0.6841447228721933 0.646919157206597 0.7283649360497322 0.6667740469613945 0.7666666530260804 0.6776495660966347 0.7715174603269526 0.6756381041287645 0.7752378704356577 0.6676060573915836 0.7769942249831117 0.6413980415202133 0.7647507542469126 0.6382720335583708 0.7575879206837802 0.6366491217249611 0.7504136107067255 0.6315896619723266 0.7438901604454473 0.6314433426246803 0.7357410984426492 0.6254115560979298
0 0.6839691999737676 0.6477925710396853 0.6736511548980135 0.657211998328112 0.668121208831283 0.6695902114667852 0.6692516060234501 0.6756107962360959 0.6782270506404502 0.6856823093347462 0.7098412708710164 0.7007214708746531 0.7410187841850386 0.715604612060404 0.7630652077156372 0.7153679821523097 0.7688333849726416 0.6971461073624314 0.7694895709106554 0.6799062603531789 0.7505784811606766 0.67502222296772 0.7290314728384708 0.6704446254118536 0.7288016429662764 0.6669300673155507
0 0.666418188271928 0.6760230472400242 0.6629546147097104 0.6920428394565278 0.6583278549361486 0.7004836959611986 0.6632259800539759 0.7113506429985085 0.7104098945212386 0.7402553167731482 0.7482073856678035 0.7648297213961004 0.7553612053784036 0.7511051502335954 0.76046440130697 0.7366479617559225 0.7529661894207332 0.7277825624461561 0.740288545978897 0.7167411227706596 0.7101560623625309 0.7014173154972377 0.6777287491924086 0.6865760753720757 0.669563354730324 0.6761698839032518
0 0.6641820611596471 0.7126690409656167 0.6545917415289378 0.7154292959823171 0.6527394562597986 0.7307223152788386 0.6420545939527269 0.7340683509474792 0.6473310031165789 0.7466984843357958 0.6709006139711599 0.7606544260873765 0.6955931015753738 0.77631396384583 0.7180398356803218 0.7885663095905383 0.7426756551379946 0.799647094031366 0.751714477487394 0.7680363307976696 0.7489519783714119 0.7647701310519662 0.710015251790384 0.7397887168094761
0 0.6436004475064852 0.7385279235768364 0.6370495501331407 0.7407460211011433 0.6368117619527414 0.7686633293907956 0.6439316897929536 0.7757655423495552 0.6463234969549622 0.7857370682238819 0.6717366264859035 0.7941650895459058 0.6916159911921022 0.8058258102434879 0.7061164113290792 0.8175184653102449 0.7209994988084704 0.8260917572945262 0.7266553665190744 0.8222514656872546 0.7341232100371067 0.7972428150785005 0.6951984588445193 0.775847363882158 0.6700949698246206 0.7610178125473676 0.6475424915186414 0.748076472647038
0 0.645517852808423 0.786100454683873 0.6409238104045212 0.7919481384138741 0.6288184062252145 0.8035780711345563 0.6293263852491515 0.8132021777334794 0.6520859686608038 0.8324040553785337 0.6987455454192995 0.852981208941585 0.728882412332055 0.8634224667815245 0.7360210478585527 0.8327608706597592 0.7291169917167926 0.8221540965787596 0.7200881104608998 0.825766149598896 0.7062385142149405 0.8169108730785314 0.6713256250702189 0.7949950759695689
0 0.6277597897141738 0.8149217409249395 0.6255204538062311 0.8382166727374193 0.628624136302188 0.8507217810422815 0.6432183252517558 0.8595174672185121 0.6692048685459544 0.8723832495901199 0.6889501549778511 0.8810655994732682 0.7183707632602687 0.8938558243161543 0.7257372458736591 0.8632756301182968 0.6990180852642927 0.8540554011369706 0.651219273071334 0.8330712379543815 0.6302661076699925 0.8158171620879223
0 0.6427626310779707 0.8593546633706971 0.6312765079207493 0.858181536065846 0.6274749597742184 0.8783134816363036 0.6195286458062476 0.8777537909583524 0.619092519112954 0.8896454626363149 0.6281976359958796 0.9026666384595817 0.6581633239682838 0.9176052476932389 0.6884669865250015 0.9284317035729427 0.711740106757708 0.9341415270368426 0.7203679276914228 0.9033607502268093 0.7162427293504745 0.8947235895041782 0.6923187852267502 0.8861763874938857 0.6694774083909476 0.8734574417855056
0 0.6230062290518397 0.8969046350477038 0.6164433562900545 0.8955367695258628 0.6163081035150249 0.9107920100580237 0.5981936728566982 0.9134373627806713 0.5995759395621563 0.9308627992833768 0.6562651714403163 0.9501390880648778 0.695544255902047 0.9661257995199316 0.6994962410077098 0.9476756383765735 0.7020767602956275 0.9336196151232524 0.6585579666991385 0.9180718476569111 0.6285922787267342 0.9031332384232535
