0 0.16228852874928107 0.20799741667097352 0.16206853728936738 0.23319819605382086 0.16542378311991535 0.24573244286540155 0.19410052591119714 0.24871145856001317 0.22489075333328834 0.24789624074377573 0.2457626612274872 0.24903353093374467 0.2648402902705546 0.23800491941306143 0.2796641305416132 0.2340533924244008 0.2734015068353526 0.22487351532836716 0.2582800236050007 0.20110310983298962 0.21667030536855347 0.20138544190142935 0.19078559868962836 0.2002016407352126 0.19078559868962836 0.2002016407352126
0 0.2638158921857273 0.1743789346101768 0.2596451902898911 0.20508689170883346 0.28103736094829945 0.23084206009760075 0.30655728654856207 0.23976811730332373 0.3400778473404341 0.24692046323877412 0.3631973374173926 0.2468204323662715 0.3698221138573131 0.22616132832519145 0.35901875048654874 0.21123821417210584 0.30727352829408594 0.1872852692317403
0 0.3637956090545578 0.17739044344102253 0.3614782604074263 0.19199522792943094 0.36022300010909875 0.21215370110989662 0.37056236808143633 0.22557842714114248 0.4071431600895656 0.23963981250174285 0.4399851693998903 0.24120271039794927 0.46303226466747444 0.23237341785377616 0.46967579689598915 0.2194208105050156 0.46983408561332696 0.20039238034546125 0.4551068313170302 0.19148782639786047 0.4294447444430214 0.18719997094640384 0.4066095769135551 0.17802359831037362 0.38670054304839585 0.17319935265111577
0 0.4821207644641284 0.16276112773259 0.46379145336698 0.16601172386658022 0.46109056785259184 0.18065226770217546 0.46334884210215 0.19431655753466748 0.4820643184115576 0.2131269271510979 0.5095099920698993 0.2146790734182432 0.5404074975335509 0.21590938556070782 0.5647124814444651 0.20901834493367658 0.5663244590996593 0.1883127299163487 0.5633795696467581 0.1762541062472567 0.5126883720813034 0.16504996420159243
0 0.48006617554410425 0.21177157641800504 0.4700673974850416 0.21218993695518487 0.47036241209933227 0.2178151443416156 0.47092562181752345 0.22855417662480146 0.4683132585561014 0.23753375372677918 0.47118575319962824 0.24086311572420058 0.4765659614080196 0.2552640957585496 0.5087830582575771 0.2522603105948631 0.5429982979745881 0.25061187616426944 0.5602038179803567 0.24797994056151496 0.5708543280105765 0.2526396455739036 0.5745824186415827 0.2502365221433341 0.5706988463250293 0.220279511335599 0.539256886931781 0.21601666360226804
0 0.566761634987696 0.18929973554851295 0.5642753055564285 0.20803133930151227 0.5593885406018565 0.21773685497628595 0.5722866328148362 0.22115923892620307 0.5753843756082817 0.2434812717359921 0.5940167650415167 0.23866076878578854 0.6235491038202778 0.23590729905240923 0.6425918496311593 0.23156241924469448 0.6627476944666224 0.21169726801078045 0.657571350274553 0.18648573699887205 0.608923870875536 0.1848548248682956 0.583039164196611 0.1836710237020788
0 0.1616956924889092 0.24813556629597103 0.16014541757629092 0.26266883209000597 0.16308224330739635 0.281922569961742 0.16624975256521385 0.29087713934559406 0.1831709500234902 0.2975216072513723 0.2149696267736052 0.3012373131478409 0.24151412914548342 0.3003040656609822 0.2525830592751458 0.2982442796132156 0.2525106644657715 0.28951501794154505 0.25751277118369936 0.2746599180228294 0.2623646529060854 0.2716381340610242 0.2766896145465313 0.2728719506634922 0.2656099923500705 0.26003012581629537 0.25400467201260696 0.2518622620705517 0.24694009133964712 0.24943763538185995 0.22637126178153477 0.24673043837567774 0.19223648059569404 0.24991302027529794
0 0.2819921712555431 0.23435021883095586 0.26555372498428775 0.2369106357393369 0.2537096573983163 0.24623705468412097 0.25559245850241363 0.2527419896611557 0.26760813521752386 0.2613854765493882 0.27868775741398466 0.2742273013965851 0.32059249026472253 0.279570176714576 0.34781554411814797 0.2842263772669612 0.36609121619451634 0.27995301615361984 0.36355668311926176 0.26837001562701673 0.3613869311226696 0.24904475906090728 0.3408717405853375 0.2473603270340761 0.30666456459012237 0.24181364726202578 0.2888421958453824 0.23268378560224343
0 0.3708305631853369 0.23069225203789767 0.36374985506878543 0.2426578537544939 0.36441227910674107 0.2626375301990258 0.36566210402827537 0.27177089631881163 0.3786057715402392 0.2834111594507237 0.39821979079110786 0.28261019772355084 0.4118313177178206 0.2849382979997434 0.42857284232516235 0.2808079742751491 0.43810762498579814 0.27889122561612945 0.4552595059707866 0.2752365250340239 0.4610044952578404 0.2818952490288667 0.46696141228301197 0.2705483078435062 0.47097382546151034 0.2588687809044039 0.4754421703166397 0.2558827562897854 0.4712662117307984 0.2423972631932271 0.4672162869751116 0.23866379674769045 0.44001198891028037 0.24171409288762477 0.405582193110149 0.23927146740081429 0.37537936657163645 0.22924037489230567
0 0.4766196004287997 0.2562868607379006 0.4702872102581673 0.2604744470678039 0.46739858817104873 0.27153531347567045 0.4634398140133305 0.28423760539412385 0.46634982023404586 0.3029799607761842 0.4668781467200511 0.32040272477233855 0.4714376421731491 0.33385245852171 0.47473662063791433 0.32326721525633234 0.47740262292011654 0.31531040313370556 0.4819139147292276 0.2984455326034746 0.4844377557376837 0.29512692223511433 0.49213531259320653 0.2949231177810549 0.5111431751719022 0.29726196968630864 0.5236040914968451 0.2996973480040614 0.5331120546470908 0.29726921685536634 0.5479627144285395 0.29382907235638117 0.5574706775787852 0.29140094120768606 0.5677725339739343 0.2894126738542929 0.5733995531526295 0.2791242569954702 0.575164384148368 0.2686820511188394 0.5733969248076268 0.2570275318978627 0.5591068463993669 0.2491099835824262 0.5422312242400747 0.25068339485864294 0.5091934146352238 0.2527359337373519
0 0.5761782688531851 0.24392113553129413 0.5749391359984493 0.24968938030647178 0.573450563828407 0.2580502968772137 0.5748344863018916 0.26974057544537716 0.597935220590256 0.26193404788055513 0.623329112360364 0.2611080784352565 0.6428894925904527 0.2592843517287326 0.6559565655875683 0.25857991641405886 0.6519764072962533 0.24147898654258523 0.6510564802211954 0.23128709609626164 0.6440455385690158 0.2298852343869209 0.6247265339324377 0.2363114035005245 0.5944271214191634 0.2391363919282773
0 0.5752448426795382 0.27021619858786594 0.5734531921734096 0.2801470219748212 0.5686468857500079 0.2913866851186215 0.5824542129712468 0.2900993486198987 0.5850772682994674 0.2960213824128844 0.5895214219892092 0.3146207004061979 0.6128098928503039 0.31039385026910443 0.6431978276165442 0.30190789510773425 0.6598588936927158 0.2962434239141134 0.6694285595855376 0.2876429435421252 0.6660089826674112 0.25918432085622994 0.6229723950034975 0.2616552202721188 0.5982919379471223 0.26138690604369286
0 0.48421513593276744 0.2982309765203542 0.47258825277491906 0.33374518048014984 0.47981637885522177 0.36133482720450205 0.48248494156640465 0.3502439323259415 0.4867511376540424 0.33978922677297546 0.49951629201405384 0.3327761736461043 0.542276620852271 0.33238656353610435 0.5698644557843588 0.3293005080489832 0.5864638191179545 0.3298083860786553 0.5887811677650859 0.31520360159024685 0.5828109303281134 0.28955220678303645 0.5671395577913713 0.292041104997044 0.5567840623754421 0.2930066073710861 0.5491669640510894 0.294744559294172 0.522944295803892 0.30181439665713694 0.5107596383046457 0.29729772903349533 0.49257248848124335 0.29591012341321915
0 0.15727817962276924 0.3035329202877995 0.1562830507065464 0.3360003325676642 0.1721609156046131 0.34479760847370483 0.20362969450825164 0.3495718386967113 0.22909598108773427 0.3574751309230833 0.24615933981975674 0.35948139707459514 0.2557290057125784 0.35088091670260707 0.2712931002077602 0.34634648852989747 0.28144210326236474 0.3340948120358072 0.2767833934895024 0.3114044341250897 0.2681042068163459 0.30758869735611843 0.25419766527534254 0.2996353896934952 0.21346229881496875 0.3018917330262635 0.18202033942172025 0.2976288852929325
0 0.5903689542548927 0.3160833291808509 0.6131934297175605 0.31035809092191774 0.6622405734274258 0.29756301530001944 0.6804813622716082 0.29997338589964656 0.6857006534176593 0.3113060709959426 0.6881198447295578 0.32803865576648766 0.6810927756337863 0.34102702246243494 0.6652524223129082 0.3476427399410333 0.645941481398126 0.34687379485199293 0.6160256057521082 0.34966302393255905 0.5990614613398502 0.35689740194239317 0.5968836456214623 0.34476725957892773 0.586766897454041 0.32823847926244204
0 0.49877603778993057 0.3333590748301533 0.4873642539827612 0.34229979268440935 0.48063709161051515 0.36228607348947967 0.4793013727810174 0.3809103992009187 0.5001196416544361 0.3810249244115366 0.5352092331475206 0.38135050124527153 0.5700306295367044 0.3765622531822512 0.5801098661269372 0.37767804011409795 0.5972778745555173 0.35963311112670443 0.5969641041526325 0.34630140704795426 0.5864906386283446 0.33031976856833084 0.5710150663861288 0.329193230007423 0.542303440362661 0.3328979460257798
0 0.5971974160243472 0.3580989636576779 0.6159987862417182 0.34915164144288346 0.6474756288671526 0.34673075746324605 0.6644853485783948 0.3477142586354068 0.6807896972976999 0.34259692927864815 0.6886669270041572 0.35316791645496143 0.688240443182919 0.3670825217177607 0.6693317949239876 0.37398431397385296 0.6322091773312639 0.37898711811999375 0.6157170920392285 0.38052477004902374 0.605745133490556 0.3814545130758791 0.5892798677089106 0.38350354749458465 0.5814482133014375 0.38115043950026634 0.5812604767287071 0.3775707620725377
0 0.26200793554921875 0.27218527589788644 0.2798115485053645 0.27360864086534925 0.322099818223359 0.2789157568361535 0.34702165087324466 0.2837865134716592 0.3662091863028749 0.2969001570072854 0.3679766456436162 0.3085546762282621 0.3729813807065467 0.31579630140715387 0.37176906736220083 0.32207592867200713 0.3653213354282124 0.33141309924585227 0.3564651042491238 0.3389192959441158 0.3408741902435519 0.3429423416271499 0.31748650506269294 0.3379285476028973 0.28095128835354793 0.33208504142429196 0.27880835586734587 0.31327116734785804 0.26843410466282236 0.3065301730295807 0.25537509538750247 0.30003949414161046 0.25067343866065844 0.2912279621465053 0.25674569744918607 0.2747314367172029
0 0.350830200035421 0.2829175375101162 0.36729546581706635 0.28086850309141065 0.3765539896520057 0.28103304373827986 0.3986569666791446 0.2835972033557151 0.41147460036095396 0.2854854398366056 0.4537253585017601 0.2753795624227709 0.4626995597892073 0.2848205065781728 0.4650919315907157 0.3010417088590424 0.4672348640769178 0.31985558293547617 0.4554176160013363 0.32969338436993584 0.4301122464841941 0.324858387081617 0.4020684798754752 0.3192509402442543 0.3886446895214929 0.3205025173957904 0.373115478258497 0.31835321385553145 0.36838700202126284 0.3090302993707508 0.3657988299252282 0.29642453386479667
0 0.15998069070650478 0.34048094195363526 0.15429466568116307 0.3587253648103186 0.15814852911825156 0.3788773209214975 0.1742356612929321 0.3922947152497958 0.19919848054578887 0.4016214210228646 0.22045579540964672 0.41362443885996064 0.23757699654105152 0.4134266267958411 0.254917159817998 0.4174038874867152 0.26751536546482624 0.4176277802954908 0.26876839656709206 0.4081876466580665 0.27654195796993075 0.38974859078312396 0.27557849211065855 0.38471060175532923 0.2684083903210898 0.3746573092726108 0.2574524818130459 0.37241563439084424 0.25525061474676614 0.3637637860899625 0.2290907375938374 0.3582780114446167 0.20591619024345958 0.34971690543521944 0.17185140681925598 0.3468328119176425
0 0.2814470666378402 0.3366145784590304 0.2717222443891749 0.3445137593056063 0.25591243184662504 0.34971712156114415 0.2538102655738701 0.36296574748991456 0.25812399814492915 0.37188685974531416 0.27084384942816947 0.37443023741797504 0.27518191112651097 0.3838152466461516 0.294536623399107 0.3862061834004353 0.3474135633480646 0.38780247672645585 0.3619046723541305 0.3841205607347555 0.36645931191361847 0.3776357563793818 0.3713935182776007 0.36505541370515315 0.36963689045003334 0.3582267144590032 0.3648219454380679 0.3530816556585734 0.36033790897603196 0.34091326459373433 0.34197099168999046 0.3440242138400225 0.31712981807354573 0.33701699293083925 0.2893276437818326 0.33354900035848445
0 0.3756927830478451 0.3203688634001765 0.36509449650140824 0.33161263956532167 0.36227947058983434 0.3379352497388126 0.365242855549498 0.3544409077405281 0.37382897738468035 0.3648283418505173 0.3948016576687784 0.3647375995590328 0.41738499101674936 0.3686921746770359 0.43472515429369585 0.37266943536791003 0.45676593189382475 0.37294527354007295 0.4762252756231795 0.37066480173020927 0.47717264625409017 0.35814731253365634 0.4740040100928511 0.3349771736627509 0.4537831484701126 0.32940383577178095 0.43124847337670646 0.32637705459933203 0.40459469873050047 0.3181403369537003 0.3884126343310854 0.3229122410728375
0 0.500638224180565 0.3828397670126935 0.4802884019737854 0.38147394071309365 0.47260245784805216 0.38825069459585615 0.4639870762223535 0.4039712463068894 0.4720306423096938 0.4106799434710386 0.4833271585996914 0.4194161759716843 0.5060151234044211 0.4186993425255399 0.5271654225271251 0.41532888258823936 0.5405154468353128 0.4098886952145604 0.5519165945820692 0.41395351915105877 0.5638262697173609 0.4077152931773318 0.5861979558674193 0.40096779908508556 0.5820545271873371 0.3952939656391255 0.5821421444644425 0.3836316636469455 0.577925728402513 0.3765661392826544 0.536223659107141 0.381386593593394
0 0.5887770054537982 0.3834792227285682 0.5821664735917249 0.38409556061972266 0.5820058689327723 0.39436617169357135 0.586893801326585 0.40090292141233247 0.5915724708068801 0.4167824882593881 0.6418996209599751 0.4097593721209034 0.6682930901537036 0.4063662266107318 0.686538361803333 0.4009357925005583 0.6847720347437415 0.38058920337111996 0.6821979158205964 0.3715058969338378 0.671259021492206 0.37625511548010376 0.6322430175243667 0.3789604712087229 0.6051293737441902 0.38195459741887056
0 0.16273263736035443 0.38931188290797564 0.15625619774933885 0.39736184917748224 0.15623557843387437 0.4157600942191424 0.16774343198614028 0.43260456405018294 0.18719569722125984 0.4360879114175901 0.20547277124435787 0.44007793457433414 0.22435794062748343 0.44313524614340705 0.2397225819741604 0.44170271229536895 0.2595198943973274 0.443360956482935 0.26963115995819886 0.441980217381841 0.26737030153995145 0.4176625800979878 0.2551832944895011 0.4170468141092318 0.2382367090998656 0.4133707495284469 0.21992990238893134 0.4150775983686625 0.19949252165068354 0.4012148163738069 0.1744029873815029 0.3926038658854443
0 0.27677067977048064 0.38393555274690283 0.2690871628117817 0.40655231523645236 0.2689362591053833 0.4162025538293304 0.2818296729517418 0.4114963652842365 0.30199961180296697 0.413995882728748 0.3406363744438966 0.41783968578486613 0.37117590737064404 0.41762035563392724 0.3723075328651282 0.4078786787103234 0.3741158324676844 0.39851191924982926 0.3701998184204961 0.3927449242255127 0.36591117794524974 0.3861366559442505 0.3476500903996784 0.38871525748498686
0 0.37148922072653356 0.3672202603618107 0.36669303659435726 0.3759895821139616 0.36388115562103385 0.38501190355492115 0.3711805402085819 0.3926534858947868 0.3809580254016033 0.39743597458448815 0.39611005739899224 0.39821330193132704 0.42290957983484834 0.4018467359053743 0.44116379427526486 0.40540088271185803 0.46388041248000766 0.4063489355569862 0.4722863227121415 0.3849788432310672 0.4796223130926807 0.38079080522675296 0.47673961310409596 0.3696713762250112 0.4348726238964219 0.3731368686523864 0.39434986953251994 0.3646508229612809
0 0.28251892328379347 0.41204348560796467 0.2700506204767422 0.4160230913091916 0.270844522510617 0.44458973175308847 0.2729887178762326 0.45190212048371486 0.3199065318605332 0.46020471660500095 0.37398725377589237 0.4640833214424211 0.37624420091571154 0.4601167410887568 0.3785820280996074 0.45097791055401754 0.3893300737827712 0.44105494699607545 0.38261320681289535 0.42712610936099393 0.37285766111751795 0.4224014466792519 0.371259924778506 0.41879426062788894
0 0.3814688790082178 0.39859214112639724 0.374786285205989 0.398745678742029 0.3709732424679565 0.4066134950307574 0.3724092187188148 0.4205651814442703 0.38399040573913157 0.42652818616272303 0.3907072727090074 0.4404570237978045 0.4099071776322376 0.43725834920308665 0.4417395468881931 0.4399246626989213 0.48171258891669055 0.4366672651997782 0.48370735790293523 0.42098715361005284 0.47150619938508964 0.40991724312912536 0.46532842386866574 0.4062675614375935 0.4423547155106813 0.40465338015353775 0.4228117523897998 0.4013107736932695 0.3965861954666895 0.39812170484863296
0 0.5865438688363174 0.40106969592296826 0.5913052061232267 0.417997972980273 0.5925377815451327 0.43478573776950863 0.5708211527660293 0.4504265556357589 0.5218595614815339 0.45686960238205726 0.49450184720193824 0.458950800346396 0.4882750633715643 0.45436664993272324 0.4834892219276798 0.436971138514348 0.4843101928166405 0.4190528717471708 0.5065340413190692 0.419797928727686 0.526434797783905 0.41653390971436793 0.540532708660095 0.41005477116128825 0.5527902430650424 0.41548519710007037 0.5639867311469093 0.40739849877710993
0 0.5913052061232267 0.417997972980273 0.5934910422296408 0.4328187836973265 0.5857988118558022 0.44057875992728585 0.593738485236912 0.45768022146196 0.6374681941163401 0.4521944922162339 0.6994519148076419 0.4389030891836858 0.6931565846419739 0.4061541882685864 0.6679259291441704 0.40850658733819495 0.6419454137908109 0.4099898621042628
0 0.5930866420092566 0.4586800346027011 0.580294819025898 0.4833486410282277 0.5874920001246036 0.4930070249950751 0.5993501004447981 0.4975356544210163 0.6325670362001413 0.4930300914542937 0.6695406388064153 0.4862961967409882 0.6841360003952586 0.482587792145031 0.6890003204456996 0.4746219592284022 0.6969375923892892 0.47153432660914735 0.6925659201764609 0.4418927051750403 0.651411712477528 0.44948590076101785 0.6056774656011833 0.45703660070682645
0 0.4949257854436664 0.46031983122030723 0.489164580595819 0.46461313366697277 0.48690026588284835 0.4751536672849233 0.48088665189209856 0.48134857938517067 0.4834792896564173 0.49049723335077866 0.49107590483987595 0.5010574138304668 0.5151082580834205 0.495999625222336 0.5558875358545755 0.48797186748458815 0.573058398623914 0.4863709292288824 0.5798218724702197 0.48104514143217564 0.5934615719370345 0.45911459675447147 0.5861492376266049 0.4405460877179857 0.5694684579967683 0.45149171319510023 0.5221854830953616 0.4563696958116867
0 0.16311461646991982 0.4332733291883579 0.16049809281224642 0.4456030502146855 0.16019780293062336 0.4606173996452829 0.17641902523459035 0.4726410614104632 0.19837031310370162 0.47639558503048157 0.2247093523358223 0.4739398449729386 0.25424520996524114 0.47021918575826954 0.2651855652308862 0.45759681675458136 0.2715287416133414 0.45410482175605066 0.2688340547462314 0.44420401821969285 0.23899543464396483 0.4421517373286917 0.22530993209906852 0.4439111461117437 0.209769925359009 0.4448765995843216 0.20650500221511414 0.43792954665032063
0 0.27405440290957217 0.45386933983272454 0.2642040597853556 0.45962205094742065 0.25813841566967755 0.4684059077094824 0.26154713417838094 0.48500816776102806 0.27854802027931336 0.49115796859625543 0.28044539901500254 0.4996828176557173 0.3063151227946209 0.502105141569088 0.3527938202412155 0.5103408635700774 0.37055672580465804 0.5033669880685031 0.38054839170245847 0.48648219453508396 0.3745559656137677 0.47592199678729546 0.37070316185863267 0.4646788790488028 0.31535562673335205 0.46017063396967006
0 0.39232398445760086 0.44139209468474405 0.3793777437603687 0.45033403832512303 0.3765089180419889 0.45785297593005864 0.37330451377307533 0.46588663215189424 0.37882762440926376 0.4813248938705963 0.3827637046542261 0.48724250957079723 0.4249455130992541 0.4895942561463465 0.4563358749238362 0.48666755224215147 0.48043437099811853 0.48297041880675606 0.4878423293159316 0.4721276875770941 0.4882006654813113 0.4513067577660655 0.4845825194524275 0.43762460804211584 0.44347555140559736 0.44194067770699347 0.4106243102201423 0.4377521273033833
0 0.17495056000210207 0.4722945441673674 0.1613659782814884 0.47597826631897616 0.16224903549396108 0.49281600829384775 0.15846680907664729 0.5105721521827499 0.1716754102974259 0.5204595444353209 0.1989883691034618 0.5227473072496482 0.22583959832861072 0.5231443969701794 0.2478741626875493 0.521573418551906 0.26195329006673596 0.5134927107715228 0.27362532130842976 0.5148216136898712 0.28057155004535583 0.5020882093664133 0.2792696377925221 0.49109068804673367 0.261933173141056 0.48545560582840636 0.2592460721455614 0.468786065227339 0.22473458254189294 0.4744209233150778 0.19842077351584292 0.47735774171476003
0 0.28881969103511557 0.500352326362635 0.28201478507177336 0.5019536482673699 0.2743217086155678 0.5142732547982103 0.2637573338497579 0.5133245093977186 0.25393222093161205 0.5195582988545538 0.25941245702727456 0.527265666824268 0.2840660176351111 0.5341522569159347 0.28358153043937817 0.5525677950162674 0.2964520805183984 0.5421826163494708 0.311840706022034 0.5383306928240578 0.3714170254022847 0.5405109412375034 0.3720200777567556 0.5312695319125761 0.3781109520785043 0.5229667534926535 0.3687375102784054 0.5170726635717265 0.36614374423557805 0.5090961734039254 0.35498390298691257 0.5106201002636513
0 0.3809344306651335 0.4869296326024623 0.37125311311179615 0.5028186291768422 0.36604282341129546 0.5071718600353686 0.3685861290419815 0.5141861935188913 0.3803010348242013 0.5232459901862275 0.43882015814070946 0.5260082377660948 0.4649750000587203 0.526953686378287 0.4795915476370058 0.5222068867181173 0.4825764659228989 0.5030747883523194 0.47857228093133997 0.48894520056099156 0.47581954778047336 0.48485097740506483 0.45592460575509053 0.48573903583263395 0.424173435173904 0.4886993800115899
0 0.48709036831626146 0.4992699163854539 0.4815621443996823 0.511387681267729 0.4830658983010812 0.5262338293245222 0.48848808811298705 0.5397477776746676 0.5317851389055143 0.535710944703364 0.5726069888139519 0.5328717503396649 0.5926104375352326 0.5271392682159431 0.5916164010356374 0.4943586604009563 0.5829393465426767 0.4879162115883684 0.5578669308944791 0.4868698421518936 0.5174235340771012 0.4969252116476806 0.4926034204896099 0.5006896256325978
0 0.5980024519586186 0.49859755915141374 0.5920881890793643 0.5102678859663106 0.5928703254675545 0.5251813145726255 0.5873496874225906 0.5305303423901911 0.5912277213837963 0.5422545384708232 0.6097374746665183 0.5356944607618663 0.6394070691979057 0.5276104561931837 0.6611312852123812 0.5270352747339494 0.674455979000673 0.5253095062256583 0.6859261685938016 0.5227897824068931 0.702144918306544 0.5140261546358056 0.6956125994275297 0.4793447592315359 0.6835217131454749 0.4838560769683797 0.6699119012187906 0.4870587207778491 0.6328999805249621 0.4934101391310532
0 0.7043097708461704 0.5138243129872404 0.708626776773417 0.5477453933557969 0.695529154839761 0.5538008669433407 0.6800067924341568 0.5620161358227674 0.6580983791055716 0.5659925059517367 0.6224035424078073 0.5698039714952012 0.6129468241178812 0.5692353836125662 0.5902411026578751 0.5718357992646398 0.585850878703641 0.5572587734059334 0.5897440844080775 0.5554454953571465 0.592486759096104 0.5455211660415149 0.610534782797939 0.5370704152387622 0.6398183383666514 0.5285389726027011 0.6614920939689857 0.5270016344591885 0.6758487536149493 0.5242127884423365 0.6860270894180842 0.5247140957754498
0 0.1629687587919097 0.5208209617499809 0.16131336523243567 0.5547518432577035 0.1743018550438124 0.56499052613566 0.22083580840298805 0.5680941865254925 0.2558034986424922 0.5717037524005403 0.266981349379234 0.5637917724376558 0.2752190579052727 0.5653136584025115 0.2830773373173999 0.5514138602078051 0.2843173686868897 0.534123733268092 0.26168085499534277 0.5282194934626375 0.25015345302029945 0.5212794873027039 0.22457679711804945 0.5248091134249896
0 0.3124785603610786 0.5389403918595631 0.29761362052338436 0.5420437868315934 0.2848461871788512 0.5523939076113727 0.2747917843777149 0.5653534955699914 0.2657592845477804 0.5650506800135832 0.2660879411794902 0.5713173584177649 0.2703815710616603 0.5795042944616017 0.2805076409515903 0.5842850199770001 0.32466620366809695 0.5830302819102823 0.385607945461799 0.5825006864588206 0.39127010148491714 0.5676606780280268 0.39015563681832977 0.5545974603503997 0.38558412278665166 0.5492988516577616 0.37265538872649495 0.5401995648532927
0 0.16099661993829956 0.5650860822540515 0.16336595538050597 0.6020766174749171 0.17520111938066718 0.6066979943203956 0.20437523075703973 0.6062678590787328 0.2361727390499792 0.6067380969056777 0.2712689240609415 0.604610845245808 0.27984427248770816 0.6043837999329523 0.2822167350618216 0.5841256713070803 0.271265995992386 0.5799943181633856 0.266515214707048 0.5712775212502849 0.22169035545810367 0.5680145121905326
0 0.2829427873454792 0.5897828145070382 0.28293380407646107 0.597798424188931 0.2849924494249939 0.6124910616418293 0.32146008864545966 0.6119533925897508 0.3551160804266803 0.6151127719304949 0.36896810056219087 0.6172561707915983 0.3805732248264905 0.6093043536612338 0.39489137963418697 0.6039620037097085 0.4007328029109649 0.5925401834993772 0.3969262023075726 0.5854528063615478 0.39242342729613255 0.5732779840605046 0.3868598881688625 0.581811476919637 0.3255207507232126 0.5829506075753224 0.28697649961617766 0.5848268585382882
0 0.3803344008849623 0.5228815784381239 0.3721474648411253 0.5305146982286485 0.3753982971455018 0.5433787300688757 0.392292004456119 0.5543982745129998 0.4271999389444032 0.5568684443145602 0.48286500902936147 0.5539684046891392 0.48161912152276054 0.5220254774640077 0.4655918726048327 0.527527176085453 0.43977619369770293 0.5264992179137885
0 0.48246468530885805 0.5299614128109406 0.4841468296120349 0.5538488931866993 0.48676124325958375 0.5627648759372 0.5009807811714321 0.563729041557336 0.5095770242047906 0.5720873039631171 0.5213614157227501 0.5675536750532154 0.5441951632059933 0.5608448837153467 0.5590899809192975 0.5583111867800602 0.5838419676420419 0.5554309330294783 0.5905588325805272 0.5525147462028237 0.587197472042729 0.5293563125337287 0.5748961733703818 0.5322206845008791 0.5325662162665463 0.5355948660446522 0.487275222345416 0.539817605797529
0 0.3915569689034432 0.5567567409949349 0.39254293879857244 0.5755567762074797 0.4034757113299718 0.59571934871496 0.43085109496928303 0.5937394680329858 0.4660369136070752 0.5933213104833471 0.4767187517960211 0.5923253812963479 0.48325634948084667 0.5859910062492307 0.4988563248712166 0.5805291447952654 0.5026808920126453 0.5715853025693091 0.5018950839777677 0.5647887632958637 0.48553917842813016 0.5640237835131274 0.48329228255691925 0.5539285675216593 0.42973370223414026 0.5560597232729366
0 0.585640695379103 0.5569806784697898 0.587600723831788 0.5779798314943495 0.5853956171737607 0.5850552309401547 0.5805163411169646 0.5820752515619718 0.5701332816841186 0.5887681611164087 0.527208695136639 0.6053649090077288 0.5077035022470286 0.6100459088955261 0.5049814884346135 0.61545205139858 0.48953988569131157 0.6157467933543712 0.47814996175674446 0.5950543599776269 0.4831965937296267 0.5848516101757432 0.5001680233295 0.5809793313295694 0.5035055611921511 0.5709359301976054 0.5078081743433394 0.5711072565595494 0.5217886892503079 0.5675138378857354 0.545019832385499 0.560195511343643
0 0.16379293644961157 0.6131653860147707 0.16214489574035557 0.6229165635613302 0.16470452978774935 0.6442723369446002 0.17708218284194394 0.6469573056825264 0.23325501628255385 0.6474785022104802 0.27400963783169346 0.6422390863491857 0.27954730242270276 0.6311655046820563 0.29007410283843815 0.6191468811363477 0.28401802985373614 0.6134731348350918 0.2807019794281155 0.6051445401684998 0.23580728709872717 0.6069309501364822 0.2054968018026268 0.6054380863871373 0.17469540721309007 0.6083098774898844
0 0.2991106607771625 0.6130257142062938 0.2904322585894793 0.6191134882165483 0.2791641019818121 0.6307213566004677 0.27687488384002246 0.6419719429907906 0.281823914788604 0.6539872939892903 0.2980586169415548 0.6615912845444925 0.3188742097884915 0.6673285441381381 0.34087197874109737 0.6681568220387047 0.36351092512623684 0.6674856910955079 0.3784031985308668 0.6632179424556046 0.3887320958382128 0.6680134327178798 0.3964862989118698 0.6648910834753524 0.4009745409396053 0.6543952215690095 0.4001981555542696 0.6395914505259764 0.39514894584628985 0.6256659355219241 0.3761241317545587 0.6197617113292814 0.35569173934851267 0.6144685998172246 0.3209331169008216 0.6105112050971432
0 0.40106735646778297 0.5944020601172944 0.39514649143588304 0.6050314937028347 0.3781303282148558 0.6099771408629224 0.37088454903133716 0.6159313431939794 0.37614917644440826 0.6202392523306696 0.39471565602570013 0.6242667054375589 0.4022970006808172 0.6384360110044038 0.4201296541633248 0.63533374201027 0.4757439743340974 0.6320680034469178 0.49007020437574234 0.6307322866549424 0.4903432415536805 0.6153507958511228 0.47727186727684634 0.5925757121350942
0 0.4899525110196422 0.6216256147087679 0.504436539293532 0.6164361769858876 0.540775598474078 0.6024908042160112 0.5807538346378819 0.5824476173116836 0.5911678505183309 0.6025912054579788 0.5826822757562964 0.6192182744185725 0.5687142014656926 0.6205205982907485 0.5438611710083121 0.6338749386284327 0.5064225998847932 0.6474429491563191 0.49519454815327063 0.6460904246631592 0.4888629835802237 0.6351637273466334
0 0.4010146458157499 0.6414348286919304 0.42115403203674917 0.6342784812480955 0.47648533052602915 0.6324787586087073 0.4899950703061937 0.6292996636507779 0.48878784951067505 0.6337311043424689 0.49514445877357155 0.6451353426603829 0.4948038176192324 0.6523652435208042 0.4882167304649493 0.6640165449487196 0.4840115101187064 0.6730463909310987 0.45599269737480247 0.6809373826105202 0.406725001963372 0.6816918846119305 0.3895585706032476 0.6837722857636893 0.37767935693563703 0.6700036952344371 0.3779949534001266 0.6622962533726277 0.3883739400871717 0.6680468256376791 0.39651134360171936 0.6653686244767406 0.4013326966906464 0.6543618286492102
0 0.17393391515212242 0.6486904649648855 0.17052014037751034 0.6590861481118302 0.17449488283236675 0.6731118418752806 0.18576549385044072 0.6821384153104506 0.20359814733294834 0.6790361463163168 0.22705358397956826 0.680208393539074 0.24654426267488622 0.6812704218782359 0.2625034732394921 0.6836214614181683 0.27965239000291453 0.6743445523257878 0.2936204642935184 0.6730422284536118 0.29731726074962295 0.6611805293827031 0.2807494475354806 0.6540874727486885 0.2787157519749272 0.6427600603945701 0.2729602152684196 0.642816806109972 0.233355195041952 0.6493886662160329
0 0.2965759045576912 0.6607697742209138 0.2940036647344091 0.6734863765352005 0.27921910018232476 0.6729453222414227 0.2730978776316285 0.6797544278158578 0.2794219121115279 0.6974000920716174 0.310165687228218 0.7002921859053274 0.34893915700691014 0.7053148815117801 0.3777418852292973 0.7055086939361583 0.3838054883071469 0.7044634732981806 0.39829704667418425 0.6925550686360668 0.3975882652652496 0.6859028875364318 0.38991672635428876 0.6837388928438899 0.37875382418876036 0.669903516475039 0.3777870657881827 0.6651948923007561 0.3645603476895107 0.6669079713347216 0.34015566723901514 0.6682236078783035 0.320306832792656 0.6671949724589407
0 0.5075221118277662 0.6478203113983091 0.4930380835538763 0.6530097491211894 0.486884286220183 0.6660602806334699 0.48521120082107744 0.6753339171786413 0.4963240136069067 0.688214211544716 0.5090347777222929 0.6903882463614547 0.5402769922255669 0.6821967184038389 0.5542275519194688 0.6736978865910409 0.575824605834482 0.6668855084693966 0.59154089959374 0.6577421710562138 0.600069033642326 0.6487891510376302 0.5989845818856483 0.6349738549171727 0.5905867469690507 0.6189611711843741 0.5833484978786796 0.6181964065761973 0.5676898235922683 0.621575859052923 0.5442443714492028 0.6343190867100214
0 0.5917890589437557 0.5732608468545043 0.622973653974183 0.570833203833346 0.6587892290782955 0.5674939118534074 0.6794620838792826 0.5636469584994904 0.6968439329444986 0.5519489514803695 0.6997466625566384 0.5867092658223076 0.6768422090867083 0.59604292063009 0.6518138658003811 0.6060544739580572 0.6306576317991052 0.6075471152248327 0.6192467371454883 0.6095707706611895 0.6011636367644853 0.6078976296414417 0.5914182974168263 0.6073666154718605 0.5905767624654963 0.6050456963045184 0.5803956788868407 0.5824810102314829 0.5859683726712539 0.5858004444455975 0.5877666815196071 0.5789145129073668
0 0.5974568558048263 0.6058438538324946 0.5933518142179814 0.6167838638204263 0.5964850217215079 0.6284886384165347 0.6059147646046773 0.6367270944479253 0.6211576636672008 0.6391449198274565 0.6392482941413514 0.6340990939079706 0.6623781498199273 0.6290633081126815 0.690522186013079 0.623560021440201 0.6986223490821104 0.6202048884387426 0.7007171252607163 0.6105511536866478 0.698672195303515 0.5868094445817058 0.67758356527864 0.5964536757918795 0.652555221992313 0.6064652291198466 0.6321653888728183 0.6088461665497998 0.6188885813944471 0.6096041635809889
0 0.6944118098948322 0.6222376173196315 0.697519972708509 0.6334648509143518 0.7006456501188878 0.6518885924496939 0.6857458466211103 0.6628753080288308 0.6604670564362877 0.6681114513429162 0.646341183913439 0.6732674961459969 0.6256432844226023 0.6766369084985259 0.6160732579038901 0.6794486813386619 0.6001140473392843 0.6770976417987296 0.5969307504560588 0.6644377851998448 0.5963296778996698 0.6529768011665288 0.6010934115157502 0.6477338902754557 0.600667651788308 0.639615693251857 0.6052234977924446 0.6372714212889122 0.6201082411039269 0.6397226395882428 0.6406558724556664 0.6334879812273849 0.6630944613220096 0.6289965222730828
0 0.16708132091304884 0.6690042902573866 0.16277084612466702 0.7034773809925361 0.1735580779424522 0.7101496423405645 0.2133233508115715 0.7203585031226881 0.2555706692481291 0.7298560724648282 0.2781269514705723 0.7344712854567006 0.2787080550198525 0.7181013197303053 0.28236229218940556 0.6985655717173866 0.27748086521722504 0.6947018106622852 0.26534367455797153 0.682876777058385 0.24728561886681805 0.6816811770400254 0.22638736185718505 0.6812302613814488 0.2025487247696745 0.6796138660771032 0.18617373898118095 0.6830601043934276
0 0.6020550942335872 0.6797959232080616 0.6165315924143294 0.6813254524244153 0.6252600839817117 0.676192760416937 0.6470074060358221 0.6722456283036218 0.6615665683792606 0.6684888135849062 0.686437113433343 0.6623309811878438 0.6946370452415509 0.6951577787286265 0.6490360259136349 0.7109264494160635 0.6086570747122383 0.7233289802981804 0.5945462623756848 0.7150470912227936 0.5892140309862126 0.7025875921427053 0.6024232344881827 0.6936780051681178
0 0.6100646530265533 0.7227178676175946 0.606500610112844 0.7302483047562104 0.5950320959863804 0.7380358451290244 0.598781436232591 0.7477636698799816 0.6114846702548294 0.7566566716359538 0.6509895117218989 0.7481746475243404 0.6951579080456506 0.732539548516101 0.7046177713014102 0.7139021367905568 0.7031501191038417 0.6996426925885104 0.6946120005517014 0.6946802377272384 0.6483197144115526 0.7109932352556622
0 0.17432447882423352 0.7110379385037421 0.16663787972697752 0.7223118776896676 0.1663247376728948 0.7506537613705664 0.18427508451150254 0.756658164322607 0.20995458973391778 0.7590626770307325 0.23200244806622267 0.7608460369340753 0.2578823108074343 0.7670708776533058 0.28317861558895885 0.7690312422798424 0.28798998417433147 0.7441089715724564 0.2857984903815332 0.7366352801492425 0.2777938404093807 0.7349822193778882 0.21186568311755744 0.7200145338004978
0 0.2815708466177747 0.697199734552821 0.2783749439586609 0.718612253651493 0.2795345297848873 0.7338601727761148 0.2864396678140668 0.7351358713054793 0.2912133859337016 0.7438084352942619 0.33451765702668057 0.7460093179363816 0.3569487157998762 0.7482368259213131 0.39421442850485516 0.7519604702027989 0.3972600630248716 0.7276827050957979 0.39112132587747345 0.7272953027296113 0.38109051043791514 0.7075958626649047 0.3481978008149783 0.7049041263499909
0 0.3987052918049245 0.6934767577190438 0.3814236214991067 0.7070849287437171 0.3903799696855416 0.7268845475678218 0.3990758864699268 0.7279932814981892 0.426729013369642 0.7268546496778009 0.49453568926210795 0.7090156179628023 0.5003388609379077 0.6892795124310873 0.4851861561312279 0.6748563761772534 0.45706716462792585 0.680837203851122 0.4070330683347141 0.6807034096893548
0 0.3972099736451725 0.7267276230930216 0.39467276301529436 0.7538372412885521 0.4003305753728106 0.7725047733866868 0.42184496512512765 0.7709787392001118 0.4561026937758279 0.7653853138924299 0.4759014388424879 0.7654588673090164 0.4935337348061992 0.7585362703037773 0.5116494099701994 0.7539679853856796 0.5110308228171084 0.7353104934117417 0.5003688144485708 0.7310259370706541 0.4956201410187857 0.7228309140832597 0.4860401299965191 0.7117272120435402 0.4270871691206831 0.7268212567580016
0 0.5000057498767162 0.6897904463522749 0.49489384501314904 0.708982225043003 0.48573206362517707 0.7127156869661159 0.5007019255097624 0.7305150031494665 0.512463445821273 0.7351769217325441 0.541098391307861 0.7253089802079714 0.5898552084187463 0.7010881832989421 0.6027563455493743 0.6931670712469303 0.599655712828845 0.6752208707129764 0.594664122593712 0.6555314707724665 0.574058871769126 0.6675300140697819 0.553486195727537 0.6732871314292516 0.5395857254133343 0.6827410452448257 0.5112087569183892 0.6906654298440466
0 0.5114140232579991 0.7357546414933305 0.54114848068756 0.7262640622107477 0.5898552084187463 0.7010881832989421 0.5948793734368764 0.7145361573016061 0.6097816313450608 0.7241838835415585 0.6075249879862683 0.7291930439940358 0.5945737614759411 0.7361590740432712 0.5909270543995356 0.7489758551169562 0.5124532944557915 0.7898837392491901 0.49705014275061626 0.7706851929814745 0.4967821812554189 0.7587132750269711 0.511982521031391 0.7534570514644919
0 0.17875248010678846 0.754293812111269 0.16559336598451735 0.7641584810886327 0.1646816057844524 0.8016738225553047 0.17974166192488167 0.8074678278643522 0.2556305762694554 0.8133489217439619 0.28205896777695005 0.8094452226746428 0.284839095212176 0.7938299814322276 0.2907098708643769 0.7822454658439107 0.28597871203129366 0.7812469507971382 0.28312852620925977 0.768076160277066 0.25719104399520154 0.7676152044942928 0.23128613656414043 0.7609128227736739 0.20997963442376733 0.7595402180321207
0 0.17523076676694033 0.8075199957666165 0.16979954788277146 0.8141929758505237 0.1695339811238734 0.831175876051376 0.17225625077185835 0.8463385540057079 0.19775742058352686 0.8475581145191113 0.2436665028909673 0.848416577100644 0.27448354982344864 0.848112741774082 0.29018174187058066 0.8461352260497499 0.2948351949534379 0.8246321537652527 0.2813041265578954 0.8238382009580866 0.27882323250342095 0.8132779654108345 0.2564976356713658 0.8138178600786391 0.2564976356713658 0.8138178600786391
0 0.2953207531722496 0.7824484741815532 0.2851181110968649 0.7936773856962923 0.28244404509286686 0.8088293120215629 0.2821516588235788 0.8253008297327398 0.29434438004462105 0.8226223831537375 0.3192662126945066 0.827493139789243 0.3941202328971295 0.8364444429621424 0.39979019902980634 0.8122771801877072 0.3985135545978819 0.8026324315782459 0.3863288970986356 0.7981157639546043 0.3798517173092544 0.7848448269411664
0 0.17535136522030154 0.8465638617178896 0.17224012332826677 0.8607287824109958 0.1760861840676315 0.8752727998340918 0.19405877780791336 0.8725693455369639 0.23175266884062407 0.8711104594713649 0.2880977050951639 0.8725375671478822 0.29517841321171545 0.8605719654312859 0.2986276166720226 0.8381534062089976 0.29708277713619763 0.8233948327027812 0.289111589799981 0.8477766515603369 0.27489390620109533 0.8485883649165707
0 0.1830434866990311 0.8756518965640815 0.1803077179524571 0.8969761721126451 0.18631283862161563 0.9159438352068872 0.23830487178438214 0.9152073832540809 0.3005531860433135 0.9042647847658865 0.3046273019643878 0.8864129086034911 0.30075442171463296 0.8713575086907196 0.296017881755603 0.8692297084085828 0.289328774228104 0.8739644365753484 0.23175266884062407 0.8711104594713649
0 0.31898995386881024 0.8295744290951318 0.30605697842364477 0.832835776858183 0.30084837934439224 0.8364047026568507 0.29492091017461325 0.8703597514294942 0.303136101449343 0.8726771000766256 0.3387165078512443 0.8750124475218759 0.4085926125013267 0.877233508005559 0.410223345945115 0.8642343896805507 0.41040039045104704 0.8529124562133158 0.4107383520193194 0.844658817684134 0.39638657086848345 0.8429136185919904 0.39532448251967955 0.8373599298999332
0 0.30664157227543287 0.8733780309312961 0.30353033038339805 0.8875429516244023 0.3087683773180432 0.9065821334130177 0.3552031577664865 0.9027666348930973 0.419940429801688 0.895189157749511 0.4161131248509175 0.8883516370187344 0.40752246043072693 0.8788749335161458
0 0.40010677646448184 0.7742203198685985 0.3734737518396377 0.7808145340890746 0.2871592009183 0.7811538905137726 0.28388441361892225 0.7701537911712185 0.2884305886602192 0.7466051889280191 0.3346159297933561 0.7453823622036628 0.35751280006539826 0.7483863856164001 0.3947346319778864 0.7526242256316055
0 0.3803505959398671 0.7796594833500378 0.40158728491272827 0.7730545175005005 0.42268181261184334 0.7710877534052295 0.45670931575612383 0.7658596415469073 0.47676051089502924 0.7660456854518986 0.49624043259394757 0.7626878112763483 0.4963959142794947 0.7950479455146527 0.3992538088220052 0.8020495303941968 0.3863288970986356 0.7981157639546043
0 0.40089523433259194 0.8039520229641521 0.39578847791810634 0.8388583180217729 0.39830425520476664 0.8427348218560567 0.412299318998736 0.8450271627850624 0.5067298468750391 0.8377645108461501 0.5085108053143693 0.8129320765642314 0.5042463244755621 0.8051075502012904 0.4960660164330182 0.7961064698411905
0 0.41114064467517025 0.8523295550292668 0.4083699926964104 0.8803375622907988 0.41570276847327076 0.8878760138762457 0.4316959751346935 0.8915237055383444 0.5179568870352511 0.8901615841342952 0.5182036980055549 0.8654721872411236 0.5124131334195168 0.8505955840642857 0.4849755234829709 0.8418483235944966 0.4192566216301356 0.8454062595150521
0 0.5025754511095826 0.7805969500440524 0.49522654788913056 0.7874487268638936 0.49554838201381124 0.7935853167399997 0.510098591804176 0.8138118041548353 0.5279639075028977 0.8090628198990052 0.5667440780497998 0.7915722799175317 0.5848937162960136 0.7775468921531687 0.6008842946124338 0.7590978587176599 0.598813756935606 0.7490132463128968 0.5951286132585816 0.7375375238278538 0.5900460480094835 0.7508584762775428 0.51280754104036 0.7919761461165962
0 0.5090016202231862 0.8149418471757466 0.506703027364649 0.8372531283564745 0.4907553960022105 0.8418233158763707 0.5124667724402969 0.8516183490436369 0.5471084959785462 0.8360553093502441 0.5797252571389521 0.8186255364340829 0.5991140282399018 0.7988319038945422 0.5959465189820843 0.7898773345106903 0.5893084221303628 0.7735381025591993 0.5864278637650402 0.7774038547644219 0.5652635696015533 0.7927380822856297 0.5302383091960474 0.8083368813262094
0 0.5124131334195168 0.8505955840642857 0.519488406159275 0.8679218216479411 0.5217117971766473 0.8882698431934015 0.5611973387154867 0.8768801337408473 0.5972927511915924 0.859639909189681 0.6226491313845122 0.8434009463597434 0.6199805007573074 0.8292610333847626 0.6149683888611363 0.8255531848630463 0.6079162048098693 0.8199605552942945 0.5980626319578963 0.8081798260974485 0.5801087940062086 0.8185897770868961
0 0.6012946509900804 0.7595734818601487 0.6116501464060096 0.7586079794861066 0.6955535697372447 0.7343409240882197 0.7006145721659579 0.76470203934407 0.6549039184980463 0.7823248650852296 0.5989262916671714 0.7952522264668137 0.5943855520026677 0.7895089894097617 0.5897455980183997 0.7745251081913637
0 0.5993366480448181 0.7957278496093023 0.5976522755802496 0.8077042029549597 0.6095257910216137 0.8209858915974587 0.6223353609816273 0.8300692422809931 0.6629446936118466 0.8180608722972034 0.712624813504275 0.8026373655325539 0.7099036736470443 0.7812074435881424 0.7014084654108612 0.765141903139372 0.6552338163445228 0.7812663407586916
0 0.6203908571349541 0.8297366565272514 0.6218552381396089 0.8429610825644414 0.5965256774570792 0.8597114278840544 0.5982394977770402 0.8703431821256801 0.612306956380384 0.8813647847263564 0.65576196414374 0.8721743942503125 0.709079024069206 0.8379120056911035 0.7021003373042095 0.8077296871711869
0 0.6575811825947027 0.18702188430272937 0.6974938002477573 0.19187532119401915 0.7646016032110152 0.19752780782454307 0.7660933161246812 0.22597112586342946 0.7553623978383819 0.2393573373077761 0.7263397813869594 0.23777592284654192 0.678257184926689 0.22701499361508204 0.6668499571952784 0.2547554607823089 0.6558281714552099 0.2557830852339454 0.6518973919769302 0.22851992202736993 0.6645626640609905 0.21114237312268302
0 0.6778270578055197 0.22562597688899697 0.6666435870111589 0.25763294176205676 0.669607189590558 0.2868917736988023 0.6777747319027715 0.27231544058352614 0.7020435246344386 0.2786274412126226 0.7282963949276557 0.28189621498267514 0.753870519280759 0.2790354190201613 0.7658843438016025 0.27648618113900275 0.7713492504723298 0.2716892966194219 0.7694274104374945 0.2418569618544504 0.7263397813869594 0.23777592284654192
0 0.6791720359228213 0.2717087885794411 0.6685157032822053 0.28651716592573195 0.6785304999835708 0.30035100167348294 0.6964816069311359 0.30201192998505744 0.7198503332806419 0.31841168863120123 0.747624817003381 0.3234440869004091 0.7555959007554414 0.3255591368353944 0.77390011268349 0.30670309051566336 0.7720279964124435 0.27781886635198805 0.7669261063461662 0.275912678310777 0.7534901159233784 0.2785945128953725 0.7286767982850362 0.28233712110746395 0.7005964968505999 0.27828598261541154
0 0.696076341691861 0.30109696855962054 0.6921156616977253 0.30051349889277595 0.6844354453994341 0.3107570359505007 0.6892911531417694 0.3284064964406771 0.681123610829556 0.34298282955595333 0.6889305730323216 0.3555933944569154 0.6916679821796685 0.3601019032323817 0.7197482836141049 0.36415304172443413 0.735946545066134 0.366453771215953 0.7583705199036515 0.36483942843746875 0.7776269584726527 0.357327560157433 0.7794097044840447 0.33000806543775774 0.7563815693520968 0.3269150043856202 0.7483358999543531 0.32337778854869065 0.7202804604018112 0.31980070535728633
0 0.688455073824499 0.35583083560970813 0.688571742515333 0.36669714865129094 0.6829293645236297 0.37145323860987284 0.6845504683003969 0.37643854496474854 0.7276598379169096 0.3817856803875685 0.7701920455573135 0.38476947444314336 0.7688942563264332 0.36434467007395344 0.7363583927168613 0.36616959894708306 0.7194975300571724 0.36441804805256606 0.6914292104385326 0.36068999093423054
0 0.6847444360156864 0.375816171865349 0.6876317912657454 0.4006249346617407 0.6815068645706984 0.4048217270360998 0.6809564991824184 0.4072901942619724 0.693327762433106 0.4055324618893937 0.7239870244049603 0.4111339598656072 0.7674117715973561 0.422494574565167 0.7785183287442672 0.4139054417112396 0.7775028339621662 0.3859007127309481 0.7694997602598861 0.3845318759944831 0.7281108488626651 0.3817436300441173
0 0.6930391814450517 0.4043507912057713 0.6998767984248664 0.43966843912441167 0.6945435114697713 0.4416764130650095 0.6948904268032428 0.4482912402694234 0.7438156320781943 0.4521896993358683 0.7660681160383953 0.4573664328105788 0.7914398523220214 0.4528858706587339 0.7883317327688442 0.42386767236862427 0.782080655043444 0.42565907303228734 0.7671547283668899 0.4219142518092185
0 0.6944394158574873 0.4483332906128745 0.6967811468890259 0.47138005996969534 0.6883538588288189 0.47488508216979874 0.6849933321537219 0.4842627290042427 0.6961109170096677 0.4802047307795958 0.7014362669947589 0.4996497341300521 0.7402815426751482 0.5014665611140509 0.785094056262643 0.4960798560853205 0.7872041003432422 0.46717942677319746 0.7786759124709953 0.4601188098955551 0.7663251592688614 0.45794675556652725 0.7436216643629049 0.4528120724352678
0 0.7003087396303702 0.4997548599886798 0.7021774042980843 0.5137814104303909 0.7046579644997395 0.51355013354141 0.7050521864695933 0.5210669826373346 0.7354481186717065 0.517326562562876 0.7535200942595144 0.5162458967525069 0.7823690259090716 0.5132540008078008 0.7884419047979766 0.5123856472073743 0.7888345813983151 0.5069104403431317 0.784207803249926 0.49646463073605956 0.7727338207209898 0.5023687230871796 0.7521812849315266 0.5036806657865296
0 0.7057602406458149 0.5216052550498321 0.7093398811933013 0.5466516162948841 0.6970900278032073 0.5550452010436023 0.7023049956367395 0.5723854866471997 0.7099864052238616 0.558979248812201 0.7566455280610012 0.5585568249666207 0.7955160549597038 0.5522134045835695 0.799611432398851 0.5482058387547403 0.801167915290926 0.5389963932941007 0.7964292096214627 0.5134538099800023 0.7840894841283632 0.5158128902802549 0.7769206156326578 0.5173877176669832 0.7689017730515836 0.5157182069666811 0.7626980019625658 0.5184116295218552 0.7535200942595144 0.5162458967525069
0 0.710033711860244 0.5598812707037121 0.7025778077459998 0.573266483366985 0.7003716050231201 0.5873708129359189 0.7029104995701925 0.5925726925677293 0.7138561721289178 0.5981993367010429 0.7474202086603539 0.5986956988517069 0.7805332342460347 0.599234111345822 0.8013207578478947 0.5894402221438595 0.8023253299821743 0.5697071879489252 0.7987362070951688 0.55312174803476 0.7796628551733253 0.5567129314144528 0.7581720185650034 0.5617380875384744 0.7570965390067567 0.5585147746231697
0 0.700332112302587 0.5941924443339786 0.7009688898015911 0.6108429611218945 0.6986552580465504 0.6208323819284893 0.7059399752497062 0.6289810508057713 0.757611073819989 0.6358288501771034 0.7993497864801005 0.6426568603181347 0.8027626434248918 0.6265746155011859 0.8040577098417876 0.6106898244708768 0.7948032924507165 0.6055623300840952 0.7801202892283594 0.6006256930738532 0.7478877585001943 0.5992169847548501 0.7136032551730138 0.5992607172019805 0.7033417796184426 0.592965993074212
0 0.7071658889896413 0.6298125944922582 0.6987720519815847 0.6365855371010386 0.7007548719036392 0.6518494310517009 0.6914691581076223 0.6596513711336082 0.6995420778978432 0.6693029558063771 0.7252352904303272 0.6722672050295464 0.7524061812436211 0.6763548053744494 0.776621715495295 0.6781957034758852 0.8026210033228891 0.6779786066310672 0.803448784370556 0.644166372523722 0.8000392621738455 0.6422772956443815 0.757123999220459 0.6355589820514833
0 0.6940197124808125 0.6631969389758222 0.6883673237655165 0.6681378761447158 0.6949592305268462 0.6946374313920406 0.7034254453308524 0.6982620099833353 0.7081217518888028 0.7066520112665103 0.734208259435072 0.7035892544082053 0.7558518375237604 0.7059852316604077 0.7724173212153578 0.7107463541936365 0.7885829500261003 0.7123919485877582 0.7929929705192411 0.7063057209875043 0.7939474401170927 0.6794178545770002 0.7519191066440911 0.6760849372488292 0.724562269218802 0.6729605164481732 0.7000785159440331 0.6705140641666173
0 0.7074487306772775 0.7073453226851371 0.7045328429471667 0.714868648151998 0.6959267102297446 0.7311198110358599 0.6987569908006745 0.7399990735409215 0.7249652395895533 0.7482750781173118 0.7741071855764412 0.7474766626534493 0.8051516588366863 0.7442669270378582 0.8044145418848677 0.7121770018222663 0.7952967076591316 0.7051450876566179 0.7876417097914801 0.7124797058262647 0.7723844122509178 0.71011886070389 0.734022312823077 0.7045524339524523
0 0.6976956218829393 0.7423049973031685 0.7012663541537688 0.7653028633275324 0.7072543923805342 0.7757793952766878 0.7232011656148416 0.7777606757253096 0.750913441781901 0.778644990692599 0.7717029993546443 0.7782830651698207 0.8026437984139942 0.7776052428228432 0.8021419915208308 0.7454933782976246 0.7746271691404113 0.748374024268816 0.7243086728602481 0.7492821362808119 0.7002840325281448 0.7420636648972754
0 0.7227305454975316 0.7778045543445629 0.7115837530220696 0.7816813619105026 0.7129050589072438 0.8023667077625194 0.7052550083471675 0.8052869321943126 0.7077463046585473 0.8167200472776145 0.7195348219405887 0.8250793627617369 0.7515155881278788 0.8261962636454933 0.7828118259289989 0.8232783354651487 0.8062111959367428 0.8185744305434968 0.8068530303724146 0.7857253759803983 0.800843590355854 0.7793494910242234 0.7761360341970749 0.7816531185350216 0.751433425345871 0.7795423523079658
0 0.7132193066289179 0.8218848238735492 0.7066799884332366 0.8234403647777154 0.7102770698014367 0.8379231900712446 0.6937954710804335 0.8482877292208183 0.6993573053289737 0.8641637737617014 0.7576648364287631 0.857781584739672 0.7987075135280598 0.8558466253338753 0.7979391001712957 0.8366861345869722 0.7969468839305212 0.8222757236324232 0.7520026627274088 0.8264661317711134 0.7200218965401187 0.8253492308873569
