0 0.26510928302775294 0.04949007526436796 0.2583125009908056 0.08970940029035668 0.3135342819794866 0.11772146146516575 0.36083160127191805 0.14358184966311435 0.37855105982315085 0.13981817992749557 0.37529148361588804 0.09335946214013206 0.3695793201847377 0.08518524416127378 0.3334522959064021 0.07896784002296557
0 0.3814961354687759 0.06211485631661392 0.3684708805706186 0.08336861554484194 0.376740770143745 0.09528940099693384 0.3805093262400452 0.13709018302742182 0.4093999959980015 0.15490065779841555 0.4208197418971633 0.16159329152127055 0.45686636445836026 0.17792096044609074 0.4624871318608386 0.1730315178477936 0.470745110929804 0.15984721748924616 0.4736345220592402 0.1443954907331273 0.4440594098959248 0.12056491414047683 0.4367325755395013 0.12102548464297917 0.4154191072156622 0.09173524947967016 0.398200382819817 0.07346053943566304
0 0.36117336437828373 0.14562632035045664 0.3733607029778267 0.15402227244937347 0.37013594209041917 0.1809476516469557 0.36247009320551327 0.18515723280303256 0.32480971591167096 0.17939551280654517 0.2908940737058067 0.16522440321926699 0.28092269814187415 0.15853054790624155 0.25774144323718484 0.14310080977318926 0.24980690342202982 0.11970637187963391 0.25865426409717124 0.09175387097769898 0.31362018085239196 0.11919815936048746
0 0.36253583584060767 0.14414840086496458 0.3802543781992126 0.13845357068237352 0.40846335412969303 0.15603742497262715 0.4204807273686809 0.16534230217484502 0.455248028762576 0.17883110713956218 0.45943233633398617 0.1990479719420748 0.45875339108439367 0.20461483280225148 0.44793310491031346 0.20439676345270397 0.4379699750800308 0.2150833521624289 0.3832571739803873 0.18241335523074423 0.3724341392284237 0.17640180454027987 0.3731907376172716 0.1549311975526746
0 0.25654893713541604 0.14366980415538025 0.2512681004540478 0.1467413965470752 0.24327148277430943 0.1720804323794768 0.24813381940268442 0.18479927587484046 0.3091536626954211 0.2224622529238294 0.3557674557751212 0.24423369974709339 0.3592526618591279 0.22753189557639295 0.3614594629684606 0.2099223878925618 0.3575365167862773 0.20186025856390336 0.32574819016523493 0.1821210665262781 0.29225837755338613 0.1676088046277194
0 0.3712443817045382 0.18276428026338762 0.3629818216724341 0.1862927783870738 0.3406577231115423 0.181767698313294 0.34185481017645 0.19085450616596436 0.3613708155176719 0.2026522086563233 0.3661463370805138 0.21196319380939302 0.37048961570094585 0.20809720814493746 0.4439526618266858 0.2547239100848638 0.44991152756501884 0.24415429638602001 0.4507604381751664 0.23767851042254218 0.45058497565884476 0.22700047284400973 0.4392483800547049 0.21599105567555965 0.37550176145206493 0.17742159670361032
0 0.24310609837689323 0.1826451597176392 0.23417558740672978 0.2149144440651692 0.24048721056296174 0.22956322641733473 0.2859934802211705 0.25144920507113916 0.31709644824422606 0.26323713484013517 0.3441933197900764 0.2712797187260679 0.34853659841050844 0.2674137330616123 0.3481061878533541 0.2580990831380315 0.3513364458965283 0.24276066662228277 0.31026210230954016 0.22427888154026135
0 0.3707454799344062 0.20866498093695804 0.36197394001326466 0.2168514148175198 0.35755300825357716 0.236621146609404 0.4070699553521301 0.2719082733811331 0.4470395240955102 0.29629807163461175 0.4617781754886348 0.29492246807795647 0.4679079227801506 0.28537508972278375 0.46858045468134873 0.26629010573380124 0.44318598531893244 0.2549517521557743
0 0.3665018430762961 0.2429750712013193 0.35610830268885907 0.2443470099874634 0.34912598001668455 0.25264553251822486 0.3490510754553125 0.2743427599865703 0.370101350004669 0.28761593878208064 0.4184239586161975 0.31960973904205603 0.43819674438350764 0.33390637477140794 0.4528504130963546 0.33298523376640315 0.459405989981886 0.32309670309995 0.4582052381464672 0.30628525345939067 0.4468704749275829 0.29913815718488507 0.40638826152465424 0.271681652900393
0 0.23230871701850725 0.2307061015423981 0.2289916439098001 0.24263665971585288 0.2300187656141527 0.25263239267182436 0.22635901320645202 0.26058731971096455 0.2321552431252521 0.2663759146911999 0.26726064285500173 0.2741845485553704 0.306117191021124 0.28710191595755585 0.32392987798628425 0.3002642276930368 0.3365348004461927 0.2909385834579228 0.34666697944440267 0.2774119091979244 0.34572758899821093 0.2727551950312192 0.31718234711713134 0.26471383273545696 0.28565354950006033 0.25326705527774135 0.24133978594362038 0.23081208224174599
0 0.3691647081363606 0.28875270595629215 0.3547614065012073 0.27865465707148385 0.34573125376872194 0.2804798368191083 0.33704561272048567 0.2901429685949917 0.33040505315467683 0.3004859618130955 0.34004382753852147 0.3244469509085011 0.36280016904182305 0.3421490017998062 0.41231436756249257 0.37164264723061846 0.43523517727058264 0.37684881033678885 0.44374902057300836 0.36423228277026204 0.44493511332638275 0.35014516525926526 0.43913430244444385 0.33470076804416854 0.41987324514405444 0.32153967789885796
0 0.2255923366986986 0.26081516178187497 0.2192094737516057 0.27558824868594384 0.21845287536275787 0.29705885567354917 0.23388146631700812 0.3132903166203844 0.2716295748690114 0.32439105540613805 0.33323605119004085 0.3414923505708227 0.3386804398835698 0.3239937099470209 0.32912848056525823 0.30344057919390927 0.3235899472651741 0.3020820778996391 0.30714064795496554 0.28937300712563824 0.26640898366697086 0.2748668531779313 0.2312186012569436 0.26751268186541144
0 0.3391921683504905 0.32512925553106214 0.3334919154235012 0.34206012336284336 0.32838470887319915 0.35194743243912613 0.3374249397245899 0.3713650176081966 0.3822495155553229 0.393024375781261 0.4079848318314771 0.4044760395996579 0.4339732637632084 0.4107019948691588 0.4436796131674029 0.39751647292044096 0.4423107283566846 0.3854762692771272 0.43583280461040874 0.37946105381615175 0.41291199490231867 0.37425489070998136 0.3624602383207129 0.3439668520064085
0 0.3324702908749153 0.3436513530887055 0.3263396273907716 0.3512675709969059 0.3333338605671072 0.36807413427678387 0.33035488579425454 0.3743245213496919 0.31340118755814744 0.375929188567428 0.30369117338344187 0.38139006872825676 0.22802315853362476 0.35623519536610604 0.2181367656499697 0.34908687750143014 0.20952786154836095 0.3409151027029127 0.2103721911953697 0.3247835145045736 0.2161565106100088 0.3054670236741696 0.2344781774642064 0.31397139965277504 0.27111876259471834 0.32518667026906906
0 0.3315473918960234 0.373755526967501 0.38139785636729195 0.3937066804038219 0.40772988379064445 0.4058394272546096 0.4243509808466637 0.42150189381925385 0.42674515497647897 0.4396755095245945 0.4156763341099605 0.45433895095880444 0.4057095395091668 0.4573008978806403 0.32390078305630066 0.4185194775099952 0.31997417210360635 0.40273270639344766 0.30829764577835644 0.3935411394315998 0.3053104252718539 0.38241108248175754 0.31331712107049764 0.3783148115660508
0 0.20663386945578593 0.3467110272241702 0.1979601389117106 0.3814792448106931 0.23230435928947352 0.4011026834276075 0.312152100747562 0.4368186193574095 0.3239026154415562 0.42238179840393975 0.32074176480398753 0.4044360247695095 0.30778683350406344 0.3943367542945309 0.2981535562759854 0.38196272788095875 0.22708651666531632 0.3573719625403176
0 0.3253509857767854 0.4223805768137694 0.31308965880849815 0.4376130126301702 0.3132669537100754 0.45215337110264725 0.36345918128770965 0.47414899522631054 0.410499720154053 0.49751045018526613 0.41321733353767864 0.479105327638504 0.41892125123517904 0.46989910159461185 0.4166166407487801 0.4609268255724819 0.40783960367187183 0.4575262967712101 0.3628450624805838 0.43677586370144694
0 0.20017610194732088 0.3831813415965845 0.19192087145623893 0.4021591232960487 0.18971590273216182 0.4236309518738244 0.20028857040643155 0.44066169245410175 0.22900744241857723 0.45551877143445213 0.26189962769059993 0.46741878985364776 0.30356610146164753 0.47692585573319857 0.311736349272452 0.4584025365853848 0.310025701355368 0.44431786225472897 0.2973257180962765 0.4328552041247986 0.25139361884405226 0.4113103777822747 0.23187852969545808 0.40144383573888803
0 0.410499720154053 0.49751045018526613 0.418172898579981 0.5087501526049675 0.41979948000941525 0.5252204499342464 0.40668649385309713 0.5411351903732082 0.3376553737985778 0.4979126820050648 0.3057820644972578 0.47862795251909 0.3134405838411416 0.45896908778723505 0.3147162402379324 0.4540833099594492 0.36286247014051143 0.4734679121939198
0 0.19892518275147986 0.4402084514926215 0.1902349607401047 0.4402157810336437 0.18249787206433782 0.473847231445955 0.19050914882612052 0.47940676276510946 0.29923656573063206 0.509759248102238 0.3058752929111853 0.4955539339901898 0.3079989437254959 0.4822612097519538 0.3016078350447531 0.4796538526332723 0.26181556120295013 0.46980441285227054 0.22926422284466536 0.4580177046734448
0 0.32956094674177316 0.4966699341315053 0.31430598591858905 0.487254189869258 0.30757861128724706 0.4941893247450679 0.3021351387863459 0.5136191258158419 0.30418480123191227 0.5239547894929235 0.3077669005003576 0.5319036085812119 0.39724791918652397 0.5799935709245859 0.40763504622556657 0.565103509009636 0.4121501225918092 0.5641909191358239 0.414102891852937 0.5498759595539165 0.4057498519847887 0.5422719575474199 0.38631974551647197 0.5319509529523825
0 0.2983849065426011 0.5104415527247992 0.18803823774967754 0.47906805363416977 0.18071506816376515 0.48725326592456114 0.17782657322695666 0.5046361531276522 0.1784287815299216 0.5169041988418764 0.23824787298723954 0.5377557262503059 0.2968717097649053 0.5533827667000097 0.30512785644861506 0.5363361454475177 0.304015752063985 0.5267948750431969 0.3021351387863459 0.5136191258158419
0 0.30964201662223 0.5334923951267333 0.30155125433593644 0.5399742890410629 0.2944866975613677 0.5545207554643916 0.29781842975211925 0.5734887644424931 0.3259415068096944 0.589595920837425 0.3754529567524806 0.6132960849273204 0.3988014284398416 0.6220234166161549 0.40492751096084645 0.6047513964730932 0.39503836949930804 0.5918095972675003 0.3952028377040965 0.5793137094823656 0.35335998522409945 0.5571974455773102
0 0.309748987925574 0.579385783302417 0.2989296179441216 0.5810988743998416 0.29024855785902415 0.6004178084105863 0.291789240415553 0.6154114078445436 0.33738049275403936 0.6368429239466974 0.3991615153987627 0.6626910962429423 0.405883392874338 0.6441689986852991 0.39889374066114136 0.6370182376402824 0.3981206508049936 0.623727956582387 0.3756238383056634 0.6143183202709915 0.3262841861086878 0.5935715519717395
0 0.28485891748905634 0.5537336917326531 0.2929579255089998 0.5646322418410739 0.2940764432420243 0.5876916353742005 0.28616022727942464 0.6029204064200905 0.22011999250191894 0.5785525967896782 0.1691592560312758 0.5529224938429808 0.1707675136081545 0.5307695822328145 0.17825881616936656 0.5178131239451774 0.2378220433932241 0.5380968785615864
0 0.29144839350181506 0.6152980976041736 0.28446423844438506 0.6197342992409904 0.27944293076698823 0.631098306212595 0.2787694826731623 0.6482521297546052 0.2838008684694646 0.6581308876996955 0.3254710070110233 0.6753625953671355 0.36680396340935506 0.7002056345820943 0.38699799780754185 0.7045053157653042 0.39500102883567456 0.6926844030617084 0.3984898996901924 0.683707240678897 0.3919196637226168 0.6626972041937942 0.33695466316002387 0.6371840762579778 0.31428880149276645 0.6306145254968558
0 0.17445876702095675 0.557738266171728 0.16873989614480722 0.5623199252314369 0.16525827538708499 0.5796385565034945 0.16554852547884813 0.5884868605790308 0.2353593547628829 0.6181774120337841 0.2789615135961486 0.6346172451887232 0.2783871656239876 0.6298883327926816 0.28387469773631774 0.6200435078782479 0.28913519763278417 0.6140129041376111 0.2848392770431703 0.6031846831018587 0.2418102357397926 0.5888802231919548 0.22046691208170632 0.5808124817199096
0 0.1688098814532083 0.5892469158113047 0.16172143462823824 0.601152667007759 0.15915163406079008 0.6109950310376467 0.15978796946657747 0.6257929295320156 0.181189589231471 0.6361490396493692 0.22250173882973084 0.6492344581261795 0.25608910619723313 0.6594277293050755 0.2726849057185241 0.6694827703909749 0.28171727646447586 0.6549818394538169 0.27770976030321554 0.6491116137670915 0.27884799748821676 0.6365243557756218 0.23490221422547286 0.6193220065038626
0 0.16196261693024194 0.6271641460705334 0.15441210779876957 0.6298403351330416 0.1488779687812261 0.6620354133367261 0.19213896406955977 0.6828998086768577 0.2362571747681792 0.70178018558253 0.26286345920727805 0.7090044016159508 0.2747571110547141 0.6961029498754474 0.27086495666479526 0.6922159223283328 0.27291624448234353 0.6747459362456995 0.2570052329354628 0.6610288490914277 0.22267416626560643 0.6509124857600926 0.18141908233188087 0.6375218967775845
0 0.153055451493816 0.6643965883553521 0.14750654716899603 0.6654691967469618 0.1416883102710546 0.7017836666301411 0.15153251996435196 0.7102425096987807 0.1773969507645063 0.7214339423062716 0.2195706223210077 0.7416127293771443 0.24749495403462157 0.7534889499590456 0.2520706659566777 0.7511203922867814 0.25521296883287736 0.7421166319264256 0.2486890264418839 0.7380029823108719 0.24616829366419518 0.7306821713535214 0.2478207370511406 0.7166451483862751 0.24775874961751426 0.7065761622879481 0.2362577899893158 0.703076955158033 0.1921395792906963 0.684196578252361
0 0.2621203751260605 0.7103780790390147 0.24918908255768812 0.7067275170985239 0.24948056309172434 0.7181693603250664 0.24736913350395928 0.7294606690358818 0.2504629838115361 0.7389168532382674 0.2572158040818027 0.7431065904065336 0.3052826196137388 0.7642720547781195 0.3591266021286317 0.7831442287353049 0.36833447641614164 0.7768051733095754 0.3710190235337947 0.7676492378437954 0.37118345309489553 0.752469260996168 0.3268909692969909 0.7280205477300733 0.27550204079934126 0.6986195811788928
0 0.2828388053630029 0.6596592218544217 0.27345467031184134 0.6701728890354083 0.2728448922235526 0.6777224469611021 0.2712007622040361 0.6929477383019577 0.2775729214633691 0.6985412378918211 0.32759880563095456 0.7269337758497945 0.37111185154757165 0.7515572850791292 0.37691672847790375 0.7548236413443209 0.3784697784955653 0.7465183834781014 0.3874262954621481 0.7297142072735361 0.38699461838871635 0.7148681188992274 0.37642124595370646 0.7049374626290468 0.3665588790809725 0.7019261633353606 0.3250735633883431 0.6750362307825907
0 0.14816215501175228 0.7078328865038351 0.14130845856883062 0.722213087383298 0.1364160978282034 0.7390962678668836 0.1394457155056822 0.7553738325849609 0.1813927629512916 0.7723264047153267 0.25074460293310336 0.7967697645130806 0.2638029014179615 0.7770483714701744 0.24656435884365513 0.7653020215262226 0.24823353675176263 0.7545197984706543 0.2191521009171789 0.7420756058029881
0 0.25704944717818723 0.7444938275548253 0.2527650086201525 0.7516302027449783 0.24839690820351973 0.7545741092410386 0.2472178446506837 0.7655192646077595 0.2647419579101118 0.7766664395150671 0.3323847651872366 0.8139611013302434 0.34814989071149827 0.8187392780824471 0.3587624479666471 0.8083851004610891 0.3599029741447166 0.8022858995954892 0.34601420504233815 0.7930413582140484 0.3450287066445432 0.781607991434675 0.3047561067942933 0.7649806984058088
0 0.1418161385482759 0.7594010268846777 0.13496024640233262 0.7691531018653622 0.13251801829745802 0.785925318724956 0.1317077481477375 0.7995381425693697 0.1746337068820767 0.8140397037827741 0.2096771028542851 0.8261521766200767 0.24672037190355428 0.8359216745603805 0.25778187129558194 0.8250226326727628 0.24908069471224809 0.8186594897257168 0.24841710867131955 0.7971528675097995 0.18098499303280524 0.7735790655589997
0 0.2740683141131165 0.7818491967205669 0.25996730826407144 0.7819501621086385 0.25130402121155593 0.797042637430372 0.2493326026439751 0.8019787010825858 0.25018621377957817 0.818238006984525 0.25871835023431744 0.823870126103108 0.27366792533317613 0.8352301365157432 0.2934800925319343 0.8438133823330936 0.33038865700432735 0.8570816380789418 0.3562957897953259 0.860302393696441 0.36017020898036595 0.8548007934753601 0.34874614095297907 0.8454115699300315 0.34883986090429653 0.8200815662096691 0.3323074841188709 0.8155840577503551
0 0.471112911025411 0.16133305158019065 0.4628852324778546 0.17279476147772946 0.4565640964471138 0.17880589267355715 0.45716496336178947 0.18779419883158252 0.4622741786733358 0.2052106863639289 0.47247721172158613 0.20758849139789395 0.4808940039490796 0.21748499611543118 0.551487879423644 0.250755655759606 0.5583711458091968 0.23495976733405402 0.5588990305634742 0.21586803797554235 0.522676811903539 0.19808005680811477 0.5161147516978714 0.19927879666458
0 0.5597633984223368 0.19503035911160935 0.5541838464488209 0.2107614782640854 0.5594863395829334 0.21495920549980288 0.5590182415459107 0.23482454332585365 0.5770240710549165 0.2416220135199051 0.6448859960306368 0.2541713756054627 0.6565352789958856 0.2493863236339486 0.6585332311474339 0.23327620715337746 0.6556604540264774 0.21717019876233082 0.5997356545904111 0.20263700825542028 0.5877954479836137 0.19812653098010027
0 0.44840962719151745 0.20454739154179322 0.44082082582026083 0.21257617295370668 0.44321215361323996 0.22040552781855505 0.450569473521938 0.227721336733561 0.4509561735178915 0.23758981240285593 0.47221583152071106 0.25845553954668227 0.5046028808958628 0.2816676600818584 0.5317242848235073 0.27769726451280313 0.5436173735198881 0.2835448450010609 0.5503001508582274 0.2781909546966104 0.5517751843944779 0.26704751501334556 0.5518627445698338 0.2503023129113456 0.4806962786115492 0.21744510710949919 0.47219169649475456 0.20758347825607837
0 0.5591621628331134 0.23622515510093425 0.5516717053722145 0.2502388043492027 0.5525388276737643 0.2662191649791384 0.5578894657406746 0.27124455756747573 0.5633317720724652 0.26818382231604343 0.5683899459642551 0.2606665328092102 0.5803316931046242 0.2684241629328666 0.6236079767440723 0.29525627151018746 0.6391323507287903 0.3055576675274966 0.6544057298257083 0.29007305112613047 0.657932509069401 0.27555338742548124 0.657685108759935 0.25734406498625756 0.6460798626379594 0.25429770804816115 0.5770722159877143 0.24244967887252497
0 0.453728552683728 0.24338141582643255 0.44594973913723335 0.25351145724176066 0.46949775942195915 0.26648021286907125 0.46903068840731765 0.28851031926067955 0.5001234732200268 0.3012817023856872 0.5193236828475457 0.30928788930521584 0.5351369264290502 0.324555277438244 0.5433449362811998 0.31321514993426375 0.5499288561979908 0.3007940075106796 0.5509250079622168 0.2867858357151105 0.5449070164816157 0.2842441238662201 0.5318200611779123 0.27827021093526394 0.5045552494742557 0.2819223790120174 0.47140404330862695 0.25845622422826964
0 0.5688201692922913 0.26162121528611576 0.56342754842687 0.26875676873850435 0.5576513086326387 0.2725181522182706 0.5486796555012026 0.2846866297564581 0.5524051766103729 0.28646623885963385 0.550215671750015 0.3014304624952833 0.6134537542515061 0.3311108708268103 0.6359508021937308 0.34318913722094563 0.6494638727359459 0.34145865836657685 0.6503632211233858 0.3247127715829894 0.6398970210304578 0.30689408605884694 0.623895305807287 0.29697511077757
0 0.6371928137338512 0.34414313501626376 0.6470797340996346 0.3487826834606318 0.6459872924698132 0.36113552455096115 0.6401706104106426 0.3803050069197897 0.6246995164706279 0.3816551190828885 0.5587418213368133 0.35675223122541405 0.5516713169801394 0.3500728772950119 0.5511914081857338 0.34504337661715007 0.5412548023535807 0.3363290099718257 0.5360921224171463 0.3248728202489584 0.5440619751612602 0.3148062873957731 0.5500251460635863 0.3024493382159192 0.6134066363410894 0.33244797403974813
0 0.4692698725377346 0.2894014931754423 0.46244420093457383 0.29551954027036975 0.448453789153906 0.29763243986077054 0.4585814341836782 0.3064103150682378 0.4605010693613007 0.32652831777968516 0.505397334846583 0.3457823670143796 0.5451355419961461 0.3633216850712159 0.5517670933345443 0.3506458237174727 0.5510003689881144 0.34497986805500713 0.5412553158647713 0.3374113942546045 0.5354713734026815 0.3249370134926887 0.5184166317922473 0.30979801184712125 0.4999805789552053 0.30204585917616417
0 0.5519110146217469 0.3520464354925534 0.5452313183505509 0.3638946314936768 0.5428932706022752 0.36771678480923625 0.5432830516653723 0.38407956617520417 0.5516913439165714 0.39228586432338536 0.6177376262481231 0.4026083186444174 0.6382710021694521 0.40239999123671577 0.6394074806425468 0.38221574123677576 0.6240316495457465 0.3830564155395566 0.5585036642287774 0.35802582587620896
0 0.4594506105299902 0.3267202128292887 0.4528164916356392 0.33398415276913784 0.4410698917824139 0.3349491054698548 0.445948323722777 0.35118076162201234 0.46094413046910104 0.3545426073260611 0.5293034236197063 0.4089225357039599 0.5413255417787632 0.384781583766713 0.5425572830950722 0.3640878959064551 0.5042992445936654 0.34622898099414207
0 0.46103990682350593 0.35511555374852183 0.4457096531035506 0.3513719719900284 0.4446653564065269 0.3645524784329776 0.4356460718534836 0.376975674901324 0.4432425758925986 0.3851826577310926 0.44525439284629204 0.39829691688554925 0.4776880466206698 0.41908954992500885 0.5242166182203599 0.45674276260376806 0.5349086511527503 0.4473106306904242 0.5403412007719203 0.42368459406619463 0.5290171215788726 0.409368465002135
0 0.5513574104541306 0.3929865125517194 0.539037179496857 0.3926785552832288 0.535604122562807 0.40344162827522373 0.5314529997263155 0.41044879524015165 0.5411524754728138 0.4226015251018284 0.5385793516836457 0.43419157876485565 0.5468416686028799 0.43666772800684095 0.615084131440267 0.446096954368348 0.6238688534636083 0.4425240425302481 0.6298873584554 0.4461481386619173 0.6429143580689228 0.42639954773634114 0.6452964426604717 0.414745985511171 0.6388441197623098 0.40259051692314446 0.6175465870505039 0.40254481008227444
0 0.5462690645212127 0.4375595866031911 0.5397261003805516 0.43565501442049176 0.5363411883792992 0.44724575276510653 0.5258396811333377 0.45565900895781447 0.5261792632188746 0.46686458784004725 0.531627731684952 0.4767924639819607 0.6116623717524093 0.48067248158147663 0.6235052614712302 0.48136285958599934 0.630041549966414 0.46919643609257417 0.6292671229521257 0.4472947161884264 0.6246811551868829 0.44360574213143944 0.6150846449514575 0.44717933865112675
0 0.44243849034837296 0.4014191066543622 0.4506526623348095 0.4030675905437277 0.4785961246983494 0.4207441959486611 0.5235006063626807 0.45731639370781635 0.5244127925298849 0.46763011399369897 0.5191687145523813 0.4859077377661775 0.5118636476660056 0.4880786684660219 0.4467059299868919 0.4382802574230474 0.42506624763359624 0.42161705028605057 0.41484282624941904 0.41226622865612256 0.4157473097487646 0.4063441847003231 0.4337526257465798 0.4120592706115958
0 0.5231282846800631 0.4777546779563279 0.5322966256322146 0.4775559360908501 0.6109939913163374 0.48099139375536587 0.6229321438783725 0.48117233389957065 0.6237470131576 0.48766595491465603 0.6273306670243299 0.4923744893738664 0.6270049497409382 0.5103932861266615 0.6194161483696817 0.5184220675385749 0.5983137629450195 0.5270989435220782 0.5479777586838994 0.5163175509527101 0.5234786505006018 0.5116903267769156 0.5240947779143516 0.5018846749881761 0.5178340077249995 0.4908750992450713
0 0.4255304880371657 0.4229775983405988 0.42880783790688504 0.44049195737819763 0.41555499035712434 0.4581024983947044 0.4198789101449222 0.47142173395615167 0.42888329081750504 0.4695226190971174 0.47639533551611984 0.5083820734816614 0.5120576436800397 0.5321193594246318 0.520069018930666 0.5173093997072225 0.5239476790051006 0.5021739655598927 0.5157378030047023 0.48861128746129306 0.5101245340469612 0.4877936216747653 0.447002497581354 0.43850285120294186
0 0.42937680874468803 0.4696866828826532 0.41957129054704256 0.47306679371342836 0.4127295330536465 0.4830236060517754 0.41107037708096 0.4961011678368377 0.4190950180373427 0.5092528020912142 0.42052134403748176 0.5254528820837591 0.46291032127909953 0.5566683359743646 0.5019035438088607 0.5808140126204071 0.5094247175587433 0.5728303876104084 0.5179262943101137 0.5511940931855883 0.5118737352065996 0.5345044749775872 0.47602552871337644 0.5089580654918042
0 0.5235825151993719 0.5125365154601605 0.5139701914691958 0.5331046265182304 0.5187902823253279 0.5521802446595706 0.5281062623075172 0.5570245482347954 0.5516098877682867 0.5644885660962906 0.5781963420607306 0.5694827833709112 0.59281531826163 0.5711974936955833 0.6000976924713748 0.5799087931758881 0.6096571149907165 0.5778447301509344 0.6179225453431003 0.578495679010775 0.6243944960337531 0.5691148586825707 0.6190815505357257 0.551273256454284 0.6132182061879542 0.5433831602820419 0.605811457568482 0.5325337253074692 0.597420326235795 0.5269484815561821
0 0.5097316383934921 0.5742760760496267 0.511909615036513 0.5802035763495944 0.5135121345119774 0.5957989597064112 0.5019654389757051 0.608118518206703 0.45980321840993305 0.5820521050348101 0.41527328134161856 0.5576633711200618 0.415028049631435 0.5501874570644045 0.41188422032107797 0.5461298016101557 0.4100930005842575 0.5403308737461996 0.42023731248624074 0.5267235116894596 0.46235339758483923 0.5574303146703159 0.5015662068915199 0.581694634541714
0 0.5283820032364744 0.5580191177457744 0.5139309923101189 0.56170491720086 0.5107944401869196 0.5729861932968477 0.5167010596913427 0.5930249494159486 0.540875965324292 0.606538916506052 0.5818685587879738 0.6124981289481767 0.6084521183998123 0.6087376472934314 0.6214488924347954 0.5963524164442463 0.6187343169042336 0.5801134778419276 0.6095501398796768 0.579798977406334 0.5991103024076748 0.5818057114733878 0.5921455593015683 0.5729175798179322 0.5781751356130087 0.5707380859947252 0.5510554969127123 0.5652827673149933
0 0.4184648055163973 0.5603675506689697 0.41310206208667255 0.5659791644024569 0.40749512654492964 0.566306140016035 0.398027379329256 0.5795906848518585 0.3962926910412631 0.5910641265364203 0.4062073652055436 0.6028499894602447 0.4176680273964611 0.6129588661923681 0.4785889975111263 0.647452318446578 0.4988460402222346 0.6555558472425348 0.5053120031226509 0.6319619433006909 0.5074350077140926 0.623903987955763 0.5011919251633039 0.6078613733346796 0.4594651959663196 0.5827613326292053
0 0.5178141553446055 0.595859780597199 0.5021593372278881 0.6092784423925829 0.5079181939473019 0.6235168845168406 0.5077294936859459 0.6333133400097012 0.515900123178745 0.6368511611963545 0.5474182120386782 0.64185162489194 0.5796595208511773 0.6429845195255198 0.5867144556953002 0.6382093196915526 0.5932846449089658 0.6305343093928855 0.6044990357915343 0.6309759961336033 0.6000476927766489 0.6218279473443501 0.6005744154816184 0.6113222642570942 0.581047350111151 0.6135944599814943 0.5408764851233747 0.607634554473926
0 0.4125986602943579 0.6083987993672939 0.40339423173329286 0.610771878666471 0.39870178262694284 0.6238809659343384 0.4000989980103597 0.6381995387961986 0.4080610269561515 0.6446494970108815 0.4376073911113233 0.6696841416876801 0.48010239714942693 0.7017398859012999 0.4947290129018011 0.7085038603500776 0.5070430496323319 0.6916805521039189 0.5088063602208512 0.6691765985464754 0.4991154396031467 0.6567189171684378 0.47820734672533943 0.6486816914438397 0.417299874433823 0.613764740990906
0 0.5069195592396954 0.6335066665751133 0.49916274827433427 0.6553764005821682 0.5098615875121073 0.6700706929992183 0.5487049352099863 0.6857001595827761 0.5963644458859486 0.689048117855071 0.6010553482217489 0.6726787313710602 0.5975050098962814 0.6676953838384142 0.5886816286556327 0.664762162474341 0.584886497531296 0.649103135386944 0.5740483102308764 0.6438702247556084 0.5469106892104727 0.6429981288173504 0.5149767211180455 0.6383583580226382
0 0.5967501335180141 0.6935227148402511 0.5955565893444781 0.7042635349839848 0.599879334114443 0.7203696092977531 0.5820911612097662 0.7196174827337963 0.5798891828259785 0.7270349254331366 0.5597041253607481 0.7271158774544056 0.5033153351963289 0.7170628982401173 0.49981333672241546 0.712910566931964 0.4975563158146915 0.7053690301368564 0.507810300174997 0.6919356148312295 0.5085718792256465 0.6802362470993476 0.5132201132019084 0.6749902748500364 0.5495210411943886 0.6878730049399606 0.595549886672096 0.69013557171403
0 0.49683792071376365 0.7070317500394196 0.5009657593069629 0.7165534602390734 0.495170258647986 0.7290242032350864 0.4892250981226978 0.7292209999091906 0.48309224968320935 0.7380481621445165 0.4520638490157272 0.7220285394806383 0.42630797567324313 0.7028720242428061 0.4027098655844588 0.6841611813241902 0.39671327166651726 0.6770063633415146 0.3934956408099122 0.6658856989211256 0.3945966300018061 0.6621769775714553 0.4006389858203855 0.6647289797517177 0.4079175541720392 0.6454167475535466 0.43751225817876493 0.671282408454838 0.4792878379355743 0.7028273397602588 0.4958325800446112 0.7102289710273131
0 0.5639723431969602 0.7293497386791072 0.5776450516728354 0.7466625487725579 0.5847930369949578 0.7552867272515806 0.5931834219323535 0.7550878682167435 0.5965913186540751 0.7630119991028169 0.5910827635633227 0.7739482410134997 0.5914216581143839 0.7808521209903304 0.5878291670195613 0.7880789540977652 0.570472443647588 0.7871986087165754 0.5532586774695437 0.7844642463873394 0.5256381735237831 0.7763687546095349 0.4851657073981989 0.7629141957438946 0.4813716074542285 0.7494287014672599 0.4780588436650651 0.7399063038140286 0.4828526127861723 0.7382401466435772 0.48965757883576766 0.73126631390272 0.49579455199672195 0.7311332829104433 0.5019741935172146 0.7198768376834669
0 0.4763275911152955 0.7383431664690868 0.48028023138216863 0.7491341831844869 0.4789490726403876 0.7638548747338328 0.46771481600833054 0.7767997286329303 0.4254142051110695 0.7445415640874121 0.3916812163868707 0.7196805625676194 0.3898728200249558 0.7156676599528297 0.3794300636789133 0.7046144886325374 0.3890654908290221 0.7063013425346988 0.3968874851458781 0.693359366619223 0.4025717110209247 0.6872883258639407 0.42579664457982636 0.7044861724416203 0.45203341358753646 0.7238225069570147
0 0.4838317252867438 0.7605500047922454 0.4789497921362929 0.7653714357628111 0.47333302356821716 0.772602143226849 0.4743412856932526 0.7824143387132899 0.4781604503379948 0.7939191440691356 0.4924158958656309 0.8028280714844699 0.5249382505438817 0.8143978773915553 0.5371176289694358 0.8192049184440128 0.5598667639000144 0.820702292915513 0.5767938803579831 0.8198851306088718 0.5827472159650076 0.8169361956596329 0.5824048929588155 0.8005219349130082 0.5816635820780418 0.7892821621456761 0.5704895877939014 0.788221072463747 0.5527580201236207 0.7857381614681701 0.5253888668155149 0.7770187134834972 0.48470363380602666 0.765009744803219
0 0.4017598063784789 0.7274538293985402 0.3906141279673887 0.7207738351981133 0.3882270787237818 0.7308877242503212 0.3796005133715628 0.7465295156965522 0.3779718176037554 0.7565649814756314 0.3749415404191601 0.7634902829949722 0.452378760841811 0.8120397578889222 0.46527327930528356 0.8159958489871961 0.48043721210267 0.8078157750977968 0.4826503183566195 0.7999577588838521 0.47780673757131076 0.7966949303693264 0.4736583014009117 0.7830862888163826 0.47178743503279286 0.7745316641855137 0.46776416189673264 0.778813158792418 0.4261547900132821 0.7481237075597323
0 0.48591774739176224 0.8010439742915373 0.48142832602297353 0.8064926169541377 0.46480713107255506 0.8171629970428921 0.4549466538560008 0.8142155345374689 0.4552438778488357 0.8258828328029578 0.4540832123449182 0.8387181155824371 0.45793693389736434 0.8459487456113527 0.4820328115081712 0.8509843604509598 0.5615498196820662 0.8565955010613688 0.5681922751625168 0.8396330608463609 0.5684206442009773 0.8291320741782734 0.566258199933508 0.8208110464502028 0.5367975399121405 0.8206025432962245
0 0.45261277597375593 0.8134396663891222 0.45518506039398915 0.8248716948352254 0.45425841002201667 0.8391068861149046 0.4463895708018766 0.8533479326026413 0.36031762955864033 0.8032500672451741 0.34712839647721483 0.792915964622872 0.34525627542165505 0.7817166966212726 0.3590837176943051 0.7846608132935199 0.3694647691923909 0.7781960139134232 0.37196882600197023 0.768782079111315 0.3750591753288531 0.7655125589304373
0 0.3684874568339383 0.8086102491351177 0.35997037092304585 0.8090841346070655 0.34906623576854656 0.8196719091312213 0.3500698965632598 0.8447951846948669 0.3619169930264645 0.8543525827105286 0.41431600187332374 0.8790435919104193 0.45311405545483197 0.8863225327138798 0.4590569749143296 0.8704496537397329 0.46039409278278665 0.8606477848634516 0.4582291391404354 0.84703747039392 0.4523368816674178 0.8467313054260512 0.4465072057115696 0.8553702085381065
0 0.48115870515384024 0.8530074728447191 0.46091278503315664 0.8472685579218359 0.4609184311266411 0.8591694530901232 0.4609240772201255 0.8710703482584105 0.4565522907610298 0.8785412668564757 0.46589533041465503 0.8975125996742452 0.5046915019650019 0.90082457542161 0.5223100842729286 0.9020542540428487 0.5413246019041589 0.8944932017555388 0.5657070386645522 0.888716646209426 0.5658202821682018 0.8814826703473345 0.5645907617099098 0.8721496681932371 0.5615504470257866 0.8579178227467342 0.5209459906244904 0.8549962904484246
0 0.6755449238300621 0.23074929333173713 0.65801030875737 0.25914787521401067 0.6586896446300421 0.27621593438381536 0.6592697228486901 0.2861881290777288 0.6688521051890721 0.27198815068301435 0.6798353120441536 0.2797141099878283 0.712831725690402 0.3004627049106194 0.7511911592825578 0.30669524284386834 0.7554053657752002 0.2961436573848846 0.7542025409783659 0.28732268223175766 0.7290226211330639 0.26944423044478977 0.7115614842052339 0.2506003565338972 0.6904132388402063 0.24166834890297859
0 0.668660808143589 0.27301115140656784 0.6417320142348985 0.3080661125277155 0.650513242706192 0.3232095145318698 0.6538727995763597 0.3303026291934505 0.6813004597060873 0.336160822478665 0.7238314314313472 0.34296518918763014 0.7376409100189526 0.3453827854684608 0.750727353193981 0.3396822040034242 0.7552794230573181 0.3338609657105088 0.7551246072891746 0.3107193553347886 0.7519105855638522 0.3072060557520674 0.7125447801221775 0.30199720599594965
0 0.7452650755940495 0.34710239651707503 0.7217220080292014 0.3433505330929069 0.6814927879319369 0.3373113545658739 0.6536336782695059 0.33158138009789234 0.6498992611611207 0.34283576296413587 0.6422756111762069 0.34220291832090255 0.6468338681217429 0.3494228768925609 0.6460244648097228 0.36137799480533134 0.6425307157787411 0.37461392598327636 0.6442585762702873 0.378448116335869 0.672932245146571 0.3830906369448918 0.7105244281960617 0.3890681121508299 0.7211204006485279 0.38905917525432043 0.7436503936914751 0.37970676358566485 0.745751567650689 0.36193315719428987
0 0.750609767525389 0.246427977105001 0.7326923240670207 0.26936064000137905 0.7554806025121263 0.28578942285801395 0.7574608648835446 0.2994944218536572 0.7769581394337131 0.3129653398752677 0.8179999483317125 0.3214836858108343 0.8344443552417937 0.31390373480852746 0.8365692250303054 0.28572103077500394 0.8287558544685285 0.28452143386927636 0.7954391935768517 0.2645926235878778
0 0.7574608648835446 0.2994944218536572 0.7528582350847048 0.30541958491446597 0.7575473186782313 0.3083762705756454 0.7564059472225507 0.3294306771210976 0.7946542498645228 0.3435437001987114 0.8315035884275218 0.35579379618538437 0.8309954782240069 0.3248719790308841 0.8190699004592301 0.3232372370447511 0.7767940756481773 0.31384270507914863
0 0.827227317438986 0.3562360163088598 0.8382487756225483 0.35896805438676643 0.8349728061941348 0.38769999605309935 0.815153594735581 0.38903255229275074 0.747378017116163 0.3683652320106201 0.7464641693507273 0.3489573591897508 0.7520529506235495 0.34149621743522784 0.7583809033116665 0.3319510385280266 0.7941611741275316 0.34431168954556846
0 0.8146347302241443 0.38980575408177004 0.8296326260739927 0.3939975644453635 0.8283075973431528 0.4074529538384149 0.8239018258430573 0.4262365908704649 0.8106588904767416 0.4285835713607518 0.7701514211930449 0.41908762711442193 0.7379835476901369 0.41117300058935463 0.7375558766020934 0.3959438730429404 0.7325104823571408 0.39585469600580003 0.7263399541600308 0.38745098048172794 0.7437151014759555 0.3805223250644258 0.7471430685675019 0.3685600810953409
0 0.8189270821503757 0.42736197600758324 0.8202649213142299 0.44090855191746353 0.8206925924022732 0.4561376794638779 0.8073106165960647 0.4608205883061647 0.7690481403325002 0.4568352647324912 0.7366720829471944 0.4532187061855102 0.7287481013763182 0.44145290160790274 0.7190736806512081 0.43267841157744963 0.7290900508144263 0.42370044897660936 0.7377798851370383 0.4250011739684756 0.7397362475090201 0.41294673874271765 0.7702919687427041 0.4199284005627668 0.8112902241178834 0.4299845255280452
0 0.6455580667861807 0.41657660371667293 0.6433905063122685 0.42657570331982725 0.6381384352946844 0.43396129606111805 0.6410140084010754 0.4392845200008954 0.6530649270373785 0.43535019335028036 0.7194367296260459 0.4593997841509849 0.7321903860106452 0.45966932474209443 0.7328156912127215 0.4483634717080083 0.7281182748449426 0.44322864924095423 0.7187234421093849 0.43295900430684603
0 0.6436411868157565 0.37834226768852436 0.6404274687646564 0.38216178633678877 0.6396523466189872 0.4014556208724973 0.646521006689072 0.4146256584563794 0.7138586340077386 0.4305680873766539 0.7171114666037348 0.4265393955671994 0.7222090081794728 0.4260122457511359 0.7276585806592744 0.42360253748436105 0.7378927783556464 0.42233906469104393 0.7374566146834677 0.4121961342660958 0.7369788063185401 0.39692930477460653 0.7316066195459128 0.39714297597642395 0.7270932659957612 0.3891994561469039 0.7213686266277615 0.390406840428144 0.711016241914084 0.3905201419624545 0.6732111448681252 0.3841732524682418
0 0.6530159469944625 0.4357148400407748 0.641282238885906 0.44027683250597743 0.6300123600827199 0.4480154174158391 0.6310533222719303 0.4683093006663774 0.6236618832973267 0.4803596220505512 0.6268300932378552 0.4868531702045338 0.6434011662542957 0.48389929844800633 0.6564908890280365 0.48905678390140367 0.7175590834685376 0.5019028827892854 0.7264476652425109 0.4972010369724323 0.7341286267459359 0.4957246110071827 0.7359366152389138 0.48363158117223315 0.7353240091041472 0.46670399095097687 0.7319425772232984 0.4605425462983379 0.7193178310592094 0.46097995330878105
0 0.6427965912495003 0.48389980836102037 0.6402020722799672 0.4872686509553726 0.6270082243620095 0.4875168672942069 0.6279351181032291 0.4922578521707373 0.6276589807910267 0.5098974569755971 0.6293006936374271 0.522129830249183 0.6368763826923536 0.5236408060569836 0.6490426536377197 0.5313122066913948 0.683258558067414 0.5398659457994985 0.7130990147207921 0.545957656611617 0.7273921509827155 0.5390226221430788 0.7320143817764764 0.5369323463211285 0.7336041766772468 0.5146921199044027 0.7290864534624633 0.5121827939405152 0.7277685890915293 0.5079163154820491 0.7180572387205528 0.5024714746301401 0.6853003267959781 0.49581321162922326 0.6562067205858627 0.4897682885719931
0 0.737302891252932 0.453512352868112 0.7328391237205364 0.45892986042978307 0.736496523499637 0.4655134959926768 0.736910987016379 0.4832882683332614 0.7580279140949302 0.49030832333950175 0.7857098577265573 0.4991274221582853 0.8049316759647258 0.5055174722280682 0.8113580528664104 0.5003689964904007 0.8225907939760319 0.4987353997139586 0.8225152885412521 0.48222354812115187 0.8222380092384699 0.46832850902073053 0.8068056809623512 0.46166457566883895 0.7690428715248021 0.457545889644924
0 0.757902113402507 0.49114731570110753 0.7370481074339115 0.48317841465464834 0.7349045095564862 0.49464174998257526 0.7266297092317258 0.4973312142752799 0.7203219733445019 0.5019699177739088 0.7282348561564551 0.5074501452580777 0.7302033956994967 0.5125086273458067 0.7342277581018538 0.5138464756664692 0.733272438836009 0.5241504629209623 0.7817006296570581 0.5374001119260693 0.8001300114278409 0.5427495384013797 0.8173666892705285 0.5399305843047097 0.8195480283840713 0.5116407195221662 0.8052337342447651 0.5061049255702673
0 0.7333185390033211 0.5249429764632393 0.7331410221597624 0.5362827224092205 0.7160902200918282 0.5453809735568028 0.7174673246891717 0.5567194082978908 0.7365828002494516 0.5625559806740705 0.7768224906583447 0.567643149529217 0.807460309927126 0.5731651758297364 0.8122109658642725 0.5633457120663262 0.8110594450851396 0.5456057020972735 0.8000848946641987 0.5440298534469726 0.7822498980501237 0.5386189600819128
0 0.6176341002451853 0.520163301797075 0.6049249530306084 0.5247464388279741 0.6044688683758371 0.5271854463445543 0.6066664336499342 0.5330972532618631 0.6140786067453089 0.5433332176021402 0.6194315150685228 0.5500349156519392 0.6222264157103374 0.5621037414431079 0.6658534251104131 0.575052612023934 0.6967644034702221 0.5780748195205702 0.712674502199393 0.5740376728705036 0.7145390405637706 0.5526371848192405 0.7127073264171606 0.5468470004765376 0.6833951028582261 0.5404703381415452 0.6488692548816841 0.5318423469714544 0.637068835063805 0.5242925689116487 0.6294320615538895 0.522531008387206
0 0.7368075931573743 0.5632180206288727 0.7175979864261312 0.5573958724854312 0.7146141359553644 0.560914668104528 0.7125306309725503 0.5743180923935793 0.7065607896818525 0.5768442331758209 0.7080551228100455 0.5801602171292185 0.7115908194012839 0.5861282747956128 0.7131379957950656 0.5959460130267225 0.7491646709905704 0.5989011471462052 0.7777282419417664 0.6033221633225078 0.806990416889798 0.6119223181097012 0.8074317606934729 0.5982548993138764 0.8090157277341131 0.5807385134030579 0.7994093191066185 0.5744438514893732 0.776468695340512 0.5704825069883297
0 0.8075379823119415 0.6123862704832883 0.8138093656647329 0.6161626395616664 0.8131273493739184 0.6469472419844035 0.7943713934540432 0.6533985151668613 0.7461515210950189 0.645544143503062 0.7148970803384938 0.6328986309826676 0.7060842604931923 0.6212293639555377 0.6990646404017223 0.6135392776724847 0.7011481453845363 0.6001358533834334 0.7128396642567181 0.5964106788500307 0.7487670739685373 0.5998966557819457 0.7778280425127428 0.6039191831240636
0 0.6997450514306638 0.5793710874077836 0.7107940200953446 0.58473570422513 0.7099502634840176 0.5892478681308034 0.7008989115007405 0.599207235186538 0.6924959956851654 0.6124832996453913 0.6206838528685867 0.5905837103935013 0.6191857741293567 0.5793726881421878 0.6251022370671746 0.5692169304682463 0.6238058998190616 0.5637113982759964 0.6603844211350378 0.5761533856809703
0 0.6906056707968125 0.6135464121696982 0.7009074728973967 0.6172530370103458 0.7077280269342046 0.624876946304275 0.7061013832865045 0.6573209676031536 0.6912733701069906 0.6574661636763852 0.6841550196191262 0.6514347828197525 0.61816542512959 0.6311889048462334 0.6069189956721202 0.6291416988817272 0.6013921034469702 0.621384008710108 0.6018350525125181 0.6111001777562474 0.609248524014984 0.6098997171056435 0.6219310924621478 0.5974825266059552 0.6340714463600785 0.59588000987256 0.6532815881786127 0.6028300206299896
0 0.7089234934367589 0.6275297334669933 0.7065977107049322 0.6546667535409929 0.7178484208607301 0.665736860417403 0.7298911145368482 0.6680487743384038 0.7482558944821824 0.6761273611595425 0.7816477536616926 0.6841269288965736 0.7987626185770106 0.6796673864353183 0.800098421908437 0.6634781075555803 0.7973573842739741 0.6543911700037165 0.7462513216659956 0.6461411633046178 0.7149974159967613 0.6346235133982115
0 0.6054769707222251 0.6311996065920535 0.5935847805335083 0.6314750162943686 0.5870700492571221 0.6391765177729628 0.5811503757955582 0.6425650997629763 0.5849347711833014 0.6483339130122783 0.5889726811531684 0.6640542453703798 0.5974828887617941 0.6671652773089143 0.601764681742547 0.6725356017240317 0.6065940401454433 0.6783698785127358 0.6488451413883515 0.6910061161867528 0.6919890968971386 0.697736905934892 0.6978495060456217 0.6743122182993108 0.6972474920960164 0.6639629238060478 0.6910748391396195 0.6585278493012495 0.6840061213935978 0.6522310470384008 0.6185640923262052 0.6324491214384689
0 0.7024701668226176 0.6597787910471075 0.6976952569471834 0.663829856378079 0.698844301231641 0.6735152406309411 0.6950204397605843 0.6894412384536271 0.6988069754974915 0.6997215021588813 0.7458340567904161 0.7105623997299025 0.7732533992427737 0.7154487951792349 0.7810650028545637 0.7143806885068784 0.7844939427400424 0.7050895123898732 0.7822951196548125 0.6851879010717165 0.7489534283044361 0.6780507745424575 0.7295436853439489 0.6699067241819163 0.7177496904643356 0.6673955658438232
0 0.6013681548950959 0.6757868355877482 0.5968958572563372 0.6883961360073153 0.598640494442908 0.6948964633855845 0.5967048175110403 0.7052478982280118 0.6003424550224191 0.7163244261519139 0.6456734616960338 0.7181438497104738 0.674833160636634 0.7205076716261715 0.6851856656536431 0.7262046002885789 0.6959314869943573 0.7218831194033419 0.6987578778429396 0.7011147861790854 0.694673545654976 0.692427050911128 0.6918407337589014 0.6996610327675284 0.6480995800861281 0.6927317120520179 0.6067440085455535 0.6798293395220636
0 0.6988080456720734 0.7019772273868573 0.6959314869943573 0.7218831194033419 0.6881711213862829 0.7260693925114463 0.6905620543913917 0.7313749668368826 0.7187301686697186 0.7413029421048777 0.7552072841528452 0.7497643218663317 0.766254112468362 0.7506174882277262 0.7847128070244718 0.7468866060965528 0.7844987585256614 0.7152402759157651 0.7805179725197112 0.7150445987472794 0.7729054349625832 0.7161788824087595 0.7454364597683831 0.7115579083656431
0 0.7637169566741802 0.7517474911908781 0.7775528501041298 0.7580385858559562 0.7739355459098092 0.7898208372635981 0.7361151358731819 0.7817586597860502 0.7118301473789925 0.7759407923409367 0.6868961876298104 0.7656783648787164 0.6885362084597856 0.7614309089295377 0.6862418655019074 0.7499551787217295 0.6896670597763489 0.7327689643068079 0.7186810710151669 0.7426962261250818
0 0.6746842624111058 0.7213039358448197 0.684987134686272 0.7272662859134433 0.6888211628158579 0.7327696777565292 0.6849482036902494 0.7500889595994193 0.6868444145388036 0.7614323358289804 0.6729135363234965 0.7646949848882386 0.6014082864419216 0.7603765316368483 0.5953365042310832 0.7577942021615819 0.5939916044157095 0.7548098166035241 0.5857813336073043 0.7546177066836451 0.5787115456867007 0.7460651791928203 0.5719886518717054 0.734526839244495 0.5799966461017025 0.7278855964913222 0.582630391943115 0.7205854376457981 0.6012406601612079 0.7216976043659166 0.6010896215865156 0.7179824181286127 0.6453756652449772 0.7197363781477703
0 0.6802272072549858 0.762897504436079 0.6943635725724471 0.7732353837338004 0.6946288590749733 0.807999880350336 0.6502969282857058 0.8144063800353106 0.5929760712015619 0.8167767968334618 0.5829176170245723 0.8015923014358416 0.5824143334713616 0.7895843015161587 0.5883356121947986 0.7895793073681091 0.5926109841280593 0.7814152804153703 0.5923089069786747 0.7739849079407627 0.5975785390106637 0.7638960407056663 0.6346485719594483 0.7635330505225874 0.6731627702072923 0.7656236030851341
0 0.689932881366166 0.7686613235373315 0.6948609701654568 0.7728368948996156 0.6951267917552738 0.8087292541301393 0.6860711590736688 0.8096657202739698 0.7294680940772886 0.8252201665169207 0.7518616875085429 0.8298454212583652 0.7768906320430826 0.8305541049962494 0.775489143351083 0.8131729268625637 0.7788641697963908 0.7951242712398701 0.7658763136760962 0.7933439135810229 0.760847889218538 0.7874434598031947 0.7346731109232867 0.7838165674963764 0.7239731767133782 0.7799775886774815 0.7146181423188435 0.7791229954166443
0 0.7528570177818531 0.8301763062039836 0.7689861839950991 0.8456874058488939 0.7665034767283789 0.856702750931722 0.7661603282338076 0.8675836016871386 0.7634289221705826 0.8787981911870588 0.7171964998344331 0.8648384137305684 0.6847989007536512 0.8549140057111798 0.6834956073707551 0.834746259537086 0.6845325440765431 0.8178937838666682 0.6991609561141039 0.816554548190325 0.7294184613354459 0.8254855879231369
0 0.6803494814921848 0.8108647540251308 0.684333478021881 0.8178276068775445 0.6833963418870697 0.8352771023495181 0.6846494674408319 0.85458240731584 0.6353889127649828 0.8556854730245425 0.5804531027257466 0.8509549753942617 0.5691474089551957 0.8288716637841876 0.57098489057796 0.8213067969821687 0.5766569354176011 0.8203731846372238 0.5835724742397664 0.8184433502068167 0.584064520959866 0.8067662352327519 0.5922299748120475 0.8173745300847388 0.6510440948498024 0.8160643720120095
0 0.7408351925100843 0.8718510342285147 0.7490993767586605 0.8808006236540816 0.7500018625957773 0.8951967027799883 0.7458802046736639 0.9127152290399708 0.7064688714616132 0.9075072234913973 0.6590938258884982 0.8973964131499009 0.6577964184658032 0.889635155729675 0.6664992710815989 0.879278013289477 0.6668376037905512 0.8582463990081685 0.6842022376769561 0.8558433373577966 0.7172963004054096 0.8654354335321243
0 0.6646969748438203 0.8561251681076038 0.6657521045175024 0.8776200213127782 0.6551599971879357 0.891296001505259 0.6097782875978962 0.8874862741249392 0.5662340596306209 0.8761116799426004 0.562592676508205 0.857140113720782 0.5706924449998135 0.8341779515593452 0.5800555057037134 0.8519504840300023 0.6350409484847924 0.856415560254067
0 0.5702159158111533 0.878563082339062 0.5671824325985436 0.8823472993643748 0.5659912467943173 0.8887174131135608 0.5406180835906244 0.8966338549031171 0.5596894938421594 0.9258095195449668 0.6150714634706896 0.9270233619053148 0.6382586456841368 0.9262740115333138 0.6544811914208672 0.9288477796119242 0.6538311499912923 0.9221474943668412 0.6578503319059741 0.8983926352353627 0.6553595983298888 0.8924900411083708 0.6093812256631541 0.8896096453746677
0 0.658685985526037 0.8983279606541833 0.6544292453695456 0.9217340365461227 0.6553929520763977 0.9274990535320294 0.6609653843707428 0.9368779589688568 0.7095835685606887 0.9459944476168215 0.7522376670241474 0.9542492077893034 0.7549150279805652 0.9380046447799169 0.7583839021758064 0.9220232103239431 0.747891716679481 0.9087668826297185 0.7460282864507377 0.9129515072828923 0.7064850720117465 0.9086133801734073
