0 0.12194618698216397 0.18313357468877278 0.12605530475548743 0.20890941362180024 0.23090283474171264 0.19187254108159565 0.23137809177030133 0.16875927358329715 0.23914602623176517 0.15784176160013433 0.21790237751790303 0.16623949152113834 0.1962247649024625 0.16445946986788104
0 0.2421098060485939 0.1577941651426109 0.2308095070879551 0.16892041545676084 0.23016393193545603 0.19842086998034605 0.2361628862553986 0.20622908991017577 0.24410930743257525 0.2150701100392045 0.2902360613889021 0.20992103113352423 0.3248840296688774 0.19613967042980238 0.3438890369964973 0.19233821442509125 0.3574937762457957 0.22176182853452317 0.35619188454106065 0.19122857381173908 0.36123775199589137 0.1818748841056895 0.35420055174888165 0.1600983480526236 0.3419828632662736 0.15801439515333252 0.3061263309353207 0.16421462675910514 0.24652386272659554 0.1668439236026266
0 0.3517257933363117 0.12593567065432865 0.3449466430831023 0.1579667986958091 0.35488999283632566 0.16069531908895493 0.36270179323273444 0.17987523266570862 0.3650750553997445 0.16494006530169059 0.46447285558883555 0.18827356281071073 0.47219132833148675 0.1845013507626296 0.46492617964995175 0.15011158253245402
0 0.4764324940776435 0.13654985161545566 0.48113212950078554 0.17721326145497773 0.4959510285849292 0.17697527916736075 0.5350982126048613 0.16905008341101121 0.5653678215499776 0.1501706706697119 0.5887787169637968 0.1292732539875384 0.5950112155021325 0.1124519805994797 0.5808021942273454 0.0792378019410731 0.5741851935062441 0.07873602381978873 0.5702407980729632 0.08381572335647262 0.5305607267138273 0.09585376740872424
0 0.5958215129946743 0.1138070645456059 0.5887787169637968 0.1292732539875384 0.574635494591427 0.1412052136690065 0.5849057162168012 0.14225636636909886 0.5922835527116316 0.15125852837159118 0.5990433428053032 0.16756713218262884 0.6262640128716354 0.1519289094114963 0.6974222572268649 0.12859258171589474 0.6899153957351345 0.09268658766612929 0.6242150497688415 0.10179826444998434 0.6088632633454942 0.10614909503350334
0 0.6931071239864885 0.10525222338571576 0.6968536725445187 0.12875372358935847 0.7089724375895016 0.14512827635881295 0.7235139265203072 0.1394223618291678 0.7578212585524617 0.1384153751760194 0.7963503961712352 0.1377966212282152 0.7941887452551457 0.11305358249438664 0.771736532490306 0.11387018331744136 0.7506275045572117 0.11192901979072041 0.7357234464111129 0.11536059559098082 0.7157515878427111 0.11309714831733242 0.7090988897784671 0.10864366377360968
0 0.12114405808142459 0.20792420988012483 0.12454997039163407 0.244200084134341 0.13265294531705096 0.25775092359560287 0.1603432766281041 0.25624215882117 0.19380461382457437 0.24992838179945712 0.2244230276093137 0.24442031414506257 0.2239533663645928 0.23029085614836287 0.24297213806788281 0.21539239378613184 0.23445713220836 0.20671251553056677 0.2284581778884175 0.19890429560073705 0.22737047024253776 0.1920812794125827
0 0.244230163837673 0.2158282229489994 0.22415938183164574 0.22785537554551452 0.22430217120421592 0.2436622012352677 0.22809818148105881 0.2600184015038287 0.248226593797701 0.26699166810971026 0.2531873021905765 0.26083157191630396 0.32622978730855734 0.256770350712503 0.3350991937915711 0.2415788485599745 0.3549282629874028 0.22803547014386968 0.3438890369964973 0.19233821442509125 0.32512574247907294 0.1976558962493922 0.2901152049838044 0.20916291822372934
0 0.3642152961883902 0.17073028129064616 0.35971048466456546 0.20211684183827197 0.3692280391080129 0.22081332979463467 0.38730189253799335 0.21489867693400244 0.4554193666062413 0.22094925834604592 0.4649863827685013 0.23250044636732695 0.48062934372085675 0.22252054166831617 0.47998119576042314 0.18863255155942502 0.46547937556959795 0.18848314154932544 0.36509464080197257 0.16436572528416304
0 0.48902769657673173 0.17818443775474868 0.479939272419361 0.1882028352584247 0.48065940379876954 0.2137290776863657 0.48977725877511274 0.22390384110148354 0.5351256497835626 0.21424142116309033 0.5759073801631193 0.19694204249956426 0.5874335730282119 0.1892098234498707 0.5884479261906145 0.17956586181237158 0.5945493906346139 0.1708192896002755 0.5982897273120791 0.1682707137453104 0.5919907743513155 0.15176821674586397 0.5840479423274585 0.142961620650735 0.5773567741972755 0.14400736668670833 0.5603623367427283 0.15945610834931 0.5568984425450145 0.15873662716530915 0.5484469321960428 0.16474686473742758 0.5370770247011527 0.16945772771235237 0.49544611618101714 0.1774286384253717
0 0.6009789105481563 0.16728269690768158 0.5944214053989592 0.17336709615712764 0.5902755826238488 0.1771832741774867 0.5877173803546134 0.18847315338015258 0.5917880779208602 0.20158204617824904 0.5988106561895548 0.213326107044676 0.6179575952871001 0.20420199518555926 0.6347166502393203 0.19998057550382167 0.641587262884998 0.20331581491884212 0.6622504278021332 0.19376199139715564 0.6843730458308881 0.18590751855466162 0.6893429304742102 0.17234941812290874 0.704135308465658 0.16076172517450682 0.7032490281616078 0.15520223050267737 0.7073380782287482 0.15351511482408053 0.7080009982234963 0.14276237519962684 0.6978415991501283 0.12873785810351732 0.6262237274032695 0.15167620510823135
0 0.7103229334104044 0.14738674960235665 0.7042158794023898 0.16126713378103683 0.6905606707756344 0.17253254298251142 0.6933898298116953 0.182823839972713 0.7086564571730873 0.18166660290183745 0.7185448994796299 0.1741099438050795 0.723060602459191 0.17758434210742458 0.7414402523964945 0.17607309031793938 0.7750297569872201 0.17553366379934085 0.785022568459256 0.17111688425740504 0.7940869488975867 0.17330214757204088 0.805837698999408 0.16997188218712514 0.8088555286602729 0.1590799836753467 0.8057132621277314 0.13936904802067862 0.7968905944995962 0.13870001052563272 0.7581316431850081 0.13911977412799312 0.7242436530761169 0.14027203716876402 0.709517224043086 0.14233266353705712
0 0.7937884633794212 0.17391498409421327 0.8157169650555038 0.16981322732871376 0.8168833783768262 0.18955589395506411 0.816841227647171 0.20171743148346524 0.8119848884197891 0.21101740723169363 0.801039847685286 0.2194017586819088 0.7921604073491807 0.22086178352862515 0.7830630524316415 0.2234400535040438 0.7753445796889904 0.22721226555212495 0.7576754462039583 0.2232397196137408 0.7508286317870423 0.2225389511470126 0.7288525336534362 0.2213717660159277 0.7196508095704035 0.2208101564365242 0.7149794104452469 0.23375542034610464 0.7072792902034892 0.2227316239174925 0.7039337310678289 0.21417140857816563 0.7020238268150266 0.20467607296973897 0.6925511459651685 0.18253328719746797 0.7080594861367561 0.18289227594618226 0.7186254704163617 0.17461535241160941 0.7235202298508203 0.17798232279831208 0.7751908988606837 0.17654448101240072 0.7852404830406898 0.16999863912870264
0 0.5836813724728648 0.2128596903803193 0.5775229914847483 0.24629961632574723 0.6028776232332231 0.25126348350610456 0.6026688849022361 0.24498372439646024 0.6237019300238219 0.242720477197478 0.6479761651155747 0.2458775657830005 0.6731312347835091 0.23716366961536686 0.6955285401016678 0.22606188930240825 0.7033367600314976 0.21539708162251045 0.7027819397248216 0.20446121713845408 0.6925511459651685 0.18253328719746797 0.6849132441592491 0.1868109078520791 0.6619519422839676 0.19437482791932803 0.6412887773668325 0.2039286514410145 0.634934564820754 0.19886233037511938 0.6178770243503683 0.20369658657902934 0.599350854517916 0.21422949634209346
0 0.4860405032549147 0.22415643040414412 0.4819184787085661 0.23060707937279537 0.4770529632307374 0.2473050593593704 0.48346394848478585 0.25024231808350333 0.48791370250593 0.26324378296595735 0.4938980348475576 0.26101952770914827 0.5006313038485334 0.265978420859401 0.5311737348217642 0.2562659424793031 0.577821477002914 0.24568677980357478 0.5832217450812355 0.21246170968943182 0.5997299109728135 0.214122068426451 0.5909493940743336 0.20129149340300398 0.5883381496197064 0.18988195128410001 0.5759336557735837 0.19656695205512276 0.5340671276109522 0.2147712098010783
0 0.5781437607498412 0.24770841422969458 0.602417995841594 0.2508655028152171 0.5971166512008976 0.2697999730591968 0.5880393639895417 0.29984119764623973 0.5853951450557062 0.2931951888173902 0.5234807755131644 0.30493158856399416 0.49471463567061247 0.30093457262441875 0.4860622861663877 0.29387834810408603 0.48941157582462647 0.2776100797800808 0.488671815415725 0.2630289271346724 0.49411594942899145 0.2599012825804459 0.5002522473936359 0.26608584877504343 0.5307141074301349 0.2558679617884157
0 0.37147399148341254 0.22123329347166112 0.3604813542913861 0.224348703025292 0.3553357057962853 0.22686351105734606 0.3348812792101373 0.24269709368867684 0.33835500574005284 0.2570316595311181 0.3428139360116438 0.2626351201752255 0.3729919325082921 0.26306254489740893 0.37539443863193217 0.26819232790666864 0.38264410773250734 0.2714201394060466 0.39323389024087463 0.26577768681976593 0.417379957938372 0.2631604249021741 0.4614878503511797 0.24907513295241834 0.46537733833777967 0.23371025392583059 0.45508059561970976 0.22130939056495336 0.38661245145054934 0.2143017058976712
0 0.25441694160638156 0.26233193225005275 0.24788323468594609 0.27105080244779095 0.2515656995468487 0.29166512739987654 0.2610475566471535 0.30640990893380093 0.2807493160513749 0.3082216615587405 0.33021159529027044 0.29790132068657493 0.3452694843206754 0.290464324506055 0.3550498269391459 0.3045962695178071 0.3636307817570856 0.3037490811932631 0.36196259031447875 0.2957699714044264 0.3650939653912838 0.2806199482091235 0.3812084528496493 0.27235525967514634 0.37555558050539584 0.26920314511972854 0.37283079063482844 0.26205172768434903 0.34289450694837564 0.2631405287817554 0.33007253644027873 0.25726601133348964
0 0.3818054238859806 0.2711295866308015 0.3653924509094494 0.28000711168695114 0.36226107583264444 0.295157134882254 0.36387249456728105 0.305265307012853 0.3683552230676338 0.3135032386052526 0.38770172424571936 0.3180568900941268 0.42992895636235473 0.31454121290922216 0.4641813809478283 0.30324904676616987 0.47100439713598263 0.30131534428460593 0.4738903288800137 0.3094775789330453 0.4830774309847314 0.30000671332581 0.48919366124319263 0.27872832490878313 0.4876957879244963 0.2643620280946597 0.48346394848478585 0.25024231808350333 0.47713353416746923 0.24781046796590034 0.4614878503511797 0.24907513295241834 0.4175410998118356 0.264171242115234 0.3942904886688352 0.2649499944663087
0 0.23129621306292603 0.3111439981925594 0.22963891307605572 0.3380258472536936 0.2352588109411008 0.3459414950991658 0.2551876611772027 0.3392369983570564 0.2606372409183374 0.3535398332278154 0.2872755619266533 0.34915975868766647 0.32460803460883003 0.34227711111605913 0.3481333330412345 0.3382510512945198 0.35820126972213406 0.3169092009341285 0.35375151570098984 0.3039077360516745 0.3451083424472118 0.2894535072929952 0.329832538835373 0.2980087486022174 0.28150742896116976 0.3080068057274556 0.26280549527693886 0.307496423090821 0.23809543102231867 0.3065758247627032
0 0.35826483238358986 0.30560348335924575 0.3583454392874601 0.3145266914099128 0.3558582444000895 0.32417763695364166 0.35609637607024114 0.33913951697903993 0.37408089382004395 0.3408415473959762 0.37896340626486075 0.35126659028576207 0.38338324962194986 0.35037181011972257 0.4202057596909962 0.34566146237150575 0.4560396079747518 0.3397999415825457 0.47174165783252675 0.3339184748369013 0.4747746558396937 0.3276912650148269 0.4769343688551865 0.31598607803810536 0.47353174100347717 0.3097935703385519 0.4704789325740771 0.30242839442388975 0.43063954587863784 0.31515059360431436 0.3915444731286803 0.31907363705831865 0.38627737137180773 0.32307127454821255 0.36962142961848843 0.3145515560885427 0.36277771498386413 0.3036088087274037
0 0.11985422225283904 0.2605338760316631 0.12217571715890424 0.28800897428751376 0.13350759105585525 0.3074410805557238 0.14770102113250266 0.31576962473444786 0.1577579916726886 0.314291734233691 0.20306911159771623 0.29184376586091904 0.2190655866392313 0.29211342516463074 0.22783573415712333 0.2793353165962646 0.24608480394635984 0.27759422790306615 0.2442009391576197 0.2657770452266751 0.22814263778983707 0.25866319335626614 0.22446764770175798 0.24529511685353 0.16050074103330253 0.2572483546233894 0.13385025368515524 0.25793962121165287
0 0.12749434056272974 0.30845911688591554 0.12602426656025706 0.3315194071916992 0.13504171938321918 0.34611806889012214 0.17164451811662224 0.3432924016524135 0.20497904371613768 0.33933447720807974 0.22945068230835974 0.3378883724820663 0.23099450230262863 0.3120624960416224 0.23775228654579295 0.3060302520508919 0.2564199929547495 0.306915203952447 0.25144626017884786 0.291856688083459 0.24696491001446247 0.27665862667456437 0.22811879845877958 0.27788275075898117 0.21867786318264504 0.29290948085322577 0.20405387682074883 0.29156467478110565 0.1582503742842049 0.3141521886937843 0.14819340374401901 0.31563007919454117
0 0.12617883237592592 0.3486298886084423 0.12789136585001604 0.3851978009568689 0.13253212766352263 0.38525491139508544 0.14977259289866918 0.40301247118441524 0.1835685879465671 0.3954929049168263 0.2504279639578528 0.3758582013408296 0.2531848609826193 0.3640981291026552 0.26068717897582244 0.35305167745138594 0.25472868097688817 0.3382722526622113 0.23534735398102646 0.3458236047045437 0.22994306491987604 0.33774882694215963
0 0.26029945551923617 0.35384773313998097 0.2530802018276893 0.3634416189539668 0.25112966487922905 0.3770316760982997 0.2579801886117947 0.3812657209576151 0.2620429021564601 0.39383774177175607 0.27532531300187124 0.39967979089563316 0.3140570538304608 0.38115499052762 0.35347857591489795 0.37341344361843426 0.3581502508915383 0.3768926503399996 0.3635355464550838 0.3719355531176775 0.3755620474413348 0.36989948045729387 0.3793465425177964 0.35167263472129734 0.37429906375009847 0.3393797049869696 0.3473345989371611 0.33810144112916785
0 0.13465622392525667 0.40180721065220193 0.13595012077962676 0.4357490824058748 0.14504131959438504 0.4475821579696375 0.1984897862742721 0.4406684525237902 0.2264081031471083 0.43824552901842995 0.23978809931537315 0.42210243460493185 0.2596308957596174 0.4109894407393442 0.2693429756718795 0.40411992350917364 0.2625352847679764 0.3936981962318494 0.2579801886117947 0.3812657209576151 0.24954785788975026 0.37679380256933137 0.1840609705580834 0.3953533593769197 0.1493848694420829 0.40380852687301044 0.14334070578582364 0.40140446691985354
0 0.2374308454127217 0.4234566724531536 0.23601552390444036 0.4307195016395709 0.24264480966161717 0.44325030490286704 0.27444036110031617 0.4328668245115561 0.3007459578205397 0.426783931193879 0.36052165245834233 0.420821719863905 0.3592039162729147 0.40609940551294704 0.3625697747296562 0.38524651918219693 0.3580455917366083 0.3762361401913112 0.3523891515369353 0.3730360245495592 0.3135646712189445 0.38129453606752667
0 0.14356417175983616 0.44800079458935754 0.1429931973230712 0.4831573586513455 0.15838071093261125 0.492519832047633 0.21474064045293362 0.4909565357803545 0.2562672653014996 0.48673541314357904 0.27184510372329473 0.48437903185253717 0.27502063736778126 0.4752450002091164 0.27243507165766473 0.4622543427752553 0.26908597869990447 0.44124601801722685 0.25878877668672484 0.43798879193725826 0.24254015050668715 0.44259379475417865 0.2279899101365872 0.43848340254739826
0 0.26951653498515327 0.4342622799106229 0.27321051857083734 0.4606622313980651 0.2782151645098727 0.4791428435504017 0.2838097783832782 0.4754987666254564 0.2979413821336582 0.47698311823748324 0.3592560509322772 0.4774464628544865 0.3638349864195164 0.47065938072600594 0.3769937446123925 0.4628130447164886 0.3968983673829042 0.4585442434175982 0.406413048650835 0.4407519271886933 0.3965583225884329 0.4209011843007633 0.3611186942247886 0.4213386844726867 0.3007459578205397 0.426783931193879
0 0.3792418833628664 0.35101612457260895 0.3760544300528511 0.36975993491738723 0.3630431638435675 0.3720750986575842 0.36204647895500613 0.38196396843875496 0.37927987035807637 0.3770798745420212 0.4255828293382129 0.3769944687754994 0.4559939724317642 0.37729591385395445 0.47221168544866815 0.3692688147536855 0.47959742462141247 0.3671756316550853 0.47799662413432864 0.3539058831414108 0.4801873925557826 0.3450509425778034 0.47278265988543317 0.3341122506916974 0.4567433520152555 0.34003027380599465 0.4205591899015725 0.34548198163845684
0 0.49420018948708005 0.3005954766690145 0.4749544348092821 0.3122254351433839 0.4781489619513736 0.3161232784846692 0.47440729970357454 0.32816244180265697 0.47120085289595426 0.3338743771627291 0.4795903507893363 0.3445339779690217 0.5076561596457649 0.33657988219434093 0.5429602156913454 0.3320637755903805 0.5938111969955874 0.3217691914120296 0.5890467825295457 0.30802369584041844 0.5849531558217466 0.29202957874292873 0.5247469048986951 0.30497552817950657
0 0.6014278658106255 0.2468763851346065 0.5980929205170177 0.27115136774870524 0.5927575316142111 0.2925624362390821 0.6027716693257343 0.29727222815633414 0.6072269521604385 0.2767967608944591 0.6386656933056849 0.27063143247509186 0.691800182520782 0.2617481965831793 0.7114954869814337 0.25616637498691214 0.714492615479194 0.24914141932946324 0.7111316028559049 0.23774287327279228 0.7153537280496916 0.2351739431162554 0.702932429774778 0.21536441777917034 0.6962364718578811 0.22824085433659805 0.6730207431248191 0.23756508084687233 0.6470291238693856 0.24561750461061468 0.624286784250235 0.24177031059627604
0 0.8226931373602433 0.20475301541659938 0.8329236672137029 0.2334174813172918 0.8220364972661534 0.2522849443146051 0.8146578319254851 0.27701978109926884 0.7689090818831323 0.2838098338925812 0.7410645110020926 0.28346717126328114 0.7249324636425136 0.27911890552753243 0.7191214576271718 0.2588083084690374 0.71209252874788 0.25668333959569395 0.7143879563242639 0.2484849091807749 0.7122210272338676 0.23812029234166732 0.7155321331964177 0.23306486713028354 0.7190644771343568 0.21971268351491904 0.730032466905779 0.22072128806900906 0.7791731427345545 0.22875187761571647 0.801299447089654 0.21905023203656726
0 0.6075622413261667 0.279158230869956 0.6035151893491102 0.29761044525180985 0.5906680982144151 0.3172254950719789 0.6031343971377726 0.3296665086855456 0.6072714064195482 0.32117259448823615 0.6737193254667694 0.308996536132315 0.7217849969246961 0.29737106329405033 0.7279339701194372 0.28897252724613076 0.7190371120399652 0.25821465842441965 0.7132757926736758 0.25651953511408526 0.6912041611675368 0.26210924226049354 0.638027834468816 0.2698584289083216
0 0.7246022542628043 0.28059855612178036 0.7288891923857788 0.28870180889871183 0.722364127438149 0.2978725189645686 0.7271886482307737 0.3124792793574869 0.7303057632512793 0.3289011061336986 0.7794466000485065 0.3302826485274077 0.8198589313001374 0.33014440780881144 0.821852471520426 0.3175988672230363 0.8337627640814562 0.3108954544854512 0.8316424191710949 0.28820085741635193 0.8290329010519998 0.2749631048612789 0.81706263695449 0.2750276508091677 0.768692407355717 0.28474267911474915 0.7416831736011082 0.2844102963643282
0 0.6070683676589841 0.3198989647997807 0.600478630716426 0.3537146974917396 0.5970522570966251 0.36666631559864316 0.6063483310801114 0.3780090397217835 0.6119597216052022 0.36310699605787705 0.6729508794269803 0.3511462589243046 0.7177332444891908 0.3471071670917027 0.7292490216046555 0.3285350096368898 0.7270871288504915 0.3118424645132592 0.7218865163049782 0.29800787813827806 0.673993897839376 0.30758754727015003
0 0.7305088020118435 0.3301747358221541 0.7174586721165842 0.34851615595386765 0.7299065473472648 0.3483162508322694 0.736152339463839 0.371838419044376 0.8124454772397598 0.36818710708726526 0.8285411885434824 0.3689501322823838 0.8378903724463341 0.3649693191197388 0.8326828982837069 0.329172328669276 0.8202350230530262 0.3293722337908742 0.7794466000485065 0.3302826485274077
0 0.82220073866374 0.36675355330153114 0.8301355128597563 0.37581973639517946 0.8323689392259628 0.3898296629681897 0.8280173291080599 0.4063714328173604 0.7946976312419487 0.40716190448093487 0.7501598527841049 0.40647257405652376 0.7327328274611521 0.4067524412267613 0.7258663569873224 0.388730869289605 0.7393110023281473 0.3822581938751191 0.7366299505970098 0.37170305987066654 0.8140813493998363 0.3690546592545923
0 0.6103238494451255 0.36223944389055 0.6023012791030551 0.3964612541036374 0.6195736751263603 0.4108681093749575 0.6825052632490614 0.4016853689413953 0.712248658654173 0.39724934841048354 0.726242448740211 0.38795869527166776 0.7393110023281473 0.3822581938751191 0.7301811197198714 0.3469072619701044 0.6723717489135274 0.3506448032537864
0 0.8283934208609487 0.4055992587994231 0.8393369290800745 0.40848804974957376 0.8445306800084738 0.4003602320490732 0.8503519709112427 0.4086942221491039 0.8537021104605522 0.4297091120086192 0.846454847775385 0.44374360350519865 0.8182873529938705 0.44240830941374115 0.7886154912008012 0.44416171139403243 0.7356837511064472 0.44718247578484743 0.7315698659757973 0.43703341930152323 0.7357368610258128 0.43185893849906204 0.7322552163279813 0.40688780040047073 0.8099396396596117 0.4088324628677002 0.8244294645714975 0.41204736929033986
0 0.4794562377976603 0.3460815639956671 0.48040675960555296 0.37709473506404656 0.4852728282419802 0.38569944351149626 0.4980252616135072 0.3874099829225812 0.5210221296177481 0.3782301240339058 0.5832130963102347 0.36127024629590127 0.5920015733923105 0.3694288961979029 0.6003055777241015 0.35576050119813235 0.6004302212555094 0.3377543453617265 0.5937667895422439 0.3210064031130257 0.5426324125247282 0.33217040130509173 0.5080113864076263 0.33732319872887057
0 0.3631293854078457 0.3823513391320619 0.35888534755599555 0.4050415691222405 0.3618993244713345 0.4214821444653947 0.39748077532435727 0.4203074732404411 0.4055671689798729 0.43897906734350123 0.4205209987995478 0.4415541095070523 0.44171727946875217 0.43397464696049837 0.46199243958483144 0.43294524268109424 0.4638582915322151 0.4224588532293522 0.4760706688339124 0.40537158192944567 0.48203149128957423 0.405778567576114 0.4873855364236185 0.3974480959792464 0.48530718690603203 0.3844109416879699 0.48002767544377367 0.37594961074054295 0.47869236544648547 0.3700390446326505 0.4722755347125142 0.36923721200132226 0.4550797811870535 0.3772551413160559 0.42618768546536323 0.37600990705203446 0.37989274149613067 0.37655228991522566
0 0.48821761646033013 0.39773636093736364 0.49642036262177774 0.387550375105747 0.5209213525966948 0.37851024530910404 0.5834292010113683 0.3613190579141861 0.5918680555841525 0.3772703429081458 0.5909850527167886 0.3963876075768807 0.5348940350360862 0.414380627603127 0.5178018288716663 0.42551371301162133 0.4956372059670697 0.4344157796602098 0.48852455739506767 0.43171481301061254 0.4772424046430014 0.4349122738068995 0.462274067978699 0.42238375232432085 0.475318525317108 0.4055847459825314 0.48353577832318306 0.4053522394699424
0 0.590152972680077 0.39609934261876356 0.5989388853220086 0.39203708694812517 0.6054501594205143 0.403293827909684 0.6109276616083481 0.425325223281102 0.5935211122124208 0.4517458242002819 0.5474386658133911 0.47581175080649163 0.514128152355409 0.4863004091912153 0.4977499720220323 0.48465312414503875 0.4895509270089697 0.4702061261846881 0.48687120301788694 0.4657247462053731 0.4884500237232817 0.4485066155549071 0.4948287367714918 0.43674124178465035 0.5183377736698829 0.42640998900748434 0.5347341619962718 0.41337776958072103
0 0.7920466735150773 0.8275284098506338 0.7929778323690806 0.8504178133519998 0.7988569544537463 0.8692311979414526 0.807376195505783 0.8744966127023961 0.8153496976752331 0.8703168918759981 0.8810500609556798 0.8548967683706064 0.9268366437374065 0.8470403450343498 0.9240968319441247 0.8087776337710245 0.9046756450606539 0.7893222808683711 0.9042629511450249 0.8047989263527197 0.8079021412620792 0.8205886596104633
0 0.7782178425469083 0.827081489018851 0.790078221176558 0.8352399172635537 0.7922611767069041 0.8730204596129192 0.6704357387849957 0.9037069334532423 0.6595049604841005 0.8863252324318708 0.6567717463995821 0.8691802173949701 0.6587462769349359 0.863500723360279 0.6682816157241108 0.8691181539835385 0.7076787677168097 0.8573126695765741
0 0.5482465961404395 0.8839375231845817 0.6057893450543195 0.8625095099009993 0.6358752203047704 0.8495030016816442 0.6538898502961719 0.8661570508595672 0.6578455090756429 0.8759157590166096 0.6587817071131606 0.8878101824663652 0.6573529154603934 0.9029348120883979 0.6146434583595427 0.9150390458912646 0.5836391001606863 0.9283058602139072 0.5359756016323387 0.9424540995504588 0.523638266439374 0.9222710948043567 0.5278225069373573 0.9063655468724616 0.5373689631068812 0.9030200108223397 0.5444927646471974 0.8965211551851712
0 0.5430591702936486 0.8862610008548003 0.5453197446473632 0.8967134397184657 0.5378429847149074 0.9020018775861366 0.5271607321554276 0.9058216860917413 0.5244605981162668 0.9224342211488127 0.5136574891516891 0.9254959167446223 0.5093862218462576 0.9322529839743599 0.4946881791672117 0.9332490791717718 0.45927937511350736 0.9385300559942859 0.4357751520459305 0.9364753470516245 0.42400519184057084 0.9334721393690749 0.41988230969157725 0.9187933067935671 0.42384046950052817 0.9026166008993634 0.44101886637601173 0.8985404576052484 0.4525808563454966 0.8795019020251219 0.47101106516778984 0.8741931126219208 0.5143443574311984 0.8627044431484773 0.5283529590228003 0.8611113769147339 0.5373019287839015 0.8799690067445605
0 0.33236220521362486 0.9183613103618226 0.32937762150330935 0.9311781445615536 0.333115687752996 0.9636374796628339 0.36150209709493075 0.963732787309469 0.3734253506466526 0.9641843455982525 0.4093196098574473 0.9640672192369824 0.4415886017094278 0.9592314563713549 0.4492724131641632 0.9556172797325049 0.4608985881991639 0.9384359866166895 0.43634329833702856 0.9353395498611157 0.42474207742194775 0.9324025292927943 0.4195830640300945 0.9180629490986654 0.4223402231242882 0.9105777989332028 0.36985830956765153 0.9125229771642421
0 0.4251290995879687 0.8379615445572751 0.42344590087938055 0.8499307157792609 0.41717965494202847 0.8579315327741242 0.4260369712180787 0.8774478896483141 0.4379602247698006 0.8778994479370977 0.4584005710905786 0.8754583485374173 0.4706458572789415 0.873424444546663 0.5147733851972344 0.8618759952327365 0.527611273628633 0.8568011080862304 0.5345946203646501 0.8442875067079951 0.5479437574737285 0.842419600791413 0.5511474477601924 0.8309771871187922 0.54634529395528 0.8256344123645589 0.5388889071166663 0.82391690496914 0.5303967684675301 0.806691248973467 0.4749734161908509 0.826229424562292 0.47177804394436024 0.8309657336735339 0.4473389345978807 0.8331036002517186
0 0.5537286452685107 0.8268937795842746 0.5514180173665871 0.8304216662425782 0.5482143270801232 0.8418640799151991 0.5354279016789708 0.845009025658381 0.5273407040222383 0.8573566289624445 0.5377616568664374 0.8821759065440545 0.5425422381762134 0.8851305997192602 0.5791918067607561 0.8694765614308873 0.6070752854649846 0.8596587832862195 0.6356974374630143 0.847716302337207 0.654522684185397 0.8419022236334305 0.6556647436811958 0.8310440941638723 0.6580052621182291 0.8231981845232169 0.6548132714965219 0.8054280983712944 0.6510635055820786 0.8021812630945574 0.6414077349420073 0.7934256549894153 0.6380015741593414 0.7900814390121679
0 0.3210580628152652 0.9330571411981001 0.32963987306973086 0.9373287282467188 0.33353232841015634 0.9639982391380268 0.3413323203805475 0.9656183658329353 0.3321976712485358 0.9916703203612878 0.3150257326996312 0.9898332508254297 0.2596621614931716 1.0007353804495518 0.20999380647616483 1.00906575781359 0.2055435758430032 0.9969194977974675 0.20371275129324296 0.9696657027030969 0.21555803290439213 0.9538588301143914 0.26209079674512786 0.9416287158968922
0 0.20203137941903176 0.9208217926969687 0.20785264895452027 0.955084925174214 0.2622368677958935 0.9425449962482989 0.3219643796549687 0.9342368003241895 0.3279301654508163 0.9311095271878918 0.330884858626022 0.9226107159705123 0.3258635982449611 0.9158935206891691 0.3180420337794334 0.9118853124152331 0.31411968790389805 0.8895338245062764 0.25020913339327255 0.9076466348012137
0 0.3321880704621263 0.860949971764653 0.33048329925840175 0.8705310614076117 0.3164170613506584 0.8769117517075662 0.31238008974987375 0.8876326464298011 0.31880227956837137 0.9121486911899156 0.32723801877207126 0.9155039978871273 0.3461064104847271 0.914466082341406 0.37012887917404624 0.9119674562880281 0.42239168615453454 0.9086478575298789 0.4233577840644577 0.9011914706912653 0.44159042854380476 0.8984183751432407 0.4495183006946084 0.8760603053473641 0.4371999789808627 0.8776360691624151 0.4260369712180787 0.8774478896483141 0.4178668652055836 0.8577367713731032
0 0.20167296504168453 0.8735183012921229 0.1951145770028011 0.8796865575841722 0.2004162798206366 0.9174488133928725 0.26154810274193185 0.90443307168437 0.3123286267196274 0.889562587833125 0.31619795477450996 0.875537331180456 0.3275369241231693 0.8723237680636121 0.32931473085227675 0.8632008185963572 0.3197236776976149 0.8616094552282973 0.3022297065120694 0.862257847971977 0.2974790157374032 0.8549851318144196 0.29753879680762274 0.8463490858497167 0.283253452323731 0.851355355622561 0.2647718107331258 0.857072053625827 0.2517878512509615 0.8612306604209262 0.22086338939098132 0.8699949234668637
0 0.29830736063653396 0.8399063600630203 0.29740598021202036 0.8545269916387164 0.3024272405930813 0.8612441869200597 0.3203378524357873 0.860956553651573 0.40832727508116806 0.8542154666017193 0.41838643192323655 0.8542376480416479 0.4235919719301462 0.8508469961306678 0.4238791776164876 0.8368792661316959 0.41597132317041385 0.82331873154165 0.4144591496325113 0.816085869430906 0.3573642983120007 0.8183807164171738 0.31693013686271493 0.8193056517093759 0.3135504849903756 0.8341498080129414
0 0.18857274854590178 0.8217696359871877 0.18306816586790464 0.8319736611210599 0.18438659937806195 0.8402439837733683 0.18389511628440847 0.8615610210796493 0.18578737359605874 0.8713975126950754 0.19898391768061557 0.8728438835927078 0.2524128917415896 0.8602948383726075 0.2849578159069758 0.8489103275710859 0.29830121902509743 0.8390779056166543 0.3124356822493135 0.834207677253608 0.31885871278889216 0.8155315766286361 0.29436538977270343 0.8164224138901505 0.2927907774017893 0.8004451141487331 0.2795747620391549 0.7968432670206801 0.2662118876429553 0.8045202127446904 0.2318256121588776 0.8185875731806961 0.21210868114435338 0.8250399217559311 0.19255057260019737 0.8284218662681709
0 0.15843762149205987 0.49231599449536395 0.15034251754001238 0.49461021777857556 0.1454756567996628 0.5038863155962284 0.14585101688990187 0.5274702959752461 0.1602051288511046 0.5352473954191348 0.21240875097268996 0.5283492190901466 0.2731376439119251 0.5218551874619629 0.2784092598498771 0.5124643784801494 0.27523582341354214 0.484596891550706 0.25650563928271264 0.48652085235711295 0.2149977190450299 0.4915158856115324
0 0.28391754767855404 0.4753677404492142 0.27873196511372245 0.48529822302783093 0.27631904722698686 0.4966991330086969 0.2798562138940457 0.5109261866299007 0.2952583396315722 0.5358920122313299 0.3419322456958444 0.5367656240937458 0.3719955753595405 0.5316297506908428 0.3934221891644666 0.5227369798421558 0.40493719981269505 0.51270485059154 0.40670685912070914 0.4840005032889731 0.4029526173011675 0.48168015102143863 0.36910963414993014 0.4816825930086308 0.3592586526983531 0.4782698290553286
0 0.37664751289637655 0.4626246060005214 0.36372075824110034 0.4691084424018362 0.3687726242436532 0.48105719995627466 0.4023757953573243 0.4807155149919929 0.4061300371768659 0.48303586725952724 0.4182022730306954 0.4897675017338094 0.4481541576532712 0.4812788755859268 0.48802744380166585 0.4660300439922471 0.4883095906564128 0.44800016742038656 0.4914809456867574 0.44016818677579495 0.4892013126515003 0.4307611279416928 0.47731390899946047 0.43447678168246506 0.46671958525836965 0.4267328598504241 0.4625375894462944 0.4331179672137604 0.44294477795429005 0.43416416733196866 0.41996911272302007 0.4417156505026274 0.4077861005095791 0.4403151891335897 0.3969814036630387 0.45897701423611603
0 0.6183802785987629 0.4121837209227636 0.6101030777103933 0.422324707225979 0.6006430927440476 0.44479345127741166 0.6098036337910951 0.46558273926539223 0.6272351940894725 0.4564450913326065 0.6806980081310389 0.45328580848523475 0.7210799116499695 0.44423973300949543 0.7366718776409552 0.4320256782800988 0.7330135215947531 0.4090773956052254 0.7258484784517862 0.3895214480116999 0.7122894408547936 0.39756158913062506 0.6815566217415583 0.40507228430622644
0 0.7356075666697556 0.44791762363108706 0.7325851882843875 0.45716897458269345 0.7403904437354396 0.48074087164432183 0.7422840664540744 0.4897982395127311 0.7514384258640823 0.49080157788316087 0.754799625648449 0.4808545746631423 0.7767979493675397 0.4806163304563973 0.7839193803835545 0.48579358243729837 0.8168576294088021 0.48365412232579513 0.8303418060259701 0.48642848921672327 0.8466820411475264 0.4901923060990265 0.8493655981338957 0.48163660741583203 0.8575679380424408 0.4823101291224699 0.861660809036048 0.4769527824374262 0.8547265304695945 0.4447392604318919 0.8472932922602021 0.443248141255302 0.8183190248374945 0.4448638016198165 0.7885486415100129 0.44430657891838354
0 0.7302446873442683 0.4368453368390992 0.7346825613739141 0.4505782875031947 0.7320771806319999 0.45608836467158503 0.6776922276670013 0.4739253745135663 0.636622265065782 0.4927604890669553 0.6288127749674786 0.4973722761637039 0.6192385515416077 0.48809314845398855 0.6158981843258227 0.48124468259235503 0.6001981615123516 0.4814968151781546 0.6006388580967964 0.4729771354357886 0.6124767744931734 0.46542477512302377 0.6280042957886253 0.4556274938626545 0.6816500276325016 0.4536156251490264 0.7220319311514325 0.44456954967328716
0 0.7546437220517603 0.48269764106529806 0.746640897866856 0.49455974856912893 0.7498357777702431 0.49485354629209216 0.758829998936311 0.5258836352230543 0.7594972254500179 0.5328900652270564 0.7680279704732708 0.5412656692061083 0.8047472832987482 0.5374549952138726 0.84767343812869 0.5330845025338196 0.8552625799347711 0.5327325553082539 0.8715487866450846 0.5305154111187586 0.8725860834106629 0.5116329852318711 0.8708317663673865 0.48934433588458104 0.8627208853599964 0.48924452124481504 0.8527059653496807 0.4884850732774655 0.846095857250684 0.49215731770272214 0.8295727043268175 0.4872460866866753 0.8175352722067997 0.48226281778897123 0.7846240373871736 0.4873927584363738 0.7759373887672318 0.48086022085947744
0 0.8744422756393853 0.526097607105207 0.8789341780802739 0.5458115188411011 0.8823826021185446 0.5646219068463316 0.8618850513078471 0.5686322101180995 0.8239559401987724 0.5817801613226531 0.7830793116841539 0.5933649554689598 0.771526188275533 0.5942407024415143 0.7612743220516645 0.5863528792686227 0.7769847611494264 0.5777030121419972 0.7760161437266331 0.5659849804014804 0.767780607975427 0.542535028541392 0.8044084618997493 0.5381506474822845 0.8482866362311539 0.5341099714660232 0.8552895941403924 0.5357230358441532 0.8647557607437777 0.5330402414102716 0.8713014241472409 0.5317847704540424
0 0.15414527407913836 0.5398343787804726 0.1557871607180774 0.5774948723463191 0.1726953774631162 0.5862731424143571 0.21554168905216015 0.584469327897367 0.25393023727827146 0.5729434771574501 0.2717883049140553 0.5633589423438837 0.28526472105987377 0.5627706096810423 0.2951928870210749 0.5399246708121829 0.2869964102274566 0.5280312171085061 0.28015069610928467 0.5215707482828296 0.21299485278679797 0.5289716961439337 0.15828946284641748 0.5354288778501489
0 0.29592316226940246 0.538425303787062 0.2837750581668694 0.5625465928624993 0.2832710203251476 0.5685052444345168 0.29805786143398283 0.5791771315481887 0.31428736595920426 0.5745775479755365 0.3259646937330666 0.5774647477077539 0.34180246088526156 0.5738877328154053 0.36633823002531 0.572749884018188 0.3790552585264517 0.5704381675116827 0.4033244525474647 0.5706682690660819 0.4118794052010584 0.560489316853818 0.4106787680592505 0.5407973781490628 0.38597498630529475 0.5439214441369526 0.3770191218669996 0.5303046065896121 0.34211393726861894 0.5363198393945975
0 0.4069267311001883 0.4959805158615524 0.40531605506989465 0.513238203738549 0.3927558138665798 0.5226136888216796 0.3774828219962917 0.5301731899161077 0.38700094906900706 0.544276877629 0.410945343178286 0.5394294277974464 0.4144465938862854 0.5461915464985974 0.42235860848059936 0.547180213917808 0.44967657839640013 0.5452538650795646 0.47024739669915727 0.5374853142547008 0.4786455620549242 0.5202425934658116 0.4791204875002967 0.5110611910250094 0.48687571479678393 0.5049860898675947 0.4982419806224792 0.4972413884830893 0.49709956827336976 0.48399495151590344 0.48801602893359713 0.4665370962607222 0.44872919284525103 0.4815485312164325
0 0.49776039341291833 0.4851000685205112 0.4988042432568995 0.497728238648641 0.48743797743120426 0.5054729400331465 0.4791204875002967 0.5110611910250094 0.4797700873237648 0.521216293796915 0.48263962528856486 0.5300960463622427 0.49737946692078194 0.5252724459710475 0.5027288563817611 0.5101861755748008 0.5447575555334297 0.5002134754765777 0.561885347920886 0.49212830768813204 0.5786771150805279 0.48801557428103154 0.590733318442121 0.48459874076991855 0.5941181195647232 0.478469855995931 0.5976418209048835 0.4671320031624862 0.5982153088553842 0.45856886756074017 0.5914681572423406 0.4527266655741196 0.5478691197728082 0.4741298186508262 0.51394956022571 0.48632771984637224
0 0.15968091957135083 0.5875813049994986 0.1581619827838815 0.6253612334150832 0.17700048396142753 0.6286413408517132 0.22048394660643827 0.6220638160968626 0.26136463924799413 0.6171816172975021 0.2667029958505063 0.605613059597522 0.2839347154696304 0.5988140831686771 0.2949467157664588 0.582285691629586 0.2845091268423131 0.5708786231707337 0.27149034040984904 0.563554962246399 0.25643643209704603 0.5750039578059397 0.21559888444576308 0.5846623197633551
0 0.17550156487868818 0.6305026648813756 0.1666109764427447 0.6378107262527013 0.16948587084300082 0.6738665653859471 0.18074348662630407 0.6769009666547788 0.23048487716869365 0.6690287294664442 0.29348079679964234 0.6564423646067964 0.29604873985279745 0.6432647709318723 0.2977068068792519 0.6237492791983261 0.29590605042681517 0.6198420953173011 0.26808235279280646 0.6210238274972658 0.2640620172719684 0.6183325130967428 0.2197967363428831 0.6222585774978834
0 0.28376418318958607 0.5994832902518372 0.266088821112334 0.6062659611742464 0.26766022072484874 0.6202008498537104 0.2948752350314825 0.6201342374188323 0.30086259332246656 0.619395045861562 0.308069983049822 0.6240561557122223 0.35525174857902975 0.6226554076374325 0.37760765463970747 0.6187137436832829 0.38816480570429235 0.6128487202127292 0.388830443472711 0.6102658772326809 0.39249391940660827 0.6039603861933079 0.3968014606137877 0.5926839705948593 0.38913428523899896 0.5828859381109512 0.37828005565769285 0.571118110176906 0.36623230355034186 0.572138353115743 0.34137655354670193 0.5739154602187345 0.3238714347994557 0.5787059934159607 0.31309099386213923 0.5781509911665 0.2966431689302101 0.5794107065480064
0 0.16875507468609258 0.6786271550286963 0.16814196673064385 0.7185668778119693 0.1824403561712864 0.7246676008833681 0.2102599272296089 0.722705881233123 0.2341707947407094 0.7148012197719624 0.2695692695123569 0.7073072352576869 0.29577471896483043 0.7018545783402211 0.29914089486013307 0.6791844106546497 0.300321942135501 0.6706708765160405 0.293425490477382 0.6619083233108677 0.28282072115116025 0.6604013580583764 0.25204662029937985 0.667712866960492 0.2231975562284909 0.6725046068709132 0.20257264616933024 0.6758116338933279
0 0.30240633982863363 0.6678239151438644 0.2956583747391497 0.7024516075191047 0.30034627782901613 0.7093018297773858 0.3136679893127737 0.7106028460596363 0.33399469003089166 0.7147130648702252 0.35700511458910644 0.7104479340644456 0.37449562145912907 0.7060550276023441 0.39074935853322357 0.7084992789063621 0.3952143715408496 0.7086439956746838 0.40704320482899947 0.7019072635869673 0.4214423251964441 0.6966983144835802 0.42167991283236617 0.6915544742019505 0.4262182533791128 0.6908323249929874 0.4270805788299988 0.6829731756153415 0.43150747433562514 0.678898273661399 0.42843078538672885 0.6662328852485243 0.423634344720621 0.665336013667078 0.41447652943856805 0.6622908565643381 0.4061790478877193 0.6646424354296299 0.3984104724095931 0.6716385954498288 0.38994582329706406 0.6689610451976513 0.3594474275832053 0.6753483325404014 0.35021628476203176 0.6731700414149465 0.33287733215481075 0.671879433998615
0 0.29821030128397463 0.6255807812050569 0.293663078113304 0.6567644830292378 0.29488515035555046 0.6617766710347073 0.30289712839935634 0.6682488775765068 0.3158571013720718 0.6699344418213197 0.3261177372058117 0.6692827126865984 0.35057802327307386 0.6727854934523844 0.3588706056393621 0.6743836965109556 0.3705351788307104 0.671923938727584 0.3907553336922688 0.6687316228693302 0.399103638579117 0.6720062023003912 0.40577429269011694 0.6647571465937904 0.4135076581311223 0.6628474712731411 0.4229841952376572 0.6652382436149172 0.4272742340341636 0.6549975097678185 0.4247567620105501 0.6458399997341645 0.42274768357621983 0.6345642097833782 0.4192994577471603 0.6301829331807919 0.3984819684583195 0.6256477519375606 0.39527133026518196 0.6161226350533443 0.3898550509686707 0.6139912906440506 0.37801351184652093 0.619321483157679 0.35592894190919167 0.6227601624562539 0.3079674427129918 0.6230975500636048 0.30069945417470956 0.6226191086687202
0 0.18252178431788657 0.7245333392779406 0.17229532348161491 0.7341514696820498 0.17688651740643813 0.773489450178631 0.19154229473111412 0.7750957563197515 0.22791998598185986 0.7654259872055004 0.29553165616856336 0.7424243272427851 0.29781900599502065 0.7356961972080448 0.297390856826072 0.7239777816894472 0.3056139546575286 0.7168473824403675 0.30329447350722827 0.7098249014822337 0.30011417434744514 0.7094462523867108 0.2953032562486658 0.7018498927555884 0.2704898004069896 0.707282276104519 0.23627631057888882 0.7169786784519768 0.2292412662827492 0.7180124912782274 0.21754502492531103 0.7229272755349733 0.21054437178880714 0.7226713679041947
0 0.19757565752484618 0.7753058090710155 0.18401691665551773 0.7881082907678872 0.18499080470705298 0.8092718418738262 0.19237965716269528 0.8270173688169221 0.21980213966648848 0.8198855842097239 0.25491969620826405 0.8083329943191478 0.2663863168286008 0.8034832865882237 0.2799539152424854 0.7967581696678737 0.29272062042160263 0.788020078919555 0.3147009875542349 0.7798706900180233 0.3237360960008079 0.765790297923531 0.31067324760111065 0.7621325746618267 0.29578784953933324 0.760591345046528 0.29518444571782415 0.7447626836998632 0.24384701539585496 0.7599521474495644
0 0.32267882584157154 0.7120484946872111 0.3054575292057563 0.7172831961002283 0.2969057804764767 0.7236012245789766 0.2978875743795377 0.7364222809253936 0.295394939258799 0.7424392447134996 0.2972407278876653 0.7606800018618549 0.31109924463674354 0.7610008003181528 0.32489761167526593 0.7659411043574768 0.35831171096614683 0.7656761735396719 0.3835643593006739 0.7641839165351686 0.40851510952994036 0.7574666909078808 0.4084672598997705 0.7521697227246124 0.42448826370721754 0.7493994064752246 0.42855918934886417 0.7432891766243371 0.4245545634579664 0.7398216640090514 0.4258150059968904 0.7327377732623958 0.4172375075543573 0.7305662527358177 0.4120006890816448 0.7260318131619824 0.4096664031756573 0.7213828410230679 0.40663012155495304 0.7123303619825787 0.39642033292114914 0.7099133762186609 0.3766487516978952 0.7091441802922791 0.3584652608320794 0.7150056112473524 0.3367152914784615 0.7151511431049619
0 0.3268759998056299 0.7650263765734854 0.3150854204070623 0.7793430235828803 0.29243705633033684 0.7871779092269037 0.29213265798122035 0.7985933073146502 0.2945245933539079 0.8152631405810696 0.31872299799443193 0.8154858065794697 0.3253761079769639 0.8189107861901602 0.35966035203384306 0.8191073192911463 0.41227413609090313 0.8126929592763329 0.4176435540651134 0.7980719139178217 0.4240009159825777 0.7913136880225805 0.41146664127931654 0.7909716230639848 0.40689626897153697 0.7756272484421616 0.397346776462473 0.767358564513403 0.3842185053852208 0.763290455253475 0.35878175812268903 0.7669590991796728
0 0.423411184035158 0.7916978125806148 0.41816020365905954 0.7974800916806423 0.41260776800297394 0.8097889638261786 0.414999396518961 0.81805720813309 0.4177793033884629 0.823710516186925 0.42423473966957237 0.8372681998011408 0.4566982028631667 0.8287834545328939 0.4693350119522266 0.8255599143890571 0.5308369729372744 0.8056248258011115 0.538944778045286 0.8026113186789833 0.5449276400275511 0.7980529863690052 0.5464584158911792 0.7908201510048 0.5480562044061016 0.7739065866962905 0.5398132120822401 0.7676545121955863 0.5289962017974803 0.7671417264461787 0.5202718918769188 0.7646044826643538 0.47120454011378643 0.781731178429934
0 0.5485313058331441 0.7752033072356461 0.5451298398946955 0.7976378390475336 0.5379176573287896 0.802902413676208 0.5303779928910058 0.8061127468718894 0.5385155136323672 0.8234878183548657 0.5463057420796176 0.8252162626681129 0.5547186915090754 0.8274839066270786 0.620800547745692 0.795873414462987 0.6408356178870284 0.7851855107588709 0.6442891370092583 0.7799126479039867 0.6500214349820568 0.77041553808508 0.6550156351790313 0.764706032734359 0.6557214901933073 0.7573491450459068 0.6459341277532421 0.7397259689144363 0.6233697147518704 0.7496993420736464 0.5916864973067649 0.7647619589623428 0.5831805086341221 0.7635942094691797
0 0.554715205769293 0.7416027880927558 0.5422805965473775 0.7444111809151212 0.5373347604927253 0.7554746110962425 0.5222169726859522 0.7633375455255734 0.5303346830050804 0.7671202312718134 0.5416652536480884 0.7674874695226087 0.5484767255211646 0.7748609336634807 0.5831805086341221 0.7635942094691797 0.6040181620743788 0.7562572677374119 0.6234627539950557 0.7485994476078438 0.6455136066381791 0.7387716219472463 0.6456252943903367 0.7226370737067395 0.6423926236442237 0.7124601354654473 0.6375646915113865 0.7023774661478269 0.6348170274034327 0.7002934413142589 0.5866006230815429 0.7261250238825876
0 0.4330188874601869 0.7324358519777355 0.42955915216829965 0.7427202660908544 0.42432429317297515 0.7502871868010152 0.40827864006254844 0.7523297705035336 0.4092065053662021 0.7581501212303463 0.4034097218703073 0.760508664608719 0.4113102728547777 0.7915488955777382 0.4250449043530877 0.7901612756189754 0.47094775993466237 0.78180395217924 0.5206217112992281 0.763431814449245 0.5371325606255809 0.7558897584177141 0.5371512091345533 0.7408551046430096 0.5348203771002032 0.7279176826500287 0.5296972058570364 0.7193500551196825 0.5235791566589214 0.7146428058068278 0.5039869451830795 0.7230581468300327 0.4767360034343781 0.7272028810362201
0 0.5310130466939973 0.6658087500839042 0.5392077479811926 0.6786276003239443 0.5400147173241642 0.6925938671639941 0.5376242803160122 0.7043118693795115 0.5244901533968324 0.7124504084389742 0.5043389908718255 0.7225776367804247 0.4770997364181488 0.7268275984919002 0.4340691559615756 0.7314521913235533 0.41745442164571306 0.7311138522960743 0.41118973803000936 0.7259495558137559 0.4097889683125951 0.7216148898695436 0.4068091863408525 0.7133115172313266 0.40756701798764067 0.7017407659028893 0.4221358168100368 0.6966655095882924 0.42159235759139085 0.6917724305923905 0.4263458333243704 0.6904252539820117 0.4267417002406655 0.6840041867181199 0.4411377361828125 0.6748771240895991 0.47483960771034056 0.6725809252284961 0.511311344192321 0.6653989535803779 0.5233224227829809 0.6635721276032432
0 0.43116729264275455 0.6212384027272728 0.42594466596521086 0.6359671785643669 0.42491236488076733 0.6473002731769189 0.42803648720362186 0.6565090697642748 0.43230660072746874 0.6669703011982189 0.4418310154092353 0.6762578614705088 0.4745170248223145 0.6720414605295645 0.5246805587066894 0.6631872200002779 0.5295641635262124 0.6611722761566456 0.5358485380631496 0.6634919982572255 0.543935028890461 0.6593075534739946 0.552975057117282 0.6551683116051666 0.5579603684942112 0.6493392181634957 0.5535995077262879 0.6338566051993278 0.5350634873468374 0.631854669160651 0.5320159010034907 0.6260940629211263 0.5214559332860418 0.6177308749507334 0.5166204419168895 0.6200476267774121 0.49130795318346543 0.6215434199359543
0 0.3977159234345967 0.5909729001899041 0.3942560312049603 0.6048866579066646 0.3953090474564501 0.6159441990978148 0.3993528049930122 0.6264695817989199 0.4096153604003335 0.6270309651245112 0.4206674219348188 0.6295767017971049 0.426951796471756 0.6318964238976847 0.4307626941185557 0.621668513244641 0.46630383607349885 0.6220054866110359 0.4921171502318631 0.6206831989012181 0.5189518061613411 0.6168633477071107 0.5224772750571556 0.6152333114664439 0.5253062127753085 0.6018138155342123 0.5233051387809738 0.5862933058645281 0.5097915839154935 0.5875996154954892 0.4972337941549489 0.5741246401660671 0.4614947187418581 0.5769982004316179 0.4296321176417452 0.5819275715202186 0.40806597413475554 0.5861469427350644
0 0.5379165713970758 0.5859376230971088 0.5290208835213668 0.5909822889150759 0.525937167286792 0.6013195537496833 0.524774737115805 0.6133204155954889 0.5259775733750717 0.6208656151716468 0.5316933181154646 0.6255545982221945 0.5364697367209166 0.631771569540732 0.5528723263140629 0.6337472510177643 0.5640260944059545 0.6324788380923193 0.5895901097045616 0.6236565537207462 0.6097073700437664 0.6148007085786421 0.625634304789871 0.6093405446610799 0.643468314334995 0.6039707865723232 0.6495657147271143 0.6006655111765867 0.6491775551729102 0.5878423250015612 0.6551645173997196 0.5823602424573396 0.6504559031658719 0.5736005047401097 0.6439254817204164 0.5741895082884294 0.636562920354091 0.5680745849425691 0.627018814751091 0.561631599052018 0.6038342771473061 0.567571412336336 0.5794359439709247 0.5748015571727585 0.573092496670287 0.5810155582173946 0.5524995814840407 0.5824355579649044
0 0.6251334793649309 0.6091670392123553 0.6439210263095644 0.6038424840380013 0.6502141324544053 0.612153162885105 0.6561168513396161 0.6224671434319692 0.6562163301915963 0.6334794817087167 0.6221502662281492 0.6557518525091511 0.5919038315194054 0.6737872694030654 0.5687422367880928 0.6872912306162998 0.5436254538073902 0.7004029780176824 0.5402552845760175 0.6941029070792256 0.5394341039684772 0.6785634490567835 0.5314799699331354 0.6672536387319749 0.5301131024015231 0.6616475895884165 0.5360748940504343 0.6634278469900647 0.5438869154400903 0.6590057454909484 0.5533315421911102 0.6544363931047522 0.5580084819445819 0.6496410261465421 0.5540041062504867 0.6334264946819598 0.5635252689810144 0.6323053326435949 0.5891373977299922 0.623784856255068 0.61033832455525 0.614306446794113
0 0.4223965323298997 0.5481299402894596 0.41660126072366044 0.5530191335247929 0.4108904052112379 0.5569103737326176 0.4121487136750698 0.56174857820102 0.4033539429494446 0.5707346182889971 0.38450274590406297 0.5731551261548503 0.38403114378606074 0.5778342499049655 0.3895618870371297 0.5850330477914913 0.3964905165316255 0.5918356724866726 0.4076938737199187 0.5857384567386122 0.4291922783053996 0.5815936783277849 0.4604556193539883 0.5776035177948455 0.48724279898280765 0.5745572643137367 0.4948872917095965 0.5675206043542452 0.5002571357164523 0.5569078084147567 0.5025633317509847 0.5484619821381186 0.49512151143298905 0.5262203399245924 0.4817076543777001 0.5306712968824486 0.47538791187424095 0.5292156046387704 0.4727147970564025 0.538414771420713 0.45044766045941087 0.5453748252570864
0 0.642698238717921 0.6454352272506186 0.6491496260575544 0.6614640417155815 0.6548322813856773 0.6803081316060903 0.6465034727411945 0.689162113963619 0.6264558231783579 0.7039347284122283 0.5867533501137302 0.7252517205671735 0.5543430781966047 0.7419046290702968 0.5429619016535183 0.7438314490513426 0.5377575427039968 0.7417349710941156 0.535296087462111 0.7278221375250723 0.5294333198726348 0.720068085728914 0.5247005630411153 0.7132924840215721 0.538204476227081 0.7032965080165403 0.5448967775507061 0.6994517937352475 0.5692663835496978 0.6873504140921901 0.6225222914492095 0.6563480873196414
0 0.5020874327927909 0.510406288907875 0.4966380069157539 0.5259480128539739 0.4981501067190302 0.5340892515463009 0.5054353854742117 0.5488784424536481 0.5245424046867297 0.543749005410406 0.5503831723037945 0.5378538026239056 0.5927840182069335 0.5269796694019135 0.60865487486561 0.5230530485061304 0.6086727065582291 0.520477060546702 0.6163313610301795 0.5174495527640224 0.6169384038228128 0.5118499835553126 0.6255090949337374 0.5051360842075262 0.6267489193758622 0.49678624484147876 0.6185337722890871 0.4882594334586672 0.6164195919573674 0.4817171264899351 0.5998951770565315 0.4815440810065696 0.5901431188455297 0.48487921835700337 0.5619732630494076 0.4922914832109702 0.544501148124359 0.5009568052115688
0 0.5022427934698476 0.5503545696930502 0.5232689342235078 0.5438242587142813 0.5281400010648186 0.5461573275241789 0.5504703134027491 0.538400424807792 0.5819634728516673 0.5303319659902526 0.6082884787771724 0.5234425477300132 0.6167185337112852 0.5239099900766259 0.6184791873829962 0.5322664457949268 0.6211518776936817 0.5369365099481206 0.626079384512899 0.5409675393756475 0.6288064974373497 0.5607621261274999 0.5794362186896582 0.573611457592463 0.5747909117599729 0.5780702312530818 0.5625661842930527 0.5806778478694664 0.5526398438841417 0.582919740852127 0.537309665511812 0.5875501068918004 0.5259048713207217 0.5899253472443059 0.5222944055142036 0.5860923756048472 0.5093240164419794 0.5880543411433113 0.4971191380318197 0.5746594078192379 0.4958070592833106 0.5704607125460553
0 0.6364767432685756 0.49195145533722595 0.6300086472462186 0.4963586610974693 0.624949140496025 0.5044116600982523 0.6175938144229294 0.5101734963709385 0.6161724493766634 0.5168276869318538 0.6135898018896877 0.5179273590762309 0.614431122720755 0.5232048301609912 0.6173898198727775 0.5227340367540427 0.6180004005951756 0.5317541741169278 0.6224403417975504 0.5371149464582959 0.6265042333348783 0.541846840062235 0.6371943062250434 0.5362430891200294 0.6469079275634967 0.5279742550803634 0.6589900230030408 0.5241823562765714 0.6781801376842269 0.5165373463760919 0.6892398723523877 0.5167124660720424 0.7087665153660007 0.5111784446054669 0.7236785651239741 0.5043781484812991 0.7374624658868065 0.49569121614484507 0.74116308353319 0.4894942472099006 0.7399125795915071 0.47992001518345945 0.7320283123996234 0.4564135778960012 0.6772713559517098 0.47450626917493793
0 0.6385452335151748 0.5344910583894814 0.6283559335008737 0.5475318068925951 0.6292925022360772 0.5613677803051559 0.6382733515873289 0.5672833721381526 0.6436974375332797 0.5747710380453975 0.649191943553472 0.5720857345535432 0.6593616468295309 0.5748441137458816 0.6719090579552046 0.5712880676569038 0.7036012067784312 0.5577937857496323 0.7377218867872721 0.5436112368573977 0.7599580109874029 0.5344890436803896 0.7587281320957172 0.5241205341769688 0.7506115999150333 0.49708990762064925 0.7407860301314562 0.49649022281552346 0.7238117235001561 0.504121170858444 0.7093519814275908 0.5116035255132042 0.6886234329767492 0.5169141212885905 0.6779883527979672 0.5165438588117858 0.6588182034324145 0.5236690154819029 0.6482945682947527 0.5266515057500779
0 0.6591895800832901 0.5737647665522753 0.6553649181895067 0.5816173836838402 0.6495771020128321 0.5877701510848347 0.650806980904518 0.5981386605882554 0.6477664177379396 0.6029487762433229 0.6510200726176373 0.6127437299259407 0.657046392175431 0.6240091110108078 0.6697912817153453 0.6243454912636127 0.7061332161264388 0.6134818128923579 0.755462526897929 0.5938608925684147 0.7610780913693653 0.5860520982150679 0.7773036942695786 0.5769538467078413 0.7759653762728991 0.5663618472794676 0.7674105674857697 0.5413660732448905 0.7619299371156337 0.5356541290003083 0.7402364513460068 0.5434626434692372 0.7029637631294673 0.5591025552715598 0.6728906350966501 0.5721379925221889
0 0.6620472425032018 0.8081663185245297 0.6590174783916808 0.8237137818311776 0.6551968874171648 0.8321409715644782 0.6547608595324623 0.8423630968163867 0.6499600814379811 0.8446417294330058 0.6530979769000624 0.8556870737468563 0.6593690356744916 0.8626312768052594 0.6681351636246463 0.8679503053270207 0.7076616022318851 0.8567481668131327 0.7791752062439058 0.8259230095850346 0.7865124131944434 0.8265977312522533 0.7840572132447967 0.7960798528912516 0.7789429958523533 0.7855946155030956 0.7704855750504269 0.7778929714168119 0.7211968736826365 0.790484745451315 0.6929889395720402 0.7971020456117442
0 0.7891619663377725 0.7762721191408124 0.7834223608036567 0.77698072346123 0.7797911300861107 0.7844361967378654 0.7843165868674785 0.7955473190857777 0.7880893347706999 0.8256917928296499 0.8089107284052122 0.8202498527610502 0.9042769806175177 0.8051568738758291 0.9039921950049368 0.7882536577017651 0.9009816202793294 0.7693688037005288 0.8659552264635593 0.7742463145827913 0.8329751679438626 0.7790029011905509 0.814558150279199 0.7800912196610765
0 0.6568201616104642 0.7559417879465776 0.6549758925663101 0.7638088707541839 0.649368339918402 0.7718244509565134 0.6444895746129932 0.7800925115014699 0.6413070777750991 0.7860437345159655 0.6427773584550468 0.795266570190988 0.6518235398680488 0.8023423293175153 0.6558875567748153 0.8062398269377983 0.6710600380810887 0.804234938251048 0.6935777001831157 0.7964761606519878 0.7221150212821057 0.7897655093372761 0.7711443490272143 0.777706269108247 0.7748662729506374 0.7729792428930438 0.7727165384537369 0.761653845116346 0.7696646040477988 0.7381904622946293 0.7572338595449832 0.7293197676494945 0.7087932924109502 0.740753122918767 0.6725814035278133 0.753311014300071
0 0.6476531428519521 0.713555346209783 0.6465376611502971 0.7216749093600162 0.6464930597744845 0.7386714766883623 0.656630801353494 0.756913504403243 0.6734295377615706 0.7521525955348407 0.7084639054225566 0.7408464740730495 0.7564350588367723 0.7286281046556761 0.7630227986046455 0.7267610815700282 0.7743492769465039 0.7157476326370408 0.7699097812212794 0.6922184717812622 0.7682294604441962 0.6816780881526651 0.7601427863109942 0.6784616217325793 0.7441635304512938 0.6862034580050401 0.7052178786099147 0.7032083221387005 0.6596844870006624 0.7220802093580089
0 0.7712288196291058 0.7285666488822568 0.7701340177676161 0.73897547644273 0.7755043670872593 0.7705032761742386 0.7901636619321353 0.7766934448037691 0.8151415561405729 0.7795176785875224 0.8335639285549383 0.7783770162307947 0.8665439870746345 0.7736204296230351 0.9009116069136176 0.7689296210493373 0.9147251805859857 0.7627196081592365 0.9160873299153731 0.7453496362137604 0.9142335965717514 0.7229237478827714 0.8859875444763066 0.7033874230738938 0.8435231092050794 0.7115943595801646 0.8115047254190091 0.7199062551212357 0.7928822630075605 0.7254858050703533
0 0.6588272770344643 0.6253948874748224 0.6566847611939135 0.6343219242684511 0.6485638813259256 0.6392976834409642 0.6452512403984739 0.6464763866565767 0.6466881307559683 0.6540918516657014 0.6489778981369821 0.6614656038646306 0.6588292066404153 0.6729362209491798 0.6610654280067154 0.6743824135144516 0.6862304618414108 0.6630905082296145 0.7141807325062223 0.6524949262200563 0.7385701451175433 0.6405314285193464 0.7558913876365969 0.6317596590699908 0.7646704734167791 0.6239231278141756 0.7721516955171276 0.6191286532493093 0.7722073399507918 0.6110901908223426 0.768494068715962 0.5975828635227028 0.7650609492554042 0.5914245575625862 0.7620357201620513 0.5878248826730273 0.7563189597643314 0.59390211386709 0.7058395421355271 0.6141511575048306 0.6704451456594767 0.6241822391279438
0 0.6557081736023629 0.6729293387613448 0.6550448060492923 0.679951488228717 0.6461112086688203 0.6896146299366684 0.6406983098308037 0.6962000176105286 0.6449018888738596 0.7071912933705878 0.6486254833904421 0.7123758659020875 0.6593616035656277 0.7224071726092 0.7047237590533162 0.7036084058326323 0.7434307964568184 0.6863986209939066 0.7568100635625336 0.67666408459967 0.7644457972631717 0.6700429995826674 0.7681024592613619 0.6678181225720955 0.7716921887411599 0.6581837960194514 0.7698474080164605 0.6480096999397688 0.7651936806762138 0.6439801454445327 0.7597293342424337 0.630671951424111 0.7144392729140138 0.6527187903586805 0.6852683943695135 0.6654431238331194 0.6615052530221535 0.6757434470177683
0 0.7598519111944901 0.6300429385392158 0.7660012365478215 0.6434541402931643 0.7708228619920363 0.6471389742446781 0.7755270721250709 0.6472914436970173 0.8055508276930905 0.6343253974123829 0.831840665462775 0.6244975333643888 0.859119343711714 0.6152808335297185 0.8687914660264509 0.6116482591889509 0.8771842728059088 0.6083782540634769 0.8799746712769013 0.6049131999546858 0.8870294548654902 0.6002395817949172 0.8877968512260624 0.5952679069183056 0.8823376664331586 0.577798335513814 0.8762470487354175 0.5661533160094531 0.8623744105995504 0.5685992592667156 0.8533100114042198 0.5732481465670777 0.8237178559888362 0.5819319590625444 0.7687526091237533 0.597806727661327 0.7723752380547599 0.6107454702786205 0.7726687763327107 0.6195763815265578 0.7642440349050195 0.6240439842192733
0 0.88790394325549 0.6071230261856205 0.8898259797803344 0.616383817039235 0.891998331850168 0.6202252047389893 0.8983660381002554 0.6294146009063187 0.9000563072246651 0.6414153074381377 0.8893901827897976 0.6485980949496514 0.8391826920724633 0.6705528926344307 0.7797212926893498 0.6903761409623952 0.7681910031462349 0.682352729315066 0.7637824297101012 0.6770651490500397 0.7652986742866911 0.6698012867724721 0.7678892400054822 0.6678785507746442 0.77147896948528 0.6582442242220002 0.7743703335418484 0.6470250000274155 0.8056734046451469 0.6336963845274878 0.832221782822623 0.624092384618118 0.8582664666881947 0.615522546339914 0.8681064871068997 0.6115452514554246 0.8767846073015061 0.6114628902854032
0 0.883433430128841 0.6517719745294343 0.8959443352884079 0.6547632830976031 0.8976665390610508 0.6655663920621808 0.9022110759529194 0.6717068493507262 0.9044987449149827 0.6930466236102797 0.8989045614693194 0.6984948419194476 0.8853491713968341 0.7029308315649216 0.8428917664693925 0.7119922640553188 0.7923000951702843 0.7245475658098147 0.7826145863518689 0.7266982502421678 0.7724490930069801 0.7230422314459614 0.7725315104480013 0.7179675488358231 0.7748635357590008 0.7158209486993711 0.7698544992632876 0.6913896560300561 0.774033403717937 0.6854511299126624 0.7801930523530209 0.6905395768984707 0.8389694728165835 0.6706133208369796
