0 0.3106543466702311 0.2580684227032159 0.30947791985823986 0.2624339810081831 0.3109026508981704 0.27171705611084246 0.3173361354313238 0.2784025526213536 0.3312553791956524 0.28058367063359535 0.34649523885493483 0.2836354205229179 0.3611368666237252 0.2896640128256068 0.3635537614546984 0.2925215924847808 0.36854784686858877 0.2855317396290081 0.3782207950821421 0.29098165748031485 0.37668254845768323 0.2699701160280551 0.36764136918728163 0.26390384180006793 0.3497361411249835 0.26006636524391963 0.3393901820346265 0.25796539510765 0.3173923160382911 0.2572850972216542
0 0.3789285110072714 0.2904368575071373 0.3681192099197127 0.2861762449172676 0.364037140420893 0.29309310841661573 0.37003125022584954 0.3123839117861659 0.37121697622751293 0.31839102853021295 0.39154966755600196 0.32884576957473094 0.41945219629164976 0.34479670186832306 0.42358900780778785 0.33909585958906935 0.42744674034767294 0.33329531199473356 0.42855375706301313 0.32332145820604735 0.4057895028242184 0.30561686323873055 0.39113320697609544 0.29519599667241714
0 0.42869008554595245 0.2958514967192873 0.4204457986723412 0.316037729805044 0.4266202411982346 0.32103539447870805 0.4282746780867601 0.32322175289096533 0.4292160301604959 0.33193331206178983 0.43440904667466745 0.33139567060815955 0.46333307536002305 0.3497056559855156 0.4738833344403217 0.35227843673853826 0.4854804993289815 0.34964174326816994 0.48901514865461587 0.33056466756787833 0.47687056359277075 0.32104114883730306 0.46790533130434653 0.3150464310128188 0.45691176719583926 0.30872588128443124
0 0.4868612261309144 0.34574799557995545 0.481827066779038 0.35591410147925845 0.484796750672857 0.36495149255398635 0.48770134086576405 0.37503209963172807 0.5071871099800942 0.384516614029657 0.5205081218539307 0.38967457445526493 0.5360617655377917 0.395630177401529 0.5382650611891513 0.387643271394936 0.5405177299681689 0.38685278739382706 0.5485215732138643 0.3857240725692519 0.5494496957979164 0.36770988085665807 0.5177295084603695 0.35438324311387137 0.495811790340006 0.3473504391408151
0 0.5482972362549298 0.3868403884742642 0.5403497257709807 0.38709056062025793 0.5385787598328982 0.38757376259848036 0.5371029189329231 0.3957505713453709 0.541500397184086 0.40468662632095304 0.5446933397238087 0.409621439194866 0.5568942808434616 0.41554268565773184 0.5732169962131466 0.42427558883206234 0.5839817435453564 0.42901418837295563 0.593686915759593 0.430696060979157 0.6022488198181962 0.42973766887571535 0.6055793196939137 0.4206611959255535 0.6066150749623143 0.4038462652430175 0.5723712682113558 0.3918353128571949
0 0.6125116246338835 0.39033019917667017 0.6065343863695306 0.40091607934644086 0.6080474592663028 0.4208734329645796 0.6136891203414379 0.42445127437296787 0.6229063515155175 0.424396552399299 0.6376172787263894 0.4303218047886664 0.6479553525742494 0.4346847871417156 0.6529304737929813 0.4382476782288686 0.6568878664125698 0.4385456112688053 0.6660938848457231 0.43937960910367374 0.6690589787928974 0.431288496357694 0.6707470567318985 0.41872388392655613 0.6405167063051611 0.40256726553798305 0.6239653373043496 0.39330630942172395
0 0.6140433135290542 0.4243546339773234 0.6069206077027701 0.4231490248811122 0.6024356269304929 0.4304739529301684 0.6027725984874304 0.4379593285863121 0.6039771341988706 0.4419605706879814 0.6088020909729616 0.4387743701734436 0.6174304664385457 0.4449815318967414 0.6219482803950244 0.44748831710003706 0.6229241624753379 0.45096150625977777 0.6306185023794386 0.45348724771081034 0.6420273640861984 0.46001823719001406 0.6507812791082725 0.4656007055757387 0.6655564783198274 0.46954028723550695 0.6681479580424085 0.459976606380621 0.6707394377649895 0.45041292552573514 0.6641831621653479 0.4447228723496322 0.652690607420928 0.4386083450954774 0.6481533724274726 0.4345323513876312 0.6369925853888163 0.4300986233549067 0.6226664851434643 0.42475721926590787
0 0.31039844425638197 0.2715983684439344 0.3039102272105829 0.26928035175361476 0.2993908664792235 0.2797907500560514 0.29838307773503137 0.2901292403865609 0.3021345950252755 0.30074159518558913 0.32254848418923526 0.30696492148300053 0.341696722651112 0.314162546145142 0.3517096275857039 0.32023613819979135 0.3578814319559823 0.32279772948129354 0.3660054623438266 0.31963766080017186 0.37103223184253054 0.3185806089516037 0.369490802527743 0.3116107861557308 0.36408204084539136 0.2932739959141968 0.360240940281078 0.28976199514104956 0.3469660101687727 0.2839494655464166 0.33064276837858025 0.2813272945102417 0.31857973900391634 0.27880067896640726
0 0.371896687348212 0.31960268506250405 0.36532368778153207 0.31903746825663243 0.3596461762769728 0.32200174009274185 0.35939182871433056 0.32726013974608575 0.3639015879393131 0.3274448497265155 0.3631302301029493 0.33394501120885717 0.36452001103078924 0.3430003629684499 0.3867917421850572 0.35594993747055154 0.4128556246923854 0.37132417101989607 0.42548941430521225 0.36834881231920397 0.4269604633586843 0.3610287725752254 0.4205845469949566 0.3448427769124153 0.39127655596472877 0.328309535017911
0 0.43459148723874935 0.33237269501593575 0.42813430274938946 0.3325620908566968 0.42008545337604897 0.3446644679362368 0.4279586505964996 0.3613853905275823 0.44634033197520107 0.36973562253063236 0.4671864488920015 0.3764699868834939 0.47773428075512864 0.37988174630396926 0.4835634406466356 0.37483194550414006 0.48527092060793603 0.3636735769119938 0.48248175724587944 0.3562579816756748 0.4741977633226505 0.35222854184282615 0.46333351878400264 0.3490603570135334
0 0.49397754077762884 0.378909163083159 0.4837461215900224 0.37525382907150107 0.47811755929671623 0.3793054426335149 0.47644591264504343 0.38762366961530875 0.47812107369196477 0.39392803425263817 0.48423081294936476 0.39147480047197897 0.5056380885979513 0.40340229886318024 0.5283468482582484 0.41151535727929905 0.5407394062100584 0.4177258815682079 0.5436277543525612 0.4073460144957795 0.5409675219694499 0.4046125152423501 0.5376303157772325 0.39593126930394823 0.5210444112759608 0.38929246044342714 0.5071856050238671 0.3850544217570637
0 0.543975199584521 0.40960985243567766 0.54003971499295 0.4185457598298447 0.5384838834185972 0.4276185994582713 0.5393950192031702 0.4372108873768887 0.5448825171903272 0.437036970174472 0.5598911590671838 0.4395460978494726 0.5871944604733441 0.4460910663615731 0.6024526491596545 0.44868934852466286 0.6035893688827919 0.4430329541770431 0.6029123950736859 0.4370852074920705 0.6016694617796052 0.43129188091019127 0.5937149964335223 0.43094634982241703 0.5836483415344891 0.42913297018329627 0.5743661603734449 0.42474691239809087 0.5559355297834903 0.4153093386691363
0 0.6087857034232574 0.43847030255957903 0.6037899664809927 0.4420347669392279 0.6025863808917883 0.4480238903661194 0.6054734426763511 0.4576141690542473 0.6050136967623196 0.4692183100868397 0.6253559193070239 0.48112191960495587 0.6402081120437444 0.4910641303851094 0.646865894131305 0.4898765473065331 0.6573958093396184 0.4947083775321846 0.6604310051158802 0.4875905356374696 0.664268591284945 0.4764799447914936 0.6583642503789343 0.4725874371929044 0.6509805452710143 0.46673993186060375 0.641551516476211 0.4590918488976848 0.6310884671339647 0.45392728959276146 0.6227196906898549 0.4516506496443607 0.621957934359868 0.4474557028438362 0.6174840084445132 0.4444308512530541
0 0.6474987194823465 0.489389398124168 0.6607557329398379 0.4966219985239772 0.6588476553803367 0.5087785543539387 0.6567437809758232 0.5165857432802824 0.6511200194357054 0.5152898027008631 0.6313747889324148 0.5057391856107342 0.6028512716401762 0.48663326557014513 0.6004274701648934 0.48006143746854807 0.6026781922031661 0.47551627371991784 0.6047641499528658 0.46912915559875046 0.6256723319825447 0.4808783450137734 0.640889886606039 0.4916643229286488
0 0.6043306358420851 0.4885882633038567 0.5944239444784364 0.4939643921787063 0.5904395106756124 0.5018129578469689 0.5900155980712086 0.5105769572692088 0.6027556012549786 0.5190513194980159 0.629256512268336 0.5295890369613773 0.6537120995948098 0.5383261767941205 0.6558028580976979 0.52659150453152 0.6577419682136383 0.5169423612326393 0.6319896976286425 0.5066721072335453
0 0.6028180110464283 0.44953311565938486 0.6049743490574434 0.45743586007806886 0.6050805626283866 0.4688855810075679 0.6026781922031661 0.47551627371991784 0.5975487235287675 0.47974619625811016 0.5876337170166819 0.47584728765526974 0.54218036438646 0.46246131243338473 0.5383082312657074 0.4564418991291567 0.5377208407306705 0.443393798418303 0.5408875384297755 0.43974611689117116 0.5446329703808734 0.4369478156863828 0.5593251995822092 0.43970051795256593 0.5876935540922518 0.4462693753377515
0 0.5302054128184484 0.4582187360925529 0.5426041945154746 0.4612040914426383 0.5935887680258236 0.4770119539956204 0.594757438019487 0.4860172253959894 0.5936595476338711 0.4969191738740902 0.5891156871625864 0.5018537238765081 0.5843626443800194 0.5030702541292251 0.5695235243944202 0.4994082259223899 0.5424404686895313 0.4893680534386809 0.5281386895991389 0.4837120269790363 0.5264931681917995 0.47966301700026776 0.5256289828837527 0.46696710055966745 0.5264761783209392 0.4607118593431496
0 0.5317487389767699 0.48682341645346433 0.5289894754184982 0.492395541524758 0.5312924520992307 0.502690859727586 0.539575628347305 0.508382618157064 0.556106029845106 0.5124667187456637 0.5752383153535603 0.5158409042116641 0.582565786083863 0.5160906213945502 0.5877811584027707 0.5112138151631106 0.5876268882173231 0.5031434702970049 0.5692685819782756 0.49931714376969333 0.5435877095621825 0.4897779231258154 0.5331692263075106 0.4858735932544937
0 0.5308575786258075 0.5041749731481059 0.5250890136463767 0.5097649642043164 0.5254158580592168 0.524454878897726 0.5435210170732061 0.5356595011534607 0.5602813572008631 0.5392792579861193 0.5785396482947558 0.54088388087888 0.5841233776636506 0.5423322623295664 0.590146885059226 0.5368333534260525 0.590884913330285 0.5290817960943849 0.5886569480084186 0.52045275561747 0.5836105595347306 0.517010375913974 0.5744301802768924 0.5164630068837384 0.5557736237934664 0.5134409473338942 0.5399830457578108 0.5090746672947466
0 0.5368825762580078 0.44020185462367295 0.5375924913806072 0.4448274261981675 0.5387091668281699 0.4603460132583046 0.5299728130647275 0.4575891432881481 0.5252856296200542 0.46119733878617913 0.505900853972084 0.45500048270064203 0.47357987443862737 0.4465501020728948 0.4734347562741523 0.43775436968738823 0.46974724326102657 0.4357082909538874 0.4717508315918366 0.42913753190510323 0.47597389030908277 0.42172023450467505 0.49559775660788147 0.4267273593148701 0.5171153869858206 0.43386837530909106
0 0.5257021990515325 0.4611640004044608 0.5254081962748692 0.4667060567962078 0.5266114873788994 0.4804339455960169 0.5283253204007612 0.48414303235325923 0.5285003469047823 0.488031013713723 0.5133879804610935 0.4857286783929929 0.49635684615197556 0.4807370259795994 0.48439040435849057 0.4777369782309 0.4684656553704188 0.47131895616796465 0.4676715768679809 0.46575249438695776 0.4648696625670177 0.46201900224045556 0.4690469611794016 0.45822864243703143 0.4747179632903061 0.4476853592794301 0.5054842845406057 0.45503382108236035
0 0.46719764303403905 0.4728697463519213 0.46246404239896116 0.4903058457949163 0.46595577258949217 0.49264630667359527 0.46697488516852875 0.5032116016323412 0.48462997602932084 0.5044185575325976 0.5130609599827132 0.5091110406245827 0.5250298540528269 0.5093794999064418 0.5307392594387077 0.5034040445523569 0.5286753734088034 0.49191899507418685 0.5306765094629848 0.4880798244922429 0.5292084668362952 0.485187207407098 0.5284661910975211 0.4882009753244862 0.5131921976384988 0.48602306053817096 0.496866730984265 0.4809191902849925 0.4836255771100565 0.4774637317728103 0.46809239376717426 0.47045694541951905
0 0.5242900305906815 0.5096616793569898 0.5250334444349997 0.5243182556686813 0.5240362262800808 0.5272409414333729 0.5155316063375808 0.531489105588395 0.49513130849274684 0.5296657103063512 0.4671986050740428 0.5286123675060003 0.4569484485790483 0.526589818047703 0.4556511849886647 0.5228473929087424 0.4543972292265148 0.5182096186396178 0.4538013858233004 0.5096171862465927 0.46457973119252916 0.5103711249714814 0.4668291099185114 0.5046168355947948 0.48549727069953863 0.5041819191583977 0.5132475907843354 0.5095420459988055
0 0.5255591810326053 0.5257812334021129 0.516619687616682 0.531513510977655 0.5239672575800162 0.537781831002859 0.5278023410342457 0.5458920536550264 0.5401828999825803 0.5515903514888475 0.5620554879218189 0.5610441532703158 0.5709693204659112 0.5649574161340959 0.581855037810181 0.5597382930930149 0.5831938140377119 0.5551159912206917 0.5822021575215929 0.5423745337037432 0.5782505500713497 0.5409627603369466 0.5606979266323413 0.5392459196044009 0.5430702918344666 0.5358628011459422
0 0.5899579642792155 0.5112178439242708 0.5844225399163746 0.5164543794293645 0.5888344194649483 0.5198856598760119 0.5909716611303206 0.5284817308348843 0.5909454006403363 0.5363048569199557 0.6084928820958091 0.5436045613986157 0.6226325688473631 0.55401526938538 0.6334500796241453 0.5578799937543851 0.6451074742643723 0.5583346443330731 0.6484586854763839 0.553966713692272 0.6504738916427779 0.5377849496049799 0.629281926018021 0.5293893149726833 0.6033302556514798 0.5192932016180243
0 0.5908681061529562 0.5366894795253524 0.5843126919532124 0.5423860822917191 0.5823782985127406 0.5435500577752169 0.5837039480606218 0.5561846660907546 0.600301153416091 0.5612898019208489 0.6203675429706115 0.5699016628534669 0.6337605453383486 0.5763354708091268 0.6436532970138255 0.5817248782694034 0.6442489106614241 0.5718378575129036 0.6469100209815261 0.564749953973695 0.6339497190448603 0.5584707349927953 0.622593921603673 0.5542075806880783 0.6083872958624753 0.5433607204376639
0 0.6442302309219206 0.581930996902417 0.6411950349186237 0.5985728282509822 0.6289296398770923 0.6003743836464209 0.6083401251591284 0.5959041193869751 0.5920238060072258 0.5886320295689454 0.5834781583663894 0.5826933028612044 0.5826776652379212 0.5743686875239142 0.5829226789450536 0.5693032566651884 0.5794610754964833 0.5680665448671068 0.5819110133499179 0.5604909594059948 0.5865782621033605 0.5580360341248695 0.6001182726953772 0.561430583565294 0.6211273575994203 0.5699669998420357
0 0.6348818596787568 0.602294788332112 0.6348942464324625 0.609925603114485 0.6338065741146297 0.6214918959370166 0.62070203870094 0.6151611472978636 0.6061165212733226 0.6085074133788747 0.5911728231547584 0.604405256053218 0.5782380382167904 0.6018452888121556 0.5791862830608245 0.5955882678093017 0.5794906550071199 0.5886889759097839 0.5830558134330546 0.5817179390173973 0.5915911055761546 0.5884774405941853 0.6081958916821046 0.5958525897287217
0 0.5775838098213153 0.6020237927845389 0.5736349537057357 0.6078271545304199 0.5715921992846744 0.6118380772264548 0.5747059775400344 0.6148055907488216 0.5777293310630219 0.6220692899191208 0.5773504393766022 0.6262624162505463 0.5888221785488597 0.6299486366471684 0.6056381371214772 0.6378114677036083 0.6209551774319497 0.6439020750448171 0.6276492756142058 0.6444385782836816 0.6327850972951542 0.6450367188481072 0.6344289925256092 0.6353180943966827 0.6369099968722531 0.6252801843284302 0.6329204622570143 0.6228242677255899 0.629335336326893 0.6198944765311611 0.6205191579802262 0.6153019289423084 0.605972287796299 0.6084558837206214 0.5914226428651159 0.6047006266724232
0 0.6316567464776619 0.6483437333219172 0.6279266435792307 0.656904790294144 0.6269162657487779 0.668086460511279 0.6117896869094998 0.664125084830067 0.5897502566708175 0.6568695106836452 0.579154273858439 0.6526716933674969 0.5683602488243853 0.6440746310869093 0.5673278722337768 0.6369038835658093 0.5719564737435293 0.6346412695873824 0.5749005015231675 0.6338380017116584 0.5771958504018421 0.6270316614613397 0.588716592315526 0.6297047956862166 0.6060038985629048 0.6375299044147184
0 0.6239156544772324 0.6676328012543059 0.6234180463124869 0.6754936496673155 0.6230515413797728 0.6873175907811141 0.6159040317709726 0.6882680483055831 0.6021142014685985 0.6845781282459535 0.5872760895833679 0.6807198118812486 0.5735635537683739 0.6766452692162223 0.5625735177686142 0.6721005516226154 0.5613375494618189 0.6667121354840541 0.5598545361919219 0.6579375605527985 0.5656190692696474 0.6546379454050034 0.5678267681632054 0.6490370026291283 0.568906116239271 0.6467430743270633 0.5789610376399887 0.6536332498809886 0.5885190943672473 0.6568418960230148
0 0.5265018724300639 0.5454359085482714 0.5221768993753203 0.5523416084520892 0.5147353733179612 0.5593705830070291 0.5170913682004815 0.5707243491922472 0.518020933305012 0.5745604675789066 0.5320785195659608 0.5799949966931365 0.5524955090609474 0.5837852677279803 0.5646497683746335 0.5879214477185676 0.5796735357278336 0.5885481942653388 0.582651404747937 0.5821918136089856 0.5829557766942323 0.5752925217094679 0.5830669124220774 0.5693547863234418 0.579605308973507 0.5681180745253602 0.5727593965637465 0.5652600283238002
0 0.5173667049095368 0.5747389715512897 0.5102315820544424 0.5833202438581316 0.5098602711185033 0.5897833834939993 0.5118739903023247 0.5966863750565247 0.5193637756098239 0.6001866921547484 0.5351342273468408 0.6047903387326239 0.548702529684811 0.6088133517393968 0.5617249646078956 0.6101679215060155 0.5725480248791892 0.6078510695280428 0.5777770460397655 0.601062236271047 0.5795189467530735 0.5893174394761321 0.5649382353286811 0.5880245070350745 0.5527839760149948 0.5838883270444871 0.5324339255096521 0.5805342082732935
0 0.5127676829104209 0.5976240165723936 0.5192091866350638 0.6009559373655419 0.5352011663364844 0.605226490996274 0.5488467631618347 0.6088648813976502 0.5616863173642055 0.610360232808714 0.5706212121891981 0.6112850583159827 0.5743505715963432 0.6142663791686647 0.578028153514806 0.6213515743665808 0.5768790917018408 0.6263001385784845 0.5744960928380498 0.6343118763032466 0.5659269594544849 0.6331054875070881 0.5607214240366372 0.6351619828525013 0.5396012034047489 0.6325633019617858 0.5149731513301196 0.6266502072712447 0.5125211822207157 0.6257742030809369 0.5088049530585628 0.6188813191857192 0.5063226609472359 0.6089252617776431 0.5084634208511501 0.6028881667381178 0.5112245679100744 0.6022256805068388
0 0.4593076785927851 0.5270497571253357 0.45404768006263824 0.5344919269128747 0.45467421892775317 0.5447541836681657 0.45772909245123977 0.5522988522740868 0.4735521781316992 0.5565178368884486 0.49242177795769526 0.5589571173253088 0.5103911264871976 0.5578481352444328 0.5142886823498299 0.5585235681261785 0.5221738538559405 0.5527363120232257 0.5264303556416879 0.5449356273793281 0.5223047638382348 0.537366942831848 0.5156836158408427 0.532850345348538 0.4951743278271131 0.5305422904567391 0.4674028740835474 0.5295833770614059
0 0.5142886823498299 0.5585235681261785 0.5171010410651665 0.5753029808014324 0.5092962767616829 0.5847041121946521 0.49457510698441887 0.5830298933536274 0.47127017901125234 0.5825911713534196 0.45870845775009084 0.579537360022224 0.4496769870504964 0.5763107263149951 0.44607115557541216 0.5674936748224055 0.44487082051342064 0.5627626581320905 0.44984392094512915 0.5580861083770398 0.4572945656146073 0.5517850959311078 0.4738522618971971 0.5577005910610274 0.4938105919593291 0.5587362630661576
0 0.5091126241111502 0.5842799845657626 0.5125971981821595 0.5977144080930187 0.5120594258976214 0.6003903994114169 0.5033724222538133 0.6048156439136115 0.4797854224713181 0.6017665433675362 0.44569892660696786 0.5961651303229764 0.44249204717212764 0.5890080005719515 0.4404824161825161 0.5833715923253363 0.448556410119308 0.5853453310051138 0.4518981175921067 0.5843532364319665 0.44953352904119553 0.5764040423981039 0.45874561182966617 0.5795130382844169 0.47163850788691886 0.582661911956791 0.49452237055530623 0.5830044635204864
0 0.5034965007984926 0.6049735349112206 0.506195947677672 0.6092169118900123 0.5089154937898829 0.6194788917111219 0.5129896678949408 0.6263993830879472 0.5135312562578628 0.6291431742494173 0.5095338887027574 0.6313583384796249 0.49515464597687014 0.6267676227609076 0.4884212234586955 0.6276409600899266 0.4696780513188021 0.6264095988004105 0.4561978067937651 0.6241438715635703 0.4463733717512214 0.6213625962041539 0.4428182344994253 0.6138988816133211 0.4433330238849721 0.6086178689850338 0.44567392282067914 0.5956097044143388 0.4799435785591109 0.6018416511097069
0 0.4954095883930149 0.6268587049136042 0.4990604933222508 0.6318063337247082 0.49877564256655993 0.6366230025970544 0.4986450619963167 0.6495100163355061 0.4931863515588654 0.6508387644280081 0.4876593295068919 0.6525074357420363 0.47314771101967495 0.6533343558806509 0.46407649892796415 0.6542833029655652 0.45317983437163545 0.6527584356449274 0.4447051227686815 0.6520988487749069 0.43742095986661234 0.6509537824618568 0.4339816895252875 0.6469925849336132 0.4287560270798632 0.634924434455374 0.4300673472444767 0.6324782951412533 0.43751313716187934 0.6334989409198887 0.4390409964676612 0.6265760559549481 0.44121291155814857 0.6218870773191886 0.44594765029877065 0.6221213221052732 0.45610449139295395 0.6239283688764589 0.47040872275997503 0.6268528068692634 0.4888036370829126 0.6277775833189715
0 0.5122248406465068 0.6261261366298575 0.5394811276643303 0.6325849125929107 0.5609261989600319 0.6353280623943783 0.5661824268305445 0.632287495499615 0.5725559872341622 0.6345645493170288 0.5675638538007668 0.6369708108450879 0.5685354110838545 0.6436936655197184 0.5679523100837853 0.6493146013695319 0.5652863619263249 0.6551022291279369 0.559554405030784 0.657790670106544 0.537217035278576 0.6547287327706385 0.49908238774636854 0.645294314448146 0.4991812647859793 0.629845673853617 0.5010183215481985 0.6288625122729282 0.5092789462866127 0.6312672563269284 0.5136837312522239 0.6297441412344033
0 0.4991165435536298 0.6451243528373828 0.49902747562053373 0.6496466395645509 0.49282894172093716 0.651257567107601 0.4918908831595683 0.6545657171701671 0.4963657749307882 0.6601720567372354 0.4967865918299816 0.6648765077697966 0.4993884758406349 0.6641665926471975 0.5031418481916544 0.6686043366260122 0.5146142569181662 0.672703033497357 0.5232231394735363 0.6754143623911651 0.5373815955905401 0.6797440343464229 0.5460429379951163 0.6808346265906664 0.5479916142000916 0.6786161926582871 0.5508734444131782 0.6785527855970223 0.5566529566046678 0.6797067849025306 0.5620141041735928 0.6734247447086376 0.5612291776921273 0.6671328954082298 0.5598593550195061 0.658992604076516 0.537658608496343 0.6552508202975579
0 0.434896539491454 0.6505983868435289 0.43025936361935824 0.6553174341588354 0.4273244164715231 0.6672025442176251 0.4298573317821117 0.677033518664512 0.43929690092380963 0.6824097592617239 0.45831331952179266 0.6822814276651347 0.4770656436826585 0.6827874014352501 0.4903117021101244 0.6807796830137519 0.4935967022660019 0.67667053567589 0.49867790363249337 0.6697419874206627 0.4994043276059511 0.665447406075236 0.4963700223985033 0.664909846151515 0.4963066153372383 0.659786592439361 0.492086665982163 0.6542713350249891 0.4883649971617761 0.6523952179022515 0.4729769319833689 0.6541841639344667 0.46397403150618055 0.6547931877978547
0 0.5032693193997267 0.6686498777023605 0.49931771194948377 0.667238104335564 0.4988395306478269 0.6696175668862479 0.49039586548996317 0.6817205732202641 0.49361189694577584 0.6881523154518883 0.4988857717726911 0.6938619398662832 0.5214390235805252 0.7026480978993289 0.5370588225798749 0.7078641859922922 0.5454719223126502 0.7108698970312783 0.5555720560899122 0.7095598910377495 0.5576055527602684 0.6980813809639227 0.5576312136320993 0.6884358405246004 0.5523207307212942 0.6856277661878089 0.5498603744929432 0.6801946579336753 0.5463911958120722 0.6811412114304742 0.5368967145445394 0.6801172959496675 0.5237330243058258 0.6755965266965583
0 0.21546842792363252 0.6961206124557537 0.21177943841089414 0.7011300848245665 0.21159605652015856 0.7194966223798679 0.22846119828743278 0.7238713255370434 0.2563370305819428 0.7330050853733251 0.28040047292213205 0.7416021252962137 0.2798819394218527 0.7328886075158438 0.2819074681832365 0.7217827323097605 0.27610459918273544 0.7219104091133963 0.2667334300061725 0.7213134656047268 0.24154258527250977 0.7101128013804102
0 0.28618780173156716 0.7158841057065327 0.2798451709350111 0.7166442600262882 0.27882734756369226 0.7206823111996307 0.2819590504227738 0.7215260555914652 0.2800744469605742 0.7329573838352269 0.28320244638148184 0.7379263842790241 0.29935555477648723 0.7489243343517326 0.323456757936786 0.7583601807488906 0.3419890638935887 0.7647060306913737 0.344282621833913 0.7553465447532121 0.3339148575818069 0.749441657121395 0.3156441662608648 0.7376871675354723 0.30565129910494787 0.7288900596830232 0.29306649088600434 0.71861672992262
0 0.3580446959142292 0.7412809961181375 0.35114848190219033 0.7437691111465773 0.34709841671269065 0.7505753205434574 0.34475969107590887 0.7673465121112756 0.3515867979908087 0.7703358130456582 0.3673862375854007 0.7748799880425089 0.3854340674238596 0.7774763827308538 0.39795076087893194 0.7778215874387934 0.4044757812329557 0.7741004365790226 0.41188411420219395 0.7731708104195919 0.4175635827611126 0.7674969413337505 0.41619579402755424 0.7609559613792722 0.4068522676898469 0.7581680514854737 0.39915566957916027 0.7512917426581867 0.3813141686988507 0.7476686410966602
0 0.41850440216464047 0.7662995560968026 0.4353594259506608 0.7676444863945798 0.44881217263121487 0.7665440978502328 0.4596570401038765 0.7667482556127055 0.46519202637265 0.7672242129328977 0.47091859050076623 0.7711052873505878 0.4723546830145843 0.775789194940408 0.4743629346709091 0.7799284662808129 0.47022994096484255 0.7933075748330802 0.46506629480129724 0.796414676735968 0.45116058431689077 0.7988744873700403 0.4258969290479151 0.7972764951605091 0.40778739898866495 0.7919070043310613 0.3978046498140019 0.7861396693380104 0.3981970717677928 0.7780267098728513 0.40447800234355763 0.774493459411993 0.41139815575627825 0.7739396340503867
0 0.2096601367133194 0.6736877193327423 0.20985806646185295 0.6963170655787727 0.21446812940991544 0.6949379243845691 0.2420823470685648 0.7094803238642905 0.26648934022791365 0.7215013660036389 0.2763486889609943 0.721722508714484 0.2783907502467119 0.72080143527916 0.2796526633962896 0.7165754837069053 0.28240305461610204 0.7131564194080106 0.2816920135771012 0.7043741253082575 0.2613893789516954 0.696570482017057 0.2408942367875681 0.6886980624064735 0.22972879954172026 0.6847090358822531 0.21880745207413133 0.6805321089591206 0.21496100473787494 0.6750313265194955
0 0.22583546573736846 0.6599341330936744 0.21709340141650735 0.6592868418248589 0.2136963804833913 0.6679769931284266 0.2149094224983376 0.6752880032377909 0.21924404939111164 0.6804129848795912 0.2295362920029988 0.6846402595628701 0.24050922171012507 0.6885605097677073 0.28286088022885814 0.7036913000319917 0.28755387169348745 0.6957392596824009 0.29118116098543456 0.6879566911724853 0.28497304094498277 0.6818872696185584 0.28015023449569104 0.6771380887745826
0 0.29432298182577 0.6918302084237179 0.2865913339998799 0.6953953780854855 0.28252744739095237 0.70329707067493 0.2831215025314508 0.7136882014038385 0.2858027866541242 0.7157465530677665 0.29355467044252204 0.7182409291247955 0.30565129910494787 0.7288900596830232 0.315939838278661 0.7372425904182647 0.3341073651205284 0.7495104334407782 0.34482238362996803 0.7547140672370921 0.34693996655590464 0.7554706067503063 0.34657247633606336 0.7501123148670129 0.3516228400392802 0.7444887935413175 0.353335171925266 0.739048234696969 0.3427094964754732 0.7344267306566289 0.3404482771454464 0.7220644531424125 0.32010146715685117 0.706266974465582
0 0.40854266261344874 0.7426959476430723 0.4007955604223019 0.7480755232125187 0.39991601710711405 0.7524521903321704 0.4067430408708677 0.7581008125756566 0.4164764743056869 0.7603437866554207 0.4174725182481358 0.7673656513761494 0.4192373615197371 0.7650334969290934 0.43596482525286007 0.7665656357980049 0.47103664049082755 0.7652697848667733 0.47059277399118865 0.7591858622007791 0.4702538948363597 0.7516581117906713 0.4479980094784138 0.7481508581087065
0 0.4666052746230316 0.7348005561850101 0.47100453368633843 0.7368660387726846 0.471621163361753 0.7430116837765867 0.4703464783432216 0.7511974099886026 0.44747971995108665 0.7479656910949828 0.4148208325327536 0.743704474964678 0.40370529369172864 0.7409677221816505 0.4000318658025045 0.7260764184600794 0.4053478796948432 0.7208158561019671 0.4126750325067504 0.7212115915089754 0.4273565788493252 0.7301601430982946 0.4562824522315583 0.7345690178766465
0 0.3444293639214839 0.7143589064290322 0.34100134112472996 0.7212815404461769 0.3425677229891626 0.7346794010718419 0.35871487800521823 0.740942002637255 0.38175107597476765 0.7479375967359289 0.3998019495227173 0.7511769911511829 0.4010270191894566 0.7469237687073473 0.4078392060723978 0.7434321842334857 0.4035912261073319 0.7396925230006631 0.39973263120438396 0.7257226228832293 0.35214833483837343 0.7146477356108218
0 0.4163626453449163 0.7074687982354232 0.417506644787245 0.7165186371781501 0.4140571379129562 0.7217053702122387 0.41254856108440563 0.7209195182700331 0.40526770002592943 0.7202934319619908 0.3995135762751773 0.7258912514463557 0.3476102005147738 0.7132733057262503 0.34752426420463434 0.706329701794027 0.347450731732443 0.6984029719197582 0.35050842050174935 0.6933231451108881 0.3542786460516935 0.6902261086367055 0.35723134747618995 0.6865901095719491 0.36363598881783954 0.687890710132497 0.3941687791767106 0.6990459148432331
0 0.3593831427670449 0.6639043835808885 0.3564734094976182 0.6710121846117567 0.3519319515756573 0.6733399075943312 0.3528354120112444 0.6808224741171286 0.3640278069228219 0.6877838039072787 0.39451430552826205 0.699169359519049 0.41697351837910535 0.7071932634470786 0.4202163741621355 0.7011920330340713 0.42179361737714866 0.6896579495317593 0.40527612833364557 0.6852381551746207 0.3816786726816993 0.6745855920961112
0 0.421913441602771 0.6973543285049936 0.4203891373379112 0.7012537553719791 0.41647671292931304 0.7087439974164106 0.4177719914698825 0.7161196577139894 0.42313008296179416 0.7281563828485279 0.4269647607443428 0.7302670493235132 0.456455215407334 0.7346307402145545 0.4668243295522383 0.7346319276218837 0.4714798550585958 0.7335794038202966 0.4782548304276929 0.7330371971725702 0.4841354256007898 0.7277314509271474 0.48751383304575147 0.7247413206781833 0.48901997683143766 0.7154038399609958 0.4876784065374373 0.7082585305644512 0.4823475557642861 0.7043788862052156 0.46037517756815144 0.7059107069092919 0.42537446175951094 0.7050099550553988
0 0.4303648908904656 0.6774130308185945 0.4265326461507813 0.6854256970030025 0.4212290360963906 0.6897031334190697 0.4220523168630638 0.6966632758018907 0.42532817000608 0.7052403059564333 0.4605016489904963 0.7062027801482342 0.483649481501578 0.7043502407685024 0.49191154962169076 0.7028579850799258 0.4951023570100644 0.6906659257757056 0.49044439846084253 0.6815951169178996 0.4772862658276307 0.6825726239881341 0.45784996327511396 0.6825416037367628 0.4391510051791311 0.6825271219359887
0 0.2894482179415377 0.6617626125233141 0.27983418375823677 0.6772758630245258 0.3039804702547643 0.6975419946865071 0.32000279696026335 0.7057023939294478 0.34072965714687486 0.7217693371615815 0.3449176754849231 0.7140622508717621 0.34734389328232 0.6989585859813768 0.3099893070252008 0.6737028973980995 0.2919378123445403 0.6604865716111801
0 0.21920972174930015 0.6263827499524461 0.21510863484885367 0.6498206769609755 0.21764169497065722 0.6564100564081962 0.2797462759284638 0.6767030847505757 0.289498971550721 0.6615100591257946 0.28715532647705716 0.654988351157485 0.2850282952287202 0.646378544530108 0.2516268937583662 0.6357988027082645
0 0.30048335318197156 0.6391778668915559 0.29636333178689145 0.6414955278364296 0.2847138181302179 0.6449127631057772 0.2877235716214761 0.6551913655942183 0.29236739605000295 0.6603693611714826 0.33022587445376406 0.6871585026580019 0.34763481554882625 0.698521150665249 0.3548236083269015 0.6829535026096627 0.3527164879653695 0.6803058996011818 0.351851009056233 0.6735002317926914 0.32456893062591335 0.6567154501416087
0 0.2257868036641556 0.6027466671007717 0.2208265493527839 0.6264190149886957 0.2519549702454622 0.6361866990636061 0.28371598928033637 0.6448269591087411 0.2976520829032793 0.6411438965173376 0.29546069865716545 0.6338645283564692 0.29481183357335594 0.6249707618889114 0.2674309154776896 0.6197901625991903
0 0.30185467702209245 0.6172008627137692 0.2958096624232375 0.6250565658859474 0.29513262217006947 0.6334766320011276 0.30048335318197156 0.6391778668915559 0.3248090992832363 0.6565305682230003 0.3515736861783204 0.6728597820398301 0.3565900292049153 0.6711330318870314 0.3598817259114486 0.6628350348051368 0.3575888344469681 0.6560607734393077 0.3300158337501421 0.6397134271043531
0 0.36501415193717507 0.6443672303435503 0.3571220965209158 0.6553526522075354 0.3605378788856405 0.6636108275158202 0.38209039620777885 0.6745590313186524 0.40517183330362794 0.684970721883784 0.42190471053769335 0.6895953735614514 0.42680959090251924 0.6853926283942439 0.4306187791442882 0.677550199146602 0.4270407805086111 0.6670685822214275 0.38543382291566675 0.6508504183944784 0.36832575953051316 0.6420314368805516
0 0.3704855862855711 0.6141103616019937 0.36577012096888484 0.6183807782481127 0.36354060611001004 0.6254341408605343 0.36585705240648664 0.6341116189668222 0.36837651313969655 0.6417788834830321 0.38651955959532125 0.6515090006654648 0.42113175979569245 0.6641454347037141 0.4277984407011696 0.6673392681370719 0.4308028590863878 0.6554197194928681 0.43505158647702186 0.6504411816149771 0.42820642235897866 0.6350027160673964 0.40802327609261874 0.632393632976297
0 0.23054404353879399 0.5800845328029257 0.225685296445789 0.6032517738958108 0.26734300764791663 0.6192173843252403 0.2966688298341627 0.6248221450065529 0.3014250933166298 0.6173180731534664 0.29915940062933655 0.6083880416496589 0.29892651986239605 0.6004549498113928 0.2582394387329626 0.5867309135169777 0.2366968768542267 0.5787638115235937
0 0.3074103752550702 0.5915757591245999 0.3040244592205527 0.5922608892446592 0.29977208788472753 0.6012984140009875 0.2990578934109699 0.6088931484446979 0.3017160155831361 0.6168806378373385 0.3300294331387358 0.6386355420353639 0.3569326814727761 0.6552849807286242 0.36497699771658537 0.6435418986720806 0.36832575953051316 0.6420314368805516 0.36570479157893665 0.6348692791593809 0.3641596048636123 0.625384601899748 0.334212116370744 0.6087303046128995
0 0.2369081555735137 0.5544775617318815 0.2374591573841478 0.5598174481160412 0.23195154520733324 0.5740909227413683 0.23604072388003483 0.5779880188129102 0.2581007772940063 0.5864106886405471 0.2999751023214608 0.6002882004109095 0.30411236705032574 0.5928336675186093 0.30727171381611396 0.5912555342481695 0.3003721521436962 0.5801286089765455 0.29572832771516944 0.5749506133992811 0.2620124491463131 0.5629050901531066 0.24096382397081678 0.5534903392535165
0 0.24364226753125406 0.5262813951350497 0.24185450259509433 0.5351774345667007 0.2375315417603634 0.5480995010812464 0.2432337365476308 0.5540821113385951 0.2636317998909291 0.5630135592522993 0.29694681897461184 0.5739295161298069 0.3015812552441486 0.5729549658889319 0.30462614595858806 0.5651656229521974 0.3080651035166094 0.562777616236004 0.31426490089824644 0.5613759625880369 0.31086783202424884 0.5512851291587749 0.2753919255028364 0.5376244554196495 0.2570810103090052 0.5281235362964888
0 0.321998208787745 0.5437541773164479 0.3173758647397067 0.5483496756087988 0.31691896487008925 0.5616665996064406 0.3356404651892575 0.5752596189395166 0.3518687509308902 0.5861915387815316 0.36804517343746623 0.5966579384252343 0.3792425604844789 0.5951113438653755 0.3854753944296264 0.5910912181961565 0.3858497028904678 0.584320474251644 0.37838511356930915 0.5760642992911171 0.37841815013281954 0.5734458272698654 0.34725635232562474 0.556723455140398 0.3288551795617757 0.545217583956789
0 0.31592051958036466 0.5629538112413929 0.30731324649394126 0.5628377879493494 0.30404271185445714 0.5656147507349633 0.29962949344970835 0.5765318651890606 0.3012972043533251 0.5817306618938927 0.3080550654368246 0.5910494845979889 0.33452077990771845 0.6090531669487331 0.36327510201012697 0.6242578621381899 0.3661966985910381 0.6170820391622588 0.3704040314534828 0.6133246247220944 0.36962798998781754 0.6061429003324879 0.36708955398826115 0.5966876112397029 0.3354103952039562 0.5751774228504977
0 0.38645732143759587 0.5911132425718301 0.3792425604844789 0.5951113438653755 0.372414200213702 0.5959596492658844 0.36899176093743585 0.5970384199714518 0.3699648358248919 0.606920812471329 0.371324311394688 0.6136534090781697 0.40765442473028496 0.6328798112158741 0.42878016065325425 0.6345091913132813 0.43067027538093045 0.6312390519935543 0.4379708678438086 0.634176086822559 0.4383000475196411 0.6264028668478224 0.44089689048497643 0.6220700797845261 0.4394801939086729 0.6107140590959853 0.410647706457745 0.5971253598975564 0.39059858117301965 0.5925927721741692
0 0.25388658687632665 0.49739168667761424 0.24869290094565605 0.506057260804207 0.2463051836236102 0.5167116640292498 0.25455024047069075 0.5272193793172816 0.260425284236752 0.5286607615819491 0.276542275429343 0.5380354358647438 0.31122119614307847 0.5507538052869901 0.3134888594325813 0.5541942381984303 0.3167759123538205 0.5501080394021906 0.31956212257970495 0.5399247883355871 0.3192010922996335 0.531904980093794 0.2866137457956218 0.5136869553999894 0.2568488861819901 0.49614852379400926
0 0.3255616464385659 0.5223411504016698 0.3190943164478604 0.5312092640439717 0.3202523325356089 0.5401713766026436 0.3223350546248193 0.5445320894552891 0.3293153195323783 0.5453819761348266 0.34783978642975566 0.5562743273576319 0.3798602171113916 0.5736322438235766 0.3897455603181066 0.568615543537809 0.3884356395935761 0.5579552388990906 0.38751978571262746 0.5526962704809134 0.37696517689202036 0.5512269624268968 0.34707702314486044 0.5343020507817201 0.3302863402781206 0.5233715522212431
0 0.2622760891150838 0.4685731490171619 0.25627145270823826 0.4751135682495306 0.256262098663366 0.4855330294117044 0.26085447835554953 0.4989862387641189 0.2906703723791255 0.5165869670914466 0.3196138579298108 0.530749172978906 0.3259616618170329 0.5212045147666916 0.32421684487125135 0.5143274698869551 0.319662798767839 0.5123530391513328 0.31738406380710715 0.5042429634329693 0.29288647122962364 0.4861102938329649 0.27226126681723556 0.47075080234718786 0.2648072933113415 0.46635062026535595
0 0.3267969899055373 0.493708807307576 0.3182436944170741 0.5038552263339068 0.3197756289204857 0.5130882030184132 0.3246553876189149 0.5134418658163458 0.32651303471734316 0.5210540745631624 0.3302725927297918 0.5230920888103094 0.34686489119079417 0.5338839208601606 0.37698904292402696 0.5512473522919547 0.37830467116701727 0.5485905400801265 0.3833624025370965 0.5493552131576017 0.3900312419968991 0.5433995175887842 0.3897148834467547 0.5346008243643002 0.3903360758885045 0.5289164999921462 0.3871628005470858 0.5239611034571576 0.36856043804185246 0.5127985714588089 0.35378277606807107 0.5033499001200692
0 0.3920285281782063 0.5399439579983512 0.3909513381034333 0.5478973574832707 0.388094421312159 0.5517406541727664 0.38948329291464023 0.5577956784934178 0.4121057835083356 0.5696996103887618 0.4323145770808562 0.5793515043219051 0.44908952523594486 0.5853446160702117 0.4516032745468427 0.584505558360562 0.4500538851580711 0.576656052718212 0.4431129509637162 0.5606266518160588 0.4207812631943178 0.5498688940673375
0 0.39231807779811856 0.5605455834271654 0.38925295558691053 0.5615350813403441 0.39007299940372164 0.569124016906681 0.37927120170281026 0.5736031487114228 0.37868491903178025 0.5765205309992644 0.38579572505729776 0.5839249520609421 0.38650293872146213 0.5907787237601987 0.41071908251952094 0.5973457580514066 0.4396148804365628 0.6104486464842477 0.4434268031050911 0.608336247604926 0.4455939611175609 0.5962557081740176 0.44263356821851213 0.588944379834259 0.43972086295310675 0.5826923689491188
0 0.2693672696415748 0.44365986913769984 0.2651295820883068 0.4504841316265616 0.2648945677381409 0.45943326505457494 0.2764419126919878 0.4732866835658816 0.31744920632611046 0.5039188098454314 0.32619792937158354 0.49279993005648676 0.32619450555353213 0.47855420935538207 0.29887490595549404 0.46149789436056105 0.2789790471150664 0.44639897295079717
0 0.27308039322476474 0.425183114648037 0.26561706567399845 0.43120239372837904 0.26449218796558194 0.4380964757586803 0.26732229582662403 0.4460561112735147 0.269918642541885 0.44350942893417084 0.2722369642957728 0.4436428319871349 0.27970839268702674 0.4466595430268105 0.29905287862714414 0.4619089046401033 0.3251092146382715 0.47747161872028404 0.3242159274619695 0.4611708466214675 0.29363577809571334 0.44607649030243895
0 0.39764356267541673 0.5158930090090186 0.392125156649878 0.5226071416253961 0.38881691924801653 0.5235097828465706 0.39064433359816125 0.5286792030966126 0.39068734420936857 0.5349482511323179 0.39271018611652325 0.5391452106197462 0.4203601753320142 0.5493710270957907 0.4432432360017229 0.5599783446409828 0.45054136874376277 0.5573743148200292 0.4567239778222585 0.551244905867203 0.45423236041915677 0.5454907619536095 0.4278979994466562 0.5326081332657369
0 0.44860363064974074 0.5125588281385236 0.4546116908746377 0.5202641296072597 0.4573941111020364 0.5271644476674756 0.4540637417923789 0.5346602905118933 0.4499865720254011 0.5432790343224537 0.4279631419656595 0.532283979678199 0.39751327763741007 0.5165413161840945 0.39437491206671116 0.5088189775647936 0.38932185771906813 0.5028445739062315 0.3921136319913391 0.4993254308042739 0.39604814246022135 0.49061244892876593 0.4024601428823219 0.49094722753916825 0.4283773821918603 0.5042904052475367
0 0.3261468179198887 0.47749489190076394 0.326441044562237 0.4928867867484912 0.35415617629673124 0.5027884496369978 0.36856043804185246 0.5127985714588089 0.3876490309283927 0.5241348168411665 0.3920600141308747 0.522931295212934 0.39720501992775326 0.516778613079628 0.39419693939506095 0.5084079672852512 0.3896301154287249 0.5026072770106981 0.3559324791951811 0.492652831731317
0 0.33255634050806265 0.4533803593999067 0.32494527303392984 0.4614314166974809 0.32566058753858174 0.47732117851675504 0.356418709576488 0.4928265451153259 0.3887879397041177 0.5016115430676045 0.3921136319913391 0.4993254308042739 0.3958348564150166 0.4898846664346286 0.3956010952692354 0.47937834858045036 0.3922196145078831 0.4715691532691449 0.3666750646039101 0.4638326716508347
0 0.27709367367712395 0.397433073142823 0.2744449623057833 0.40413016860863554 0.2688137261275979 0.4101091373579328 0.2728117223082639 0.4174437388781711 0.27321067826277146 0.4245348074729611 0.29454309633932385 0.44674807065799466 0.32428106998097284 0.4608466930339295 0.334041794248885 0.4522670787190706 0.3354702989778528 0.4401769190028555 0.3259713516570081 0.43817297905683844 0.30904056273806535 0.42517565540574626 0.29478404091631066 0.413133755366703
0 0.3463372391977675 0.43537363361057574 0.33626478706881646 0.44011333549133086 0.3340801741709868 0.45357734596439553 0.367161294985217 0.46400638503484354 0.3930792451178501 0.47118141617008247 0.39973873053278036 0.475645181763439 0.40707177304554 0.470274209858173 0.405960926404432 0.4615391001452134 0.3980684101508745 0.45802452213399086 0.39397503870292166 0.4485712857045159 0.3612847730027114 0.4361973251088401
0 0.40726720060255006 0.46930174909555894 0.39973873053278036 0.475645181763439 0.39542312259758533 0.47896733830090804 0.3960779716056701 0.48997152312663306 0.4027246791576767 0.4906090291810589 0.42910672776382064 0.50455097532355 0.44922014606905436 0.5120842343474566 0.45140818278493544 0.5128659445754967 0.45439538461421647 0.508374340710925 0.4647539625450282 0.5099905435578796 0.46709441620671205 0.5035307449876005 0.46588819429831707 0.4926770003654044 0.46269746407153856 0.4891050748725721 0.43290712577380996 0.47915686562310594
0 0.28610093716366264 0.3762769988583508 0.27909488628463053 0.38036977421456203 0.2744862522790644 0.39253321627980403 0.2774350860619276 0.3970907498820111 0.32671244548005585 0.43881173482623664 0.3361186879798098 0.43969883800556736 0.34540418274526863 0.43580207361506207 0.34489493131810356 0.42448972942078983 0.3367178198659505 0.41517865125066983 0.31650239083118126 0.4011544591818675
0 0.3532440237198375 0.4029444555142743 0.3480488437997262 0.40418017599064077 0.3370835813073781 0.41489708796177993 0.3446837588514362 0.42400204749888637 0.34697281474431285 0.43491966142045424 0.36216910732049024 0.43622640119182726 0.39392876401167204 0.4481913895739238 0.39771267565475493 0.4439780479078829 0.40124121809296887 0.44565091196961465 0.4109642192927241 0.44726953803180053 0.4123865865587752 0.43788400652751935 0.40504103472829966 0.4344352190875492 0.4031432572755485 0.4269552936169287 0.3915300593735229 0.4201267553885644 0.3686280030199537 0.40947121511913337
0 0.41156463894354767 0.44274331875323164 0.4115411532008191 0.4474756566648141 0.4014910378033264 0.4459462825888198 0.39823025132368706 0.4460180275816885 0.3961384941611993 0.45104203644946855 0.39781474364954655 0.4588550548672323 0.40669028023537623 0.461613741415293 0.4070297811868196 0.4691553042114746 0.43334721299478834 0.47896985427724365 0.46280948955132634 0.489289593258239 0.46801096245723534 0.4703299186099859 0.46836156239770144 0.4655083287122119 0.4652477841423416 0.46254081518984513 0.4380263042285402 0.45260939847725407 0.41695028033485343 0.44363682993686226
0 0.40928187603646876 0.4141017506597772 0.4031536127732849 0.42613451874788194 0.4052908544386571 0.4347305897067543 0.41254117553353536 0.43711476131672605 0.4122292228367593 0.4417440399118017 0.41691163309116336 0.4438291412395606 0.46272887604329394 0.4612286587358872 0.46925322374982836 0.4579943805766609 0.4733311518414702 0.4477025218801491 0.4737155930224013 0.4373278192017456 0.46962047217382874 0.4346280616379536 0.4386668581056266 0.4248061122461693
0 0.28543107229760245 0.3479153205675684 0.28365414977732367 0.3546435991349788 0.27780191948125654 0.3668542273918168 0.2845126228946245 0.3773228341683927 0.285901715752119 0.3756951346783784 0.3162614091950957 0.40112623384077994 0.3370103914278494 0.41519425153493605 0.34850524540635086 0.4034419572058976 0.3467222304397306 0.3948754422537449 0.3356835549395474 0.38427658302258977 0.3259647388194522 0.3755652471775804 0.2942315758723877 0.35644017324396976 0.2887359285322913 0.3541935709458584
0 0.338932520966721 0.379207001383939 0.3362851774808928 0.38392512883627644 0.34704603440957715 0.39484952796543454 0.34961651969234653 0.40213979761388624 0.3530190652679697 0.4026474185430892 0.36797375045125247 0.4085566061854347 0.4032635492821601 0.42583718103470486 0.409036130531883 0.4140228918281758 0.4082207151119762 0.4096252211234064 0.40572276490966935 0.4025024640678774 0.39843127009283164 0.3986230791293169 0.37252086005876595 0.3854014286745901 0.360229141714718 0.3794524393186836 0.35664595614876005 0.38142905141979383 0.34345866257869073 0.37940805299082436
0 0.29154359163034876 0.33282412023010816 0.28892089164522233 0.33953342822183324 0.28543107229760245 0.3479153205675684 0.2882405047194051 0.3540165730650931 0.29433066063496494 0.3564755728201228 0.3259381891373374 0.37569736019435007 0.3308250999702063 0.37885926832200645 0.3393094243007972 0.3789168610620892 0.35664595614876005 0.38142905141979383 0.3605937232984433 0.3781667087271401 0.36273852900550324 0.37383543503726885 0.3553024747875108 0.3616917023314656 0.35478621983674896 0.35527693679899813 0.35112198980280374 0.35184385892517717 0.29640065117804704 0.33243540590545134
0 0.3640144460263246 0.3437060424881328 0.3613851428350865 0.34304987954169225 0.35941386315247925 0.34546077184448193 0.35523426282964476 0.34934828004483093 0.35495783967978867 0.3554798489680739 0.3554740946305505 0.36189461450054144 0.363557756788236 0.3739865186297238 0.36172443330067183 0.3772962877615907 0.3769460107267454 0.3876903742614797 0.3983587350123692 0.39845556653639425 0.40650502744134953 0.3996667768512509 0.4186798501810906 0.39935811614333283 0.42407792882957573 0.3927387709635963 0.42439825457566593 0.38753845445962715 0.42243361807857066 0.37838126083020507 0.4129167260884794 0.37189596548117576
0 0.30173204139599225 0.3013162745156385 0.29649909924602713 0.29921105724310026 0.294896506237359 0.30806519024150353 0.2918388955213247 0.32064150343112013 0.2955457798011303 0.33209953129022096 0.321601607856759 0.3414083820710608 0.3516918183504855 0.35262991309031416 0.3559621512555262 0.34897087971047264 0.36354570279639864 0.34201787028191794 0.3627274963270677 0.334655540013715 0.3634581777064592 0.3292605767267416 0.35834595827782323 0.32743415663682995 0.35824024810933475 0.32268304786361185 0.3408276235065675 0.3143411122876735 0.3222045991648007 0.3067450780768353
0 0.42729262788947364 0.3607861122377401 0.42601118798768084 0.3671626439981894 0.41280017857716783 0.37045548661263367 0.4234601482112274 0.37897726911986296 0.42517944133981467 0.38713286086169485 0.4292106512522041 0.39257941429147514 0.44769244534408575 0.39823965492676966 0.46814132305862977 0.4055453352864162 0.471242271281783 0.4059461960575086 0.4773124550553296 0.39421050445004974 0.4762614706447643 0.38888601460873523 0.47774334093210336 0.37975308442770545 0.4470905318888433 0.37045156028115284
0 0.4294197491391741 0.3924184506630363 0.4242396620734532 0.3926887877771071 0.4183170536012085 0.3992925265773762 0.4060544909584808 0.39962487706855016 0.406107346042725 0.4020004314551591 0.4093960345485907 0.41378038657113764 0.43873822866007817 0.42520601129308083 0.4666317501156163 0.43328606982350415 0.47017774669268236 0.42795425334790255 0.47289919174900075 0.42232785298683145 0.4734002677128662 0.41543685693537985 0.47460517247615036 0.40856164758677127 0.46880096427522794 0.4057810023947918 0.44798991839669666 0.3976389304872654
0 0.4841182668327862 0.3914443286261857 0.477245032332138 0.39473967935178295 0.47152397238824406 0.40603787799342017 0.47528944263585293 0.40876337195968543 0.47333385293956787 0.42278706456758797 0.4778325656024429 0.42186389460313595 0.4957665337244151 0.4262007527781691 0.5366214577302615 0.44010670079528524 0.5385130681654396 0.43756199240701843 0.538404519799425 0.4269415173475514 0.5399372508559174 0.41759752545765644 0.5280054186709752 0.4117244345402842 0.5057483622448283 0.4040027909827395
0 0.47376163940780147 0.7834984299978832 0.5031115570113193 0.7904042500256004 0.52791259825247 0.7950676896772185 0.5272628519052561 0.8001436787252715 0.5205275210928676 0.8078598402062557 0.5166427826807782 0.8165944202627206 0.5095346847980778 0.8160300562925861 0.4637379323026356 0.809420581885875 0.456414548366838 0.7984099508484513 0.465489600492605 0.7960971442878978 0.47071757099787537 0.7926567971944047
0 0.47966460921393006 0.7661030992089772 0.5120825123477732 0.775709785682622 0.5313749542424552 0.7819850879378153 0.5287532682546331 0.7954914768172752 0.5024667960616473 0.7899270097729346 0.47462545528668004 0.7838070416874228 0.4746812725574463 0.77938297494822 0.4710978965511625 0.7708356799403999 0.4649440218005199 0.7659677739109373 0.47850526954393 0.7669755672272256 0.47143355068868736 0.7651375400424412
0 0.5842492090320225 0.8280361039704642 0.5803742098854228 0.8449619857994067 0.5378331183504662 0.8310262959599332 0.5197264048655234 0.823926001123887 0.5163144755350202 0.8173402283057261 0.5210884071166624 0.808312174042075 0.527540831920151 0.8003573295206462 0.5304443869850112 0.7988691131875246 0.554576426594921 0.8142780940411075
0 0.5387851738740693 0.7797503686814972 0.5321832116838472 0.7819692861862926 0.5290560520335613 0.7945847739128057 0.5346120861344507 0.8005159359730966 0.5554008750223705 0.814888335675664 0.584367594499813 0.8274470098629013 0.592414959451838 0.8315848347727925 0.5960077306506639 0.8172415265461869 0.5983394688689009 0.8127077685030629 0.5934800118530524 0.8021322034639645 0.5884936696752437 0.8016135333074251 0.5508031186530651 0.7835704249412864
0 0.4759394599400676 0.7372511517404581 0.4716253345078851 0.7428129912404274 0.4700487967370371 0.7512470440957987 0.4711268629257608 0.7647335251508327 0.4797661552167387 0.7659258795229085 0.5125142655213062 0.7755736376942103 0.5250278285415871 0.7789251346227676 0.5354599087208666 0.7750897254764127 0.5367896203099685 0.770829366960077 0.5386795379475332 0.7661377616265655 0.5391435939440778 0.7579376464753859 0.5369207553190136 0.7560385716900194 0.5360905014924842 0.7536899357918738 0.5170663006321642 0.7511551202894416 0.5101430282526027 0.7502601462025374 0.5060395156230331 0.7526217272212441 0.49164654614181497 0.75014895282546 0.480337555254461 0.7448206368921508
0 0.4914244294990232 0.7191063049665284 0.48786182403869216 0.7244630948214067 0.4777326581541669 0.7336299229177788 0.4762592145774116 0.7338927486810704 0.4768231011014122 0.7375668463212329 0.4811403376375851 0.7449495961234381 0.4888050747428331 0.7486350266891604 0.4986137349168457 0.7509697531728895 0.5057660296109873 0.7520111882989502 0.5101509585752252 0.7496315902723775 0.5167428655192824 0.7504081788914911 0.5358775215247705 0.75298245621652 0.5441955036264092 0.7510609189968959 0.5489651853609665 0.7467667651207431 0.5459676051677305 0.7381191629261111 0.5468380799789196 0.7284857743286205 0.5154169869683645 0.7257838526795685
0 0.5490243780948618 0.7464722180669616 0.5439666630134504 0.7516105512818623 0.5372917723676305 0.7530141775070099 0.5392757151335711 0.7584583907012519 0.5429497619195182 0.7684526021648942 0.5584134822430497 0.7739772573284555 0.5836485177526451 0.7833085617569195 0.5979802151810905 0.7862189220276538 0.6020453895079845 0.7871977270604686 0.6047444642993006 0.7755342303769973 0.6074118178001268 0.7663849574141656 0.6004098115658874 0.7629362977840245 0.5804528320564923 0.7573848286306902 0.5631409706320512 0.7510420489560913
0 0.543089813431634 0.7683447904606001 0.5387091343144809 0.7659904880996748 0.5353494535756986 0.775050263653816 0.5300813233719596 0.7780612360979852 0.5273411708652391 0.7766089039379613 0.5279938464900826 0.7798411809974516 0.5322128080507948 0.7818220126594017 0.5392645211443118 0.7791323865148337 0.5509944325764535 0.7837966221133709 0.5887737726994753 0.8013979098988374 0.591213841139338 0.7992705638720595 0.5921688552042852 0.7939292550813947 0.5928834178581137 0.7856607900485179 0.5838398316760336 0.7835347589290039 0.5584647446543225 0.7743112662048338
0 0.49848918612326387 0.6933273378710897 0.4941899609332913 0.6938033366174595 0.49200205379251183 0.7030814925322114 0.4869108251425667 0.7042805176802514 0.48767201339274857 0.7080015451409354 0.49096843468407764 0.7189516394639471 0.5155276231873859 0.7260012518865215 0.5473404177842233 0.7286004542740153 0.5500898021447547 0.7288641561387458 0.5523691181488057 0.7223491799961858 0.5547451285287235 0.720180100791175 0.5537091953056767 0.7162172046935423 0.551353429110359 0.7107767957054844 0.545793548352765 0.7110898290211045 0.5372725849301874 0.7079018702852077
0 0.5588951836996068 0.7215190609878083 0.5524302301853369 0.7215087429511047 0.5498617289194665 0.7289263851355149 0.5468106536400431 0.7285548994866765 0.5459839657065158 0.7380319487602142 0.5505574174863029 0.7458454893304203 0.5636970881874128 0.7512584000953705 0.5809401423118292 0.757706173423236 0.6013564957887314 0.7628445583097778 0.6083512134471813 0.7629004311338203 0.6102244056289461 0.7605517122886297 0.6111713830036536 0.7515487734296865 0.6139160002346402 0.7421820874494326 0.6122227932817558 0.7382717934892659 0.6065787238053673 0.7352493796932945 0.5955508895365008 0.7305909554170995 0.5768171719872927 0.7261974301600098
0 0.5625060502297765 0.6728219037608109 0.5567332275371016 0.6799982108367617 0.5502328242243261 0.6790406539779102 0.5500110167736829 0.6805361946912815 0.5520690634034828 0.6855758759482633 0.5582780557740583 0.6891589488356006 0.5583328702896377 0.6935879298484441 0.5605027166447618 0.6941531699687747 0.5758424317838714 0.6993185653703576 0.587152136660126 0.7022042915070745 0.6012116831642148 0.7035527856221995 0.6099736690522403 0.7065781560203805 0.614114065734574 0.70595766410612 0.6151745976131167 0.6979377029436108 0.6136951329501814 0.692369829502231 0.6137675630534286 0.6880912942720668 0.573251583420984 0.6765559273563739
0 0.5582344462344458 0.6940776946146618 0.5574667386039487 0.6978978597911604 0.5556581839059473 0.7096400331769247 0.5519244804203537 0.7101958512582874 0.55227984163073 0.7127374797447855 0.5570493948779724 0.720740616531545 0.5768862812156372 0.7262528685478408 0.5957393056955423 0.7307837066239072 0.6040816014108554 0.731979365623013 0.6163179057117596 0.728687022999758 0.6179918720383426 0.7086028987692425 0.614648003550141 0.7060434360559015 0.6098805195262692 0.7066498625589062 0.6010306586414935 0.7032781404715589 0.5870052072302607 0.7021517986776388 0.5759696764026984 0.699469011153037
