0 0.25171103295267405 0.38743010207037737 0.2520285516688674 0.3920495474960635 0.25626219430240993 0.3996600476085252 0.26421197111819605 0.4020939544224251 0.2775184253587071 0.39622734985546487 0.2922977227663801 0.39040565054640863 0.30747838892790613 0.3876189849929374 0.3105745885449251 0.3888469331670897 0.3128852374468626 0.3796978528315253 0.32337933184311995 0.3791865364056483 0.315325311105205 0.36101040092256503 0.30520843122633995 0.36060711264123135 0.2877644428510895 0.3672186129021693 0.2777218883029167 0.37114434230307936 0.2575694213197151 0.38292338288399835
0 0.3238480584838289 0.3782939883821344 0.31270104522073977 0.38052350606273033 0.3111938284683289 0.38909252280192025 0.3227408212016294 0.40319830109199833 0.32571949183756066 0.40797445182580144 0.3474609416853704 0.40599237615822475 0.377805087215798 0.4047260060498292 0.3797473516654898 0.39722823217667486 0.3814050817005955 0.38979735309582925 0.37924703000681526 0.38013417776710456 0.3530038952616806 0.376915818223526 0.33641774381984846 0.37572999673999435
0 0.3706636050422841 0.3551611178867431 0.3695900467035126 0.37810163970705757 0.3767700703132001 0.37915181922778274 0.37896249559222916 0.38020107255941343 0.38257689830236785 0.3875659830370446 0.38711295678494173 0.38415249625110587 0.4191306298594578 0.38444854827840674 0.4295078899164484 0.38083530330463605 0.4391827546541962 0.3719107492585916 0.4363394944337977 0.3526293038590463 0.42231415272324047 0.35084142924473527 0.41228878496769206 0.3504601976470984 0.40032184740427273 0.3509266088150714
0 0.4391999414468206 0.36760378826004464 0.4378597301279082 0.37965411276657646 0.44341570264591795 0.3861713804785977 0.4492433418362645 0.39367080269335114 0.46990969286221074 0.39128663611941694 0.48361751585657464 0.38845506530804164 0.4996016141676273 0.38508833615819577 0.49906691892370403 0.37660820374571946 0.5008579754488801 0.3746224233217652 0.5077541592858024 0.3690893665272547 0.5028854792198731 0.3522399755634206 0.4699131660713147 0.3580359805816944 0.44781982392206293 0.3640125328206787
0 0.5079046725684973 0.3702275041855991 0.5007810774174456 0.37493258790413614 0.4993291946822642 0.37636844101484995 0.5005833801065874 0.38461076954293727 0.5074012539043906 0.3902316462666297 0.5118591991207935 0.39290491116719156 0.5247938272323165 0.391396262241999 0.5423552445470587 0.3901132569304326 0.5536133829055158 0.38834204818650403 0.5629423486157866 0.38439756507820827 0.5703982934323426 0.37870441083790785 0.5705398389887295 0.36860162596674423 0.5661488294716874 0.35277848456252 0.5313063648911556 0.3611889423314887
0 0.56720881609578 0.33720611587319915 0.5651469382190814 0.35016830156408707 0.5728440045390617 0.3674032035734891 0.5790911317408759 0.36746680377348867 0.5874274352498181 0.3622233818668282 0.6026381530344376 0.35930400893219927 0.6133905368792513 0.35743280208103173 0.6190288351097574 0.3578584419091357 0.6227098848148417 0.3558985057566912 0.6313177180448621 0.3514668558117748 0.631440416775291 0.34246301352449815 0.6289878089577126 0.3301243906847092 0.5964687454768739 0.3325160524925124 0.5785327239833886 0.33344932357767804
0 0.5793815082879121 0.36717963315134594 0.5725440102173448 0.37010056097958693 0.5708009734883212 0.37926644668049003 0.5734789657705902 0.3858606204816823 0.5758388943519905 0.3888082323048128 0.579201880356206 0.3832017341743066 0.5889892891535236 0.3839653211249788 0.5938783790265436 0.3836914925002808 0.5958637034292009 0.3862893700970104 0.6036377119466255 0.3842427778347717 0.6160477387185471 0.3837330733862272 0.625750919884158 0.38385975548835566 0.6403905023493857 0.3791045370140573 0.6397078409678574 0.3689766230416162 0.6390251795863291 0.35884870906917526 0.6312796356695429 0.35738617196357186 0.6189257606520925 0.35832047964447894 0.6135216872141517 0.3571830659618698 0.602001248185894 0.35945374694412235 0.5873243607921532 0.36268541960217143
0 0.2557676082150725 0.39983659596446214 0.2491525594442192 0.40139181140046715 0.24838804231654416 0.41346408639544396 0.25075160163937216 0.4234018205912176 0.25751536217632875 0.43090593409624844 0.2779891973958714 0.42504314004240906 0.29762478073943716 0.4207765429830019 0.308624662640009 0.4206389047861718 0.31503014844186805 0.4194827385987748 0.3213913933947461 0.4120409256110511 0.3256121466739511 0.40825037183910773 0.3220059564868182 0.4028021487350914 0.31129185684254174 0.38923116156375165 0.30669746074382903 0.38821263357318475 0.29282392734547935 0.3904249965909102 0.27719891317737455 0.3972465026570086 0.2654652503179481 0.4017540199889802
0 0.3267195704523134 0.40868957446647647 0.3205832565528398 0.4118811402756745 0.31637725022329516 0.4177669096477268 0.3178134548374343 0.4226759607673057 0.32195923109883784 0.4203021560548709 0.32332045869517545 0.4266279562339584 0.327450245737419 0.4340517629814678 0.35173983411308873 0.4332381427830367 0.3802348076835533 0.4324851667425798 0.3907418288978348 0.42266954904242127 0.38975486525575465 0.41520641709581746 0.37884594959214435 0.40412969477319477 0.3470434516362531 0.40566027853165415
0 0.38758798535650996 0.3849351774612473 0.3817958203772233 0.3887453938327378 0.37833709968669404 0.40424932672981057 0.39077256506665514 0.41496715318258587 0.41007874643969433 0.41217712116099525 0.4311062935484181 0.40653392842084024 0.4417472795791426 0.40368242406160876 0.4454296890535766 0.3958210710460633 0.4434403936850061 0.3847460050827734 0.43856207873424763 0.37959686187029656 0.4297770443904005 0.3806129053218643 0.41892649539068183 0.38386345892970386
0 0.4561603990517629 0.3936480332274323 0.44572897599003264 0.39610048833805567 0.4419119805644059 0.4029441415427005 0.44303353015767877 0.4114249733002047 0.4465499963773499 0.41619472986362077 0.4513097145960757 0.41052856180525293 0.47449187919338304 0.40927573897945296 0.49764454989136975 0.40383248495343516 0.5108445323990058 0.40247803641123375 0.510172223777792 0.3914431238267046 0.5068948144264358 0.39046474921489843 0.5011186386663092 0.38447735412644474 0.4839824428662637 0.38780655813247283 0.4700787944338435 0.39177490348000693
0 0.5112046705383528 0.39329907551358195 0.5104702684447483 0.40361536817875 0.5119359669582082 0.4127148504985468 0.5158021434495264 0.4208949989060393 0.5207203801673055 0.4176452205770056 0.5351181315555157 0.41146202767274676 0.5619378436435261 0.4020086185611013 0.5765900199844614 0.3957656096785345 0.5758273662610358 0.3899986440834316 0.5733285998522653 0.38498962360678407 0.5703658455217753 0.3804394683570525 0.5630471308261379 0.3846085805983903 0.5533488675885125 0.3886375701038988 0.5435461334337649 0.38989287746869805 0.5238509411568077 0.3917250256576961
0 0.5790906497974814 0.38293538956510237 0.575692780309843 0.38898094427253116 0.5765002960169995 0.3950871431379342 0.5821566327755938 0.4021520540155963 0.5854180529077899 0.41292804008734674 0.6076273796779277 0.41225371444507847 0.6242393574881127 0.4128953403255838 0.6298969365162066 0.4080674241431928 0.6409717954345798 0.40651303688685414 0.6414665195251195 0.3983517758001029 0.6414228998108882 0.38611971546974955 0.6348379660741055 0.38591894857594583 0.6262926097333231 0.38477996044909685 0.6153228428668219 0.38316161631611817 0.6042031219647177 0.3843767703021566 0.5958968224922503 0.38702916412691724 0.5938767909548595 0.38365649402346264 0.5888632689181584 0.38343606453011186
0 0.630316062454195 0.4072693256459767 0.6446234687401935 0.406354079731144 0.6467473500599568 0.41844684550533434 0.6473151877640484 0.42670807594915433 0.6418075627715574 0.42870249401252813 0.6208851077147056 0.43117295536336586 0.5889781388416923 0.429929856981116 0.5846983977638458 0.42533954835262366 0.5852975927715077 0.41995196940658164 0.5851636279550648 0.4129878560656546 0.6078369426469219 0.41185466519647046 0.625047494330019 0.4130551256609603
0 0.5909385614456918 0.43086807821416145 0.5836640875990354 0.44132283725582605 0.5825406746015132 0.4506812460884015 0.5849343489584117 0.4588629979543663 0.5991667782266087 0.4593645010990422 0.6265248341193901 0.45398189123099875 0.6514584794864526 0.44811992535682577 0.6496338851031455 0.4363065768746277 0.6483328875749489 0.4264688120359228 0.6217381065403429 0.4316719739690425
0 0.5771885938573734 0.3963244442625191 0.5816477828701435 0.402271685972212 0.585373190924059 0.4125888068170465 0.5852975927715077 0.41995196940658164 0.5819894472513312 0.42667599065461087 0.5717675871585952 0.4287293965166261 0.5263299915379195 0.44221013877444726 0.5209127116476401 0.4389366098483949 0.5162445808006256 0.4274420038572834 0.5179584009647304 0.4223516759818753 0.5204659552145804 0.4177050365553135 0.5346541436337963 0.4119208928996627 0.5624466935489764 0.4018889866044855
0 0.5141322570035953 0.4451128364211236 0.5263156186719262 0.4408318851306446 0.577533853208581 0.42642932494877117 0.5814473720336095 0.43393233750161 0.5839078673143644 0.4444315096696529 0.5813538043944019 0.4514641553143213 0.5774316806340117 0.45524500306052135 0.5628221406418784 0.4602877891724196 0.5350941861778088 0.46644936123341196 0.5203396173666575 0.46938218443465884 0.5175648793322019 0.46663977169021437 0.5127575168550776 0.45562032441347644 0.5115426522996714 0.44947376357179586
0 0.524597630737652 0.4701678305534735 0.5238630500471778 0.47677271112083747 0.5292134978584996 0.4848057315092265 0.5385246857838117 0.48529672109892336 0.5548008290027573 0.4796834405362435 0.5732100626402016 0.4719606201060392 0.5799301577036767 0.46805797680945055 0.5831111197193152 0.4606992739010316 0.5804132971097153 0.4534719873682917 0.5625622146090945 0.4603488984691773 0.5362638533253371 0.4661743693980019 0.5255839699949069 0.46850656654321526
0 0.529289778718665 0.4863958423543097 0.5258335075852713 0.49471262931714555 0.5307858988814135 0.5078420395045347 0.5507462039672137 0.5077947814643363 0.5670835622436987 0.5016310941877095 0.5841398008433414 0.49279699341806693 0.589659462589346 0.49096329147220646 0.5933756597555236 0.4825853952126129 0.5915875782606681 0.4751442261412208 0.58683326337508 0.46857909800439934 0.5811685728100575 0.4683028370396085 0.5726748274896623 0.47297981345721385 0.5548083619040701 0.48075369931575856 0.5391132858082324 0.4856943545709758
0 0.5144731248779099 0.4250214748395143 0.5165826647454342 0.4288136355835124 0.5225135451151731 0.4422490152978175 0.5137218919730838 0.4446732994312943 0.510617528099956 0.45058462086810724 0.49108477656989696 0.4558915088607444 0.45911355725511366 0.4664454446786415 0.4561941076839851 0.4585555767068565 0.4522035532470877 0.45877908007079915 0.451936728877681 0.4516949459546633 0.4534131058775971 0.44259293591613985 0.472785445503667 0.4360730597705104 0.49455048429867476 0.4304200267772882
0 0.5109845011628479 0.4503196729011145 0.5124746748360094 0.45550814968837816 0.5179164693101226 0.4672717984808806 0.5206453753720099 0.46966764318161314 0.5220363521987217 0.4730927251019376 0.5076101400968617 0.47952178338868406 0.4905925178508195 0.4845947011058343 0.47879633224674234 0.4886187169096847 0.46232932823621053 0.4917754665180012 0.45984528240448125 0.4871779949614808 0.456122504184026 0.4853731554914915 0.4587070159915857 0.47958405264819426 0.46050485136417063 0.4668330342822767 0.49071780350700506 0.45615645682773703
0 0.4616716629705922 0.4938954732970699 0.46290817438290194 0.5123652874273633 0.46681459777597567 0.5125189067555117 0.4710870423849058 0.5215200550667349 0.48747054991630423 0.512665443517131 0.5147251188520645 0.5008976734599878 0.525657712596311 0.4943966159218123 0.5289381887407443 0.4857638155636434 0.5234273290254334 0.476517807022262 0.5240240965158574 0.47191071464045115 0.5217767434482827 0.4701163420820061 0.5220592681850058 0.47326600912379363 0.507526009053038 0.479898906080775 0.4911123699163875 0.4844724825123187 0.4780165541483902 0.48880204479995815 0.46171781222550573 0.49120454902409266
0 0.5250766454732033 0.4950692412292749 0.5303960098322374 0.5079337034496714 0.5304186085361764 0.5111444797882166 0.5240573190695899 0.5197869009716761 0.5049904201665273 0.5296297281809489 0.47934092211769447 0.5444149028179467 0.469410050715674 0.5483577215882047 0.46704811771667853 0.5456969289204796 0.4644416417698703 0.5422002707918531 0.461178135122134 0.5347486348089168 0.47118560466666504 0.5293584345670527 0.47140033329157116 0.5228757725932044 0.4881815800558039 0.5119622635612895 0.5150308768574169 0.5011831322069421
0 0.5313361998345788 0.5089633637123903 0.5250511912281577 0.5191958957409328 0.5336971809865387 0.5207366333301832 0.5397435931347341 0.5259259562037008 0.5527703436615337 0.5241140341671824 0.5755901523903035 0.5203570815459592 0.584909190499274 0.5188808375984818 0.5931207283652913 0.5080167018223999 0.5928689697985106 0.5030730852652942 0.5879316443049944 0.4920841926369351 0.5839027907968415 0.4930313867366809 0.5674505353065905 0.5013661462207167 0.550402146890606 0.5082330134531851
0 0.5850852528070332 0.459476314644443 0.5817282462519676 0.467341389446098 0.586814358375738 0.467965131146631 0.5914759995646729 0.4745515007178575 0.593931846438697 0.4816564583579 0.6121490068381673 0.47838438922245724 0.6282637315320019 0.47985210849076004 0.6392927031065545 0.4772591681466795 0.6500019983734999 0.47110238436082114 0.651654751749836 0.4652553173982988 0.6483521170330712 0.44945410802854185 0.6264845621788575 0.4537865612177813 0.5997642598318407 0.4592599081584163
0 0.5939837052455786 0.48204859956943963 0.5898480985783121 0.4909053920217004 0.5884638807116784 0.4930503253907606 0.59367003937287 0.5037541776831532 0.6103303585524267 0.4990286259370717 0.6312463309366712 0.49552639233058926 0.6454237968252975 0.493810566074246 0.6560979212135079 0.4931205513337782 0.6535039038559622 0.48382424449234646 0.6536690807563896 0.47590091056395484 0.6399327737307455 0.4775130192065349 0.6282896609354427 0.4800481790965298 0.6119760244803991 0.4782228911546084
0 0.6566861330308174 0.49298226118209393 0.6592101676353812 0.5097751882024567 0.6486649722553981 0.5183193917954739 0.6285876232520653 0.5258699630472805 0.6114950276803324 0.5284733106678151 0.6018676799095369 0.5279063920760652 0.5985035859061076 0.5208127990577792 0.5971200860484507 0.516083896603139 0.5935908151445939 0.5169136375132447 0.5934100273294851 0.5086673074491556 0.5968618690275079 0.5038124368098901 0.6102092350015402 0.4992592690807627 0.6319556663048672 0.49515745903521413
0 0.6546682139793794 0.51670584713494 0.6570981314499629 0.5236147341692129 0.6597784604841485 0.534710249000494 0.6458951005041769 0.5363569301809953 0.6305671403843723 0.5385454073464769 0.6157233154636257 0.5432482298490452 0.6031890024715527 0.5482167467058767 0.6020651556527923 0.5420116323970847 0.6001541852555133 0.5355872395663581 0.6011757504784643 0.5272603998046702 0.6110538688173502 0.5285770282815783 0.6284405702977379 0.5259045355852016
0 0.6026526494611248 0.5487471780691008 0.6009132254036603 0.556231954953624 0.60033317804818 0.5610181591896984 0.6040958135830041 0.561953053731521 0.6091382313617217 0.5668325683049046 0.6101239076969608 0.5708463334123077 0.6216892322819412 0.5677229617050034 0.6394218984778652 0.5653734651443242 0.6552343528012159 0.5622624154040788 0.6614713181606529 0.5589765882836232 0.6663155421871386 0.5566246983596879 0.6647249661064436 0.5468903131470387 0.663791866587063 0.536394853427475 0.6593976838943654 0.5364171039983369 0.6552198189 0.5357819976760473 0.6457739769532902 0.5365875733246861 0.630420087430045 0.538579979884398 0.6160433507757213 0.5433751553789731
0 0.666341112586091 0.5602576868773078 0.6656740355449938 0.5701185189472332 0.6683025057722978 0.5808218925669749 0.6533375573006646 0.5857553582132341 0.631063296453227 0.5915985957945467 0.6201295190261202 0.5937648223891664 0.607621853446465 0.5920555740280674 0.6044133358636806 0.5861384046444004 0.6078911069651443 0.5814796046109046 0.6103046955120696 0.579092663476397 0.610227625310724 0.571630615835387 0.621516249924173 0.5675614636371548 0.6396641455796384 0.5649121788569423
0 0.6654392348960729 0.5821015551427058 0.6674798523105558 0.5895063010022815 0.6708954461163783 0.6004289531439572 0.6647188630301404 0.6053179176484924 0.6510514617440126 0.6097441598476921 0.6363806191810342 0.6146084804181094 0.6226613590880248 0.6186425814057696 0.6112604933944951 0.6207164550083826 0.6084323933970053 0.616529348538723 0.6043071052184984 0.6094125476042725 0.6084856882218407 0.6031738181028617 0.6087112473954672 0.5968536215585497 0.6089623769680462 0.5941664135318576 0.6202591660433243 0.5947451754180154 0.6299387316254897 0.5922673173094548
0 0.5384203868728787 0.526245350716027 0.5366894862817317 0.5349411237730901 0.5321731030246822 0.5455047712231936 0.5379070912299843 0.5544671959798225 0.5399654735860789 0.5574200983607777 0.5544285219170426 0.5544241308560522 0.5741339768013982 0.5463544928627783 0.5864604955614563 0.5432543290716382 0.6002753088063998 0.5353565964226672 0.600959432780132 0.5279177566978218 0.599048462382853 0.5214933638670954 0.5972671390027782 0.516049324065218 0.5937378680989213 0.5168790649753238 0.586627467484326 0.5181464055839954
0 0.5394291205756511 0.5579505297240016 0.5356824549599967 0.5697483812628096 0.5373945135960666 0.5758152054199176 0.5414075606944928 0.5809367277587486 0.5493050848876065 0.5798886656720111 0.5650571569377583 0.5751744785476861 0.5786293640764402 0.571174950097947 0.590861047693541 0.5650645821444176 0.5999357135302503 0.5568661039306111 0.6025230024439209 0.5477668250402516 0.600379026420163 0.5361408788457465 0.5867546014701112 0.5431851839957961 0.574428082710053 0.5462853477869362 0.5549215395869063 0.5547125544538286
0 0.5425147195851069 0.5812829318106106 0.5494088025013697 0.5806729480950904 0.5652560686989672 0.5755320472213047 0.5787764170307675 0.571140377560026 0.5908869770969817 0.5652606527501874 0.5992778779644476 0.561064096349376 0.6036027959131403 0.5616646301337447 0.609181566702286 0.5660137133439043 0.6097086782374195 0.5711461216318409 0.6100883778137373 0.5797500203695485 0.6019397240480446 0.5834852904829781 0.5978737411292714 0.588282380668158 0.5779086332060193 0.5978282305155841 0.5537138014815202 0.6063468328291807 0.5512139012579549 0.6069345659738389 0.5456610598722501 0.602781553369449 0.540255630445361 0.595157050315288 0.5402822778577787 0.5884792850973574 0.5425747428538175 0.5863229871065405
0 0.47169402323865606 0.5474451630392232 0.4692857432553743 0.5571540213842111 0.47310634314130245 0.5661017355726503 0.47826638485278344 0.5712181336963628 0.49394423557795614 0.56612566568488 0.5118190641821149 0.5577035545686326 0.5277533176228874 0.5465729090195157 0.5314997905544058 0.5449888213882587 0.5368118328066547 0.5353005628159908 0.5381969996821694 0.5258322410646241 0.5320589454742255 0.5212974172371218 0.5246265500520327 0.5209349471769354 0.5053072530088315 0.5303999385887923 0.4798338274894881 0.5451798325876654
0 0.5314997905544058 0.5449888213882587 0.53936711782144 0.5586113948888535 0.5352734165130558 0.5715296280417955 0.5214008391173574 0.5783075173783806 0.5001403424721118 0.5910420177465973 0.48778760934718185 0.5953527418288115 0.47857959137727885 0.5975175711714013 0.4725169130010608 0.5915584623851375 0.4699294794498794 0.5879470831413117 0.47295434260053454 0.5809063922686307 0.47770972768759595 0.5709973642905845 0.49459109396575157 0.5670285104958366 0.5130077543442156 0.5567208084214282
0 0.53497253762481 0.5712487244876118 0.5423888587788047 0.5814609209623166 0.5427496636692364 0.5841892225830286 0.5362792064753086 0.5930949046411506 0.5139356707201103 0.6036225435364598 0.4812673695023194 0.6177533734504642 0.47609239939761294 0.6130738587740976 0.47248451839092376 0.6090979470966992 0.4804276454758084 0.6063371387879277 0.483141803017415 0.6035549736129407 0.4784791520769636 0.5976829815635433 0.48781357327090524 0.595309762858407 0.5004965840034423 0.5908985804940482 0.5213449833470832 0.5783141866265846
0 0.5364417055407712 0.5931680853366244 0.5402332317200789 0.5954927768721817 0.5459506525942924 0.603260849293578 0.5518366528384986 0.6072371840141033 0.5531971807776132 0.6094187231330567 0.5502764620771039 0.6136788244280286 0.5357893522000496 0.6176207971120329 0.5299636151663475 0.6222065326276282 0.5125862354763812 0.6316521494079755 0.499650831612373 0.6371946998486072 0.4898653063117158 0.6402099892128273 0.4842775311715491 0.6354488544597413 0.4830701995174559 0.6303725523975758 0.48106865852707487 0.6172640760332752 0.5141028152416237 0.6036014947335137
0 0.5360492782328338 0.6175596878152751 0.540926340515846 0.6199865102075134 0.5421948872274787 0.6245124055557318 0.5461612565487113 0.6362655874366899 0.5416351496789293 0.6405457764684966 0.5371548747817159 0.6451725335440152 0.5242649856079309 0.654099144345048 0.5163444572269852 0.6600707289923651 0.5059853977045333 0.6648289024435627 0.49809563549353 0.6690065375755615 0.4911309974822419 0.6720733154112489 0.48675840417982663 0.6704212491831543 0.47819718002995965 0.6624284042684345 0.4786103023477651 0.6594725320284643 0.48568198738916096 0.6562019155225421 0.484872394967902 0.6490667159780658 0.4853545825269051 0.6435932034869748 0.48971996021035263 0.6411375186188653 0.4994979526096968 0.6370519704751301 0.5133889295610176 0.6316421055395582 0.5303535042155236 0.6221148686824916
0 0.5510568747401464 0.6074205119043766 0.5778066574129646 0.5979154779997793 0.598111971422408 0.5883175110206644 0.6019119823500643 0.5825999843856692 0.6084101331696655 0.5810722519667245 0.6046484213132646 0.5860660878659167 0.6076598521118749 0.5916115996084367 0.6089130157385365 0.5970344697143142 0.6083313140507385 0.6037820796551552 0.6039885350712301 0.60944854086181 0.5827734799470424 0.6192603903795771 0.5452213838287151 0.632198434857282 0.540414338633936 0.6181414952638548 0.5417676509540829 0.6162152832866038 0.5500165360443199 0.6137399337247863 0.5535258547692498 0.609877465901867
0 0.545198467842431 0.6320251508354259 0.5465511455978873 0.6361739234915533 0.5414439716049978 0.6411267378308224 0.5416423652978971 0.6446535275647008 0.5474750006682219 0.6472130354619989 0.5493475304892464 0.6512395895246108 0.5514806209077454 0.6491300496570865 0.5562889352319051 0.6510370199837566 0.5679856067071875 0.6482871016296562 0.5766472968328846 0.6458933721445582 0.5908515646908707 0.6418392247354557 0.5990470849072265 0.6379470483504113 0.6001100223069921 0.6348384028685469 0.6027017497335195 0.633157051121454 0.6083055425233478 0.6309462264835024 0.6111732136323209 0.6222318060486141 0.608467540839063 0.6169717530530484 0.6046458830545032 0.6103660263994307 0.5833391639851788 0.6194847398297737
0 0.488730448129646 0.673173705796016 0.4860235062070073 0.6800636220672075 0.48713068916761526 0.6924890062125013 0.49254235203647645 0.6999716198869433 0.5028015801477883 0.6995250362021851 0.5199956319474812 0.6886931472469894 0.5371513846759188 0.6785849490275968 0.5485200167242549 0.6693013032713075 0.5501947874170705 0.6637260829666626 0.5526038215180149 0.6545834744113429 0.5519009588445186 0.6502819285133209 0.5489805574263545 0.6515045374916036 0.5472992056792616 0.6468970220666659 0.5417264963417208 0.64427640487261 0.5377588578911077 0.6446731922584087 0.5243795655393517 0.6549655644543283 0.5164132051858377 0.6605905810579331
0 0.5564188982482972 0.6510064653353778 0.5523900447401444 0.6519536594351235 0.5527108685481228 0.6543796357411079 0.5488945226884598 0.6701066140838301 0.5538478658316376 0.6741235473211514 0.5604373633140304 0.6763264433063202 0.5836624441769473 0.6715808519823012 0.5994721002042062 0.667506616836364 0.6080496592860798 0.6654900100433571 0.616788264836633 0.6586114067699637 0.6149929677228094 0.6470624866023673 0.6119589382202602 0.6383061985213021 0.6062559485839822 0.6387536282923144 0.6023040105006854 0.6352159486037647 0.5994598899426867 0.6380286684271307 0.5905304236005472 0.6424507407461605 0.5771671488984529 0.6457711535510426
0 0.3042899348150873 0.8380766228020639 0.3025343957719553 0.8446954590661346 0.3081897209682427 0.8614445291212686 0.3248613523643381 0.855906000794996 0.3530205065218551 0.8484762174076993 0.37755434124892107 0.8427082480708673 0.3743225214962885 0.8351033080227589 0.3726381147295693 0.823896599582639 0.36741939827887443 0.8272821786107992 0.3587370252595241 0.8320217336976404 0.332356162581758 0.83606529917532
0 0.37464776386425036 0.8161386988608242 0.3691403295059855 0.8204016481096398 0.3694977838845048 0.8246348996577536 0.37260350691354827 0.8236349053455504 0.374518792174105 0.8350571642680641 0.3789287151547295 0.8377980084934128 0.39705435398479927 0.8386634048302737 0.4218882828377447 0.8336343744500132 0.4406956600921103 0.8289428797622375 0.4398077122549667 0.8191679054805662 0.4285396917690732 0.8196584018467573 0.4082550754830216 0.8193005868115376 0.3964100983430807 0.8169585903244476 0.3817481160816664 0.8147392179289055
0 0.44782211887379414 0.7986653841226289 0.44236066854985967 0.8048063367857597 0.44084738421887454 0.8132570327094514 0.4440436378333007 0.8297747451096553 0.45117859786673764 0.8286369584148249 0.4669380915057924 0.823852537336203 0.484117943084986 0.8160358800944421 0.4955713371914793 0.8092956975017375 0.5003055442178802 0.8022463991543356 0.5067251163331858 0.7972293426578695 0.5100740523965616 0.7888867414161034 0.5067611616324849 0.7837293370111825 0.4974093847293336 0.7864676257107034 0.4882543576650915 0.7845725373609378 0.470936074821814 0.7913424176543438
0 0.5105471966975694 0.7872713985705339 0.5262493300839843 0.7789926649003692 0.5380928759372134 0.7704148723034967 0.5479863743760901 0.7644889166866039 0.5531536367241122 0.7618013654779673 0.5595738260794565 0.7620919460080272 0.5623599965704578 0.7655277827012564 0.5654920894289804 0.7681476047842112 0.5659870167493983 0.7826020998698638 0.5622920025258126 0.7883277587407429 0.550468819500305 0.7983928471972904 0.5270656664836224 0.8111804171808229 0.5089509247107693 0.8165185633157807 0.4980754455805089 0.8169167721725824 0.49585958703298 0.8093428075880893 0.5004321311975855 0.8026013472324709 0.5065283775892999 0.7981999667195714
0 0.2919154225387075 0.8210184369922326 0.299267489042209 0.8414160580755293 0.3030084873001252 0.8375684026189658 0.3326448804893281 0.8351879289546646 0.3585753623977286 0.8323295716894238 0.36758106114067 0.8269743406190159 0.36913985034489283 0.8249888814042317 0.368944058828169 0.8204477918643344 0.37035304054999835 0.8157992465239685 0.36692495011954934 0.8082404502305547 0.3460510426389554 0.8126082997540108 0.324980864480545 0.8170222930321617 0.3135971651671864 0.8196986308044517 0.30237512871562333 0.8220671305849585 0.29714551520771176 0.8192491671412995
0 0.3022158616592914 0.799438802103782 0.2940876928573696 0.8037782316894507 0.29376340881159313 0.8135683742622013 0.29718012302373276 0.8195108613783884 0.3027330622552354 0.8217131488384805 0.31340089448936986 0.8197447745591463 0.3245883231249119 0.817114580541551 0.367767872244548 0.8069629545087266 0.36950065885106115 0.7971114998902021 0.3703213077005337 0.7880141525193283 0.36277105387484476 0.786011608369094 0.3568947889197511 0.7844249968925688
0 0.37439652873925755 0.7897543635510168 0.36851930546197853 0.7973422186636755 0.3673407230728939 0.8067935477810272 0.37117273107728554 0.8158763657422786 0.3742552225086173 0.8162309863702135 0.38207144180525743 0.8141235419453388 0.3964100983430807 0.8169585903244476 0.40838213052879613 0.8187310545826655 0.4287359624468897 0.8196122580920626 0.44009643016253674 0.8182905352599107 0.4422554076185185 0.8177829539582695 0.440223964369404 0.8131337697364467 0.4430186962153512 0.8051912939958532 0.44284613629633895 0.7992955895158178 0.4317511548905505 0.8010945570674525 0.4257834010278887 0.791164705467704 0.4023357014601538 0.7883125721531451
0 0.4940373075882507 0.7714926151641381 0.48872117870249226 0.7807335888757464 0.4893112863346451 0.785195811123541 0.4972890793193483 0.7864682348943076 0.5068215071909673 0.7830163574769298 0.5099499057690791 0.7888190663400773 0.5108101886751363 0.7857109432765531 0.5264560517129823 0.7776737571359716 0.5578311732676388 0.7567366645568768 0.5555005109863609 0.7514728728536539 0.5528073585746218 0.7448413693972434 0.5315250042764037 0.7542037095187997
0 0.5441573525278969 0.7316192001911742 0.5487991182698074 0.7310122201866633 0.551305920902972 0.7362346008279808 0.5527452419817636 0.7443716617922124 0.5309965832207438 0.7543279427045159 0.5000469284221372 0.7688689589848695 0.4891053777354252 0.772652124897491 0.4810561187639063 0.7612259639877349 0.4842066562608549 0.7534627492909598 0.49097274566845817 0.7496926225921018 0.5071151114328044 0.7495298451202483 0.5347283089722531 0.737226172893097
0 0.42694911240555217 0.7819378018471558 0.4260364923169594 0.7901434990111275 0.4317027518246648 0.801403442318108 0.448322061494866 0.7979805101040256 0.4714172964617553 0.7913399809199273 0.48880371414872636 0.7841043642347741 0.48856588722034683 0.7795593198631687 0.4936331197183072 0.7725562635599165 0.4885978055495064 0.7715606780087244 0.48067277976370393 0.7610739323090304 0.43403642422049954 0.7778499992219713
0 0.48995889134571646 0.7351594853291288 0.4938641773509209 0.742716791426684 0.4923818684835512 0.7493613340968581 0.49076554702014247 0.7494991798514917 0.4839683993161102 0.7530344527478343 0.4805276977082464 0.7613501971734512 0.4294878333678763 0.7791615406340289 0.42720907825276866 0.7729169226588386 0.42462994960005795 0.7657743005354914 0.4257910360600834 0.7594474337916438 0.4282263727064324 0.7545160772939719 0.4297499492969191 0.749556922303312 0.4359667687791213 0.7471267088646533 0.46717466935948343 0.7400318047099024
0 0.4245095865616289 0.7277841548691102 0.424125387528696 0.7358656188473653 0.42074723253005575 0.7405343230495335 0.42393774770102566 0.7468067395177121 0.43628799118646544 0.7468090329383269 0.4675269500632567 0.7399489825860913 0.4904251958085182 0.7345655445383815 0.49146204908282737 0.7272992625844719 0.48923563115025515 0.715957070508834 0.4728647878514868 0.7212588331430404 0.44810175427138377 0.7249012865252599
0 0.4917837015065367 0.7228648388296656 0.491638189434714 0.7272578515225664 0.49046646353163526 0.7362509322178955 0.4939782011099493 0.7422056727597477 0.5026494860427806 0.7500954140628538 0.5067938890254603 0.7498475210465748 0.5349044493241398 0.7371847618311915 0.5443024345833545 0.7313429353267532 0.5481881617679134 0.7277656780133518 0.5541565148786829 0.7234566341545691 0.5578044151348623 0.715334332469562 0.5599185293738671 0.7107206518982165 0.55832391681293 0.7014093219214074 0.554843237531045 0.6956894351820707 0.5487821395473536 0.6951771698048269 0.5293539336409238 0.7089467085433548 0.49734700671463217 0.727852939023621
0 0.49312264838390985 0.7000295697099926 0.492189179425576 0.7094509469484471 0.48873826839102436 0.7163161574970659 0.49169052661724943 0.7221602774221189 0.49737806501106124 0.7280877928261367 0.5295611322892396 0.7091401512839649 0.5499530054177018 0.6944175847664577 0.556967991213103 0.6884095406592438 0.5559954046134784 0.6755617910757848 0.5488987434045736 0.6699655641670107 0.5372832595903789 0.6782659759582498 0.5196581549422977 0.689190043928757 0.5027065534053339 0.6997136138491272
0 0.3604481559354 0.7652507529012104 0.3566520191108154 0.7847279545191919 0.38495961459203226 0.7894890919553483 0.4020673243590426 0.7878564881861275 0.4259448768621767 0.7907386844534083 0.4272976439360352 0.7813937814266959 0.4247092305674465 0.7663380603928941 0.38284934175499036 0.7644976069122663 0.362300036085257 0.7626914030072509
0 0.2855763278713872 0.7727644695063386 0.28928845285656113 0.7963173708889842 0.29367277903593436 0.8008620201729912 0.3563907976412759 0.7842583763815482 0.36041410406823077 0.7649932625876091 0.3562228956240585 0.7604032108140432 0.35156615450733125 0.7537986390212253 0.31794081018300235 0.7630315262620568
0 0.36329084047924565 0.7385638225023917 0.36029144738599705 0.7429859317048724 0.35081654196588197 0.7526473949218957 0.3568022488296615 0.7602670033453661 0.36265221968848976 0.7623431077145314 0.4054548387775962 0.76528940280493 0.424834244568309 0.7657776772761326 0.42641512417198935 0.7476177764736631 0.42366623054419156 0.7464055766427208 0.4207246906449186 0.7407252365014378 0.3906785640831669 0.7408862642712117
0 0.2840454082399483 0.7476367769945793 0.2870531660186567 0.7718862689626637 0.31836109752057357 0.7631982115965402 0.34988500515704624 0.7531318976832919 0.36134799819569535 0.7419410458267143 0.35705463415001537 0.7365785231123443 0.35364756157818733 0.7288836629518096 0.3271899603919245 0.7396173468212922
0 0.3575677694761829 0.717873163816866 0.35457909838702306 0.7283991601904134 0.3566343468124441 0.7364118377778611 0.36329084047924565 0.7385638225023917 0.3908376299511987 0.7405833714680515 0.4202703514401781 0.7403010608533531 0.42426938507660084 0.7359094295166787 0.42462251160728515 0.7265340486241602 0.42039725129594363 0.7216865065369925 0.3902261107333295 0.7224079174235286
0 0.42342044571599846 0.7069044576771469 0.4197497943560021 0.7213077333784671 0.42546308628242757 0.7268674192931267 0.44846648370697567 0.7246452117779398 0.4726854978092538 0.7210752255814347 0.4893164814358946 0.7158377574217951 0.4924296950621912 0.7092649207313858 0.49339622666564775 0.7000108226837914 0.48683116659626524 0.692527421728998 0.4439818877809978 0.70127392035353 0.4256814197356122 0.7029214487465035
0 0.41878892031725473 0.6763993178272653 0.41586882442615924 0.6829267520281156 0.41608385763326344 0.6905755810807902 0.4209337164851917 0.6971347503840489 0.4256473678684429 0.7026639584329022 0.445174646059373 0.7012589957297775 0.48054924346832545 0.693207830454082 0.4876036375370692 0.6923458117707618 0.48654850111854825 0.679850069249221 0.4888211400697023 0.6729438618898449 0.47772388142072925 0.6628090488253718 0.45860475417210445 0.6718174380916123
0 0.28117385792991684 0.7244172462809001 0.2841135119742868 0.7481517576217819 0.326928738922385 0.7391477686836486 0.35528346559348867 0.7277025696049747 0.35721558587295016 0.7182214591095853 0.35233167515385266 0.7114047994927253 0.3496061113891354 0.7043462028043175 0.30838107165762896 0.7148348065107474 0.2863315979775456 0.7197532000068719
0 0.3544807144953215 0.6915183468504119 0.3516291938022902 0.6940472188785654 0.3506398037994789 0.7046341709837253 0.35239977888819113 0.7119197801199278 0.3573405998738126 0.7176610759928236 0.38989678552945156 0.7214233586586821 0.4195566766208011 0.721353135868026 0.42312517237928965 0.7061773892259019 0.4256814197356122 0.7029214487465035 0.42103587208669946 0.6979072213248529 0.4166291589716972 0.6901818832985117 0.3842087093210096 0.6919631046869584
0 0.2788252220226901 0.6976233290426088 0.2810171493805139 0.7021524250845621 0.28054973085305585 0.7181920762649092 0.2854910233024031 0.7194198293379053 0.3081539020552587 0.7146227186867051 0.3505035963308019 0.70360420972932 0.35189041527182974 0.694516797016209 0.35425354489295124 0.6913062590263696 0.3444735870594902 0.6851096810212819 0.33862361620066195 0.6830335766521164 0.30424865933488376 0.6911152197936183 0.282187992186986 0.694443268918576
0 0.2759912389425887 0.668274312104721 0.2771906952002919 0.6773442513950391 0.277368588099077 0.6914915704931736 0.2844328018987019 0.6937005212240782 0.30575067029128794 0.6903010365870853 0.3394042935527106 0.6814215393681211 0.34329562218573373 0.6779268336954515 0.3435862914218871 0.6691515229747543 0.3459461340004433 0.6650494322052111 0.3511207853242706 0.6602855724659008 0.3448435674881245 0.6530543893413273 0.3083615395132072 0.6606639689523973 0.2887547680416934 0.6623712481672025
0 0.35254407628889 0.6399571617357512 0.34981141600889964 0.646726746965755 0.35361830555288165 0.6590534378557761 0.3748942407289172 0.6608234998972627 0.3930670841876555 0.6615866907624612 0.4110453705898391 0.6619572015139036 0.4207034353366311 0.6542458838211198 0.42507806738469633 0.6470902666920852 0.42327122603011974 0.6407429692763749 0.41388910286848923 0.637466562636534 0.41308908359272706 0.6350748052468097 0.3795465187008524 0.6374785822641378 0.3592224490747973 0.6374196171437233
0 0.3531214061696162 0.6607826627344796 0.34528379237473594 0.6655276309749053 0.3431998777522295 0.6698873308575536 0.34266047249647336 0.6822684056204684 0.3458197616948516 0.6860403754463814 0.3548981923080454 0.6906781030235262 0.38459078912750755 0.6920817882061202 0.41547039154832943 0.6896591196899076 0.41584378190570365 0.681509322023715 0.41846595647208606 0.6757331537896154 0.4154862781403132 0.6696615934446416 0.41018869044653467 0.6625225771907313 0.37465967333347794 0.66087864731141
0 0.425974976405843 0.6465569205082436 0.4207034353366311 0.6542458838211198 0.4147837212658756 0.6588624292756197 0.4120238690494383 0.6617686413503007 0.41603813405241263 0.6701768116708516 0.4194042260538432 0.6755125641330263 0.4584245621620419 0.6724659096448158 0.47808743547426974 0.6620384671234607 0.4787639457241406 0.6580096517256961 0.48631146293880756 0.6565576910002359 0.4841459725069603 0.6493272714169157 0.4851261753052679 0.6439371350818471 0.48024276587353393 0.6344433808947285 0.4498045336512036 0.6383746846330559 0.43019718952374975 0.6455642670535928
0 0.27611875656006046 0.636318762452087 0.2741583509634454 0.6470990351222242 0.27537140318937203 0.6581006609902037 0.28617452669186155 0.6629778697228225 0.29195599045662224 0.6609736713146359 0.30953437649040355 0.6603882318816611 0.3449954137623429 0.6523737288726751 0.34814110699249773 0.6542140121209268 0.3498250119771231 0.6486584335434165 0.34912245510268547 0.6378592693743946 0.3462532624845205 0.6307942920335162 0.3109446441427395 0.6326458313681181 0.2784094739856192 0.6335228452057007
0 0.3489864954204509 0.6185424035977808 0.3459359739678603 0.6302239263931589 0.34982615728900324 0.6376938271319528 0.3530959322009894 0.6404723799619614 0.35969158386567585 0.6373093223154288 0.3799329323705099 0.6367427743813384 0.4144551274047522 0.6344311642346737 0.42182417906469394 0.6243141876168107 0.41725805814962014 0.6153907990700496 0.4147611105769492 0.6111406304744423 0.40472966910189473 0.615756412387689 0.37227722006599545 0.6172589392797759 0.35359512220801526 0.6168139422603306
0 0.2745877975494306 0.605472888222059 0.27121882427086197 0.614784079770367 0.27451293755062844 0.6242325894786167 0.2829392259901967 0.6338375731783257 0.3155403948295223 0.6329882619129145 0.3462610062940201 0.6295141853208052 0.3489887602406746 0.617286856798887 0.3452276454910191 0.6120373261454904 0.34047445518091046 0.6128140482589797 0.3358386203643963 0.6067478701593996 0.3078888634674676 0.6041182638237235 0.28432767890459243 0.601819954467654 0.27617738669476105 0.6020322822840068
0 0.34103068352323995 0.5918965831456129 0.3364948116960709 0.6059120668816985 0.3408097342835668 0.6134167542191512 0.34534439585849136 0.6109875813817771 0.3494407897108033 0.616839817995345 0.3534940829422005 0.6165684090147802 0.37195243121867244 0.616999519326123 0.4047577619195439 0.6157614435865524 0.40510801302196064 0.6126122092954124 0.4099342479525048 0.6104552522734331 0.4140905298038584 0.6012997278817548 0.41101494525927607 0.5935036688973899 0.40977621234248474 0.5880018850949463 0.405329567387756 0.5852988827725184 0.3849319839896591 0.5856644572410119 0.3685439880759227 0.5854281325841636
0 0.4148053988823302 0.597042474497519 0.41635007202837937 0.6048576893134014 0.41497901161823303 0.6099507459753384 0.4181569796566494 0.6146558449979457 0.4424330332979963 0.6126969009697794 0.4638077202567859 0.6100570139857118 0.48091058524899416 0.6060360852583243 0.48292286499105463 0.6038591655699976 0.47903063300028864 0.5976181644822706 0.4676592721311263 0.5870017476818833 0.4440100709480553 0.5898356134856156
0 0.42159778730340897 0.6155507294398589 0.41913347809121987 0.6181746879317275 0.4222821072562376 0.6245905120076021 0.4139120760589777 0.6347366999987815 0.41430542778230905 0.6377111113017744 0.42309693932405457 0.6404149204590317 0.425910289386416 0.6462280385747349 0.4499390805453024 0.6385342134265952 0.480280707160107 0.6341269407295372 0.4830659286013143 0.6300644729997961 0.4812009483523692 0.6178946119724306 0.4762004955598001 0.6129364529659462 0.4715790276169241 0.6089114900644106
0 0.27311798440218366 0.5788979721496189 0.2714403786366574 0.5874707532474729 0.27406393371111104 0.5957138510353797 0.288920413100192 0.6017624869731012 0.3357949146173595 0.6064173800146228 0.34019966920341804 0.5914104258442062 0.33568118988049844 0.5785013475315571 0.3055149913799633 0.5784374253583672 0.2826974096428364 0.5759642930141503
0 0.27062675682108495 0.5600600338973316 0.26577057789101993 0.5697208714219341 0.2669362661873759 0.5766028901328681 0.27202413047401863 0.5822220294289062 0.2735700138723123 0.5784509333460771 0.2757134108554832 0.5772654840920813 0.28344101246858455 0.575789470026003 0.3058065647355829 0.5787096411737617 0.33435444034351114 0.5781317388889153 0.32837809424249387 0.5638615814992936 0.29587870377088005 0.567413088252303
0 0.4122710706803169 0.5720808906510988 0.4093978326189137 0.581275533540642 0.4066856557981419 0.5839577663618929 0.4099803742040306 0.5876131206207867 0.41200641569360696 0.5932705715798603 0.41517001685838517 0.5959344554044232 0.443470629983853 0.5896216719996036 0.46757186063705264 0.5863407673923293 0.47336083225465125 0.5798682826567317 0.4770213788888394 0.5708293069238183 0.47293935191016573 0.5670182855082946 0.4449889898871147 0.5701818346219744
0 0.45739976282050054 0.5403435561041183 0.46528721542198875 0.5439414428684596 0.46999609485893834 0.5486273860595491 0.4693536652747798 0.5572975599846505 0.468390323461603 0.5674062431476244 0.4449452841400779 0.5698513444771973 0.41235848217439053 0.5727418709406528 0.40706645602620184 0.567511496118774 0.40059316445577453 0.5649441982866286 0.4020079306129577 0.5601816317694687 0.4028121091479788 0.5500679271471737 0.40872946772680807 0.5467582349784896 0.43644776645844097 0.5442471293379113
0 0.33530220503080527 0.5775681514266087 0.3404475368120008 0.5913521515148238 0.36870444419043175 0.5847088779652272 0.3849319839896591 0.5856644572410119 0.40582530260492145 0.5851823341137535 0.40944153836595054 0.5816060236854189 0.4121543203128446 0.5731306354148122 0.40677488267058226 0.5672392803033794 0.40079732631732046 0.5645554338124693 0.36710169842370766 0.5745219578065236
0 0.33346777390750326 0.5521012544472643 0.329121697068242 0.5636867585111464 0.3348064698136398 0.5776847000853735 0.36759743364087305 0.5744054091477587 0.3997184443889159 0.564127550840445 0.4020079306129577 0.5601816317694687 0.40238812571489535 0.5495285169757055 0.3988461448265462 0.5401382815968383 0.3933062510697748 0.5349661811043418 0.3677028427653184 0.5423486719392222
0 0.2654682684184957 0.5326485077123606 0.2651904568103921 0.5402106625443661 0.26198193964633254 0.5488025994737377 0.2679301571261958 0.5531971710179152 0.2705393453270113 0.5593990536077776 0.2969138799522478 0.5675104810795502 0.328334388495457 0.5635310913545165 0.3344611826404699 0.5502552396599417 0.3319237058875764 0.5384928841820261 0.32267955974958007 0.5420292692776663 0.30321537416513905 0.5397900410858087 0.2864777322751081 0.5369097952707447
0 0.3402500313377995 0.5280162060460696 0.3326236029662878 0.5379875710491019 0.33491127381196284 0.5514211183261929 0.3681985779824838 0.5422321232804573 0.39396244240144934 0.5341303778266407 0.4014128375325694 0.5344233631432121 0.406356427956708 0.5254235059081637 0.4025809463334143 0.518132760056723 0.39431390375611064 0.5193948326367891 0.38760771657686105 0.5131338688827146 0.3540581779241191 0.5203399230597883
0 0.40622531071559753 0.5244320354738325 0.4014128375325694 0.5344233631432121 0.39855457147092666 0.5398660657814437 0.4026359933234781 0.549470242646323 0.4088620224114449 0.5463026593584951 0.43719136928418917 0.544072306349764 0.45780808654359234 0.5395660271557996 0.4600388950208369 0.5390415581913578 0.46132254393690963 0.5332875212398668 0.47122288140658053 0.5289153328665255 0.4712965311531382 0.5217419425086793 0.46676307983045817 0.5125848044473418 0.46273912547245954 0.5111454883746392 0.43258668871944034 0.5189159368488494
0 0.266925913951716 0.5083990807949224 0.2618735366887271 0.5160562416963996 0.2615520653586778 0.5296769878138728 0.2656691890753557 0.532145874663933 0.323553681242038 0.5421905788944421 0.33235981156904515 0.5376942342740979 0.3395401949366222 0.528930273486495 0.33549305397292606 0.5189647664575038 0.32513080043498227 0.515133792643509 0.3023642399266579 0.5138147708033447
0 0.3362308317759819 0.4947334783849469 0.33191407828911823 0.49878085868496863 0.3253730475367554 0.5146725063561272 0.3351470892573898 0.5186417703218064 0.34068216570148285 0.5272466264048166 0.3548688730654035 0.5198679604973129 0.38744536418207415 0.5128156414340652 0.3895392764213924 0.5068648568577796 0.3932674590864582 0.5063926846212925 0.4025925364867699 0.5023808342044943 0.40090676625862914 0.4930731627413059 0.39315629501984284 0.49408665229012244 0.3890654597110942 0.4883769181339819 0.37637592930286484 0.48873209344434426 0.3522421978605417 0.49197999731832026
0 0.40170205429897665 0.4979403553476305 0.40318074830407935 0.50224254405281 0.3935874943985538 0.5065196101512202 0.3906549587783239 0.5084220570821816 0.39035161139437485 0.5141540418091842 0.3943472525556777 0.5202904897147854 0.4032656239627655 0.5177894236900603 0.4059637179385629 0.5244330950427213 0.4329262673873528 0.5184984618147046 0.462899140666695 0.5112495934730358 0.46160374750812005 0.49113530944899403 0.46039323000823124 0.48656790506220254 0.4566305944734072 0.4856330105203798 0.4288116567020939 0.49197114958169275 0.4068663136375578 0.49571539095362277
0 0.3905548312094449 0.47326859554060013 0.38881468914300354 0.4876272082488237 0.39347633033193835 0.4942135778200502 0.40080304864486593 0.49228888031822676 0.40198763674131394 0.4966602140992484 0.40689224304099864 0.49591146155939253 0.453931782488633 0.4858631749914195 0.4588197008601712 0.4792555121946335 0.45925341327030117 0.46763004467277963 0.45631343119721907 0.4580107416956505 0.45174626614675323 0.4578714941986637 0.4205795632956687 0.46641186841047116
0 0.25732918782286884 0.4830721337402853 0.25785136915027906 0.490171304874972 0.2564177731279217 0.5045355715421276 0.265817904187023 0.5102419303010097 0.26656092821385774 0.5079839922331465 0.3021368899849002 0.5139249809437971 0.3254009050435611 0.5149830698560536 0.3320937300645238 0.497854627046956 0.32776249547218206 0.4910954407525218 0.3143986043092665 0.48770980656669666 0.3028291883696539 0.48529112062134266 0.26800722155731277 0.4858392694066234 0.2623143822096383 0.48689990415081924
0 0.3157362941846021 0.48128444208409116 0.31483246128536874 0.4870522720039911 0.32804774764291744 0.4908894938033888 0.33268814928599166 0.4960482765926655 0.3359328002429683 0.4945910335314471 0.35135934583453987 0.4915197455640478 0.3888200801964572 0.487295780528948 0.39030711475825886 0.47333560055141466 0.3881741954518094 0.4698094366100026 0.38365262832762215 0.46476159892195806 0.3758146656064666 0.4653543739632058 0.3481410760278905 0.4679717724647243 0.33511538232108834 0.46950642994029196 0.3324944276179934 0.47331694175331834 0.31990209763322747 0.4789162165870837
0 0.25808564905190035 0.46595051163169937 0.2578352826930287 0.47350907758860245 0.25732918782286884 0.4830721337402853 0.26180927384761055 0.48701865646069514 0.2681082432297184 0.48581551894464825 0.3028470012161353 0.4854258161845501 0.30827825664603864 0.4855377477939144 0.31598592066237463 0.4808091040085433 0.3324944276179934 0.47331694175331834 0.33503827552868 0.4681357238462425 0.3356092731242166 0.4630016780270731 0.32502079687624563 0.4561858682558686 0.3225196632001698 0.4506630213283203 0.31811058193432074 0.4496163568211919 0.2623644316129299 0.46286130739470455
0 0.3272157230259853 0.43497620716315377 0.32462478523640337 0.43586311030092356 0.3236023644453161 0.43915891915913946 0.32104655909463087 0.44503736534422766 0.3227395193914623 0.45075021596757736 0.3252406530675382 0.4562730628951257 0.3363996336569797 0.4626769787680642 0.3357871549619975 0.46670970961959907 0.3528771371909535 0.4675527290299027 0.3756958310875797 0.4652434288619736 0.38346278904984266 0.4617507956074445 0.3943990914657749 0.4546106507732788 0.3971933200646418 0.44556971787158345 0.3958353222416549 0.4406761298489765 0.3911522589450741 0.43348394897036857 0.3804714224406063 0.4329689584276791
0 0.25733267717205227 0.4316536058015414 0.25192274350419663 0.4326943468809797 0.2532767397037448 0.4416219633270256 0.25449183801655295 0.45474291007084044 0.2614831949675769 0.4630386139558859 0.28804836258393274 0.4567930728921441 0.31887617261803863 0.4500076705650062 0.321586627838136 0.4442851658939855 0.32625580808410054 0.4337103361455145 0.32318066977431054 0.4274988508871247 0.32213288449342403 0.42219762125677085 0.3169207313535061 0.42342301222497336 0.31531899640632727 0.41917661207695417 0.29689370840160134 0.421428108428143 0.2776078493417546 0.4250376703731598
0 0.3899789940390703 0.4147993204135308 0.39083874415385755 0.4213005006740736 0.37990921501692176 0.43172911468757863 0.39227152418844735 0.43344567541737344 0.3964147594431345 0.4398683454896524 0.401794636085141 0.44253304870772564 0.42033892078276297 0.4372486439480469 0.44118753334243466 0.4323470800752369 0.44412500517598524 0.4309630268498396 0.4459066718080922 0.4169063841399752 0.4432664864716985 0.41267297780774054 0.44171470974421256 0.40356071147293066 0.41098558473899216 0.41240325020804347
0 0.40193312350171406 0.44226934133714196 0.39732405730744785 0.44543328249058994 0.3940494965890528 0.4547556390521775 0.3830411836170754 0.4619666947684286 0.3838420510906648 0.4640898948424382 0.3905564332085425 0.47291301346865094 0.4207710004649914 0.4667340833644998 0.44861220138618746 0.4583393545951791 0.45013597343865835 0.45150895059157364 0.45081907562985224 0.44487619029251696 0.44908900909810556 0.4383484751068491 0.4480018318996983 0.4314384663278683 0.4418600692314563 0.43218896511159793 0.42041811508797144 0.4365365793181155
0 0.4511980547053439 0.4105643636596639 0.4460132953018858 0.41742397157288974 0.44440937292767874 0.4308873828596962 0.44868593057674727 0.4312357106106028 0.4513585658516087 0.44504744964831583 0.4551431728053619 0.4416757893532344 0.4727714943642836 0.43550068777677925 0.5142063108137104 0.42508237412828626 0.5151141119043875 0.4217101796149218 0.511649428643629 0.41214592639551145 0.5100768485278909 0.40281371360394463 0.49740137949915464 0.4042143658080653 0.4747821552600705 0.409757831454185
0 0.5660786797451569 0.7717219151789468 0.5948676328601152 0.7614422987661656 0.6188231507330617 0.7516936465185431 0.6198431848100605 0.7566601811488155 0.6161846451108279 0.767448696785304 0.6154324212177246 0.7775539299003524 0.6088114138655789 0.7810477917347894 0.5652104970193816 0.8008636321890915 0.555083286818631 0.7950112725916956 0.5625750015117045 0.7878014476564928 0.5662226867597013 0.7817375198857257
0 0.5659148989017846 0.7526301209754512 0.5983404678053212 0.7430695385718642 0.617814401123664 0.7378857761940694 0.6197193816407095 0.7516040181102733 0.5941320131561396 0.761373089211272 0.56695938150459 0.7715148598694196 0.5656077005853766 0.767473841202715 0.5596508767879089 0.7617465613642803 0.5525306226925869 0.7608023933566644 0.5651407210190154 0.7540741230224667 0.5581489792623757 0.7563931547122738
0 0.6803312502335421 0.7498280030920731 0.6821841983999506 0.7673515888008827 0.6392117681106937 0.7786930874577139 0.6205509769855562 0.7824610053293405 0.6153712679690297 0.7784148596643726 0.6168363538863986 0.7675425962278327 0.6201628398080208 0.7566971752874454 0.6223226438235449 0.753712266043436 0.6490777867667357 0.7540793578717396
0 0.62382201600376 0.7316848405437879 0.6185419225551572 0.7374160091370553 0.6197064050332888 0.7506116502683121 0.6266218450539829 0.7528563333312102 0.6500184152406718 0.7541678553353742 0.6802518224590677 0.7492273933676072 0.688856752258318 0.7484429184546787 0.6875666007801005 0.7334189722251995 0.6882428365771162 0.7279960784693419 0.6804866026575708 0.7211496218914831 0.6758030423030135 0.7234893061078812 0.6359247920933382 0.7283749833693598
0 0.5533937471917745 0.7285804644613524 0.551246722924503 0.7360521738318632 0.5524911830341006 0.7445843864806773 0.5577429677012399 0.7561998086689504 0.5659507586281181 0.7524122851336926 0.5986886150989204 0.7427028575555114 0.611092057562407 0.7386890649843404 0.619331047604006 0.7293346203529185 0.6191857965887975 0.7247241437201253 0.6194115750924638 0.7194071536635668 0.6172330138473043 0.7117138340626421 0.6146165001285524 0.7112452373909726 0.6131196023047997 0.7095844909595312 0.5950743764318389 0.7180071341957683 0.5885160864677839 0.7210972139964212 0.5855455764662159 0.7255498257627794 0.5717173364341896 0.7314190400635475 0.5597790272161489 0.7329624606025381
0 0.5616766379827193 0.7034100073114019 0.5601457288246161 0.7102724038396143 0.5538711386241083 0.7242880654977846 0.5526190514621531 0.7253565387512646 0.5542946617784732 0.728368657062754 0.5605474705358917 0.7326269766976482 0.5686622291545553 0.7316481006217858 0.5782919177868044 0.7282369895309283 0.5851041952903046 0.7251505964939101 0.588324044369972 0.72052308019678 0.5945444913640151 0.7175124281706017 0.6127023315603133 0.7090633090095397 0.6196319259717392 0.7026346966816673 0.6225936347843649 0.6960551987800231 0.6171359285571778 0.6899069190794246 0.6148714121991697 0.6806855992425103 0.5855378198534893 0.6959423302254963
0 0.6225539208971277 0.6957548939177901 0.6195987394228761 0.703261782330958 0.6139941326095056 0.7082951406182927 0.6175178133248348 0.7121113395063419 0.6240154327440508 0.7190988788261571 0.6397814380112801 0.7153922493506849 0.665609831942771 0.7096295674280378 0.6795212394726168 0.7041914668644821 0.6835157842819057 0.7027878762774398 0.6822650717624296 0.690696254013648 0.6817825276342004 0.6809011669484203 0.6743434549555609 0.6817211874753336 0.6544966748376984 0.6879354264053132 0.6367963691301155 0.6919419941716907
0 0.6241081901237696 0.7189222504702159 0.6193917181488452 0.7192570012324504 0.6192184332806687 0.7293610962777434 0.615398254809275 0.7350585080895504 0.6124544966850618 0.7352862994626167 0.6140705361705261 0.7378479604807567 0.6185220656115386 0.7372658567059388 0.624060574255679 0.7308546506137312 0.6361698776836315 0.7284721839508267 0.6759885570624509 0.7231360493959986 0.6775257186304325 0.7198330624827642 0.6766982543368254 0.7144540508873961 0.6747250647947222 0.7065576270057052 0.6658549175330641 0.7097267680095047 0.6399337662218547 0.7156660782880929
0 0.5599084852272785 0.6760654018055005 0.5561629382814686 0.6789193779447792 0.5571208595961058 0.6885611089165741 0.5528866868679624 0.6925166563479812 0.5547559883244958 0.6954601297711772 0.5612143429816967 0.7035267817434333 0.5857069979765264 0.6960770183042291 0.6153630342432238 0.6805064717299265 0.6179384066164979 0.679196213397648 0.6179391575405984 0.6720072656971681 0.6194050348875981 0.6687025518207826 0.6172100663455206 0.6656946872922855 0.6133506049559977 0.6620914553477881 0.6084108619271806 0.6655081027343499 0.5996777792396448 0.667420317240596
0 0.6235906639787322 0.6675775430702612 0.6177281558228672 0.6712111349751634 0.6177514264092379 0.6793811292353604 0.6148684656602811 0.6807637024070857 0.6171231125164862 0.6898186571851154 0.6237446761785096 0.694323030859782 0.6373689582578534 0.6918247076478597 0.6550401825500468 0.6879520687424027 0.6751723641557348 0.6811045952212108 0.6815294408945424 0.6772137726391495 0.6824826709487378 0.6740295834951753 0.6804873191392395 0.6653365366584246 0.6800058876976832 0.6553008690647225 0.6772318998239637 0.652711046104615 0.6711586402584011 0.6531521913873525 0.6596874768088358 0.6551443107231467 0.6413163747085444 0.6617187060988876
0 0.6114279894787347 0.621408239420408 0.6084706641357984 0.6311651161277958 0.6022757872331468 0.6339601937549667 0.6025487935258917 0.635440600454968 0.6060114132119785 0.6388484120366635 0.6127743753735848 0.6385970674788921 0.614227880388595 0.6425801999724131 0.6163735896347572 0.6418697925685518 0.6319133357356215 0.6379074389805456 0.6430780797568767 0.6341498779620366 0.6562477799149125 0.6274496005401201 0.665147768539236 0.6252542169634699 0.6687035688831839 0.6223587839780426 0.6671227006488121 0.6144926305393552 0.6640170365576072 0.6102800885277402 0.6627265401828699 0.6063616050190889 0.6223502998067285 0.6187374026703854
0 0.6142939155515634 0.6430795386646774 0.6148089898227169 0.6469743804643385 0.6168917252956488 0.6586355079642343 0.6136840149057116 0.6612431585887982 0.6148116854976022 0.6633464134285065 0.6216710725642342 0.6679121182155603 0.6413965808966733 0.6617300079122087 0.6599193349759557 0.6552128318300134 0.6678590030403839 0.6515956582060335 0.6779053078254724 0.6417167349106135 0.6730564982893281 0.6225710717391487 0.6692146674774679 0.6221356506020487 0.66508607476799 0.6253716940787143 0.6559966634382061 0.6273026931935891 0.6429282781491974 0.6341850967156197 0.6320763443758944 0.6379720879654154
