0 0.13509593481498827 0.2735063026508802 0.13750853725683088 0.298502652305996 0.14213945256332572 0.3102923034002693 0.17084806440406797 0.30792095255932733 0.20125355115587323 0.3014001064807074 0.2220410452290355 0.29865325111460866 0.23978184754921894 0.28419184555926796 0.2540489635273692 0.2775280014680802 0.24688909327309982 0.26959958065336775 0.2294336204951689 0.2488665120599678 0.18825831494838025 0.25686736784818004 0.1625019514960822 0.2604983605481335 0.1625019514960822 0.2604983605481335
0 0.23212614963114286 0.22137515601084554 0.23120132792963288 0.25255819806996266 0.255073631441535 0.274093099294691 0.28127689917563625 0.2781967058158675 0.3152178007963696 0.27905923175723724 0.3381018523801307 0.27467002620947517 0.34250576327179516 0.25298265424170246 0.33024986543621543 0.24020948758452654 0.27650801997072455 0.2260917084342812
0 0.3314472115350867 0.20580470740510592 0.33067686002526986 0.22069737593113156 0.33153795375123635 0.24089259952730377 0.3431779702686924 0.2522680611774137 0.3808704854769416 0.2594045190898244 0.4135560136202937 0.25485790793450475 0.43545721612403515 0.24183782716974978 0.44068410305590494 0.22777847239656404 0.43885466709454624 0.20890585290242647 0.4233412816355211 0.20282080766045477 0.39748137082218216 0.20333664426664766 0.3739106053968963 0.19848696355967096 0.3536917709595905 0.1974040697677204
0 0.4470938292420186 0.16936085812493026 0.42928219439843424 0.17598108243259816 0.42813577113021517 0.19098033298516667 0.4317983442013177 0.20409258818147455 0.4522951058841061 0.21924697540861904 0.4796356928899202 0.21569108361369693 0.5103609257213542 0.21117595357988872 0.5337100895799309 0.1998418427803169 0.5331451310924595 0.17903860814639883 0.5289702240642741 0.16764380403678558 0.4776028633548648 0.1659551681400709
0 0.45017493753237353 0.21827559850772468 0.44031713529400895 0.22054530218663707 0.44119643701298783 0.22606102130986946 0.44287510393103846 0.23659103054513128 0.4412254507022428 0.2459679799479245 0.4444175086504084 0.24873190884054483 0.45124852882854294 0.2619943658469153 0.4828385565343283 0.25304147561731205 0.5165487525918464 0.24505996228860308 0.5333121086801313 0.23926091307176686 0.5443453478759698 0.24189891747834105 0.5477863193803632 0.2388273811681003 0.5408136341554267 0.209882561666384 0.5092327104461476 0.2114956996595174
0 0.533681075890676 0.1799348841422618 0.5331741447817144 0.19894556678445385 0.5293479975224126 0.20946343735770737 0.54247779422885 0.21045909158261833 0.5478753598967765 0.2319890579428334 0.5658232569390418 0.22375796457501373 0.5947807823360117 0.21555114853121068 0.6131846876565862 0.2077149021480512 0.6310708561719566 0.1843028752960888 0.6233133125925758 0.16029724500137066 0.5749690327950117 0.16770943221134027 0.5492126693427135 0.17134042491129375
0 0.13869848105893234 0.31336383971051 0.1386802730659199 0.3280433441834499 0.1435982196144035 0.34656473647644725 0.14766957928154806 0.35484438449229994 0.16511964921135774 0.35828422153020245 0.19699670815913195 0.3560630724993232 0.22318546904860587 0.3502131997014722 0.23393167700245548 0.3461194629093223 0.23294882792243582 0.3374885876923293 0.23635168174106802 0.32184984498050345 0.24084093200076095 0.3179571335794311 0.2551552696611784 0.31652074365335864 0.24284304614682523 0.3058598750675374 0.2304981077948321 0.2999250316356284 0.2232491970241493 0.2988349340461829 0.20259796514966777 0.29997092035212997 0.16912757865187122 0.30945672071444774
0 0.25638533059768964 0.27738993832002584 0.24037411802620906 0.28297582348377626 0.22961880607585317 0.29440931251239605 0.23216226786825522 0.3005015615518627 0.24496321449855774 0.3068312519684317 0.257275438012911 0.31749212055425297 0.2993300452786785 0.3150069838892731 0.32677417964553346 0.31456624818811163 0.34442594144930355 0.3069431658580378 0.34070704269942753 0.2959432087330846 0.3365412396677484 0.27720865238700143 0.31604988083308116 0.27934749671535436 0.28159664525526495 0.28020242186067923 0.262994749209115 0.2744686038198478
0 0.3439773354677641 0.25728235128944316 0.33821450373767775 0.27044543006676586 0.34095595625565533 0.29010774353022356 0.3431469571307888 0.29892030167879075 0.3571796663973387 0.30804540210949166 0.37651919911566567 0.3036125767782098 0.39024126629909317 0.303392208927629 0.40638874106925443 0.2961954547037268 0.4156306619894953 0.29252804601774857 0.43223414503796587 0.28572613877850644 0.43861826093429723 0.291253996563747 0.44333281390908413 0.278912092877256 0.4460870715719528 0.2666016703122765 0.4502002500732435 0.262815540937747 0.44465731821012994 0.25023619587415363 0.4402571084668505 0.24729058404995907 0.41363595014020094 0.2553593369457076 0.3792862619234255 0.25932941818479305 0.34833032352877624 0.2550005089485225
0 0.4514084018683573 0.26299722386932123 0.44557473761486993 0.2683191213989711 0.4438687587073007 0.27980836887311894 0.44127437408424636 0.29312164946050445 0.4461123841128228 0.31114161274229885 0.44845415403126443 0.32829678114974176 0.4543731576527802 0.34076954418679234 0.4565351448386588 0.3296751436973045 0.45834467110726884 0.32130105231691714 0.46105170708787024 0.3037631755868224 0.46320459027724264 0.3000085273338045 0.470805961965194 0.2983783158141495 0.48987297028615945 0.2971672286031711 0.5024668221943804 0.29726660683221895 0.511628806594714 0.2930977691350378 0.5259758590927714 0.286935354055053 0.5351378434931051 0.28276651635787176 0.5451319079301504 0.27888594361880764 0.5496302621863495 0.2676534799812654 0.5502879623386192 0.25698540759794913 0.5473212071055477 0.2457722864199101 0.5323437664447391 0.24058351717380141 0.5157966090750419 0.24527312634168888 0.4832945648126377 0.25343632260197213
0 0.5487074399334881 0.2322773229009505 0.5480824546188583 0.23821937013035444 0.547481080145362 0.246775144442316 0.5500717636200314 0.2580948476468979 0.5721328391635871 0.24607762490454888 0.5971933847778543 0.24054749818632648 0.616373044456367 0.23511181483263874 0.6292394207619492 0.23198945494138323 0.6235130050178876 0.21579352477282635 0.6215382028613419 0.20587152657531038 0.6144491651304735 0.20578428700827076 0.5959889341311255 0.21573283146278496 0.5662792652173512 0.2241528115596738
0 0.5505277718983407 0.25848969463155796 0.5497901352261638 0.2686563380036713 0.5462037975265835 0.2806784956105336 0.5597423808290629 0.27684154265498934 0.5629580496183623 0.28221919863016726 0.5693003466805475 0.29981283380579016 0.5919209778634535 0.2913056141418617 0.6211274168166512 0.27726333289519756 0.6370350820270909 0.2685622916376866 0.6456138999469407 0.2582697237795271 0.639257096040128 0.23072260928487673 0.5968972495393593 0.24115550922407233 0.5724289744020821 0.24546961386680302
0 0.4633081376382835 0.303123683427565 0.4555013729279868 0.34044979810716364 0.46553895789891436 0.366429663325182 0.4670238846667296 0.35495151474301173 0.4701573020837345 0.3438069006807207 0.4820662055758628 0.3344933432827697 0.5243697263978581 0.32617274141492875 0.5513669564829098 0.31799740649263725 0.5678577881738335 0.31542009539610444 0.5686281396836502 0.3005274268700789 0.5600385160675581 0.27623353161724357 0.5447794470128817 0.2816062527279082 0.5346255095360222 0.28448396744456633 0.5272639474077924 0.2876184659978302 0.5020344247572046 0.29948548693011656 0.48949689852775735 0.297273810629714 0.47134190676341053 0.2992745918100124
0 0.14010632527935785 0.36904180241354 0.14250982372469417 0.40137790430512577 0.15915142445892605 0.40714320346746874 0.1908122846881124 0.4060314944855383 0.21685567938239936 0.4091322429843089 0.23396239239144667 0.407952636894842 0.2425412103112965 0.39766006903668255 0.25748053328634396 0.3902816318812061 0.26625193908364797 0.3762658968915402 0.2592701498622053 0.3546608296262939 0.2502771424981922 0.35249277310941113 0.2356757735957859 0.3471974218367595 0.1955723576454304 0.3569908296166977 0.16399143393615112 0.35860396760983115
0 0.5702922997570734 0.30110395678631313 0.5922970496218558 0.2911990321153188 0.6395313221372256 0.269427086512038 0.6578461869413867 0.2684291633541454 0.6641975880000783 0.2786830462932983 0.6683397801906239 0.2948038755568239 0.6627368215003518 0.30896981235655246 0.6477411728465308 0.31846054758338355 0.6285379023268847 0.3212825038545137 0.5992043051715124 0.3295959019248596 0.5831603777623919 0.3399078122425223 0.579737614251011 0.32829984407982327 0.5679940503725142 0.31380922633595276
0 0.48139399857896553 0.3352079363470584 0.471026504038783 0.3461792615363286 0.46645097445553313 0.36721935729450217 0.4670722586217781 0.3859102938570655 0.487699879655126 0.3821605804685609 0.5224819653090771 0.37597161913157784 0.5564646857639565 0.36476836768256543 0.5665622975620426 0.3640029510372618 0.5816797015699168 0.34294786743125155 0.5799774238107326 0.32980413111343215 0.5679377246937406 0.3159215244073074 0.5524951717581165 0.31767766041300854 0.5244496629177652 0.32667417042613167
0 0.5814398920101953 0.3414435803976427 0.5991243686516052 0.3290944729136567 0.6300421893604935 0.3208561757483421 0.6469890293297264 0.31867371163646935 0.662600559301671 0.3105806814167042 0.6715045261492708 0.3195870611588539 0.6725345969115579 0.33344539054096217 0.6545303741905192 0.34378878198013635 0.6182912231852267 0.35563152558840616 0.6021201375739317 0.3602145527297507 0.5923422718554743 0.36298568541986603 0.5762511227640865 0.3680701415724135 0.5682500684765993 0.36719320803605376 0.5676905128372491 0.3636832049576331
0 0.24054479676226587 0.31856514461717694 0.2583237167682105 0.31667094546342134 0.30075439579238017 0.31407922677189865 0.32594209960882187 0.31427798322999445 0.3463117030894358 0.3237034872808207 0.3492784583225075 0.3349166084588598 0.35499036722194144 0.34115905930838913 0.3544453184272187 0.34760253554899617 0.34903494761440096 0.35804530521721817 0.3410484001715412 0.367121850999886 0.3260291406765865 0.3739988591441595 0.3023457238937537 0.3733737745798921 0.26555612124561706 0.3743667628732714 0.26147025473384505 0.3561336355383912 0.2504933412167801 0.3513833330604623 0.23688392539089964 0.34737910476833384 0.23130827869014625 0.33952578485865265 0.2355995382242636 0.32206300903358925
0 0.32962288067293677 0.3127107339533626 0.3457140297643245 0.307626277800815 0.35489962500579186 0.3060711671861914 0.37705514391388223 0.30450885277407275 0.38994513106059814 0.30400021996537485 0.4307298580043571 0.28615246688467805 0.4406021670873491 0.2938362425247931 0.44466442275798745 0.30945564277711574 0.44875028926975946 0.3276887701119959 0.43807491383931074 0.33962368815181865 0.41251113826446684 0.33953151372026574 0.3841549873409932 0.3391825554521073 0.37099247579691585 0.34291292638110865 0.35539004982147737 0.34366620436440387 0.3497344666008168 0.33531145544351987 0.34585569481112644 0.32330864029616074
0 0.1466391637731818 0.4051287593418524 0.1429128244306639 0.4242507510426625 0.14883264000050617 0.44349145086862296 0.16616371859232254 0.4537930732772448 0.1918571213273289 0.45839680823869466 0.21416043437414373 0.46633841829438966 0.23109436556429774 0.46296545045218873 0.24868092134197972 0.46368629232288044 0.26117989200983344 0.4615702310936962 0.261435369195699 0.45198945055576606 0.2672086133946633 0.4322873481104868 0.2657286595022027 0.42747717315399664 0.2575789757331072 0.4188522323563124 0.24649570374005736 0.41866539698159794 0.2434121866749045 0.4105063354303267 0.21693429144673637 0.40992828293220523 0.19309167044488584 0.40575085784211823 0.15905736197257492 0.40921603418130315
0 0.2665198669360057 0.37876022009667043 0.2577142011090616 0.3883871048830925 0.24260137462077586 0.39647356255770533 0.24190255575115632 0.4099833404348856 0.24710549151581418 0.4180171589875646 0.25996703139896116 0.418175436487765 0.2652424810066777 0.4266641227863209 0.2846584001116299 0.4254402506749126 0.33718736613501626 0.41720894538138187 0.3511531309148471 0.41087383144071277 0.3549865622867927 0.40360695900721755 0.35855961531779135 0.39023343562916546 0.35610730443428074 0.383797159937324 0.35080217779527667 0.3795956535998171 0.3450916451292082 0.3683777608259995 0.32722819375977513 0.37486667563977494 0.301897360240062 0.37253727940770975 0.2740037663370899 0.37426212351348703
0 0.35815266560596626 0.34518398241336895 0.3488311442522096 0.35828499679316433 0.3467034669273026 0.36506844360626856 0.3513608701338603 0.38086357171336976 0.36094767098364533 0.3895566397606181 0.3817067749203429 0.385575003299434 0.4044831066821993 0.3853004360548297 0.4220696624598812 0.38602127792552143 0.4439247326678606 0.38220445383797963 0.46295666415163406 0.37633521914372353 0.4625882416958997 0.36376375128027655 0.4570319474267103 0.3414070878352761 0.4364261298015321 0.33964025597370223 0.4137948257257931 0.34082455871006045 0.38654069662986534 0.3376139848607554 0.37101420548911324 0.3453422599135694
0 0.4884028483261769 0.3838615308285917 0.46810850447911884 0.38628519380398846 0.4612047158225038 0.3944222323541875 0.4543140869463722 0.41158849857236146 0.46297962624228034 0.41673930977667234 0.4750780920381512 0.4232942935936643 0.4974704361788288 0.4183743637662121 0.5180630940235236 0.4111119679598112 0.5307153510028967 0.4032474384078688 0.5424298291775888 0.40515705964201293 0.5535724552332137 0.3967695350946295 0.5750221194141287 0.385936324570777 0.5703267805508814 0.38108658023923675 0.5691962360932307 0.36952151634415636 0.5642833557008073 0.36330716877498537 0.5234902862579986 0.3758191191561231
0 0.5757506153150359 0.36813936673254766 0.5692687499362893 0.3699763840900334 0.5701817528647641 0.38017684474748287 0.5757044210329443 0.38574295432262057 0.5819950644434817 0.40059978906345384 0.6310993625923075 0.38430610734273013 0.6568817964211766 0.3760483024210332 0.6743826785753164 0.36728504887787294 0.6705097678619205 0.3474642383074433 0.6670125861443011 0.3389469941343734 0.6566758709877235 0.34567986007189133 0.6183219526479419 0.3555988584768957 0.5917847033571986 0.36359516590087226
0 0.1544612937779294 0.4529738183362168 0.14888813650827104 0.46214723779915007 0.15078812346957038 0.4803702585902195 0.1639422062074442 0.49491535431309547 0.18356875452560728 0.4947551592187481 0.20208443524242714 0.4953147823200495 0.2211049371040641 0.494837930229489 0.23617052318394854 0.49056821132724376 0.255948256762811 0.4885366464488902 0.26581699887557125 0.4852930563621643 0.26103987223442326 0.4616316108885905 0.24890719475224327 0.4632833089089528 0.23174182538640686 0.4627876979884498 0.2137913398444169 0.46787502263793357 0.192105859521998 0.4579395971549605 0.1663616853643718 0.45406816555933466
0 0.2668283453932482 0.42648843959785054 0.2615803376204252 0.45031088248479195 0.2624381927210056 0.4598952079347445 0.2747148976099823 0.45284226451044846 0.29494944319806293 0.4515746395748775 0.3336114110140226 0.4482114375801543 0.3638308416627322 0.44232719993611735 0.36393461971618696 0.4324703392370854 0.3647476203512684 0.42285918088490493 0.3602677587480279 0.4178749816175331 0.3553310851355692 0.4121268424073787 0.3375168672181191 0.41806895208267153
0 0.3588803527138025 0.3923594552048589 0.3550461849920758 0.40193343427846867 0.3532034173906893 0.4113897353668241 0.36122939190206305 0.4176024463684536 0.37141091861724473 0.420524041628444 0.38649662937380014 0.4184821303737478 0.41341459790452806 0.41710717382926504 0.43186214480907803 0.417239404417662 0.4544566440377762 0.41396284127916544 0.4605501420167656 0.3912408857648845 0.4673775923662096 0.38573230875203884 0.4633623025544442 0.37525601899770683 0.4222644875033402 0.3864567971121937 0.38125032582902 0.38557290688009965
0 0.27545454852922124 0.4532561601553968 0.263522976937526 0.45951070642799224 0.2672909337223225 0.4876520185469211 0.2701775277873353 0.49449535785562354 0.3175053643673087 0.4940108901322406 0.3714646245115482 0.48781630629251166 0.3732855762309287 0.48346951998331145 0.37464674230287565 0.4739858110408634 0.38425443153748406 0.4621649652861653 0.37614904301039837 0.44961809174803674 0.36599527814781063 0.44674968855337704 0.36403657341763795 0.4434740899497915
0 0.3720374810938244 0.42157416032961836 0.36543594806466806 0.4229662534636129 0.3624812548894623 0.4314650646809924 0.36535953091450185 0.4450145085510738 0.3774504280121258 0.44877042877029166 0.38555581653921145 0.4613173023084202 0.4042349922108286 0.45458694325323706 0.4360358803754024 0.4513203623157405 0.47527990092342676 0.4406771026332565 0.47561856964001437 0.4247794312309607 0.46238067663140187 0.4160813497795157 0.45588206966273814 0.41361356010686223 0.43296345189413443 0.41627818423441204 0.41326177886715787 0.4165945808297474 0.38695857281102497 0.4183030705590773
0 0.5753753019559718 0.38597304071491284 0.5818572728446888 0.40185303951032436 0.5848301568902476 0.4182487051351367 0.5649574586925855 0.43776713506320214 0.5171448823452589 0.4532329938374741 0.49027064654122665 0.4603705483015832 0.4836259685217973 0.45698647827752276 0.47707096210769734 0.4406483393064078 0.4760136378020382 0.4227521091271262 0.49809897425632116 0.4193659660491904 0.5174653601914935 0.41244084559298644 0.5307497798151624 0.40340869493932185 0.5434548516509586 0.4065117135818155 0.5536982881188758 0.39642604782942065
0 0.5818572728446888 0.40185303951032436 0.585568830184049 0.4161240023307918 0.5787614450339074 0.4252358610780825 0.5884088976340054 0.4406975737446037 0.6311404325300516 0.4271505656536914 0.6911335775803316 0.4024865581515828 0.6814811885650437 0.3712245547832762 0.6567416190770596 0.37823596522002617 0.6311687682747549 0.3845258567063901
0 0.587867758421216 0.4418086154970313 0.5777753294192542 0.46861085230261845 0.5859106084814497 0.47683970285839566 0.5981260041347028 0.47912382184999264 0.6305493850774223 0.46849823477439284 0.6664602803681635 0.4549688992903649 0.6805265182759068 0.44858820899041035 0.6845120268464452 0.4397972556714996 0.6920497672504149 0.435266798681243 0.6846266525716945 0.40672487304030813 0.6446655312250054 0.42188091710616454 0.6001645076398252 0.43784477010295303
0 0.4908333582491527 0.46164758812818296 0.4855763552119967 0.4669681814424873 0.4844342957161981 0.4778263109120457 0.47912582964879585 0.48507684562967407 0.4826481709471175 0.4936553649406797 0.4912731261918561 0.5027031151473532 0.5145436671322106 0.493235005757914 0.5540881478217394 0.4777182022168646 0.5709247992788397 0.47294654789185425 0.5770665466605627 0.46641753212461184 0.5882843990783763 0.44216937497222436 0.5791050501656849 0.4251384803775721 0.563729109216241 0.43907293821665067 0.5174154519516536 0.4526774729612602
0 0.15942824359420593 0.49643655322047026 0.15812415789681 0.5091318151975658 0.15939398559253815 0.5240557690436312 0.17671237179568156 0.5329523402798305 0.19884192776133597 0.5325969533969891 0.2246683075550165 0.5252775314112171 0.2535283624879362 0.5161122855351931 0.26304472629141407 0.5015826190017344 0.2689616774879932 0.49694754182237366 0.2652597709806235 0.4876431294619843 0.23549732155630726 0.4911477989448731 0.22212865216356026 0.49542962371908644 0.20684065356605902 0.49926934936744183 0.20288237225524564 0.4929957573128194
0 0.27143817965998995 0.49624567944017633 0.26228416638150004 0.5037702759632451 0.2571944101353677 0.5135942148363134 0.2623028962406044 0.5294023669340945 0.2797802460260642 0.5323375636133595 0.2825489818614428 0.5404273639846642 0.3084197850154785 0.5380256211023712 0.35530579820068353 0.537556414353347 0.372167904478785 0.5273542499296588 0.3802999003645735 0.5087796832105479 0.37326352055416573 0.49943423594269915 0.368274657350234 0.4890154776478248 0.312995190796453 0.49482162395840695
0 0.38725439709641757 0.4619432694332191 0.3753675068424872 0.47320054864425215 0.3733114257355941 0.481178663627068 0.37097675814507985 0.4897287593639114 0.3780575613158429 0.5039918857352389 0.3825730155938988 0.5091215162818062 0.42458978847647705 0.5036229450408144 0.455369172614151 0.49489979829064795 0.47884723763755654 0.48676682853418995 0.4850513398181739 0.47465496664501144 0.4832329036556202 0.45397017035121096 0.47822182877151087 0.44109257250459716 0.4379654215113705 0.45299461742838115 0.4049966861857379 0.4549428418509271
0 0.175222028156448 0.532881689798801 0.16215415692749985 0.539050373370726 0.16478614086073973 0.5555603878507044 0.1628941060155067 0.5738455757399058 0.17700620631733383 0.5811857019157621 0.20429215356965336 0.5783828948150708 0.23092351663360305 0.573793494971267 0.2525796636733817 0.5681489803401185 0.2656783110829244 0.5575343323641426 0.2773754615739439 0.5566843921140947 0.28292497956619134 0.542785937481804 0.28048781807520606 0.5321370315041603 0.26273188180612506 0.5297738155789228 0.25833096775003034 0.5137651313719425 0.22474350709596624 0.5257492461106451 0.19899232684323542 0.533540382795845
0 0.2909116590494242 0.5395363888271569 0.28434012366447525 0.5423848732634056 0.27800783408213603 0.5560121453054675 0.26744724120577923 0.5570330020911446 0.258368427468239 0.5650293133136413 0.26459982400837756 0.5716447384395219 0.2897322789326768 0.5738894920704788 0.29117471739048195 0.5922157148671396 0.30283600902156316 0.5795432915578228 0.31767281037336614 0.5728732777128996 0.37689691105819983 0.5639770799494103 0.37652947785386826 0.5547137024964802 0.38169443364095024 0.5453614783228399 0.37179698945338013 0.5412641238958389 0.36839588110980925 0.5338465703331613 0.3575037138890591 0.5374265327251774
0 0.38072888593009424 0.5091511318553763 0.37280027698697726 0.5266820031210316 0.36809508294601045 0.5319597115354495 0.3713457922076819 0.5384338356992712 0.3838923493293257 0.5452315966946701 0.44213029148139626 0.5371079117944074 0.46812928203715376 0.5331907587592309 0.48210811225791533 0.5257778476246511 0.48306697643115726 0.5062780477463652 0.4776269159815273 0.49302900125492316 0.47447361794098314 0.48948543134226874 0.4548649875076807 0.4940566349463917 0.42373181734543564 0.5028800477511577
0 0.48713979796393186 0.5016725861405745 0.4829302245290185 0.5146982618550388 0.4859689823476015 0.5291208854281062 0.4927489873545656 0.541497153001722 0.5352033103030815 0.5294652264497682 0.5753315301615001 0.5190785916788677 0.5945419512098764 0.5096899750258658 0.590135954474438 0.47741284335556555 0.5808708827950603 0.4726432421199374 0.5559332503130157 0.4762595969913151 0.5169330235688427 0.4937219522536349 0.49274738649629524 0.5020554541192922
0 0.5969023123016416 0.48042546742165176 0.5922637533012076 0.4930796944912877 0.5945949390706486 0.5077028501735543 0.5896863580870102 0.5140242540414277 0.5947504208318917 0.52491472703573 0.6123952987000848 0.5149837452022705 0.6409323437890282 0.5014728009767951 0.6623851038861351 0.496871981799102 0.6753999872543112 0.4926904230794884 0.686495541417733 0.48806676523401693 0.7016417054337517 0.4763788062310154 0.6915529206250004 0.44324709188256967 0.6800505925762355 0.44995814063495226 0.6669075218063376 0.4556551095074493 0.6309187585212265 0.4688128013277773
0 0.7037644215811776 0.4757772099034177 0.7115800911606037 0.5085670911806052 0.6992420036609751 0.5169940821950704 0.6847282121531485 0.5280097943894448 0.6634480628181185 0.5360128825177329 0.6284984459265426 0.5464109366225226 0.6190744106648485 0.5476027099438289 0.5968610906578273 0.5543911860830325 0.5909920446426766 0.540770690946762 0.594658092290108 0.5382526202478825 0.5963381756922526 0.5279159317679268 0.6133284693720759 0.5161983571913552 0.6414365288954985 0.5023159643210514 0.6627388899107062 0.4967717157445024 0.6766647322706957 0.49134592946223404 0.6867963395815317 0.48995362403172865
0 0.16842201202207685 0.583159244193962 0.17032442813723297 0.617067094368622 0.18425522679301853 0.62479593721685 0.23066027444750464 0.6192343602118824 0.26566442738629437 0.6163200488612377 0.27590764495842285 0.6064108595446686 0.28422403886313663 0.6063893113660991 0.2905549835271082 0.5911665702332679 0.289978206559907 0.5738146042724087 0.26694570634163395 0.572168349196711 0.25480609161673007 0.5674349550714988 0.2298467677310424 0.5756763411338007
0 0.318368097436898 0.5733586803108689 0.3039717539981858 0.5791902729534257 0.29240891624048304 0.5918088447890728 0.2838050817287763 0.6065080474833882 0.2748288777312753 0.6078842869214965 0.2758084506989097 0.6140289915587819 0.2809148462276543 0.6213395091903876 0.2914413811976101 0.624194673617545 0.33503922647656037 0.6147579010991787 0.39533260834743145 0.6029248580564626 0.3993906631636677 0.5871785784851157 0.3969235080060718 0.5744492958153536 0.39184341578280063 0.5700505618634392 0.37809072130294863 0.5634389380401721
0 0.17108945145191395 0.6273595378278486 0.17729679430411394 0.6635504200217902 0.1894991578115111 0.6659306399797914 0.21834445129988223 0.6600910220540602 0.2498815917703489 0.6546562064495558 0.2844141809638315 0.6460370638568175 0.29288237573900533 0.6442209510235176 0.2931172097350515 0.623719729148389 0.28184181258434177 0.6216606464682902 0.27622740783327004 0.6139102554414928 0.2314981887162253 0.6189968879773043
0 0.29442668774907943 0.6291870881559047 0.29525445984625376 0.6371263574479203 0.2988266855364706 0.6512939964205455 0.33488330239693453 0.6439944740133815 0.36854153184467653 0.6408777615021235 0.3824824726720084 0.6404298628237577 0.3931446473784972 0.6304019373898995 0.40676582533098193 0.6224546428147096 0.4113581926750187 0.6100600203182455 0.406848858456568 0.6037479855943114 0.40111909831205605 0.5925272013753423 0.39650042766254573 0.6020100401921151 0.335877140745281 0.6145204288646007 0.2979038423889489 0.6235308508831707
0 0.3838873534391196 0.5448645398324582 0.37657683580751367 0.5539425763280041 0.38113877663691137 0.566078178411321 0.39901829367787356 0.5738556152289086 0.4338443424407299 0.569824084853303 0.48866497825944294 0.5566228276556527 0.48409701846766456 0.5252219588394572 0.46880001197773846 0.5336441978838032 0.4431282713883167 0.5374167078462614
0 0.4857627048335596 0.5329237558968949 0.489921849662524 0.5562666193037856 0.49344146874179395 0.5646106909170282 0.5076232625275526 0.5629268370964126 0.5170082814878676 0.5696086030676087 0.528204768722157 0.5629323347086336 0.550116037273882 0.5520517082751829 0.564601432800561 0.5467787251451063 0.5888118945054946 0.5393334208298629 0.5951590003033933 0.5351992049033167 0.5894130790249542 0.5128898954780625 0.5775304783924042 0.5180090714168853 0.5359646700027624 0.5292053375160175 0.4915552137605649 0.5417913659486533
0 0.3985365877610199 0.5763275255134086 0.40147530666392306 0.5947616394252643 0.4144062480089814 0.6126992606893942 0.4413085566960108 0.6056587586953777 0.4761083021533936 0.5987154446400805 0.4865822305124025 0.5957470417078552 0.49239502378250055 0.5882611687064262 0.5072730731380664 0.5799576657793694 0.5101268631621684 0.5703911619192721 0.5086392809722069 0.5638065838867955 0.49236270151464645 0.5660841182938562 0.4890839353938033 0.5565040915383638 0.43626903315892523 0.5685530586370885
0 0.5907548793068363 0.5405343048981482 0.5948877208303273 0.5609653846253476 0.5934426030797664 0.5683811154788474 0.5882997620740018 0.5663355556941438 0.5787163545946606 0.574890053751174 0.5379418728251733 0.599290546989224 0.5191151050844308 0.6075454559469211 0.5169838739356092 0.6134040943802684 0.5017233129227029 0.6165613755777121 0.48828436235531736 0.5981838809183905 0.49221691960656705 0.5871439496814653 0.5086189966291141 0.5801600669399828 0.5108757253429224 0.5695950801722136 0.5151543487744927 0.5689663285118038 0.5286237258565173 0.5628135985913446 0.5508648994546359 0.5512556265281243
0 0.17887706375044626 0.6744520410558884 0.17826288787295896 0.6844141380608969 0.18302672364161937 0.7050871022486985 0.19556417479607835 0.7054490925778895 0.2512447404858068 0.6955415536308704 0.29105585154509006 0.6827905313253089 0.29538376544045564 0.6707971250561386 0.304553617927078 0.6569420693192036 0.2979642575782543 0.6524473294694912 0.29381114146763343 0.6448151281412386 0.24953982635898564 0.6549149976210519 0.21936849576421624 0.6590612012927775 0.18916661528429768 0.667620678453818
0 0.3128633063677675 0.649203612111151 0.30490480258382124 0.6568425405150055 0.2949579341805638 0.6704284076513459 0.29386532879903593 0.6819943008917239 0.3000203563618187 0.6929743566751115 0.3168907667183447 0.6974917672612219 0.338102637803087 0.6993105647657832 0.35997278148331624 0.6960487849636423 0.382321354667586 0.691183208926132 0.39662323063191035 0.6841935218958639 0.4073521602585043 0.6870256698862077 0.41470498969111247 0.6824948051488935 0.41805399621939704 0.6712682315013088 0.41573995152179016 0.6567525990225884 0.40928633754641297 0.6438995584032365 0.38983038974538686 0.6415831168776843 0.3690443499205364 0.6401330367779159 0.3342109238259564 0.6426641088460731
0 0.41188383273650997 0.6118416961396526 0.4071300875812525 0.6234663850040297 0.3907957502796173 0.6315214910684777 0.38424198512264407 0.6387623042555397 0.38990503634853546 0.6420513630866754 0.4087112130802239 0.6425943485804617 0.41769776625595234 0.6552189337794175 0.4350330592836684 0.6488377549425373 0.48976526749146476 0.6352837751277886 0.5038126537611942 0.6313026229598627 0.5024775164306685 0.6160201578595567 0.48715609260071113 0.5958922979485463
0 0.5027455529581139 0.6223064161848358 0.5165469510593977 0.614479765540784 0.5510767454346819 0.5939268821105732 0.5885738117963583 0.5666602273262912 0.6009890634102213 0.5846753116127426 0.5943216002388012 0.6027151854185969 0.580625398625815 0.6065968087823247 0.5574081598694631 0.6244330166871855 0.5217501649208006 0.6448162403209997 0.5104902075460173 0.6455604022061874 0.5030797345625587 0.6359149540575741
0 0.41674090724787105 0.658426526250156 0.43593732004760094 0.6476026761119609 0.49054228340809986 0.6355529637283833 0.5035887139517484 0.6298978843328897 0.5028557947531129 0.6345102154306012 0.5103409143397201 0.6446239097882054 0.5107582440734627 0.6518466605314664 0.5054514228110158 0.664606899422222 0.5022296611300288 0.6743292056386355 0.4753071858819477 0.68734268946919 0.4265977150829352 0.6972321659724082 0.4098154981624085 0.7024777947829102 0.39661472910576123 0.6910475552343321 0.3961227527688699 0.6833565582820801 0.4070009756017611 0.6871251986904058 0.41477963629426107 0.6829630513578845 0.4184051808761403 0.6711687026971106
0 0.19262745269483506 0.7077495904426457 0.1903320001367802 0.7186775776776361 0.19573206014192768 0.7318292047095821 0.2078351785103456 0.7386765109724486 0.2251704715380617 0.7322953321355682 0.24852000044841238 0.7291036833256257 0.26793185153143884 0.7265386051528716 0.28398114925333023 0.7259053074400811 0.29999485178337115 0.7135364566905164 0.3136910533963574 0.7096548333267886 0.31611375080170967 0.6972225786606271 0.29896680239158896 0.693272943087706 0.29577054528904945 0.6824331492887149 0.2900769441780089 0.6835573639468944 0.2515433268984012 0.6974145384668344
0 0.3153367348850745 0.6969533900600324 0.31411688465624926 0.7100235507315814 0.2994197273171821 0.7122312468677414 0.29406880933673574 0.7201099660601908 0.30217315010753143 0.7364103899388761 0.33291960516848995 0.7335693960899254 0.37184000229669145 0.7313482458025615 0.40038265445504206 0.7261954187206556 0.40627814701652853 0.7240351828402961 0.4193856773304751 0.7095535564661725 0.41798944022965134 0.7030976383444969 0.4101666828191517 0.702378265978712 0.3976682830759909 0.6907489688217378 0.3962194477310183 0.6862655643402243 0.38330026203466716 0.6904163763045467 0.35927041216982974 0.6962478425720385 0.33950737643005996 0.6989124495489906
0 0.522878365494179 0.6449859001173963 0.5090769673928951 0.6528125507614483 0.5043452705966375 0.6668779994749784 0.5036564481160015 0.676371850270996 0.5160055546528651 0.6870646550099884 0.5288195438609188 0.6868588703259902 0.558902681019689 0.6729496272576524 0.5718303682421892 0.6619447819548618 0.5925061662720408 0.6511910628088652 0.6071151301751087 0.6392203272760928 0.6146257543401633 0.6287719216182924 0.6121098181921104 0.615292310361752 0.6021223092903011 0.6009937979352288 0.5948746763459904 0.6015796353922186 0.5797211378618825 0.6078318876129011 0.557833991129355 0.6248017340919784
0 0.5985427285586155 0.5555151200391037 0.6291704402984257 0.547324360282856 0.6642889059727496 0.5373714798630413 0.6843590296512629 0.5297258243835851 0.700350683822304 0.514916213784867 0.7068534398223824 0.5487996006286145 0.6851461361813009 0.5622926660363586 0.6614063712029088 0.5768511504782828 0.6406118298519091 0.5822551037169824 0.6295232140424227 0.5863765178693051 0.6114414549832206 0.5880752346162755 0.6017355294417074 0.5893577737026524 0.6006599271124778 0.5872156002660938 0.5882226271396149 0.5667597561304892 0.5940875698159525 0.569012793739445 0.5951496253123314 0.5618601739883823
0 0.6075563754000453 0.586729291613302 0.6046332001316524 0.5983245826656796 0.6089576578075704 0.6093340362610671 0.619155559685975 0.6157424941269422 0.6345024880943798 0.615308254022548 0.6518903793662447 0.6069545615455055 0.6742695024356635 0.5976757120186802 0.7015652106994876 0.5870034592330807 0.7092363353403894 0.582177878405223 0.710303070150252 0.572229377807331 0.7057998858521526 0.5490981870412089 0.685923152097936 0.5625618546369533 0.6621833871195439 0.5771203390788775 0.6422405082883279 0.5832617271271628 0.6291720293856795 0.5864760466735032
0 0.7052789487173661 0.5849721499689191 0.7095287597901352 0.5955133573553159 0.7145470852533905 0.6131777866807752 0.7009390770764035 0.6268224494411152 0.6764528460665252 0.6366984717931294 0.6630026326219846 0.6444255936329831 0.6428578623403227 0.6516030029034486 0.6336744630208496 0.6561632654527626 0.6176251652989583 0.656796563165553 0.6131514144167431 0.6448506171521835 0.6113598959411766 0.6336127081363999 0.6155300151040958 0.627536842787716 0.6142610228505694 0.6195766572348693 0.6185278369756371 0.6164097979443294 0.6335235807272988 0.6160750866441335 0.653220471390069 0.606088200119722 0.67497187174915 0.5974766544102839
0 0.1879619009755768 0.7291373187036353 0.1872916706344931 0.7640747892133636 0.19867037133042464 0.7686803932354732 0.23911425040674733 0.7714108936386137 0.28194177547712396 0.7729764462033764 0.3047602766392852 0.7733611072689651 0.3036270307592055 0.757042620946479 0.30520656717092315 0.7370188981322637 0.29996934720492363 0.7340985567059208 0.2867159799041275 0.7246408307975049 0.268708867448074 0.7268077937534664 0.24796692434122314 0.7302392333520039 0.22419156417098052 0.7330621647571537 0.20833565637338608 0.7395134745862325
0 0.6198289682015662 0.6591083963985082 0.6343242340901873 0.6579367214845283 0.6424320310804308 0.6512342854986558 0.6635557087291738 0.6432900436066049 0.6775810466399036 0.636868131589526 0.7015667997867414 0.6261551456237279 0.7131133858285222 0.6571408617775302 0.6696020835842112 0.6812179865348748 0.6309106715721571 0.700992701975301 0.6160727225529419 0.695409872355011 0.6094918637302673 0.6840610991668301 0.6216425350361326 0.6727870652634449
0 0.6322407635959815 0.7001263405495175 0.6294974314190349 0.7082448505305617 0.6189533901905886 0.7180847479949745 0.6236816307673986 0.7270221591460017 0.6371894877627895 0.7334713501920754 0.6754245186298028 0.7177411908361714 0.7175310822471409 0.6940621812956195 0.7249535129761963 0.6738507362412068 0.7220117455682514 0.6600024075798735 0.7130387392253736 0.6566726155685392 0.6688997142707247 0.681417044143271
0 0.19952203385020834 0.7694178280450589 0.19308701201438327 0.7820084071394179 0.19573523831643513 0.8101325774908766 0.21413763214723153 0.8127476054290231 0.2398182088074875 0.8103635224208646 0.26183764569401385 0.8080382350367056 0.2881153951794588 0.809400121700475 0.3133701405798229 0.8066473212875236 0.3155333029838788 0.7810747749576149 0.31258303404978494 0.7740804796347499 0.30448373858569056 0.7739288822821542 0.23763486517662574 0.7713407626464154
0 0.3042802580479909 0.7358132171136872 0.3033504927056109 0.7576103959596682 0.30609036866310957 0.7724947458431816 0.3130614635538256 0.7724766833993807 0.31869396489456797 0.7801790157198316 0.36180652954468845 0.7743227599329369 0.3842517976911067 0.7723661899535706 0.42154351638288934 0.7691384162560264 0.4220254021063777 0.7445317601560993 0.41590596973544547 0.745287257409486 0.40391654938147425 0.7276408905278272 0.3710629863800563 0.7310790572019669
0 0.4198861551935156 0.7103905200799563 0.4041930874350689 0.7270731155146382 0.4151289538188103 0.7450180688088913 0.42385597199324254 0.7445023623440997 0.4511211303719176 0.7382433830478153 0.5164058813343094 0.7079954724301859 0.5200925256864866 0.6873745767907818 0.5035818015128529 0.6759036040620051 0.4763607398521775 0.6870441030565956 0.4267996065333812 0.696196144750228
0 0.4218761089000805 0.7435952677381176 0.42219328745222695 0.7709118722877921 0.4297445521158335 0.7883478461928556 0.45089027812357635 0.7828443641499577 0.4842307721551841 0.770948367901981 0.5038445146886567 0.7673472685070468 0.5205826348911838 0.7572201199982387 0.5380451727661973 0.7493346737301874 0.5354851399001448 0.7309735427753408 0.5244796722199562 0.7287091697981861 0.5189218174823624 0.7214750836867262 0.5082760359850662 0.7122571485669053 0.45147231502866086 0.7381438542436172
0 0.5198159876328919 0.6879423518039709 0.5167570659910528 0.7078959436259877 0.5080741445346202 0.7132931697890853 0.5247562102735508 0.7281413947849971 0.5368898785271178 0.7305754275585481 0.5642161366760909 0.7154899012836337 0.609970293234308 0.682457302931461 0.6219190730897273 0.6722192902502556 0.6169753942296207 0.6550231071337873 0.6099772056732035 0.6364515832023455 0.5908248895914732 0.6521569530388468 0.5710533523255542 0.6616755933542672 0.5582749583093511 0.6736169310750397 0.5310012984045268 0.6867299437097922
0 0.5359109711600366 0.7313422601801336 0.5643654298823881 0.7164263937016155 0.609970293234308 0.682457302931461 0.6163492606065365 0.6948420973418218 0.632113518748684 0.7016306079806883 0.6304016921829674 0.7070097716999854 0.618303619121251 0.7163112919632085 0.616030214922196 0.729680039047352 0.5425901140321133 0.7847517258171055 0.5253329238269936 0.768598290998419 0.5238179434050216 0.7567926069694465 0.538321710819792 0.7487668987169981
0 0.2084219826771913 0.8114310602380496 0.19642060457762323 0.8236415865594168 0.19943356236926885 0.8609610212942987 0.21495183234297077 0.8639040334570395 0.2907160685440632 0.8556456322181853 0.3164797933336169 0.8468757620805496 0.3176029486002938 0.8308965953508567 0.32220740054925406 0.8183354140684974 0.3174180602021462 0.8182245498961002 0.3132208473735256 0.8057108288695417 0.2874876724691209 0.8100674255178623 0.26113527638052736 0.8082372926451019 0.2398928554106361 0.8108317686298557
0 0.210490282183167 0.8647927540211802 0.20580844404602 0.8724086325537588 0.20731813392774995 0.8892755360030846 0.2115965883169762 0.9037854962064585 0.23697688001087208 0.9002610855330477 0.28252878445980656 0.8925921144864727 0.313014207731519 0.8865726974190555 0.32835321330610234 0.8817014053195938 0.3307168923659414 0.8595440854621298 0.31723463474223546 0.8612687403463193 0.3136756090321738 0.851271641243772 0.2916236374851242 0.8559491117496512 0.2916236374851242 0.8559491117496512
0 0.3267946000423687 0.8176808323576882 0.31786332120525035 0.8306937093249481 0.3167968344569385 0.8461943888887195 0.31822658781876134 0.8625598633268424 0.3300210745279105 0.8576449514438608 0.35520877834435216 0.8578437079019566 0.4302686598331006 0.8528176761264689 0.4333608715686104 0.8278334651333613 0.43108993417356967 0.8185194779735913 0.4185524079441224 0.8163078016731887 0.4107530455305956 0.8043679487688525
0 0.2146850989041011 0.9034342690053183 0.2130826673575727 0.9180386725732266 0.21840940050209834 0.9317274576857688 0.2359249001071877 0.9257152444158468 0.2730996785102327 0.9172759218594546 0.3290453299957483 0.9082335231298302 0.33480816172583466 0.8950704443525073 0.3358837524706527 0.872230012552266 0.3328134498765403 0.8579017352804664 0.32746480759061725 0.8835254384328314 0.3134702160098284 0.8869675444037156
0 0.22533856519315237 0.9308118392304024 0.22485524492532433 0.9524362489551522 0.23278176554102564 0.9701049850358064 0.2841909450845811 0.9597278435421389 0.34469127650506914 0.9373406831036174 0.346862367687454 0.9189065303776595 0.3414556980230211 0.9047163162539146 0.3365431543226588 0.9034881555164146 0.33041335483067646 0.9094180640838102 0.2730996785102327 0.9172759218594546
0 0.3551524526655787 0.8599560059733115 0.3426857589595323 0.8655855109205817 0.33790037346134444 0.8700862333593998 0.3355748120872665 0.904810759618449 0.34395193813315594 0.9055811111282659 0.37942984162513793 0.9012912838095519 0.4488577507343594 0.8905242301957376 0.4491157682870933 0.8773490127564066 0.44810930836593993 0.866104410456856 0.4475824675642296 0.857868382224523 0.4331881933839049 0.8588033431393928 0.43155674814812156 0.8535007880692461
0 0.3474964569985901 0.9056247309117857 0.3458940254520617 0.9202291344796941 0.3530684025509585 0.9381110346134341 0.3986530218375328 0.9257160384129466 0.46196933944778434 0.9061993888935881 0.45746558234346407 0.9001386209756331 0.44796934501887425 0.8923482633089751
0 0.42970199964589284 0.7900882261450861 0.4040164687169957 0.8015604000927125 0.31857734703629365 0.8179133388702771 0.31418624128952044 0.8076279748096127 0.31623017426973077 0.7834649389073368 0.3618384043974387 0.7736836697894068 0.3848260033422407 0.7724096203354053 0.42212793994746023 0.7696991809553314
0 0.41070582384832827 0.7991404946037374 0.4310464136396873 0.7886590400165087 0.4517303603518088 0.7827970285566493 0.48488100076997653 0.7713055121495197 0.50475647828652 0.767768962814101 0.5236963284053111 0.7608289924268044 0.5272280421258542 0.7928453482387615 0.43176214117046696 0.8178048849093024 0.4185524079441224 0.8163078016731887
0 0.4335861742837045 0.8193842728479428 0.43217262946624535 0.854898493076312 0.43506855217591595 0.8582704330066783 0.4491666911177456 0.8579434831295544 0.5419201532444102 0.833228591633611 0.5410917743560836 0.8083073428835265 0.5360520724535467 0.8013502989697082 0.5270118434072663 0.7939547882877102
0 0.44878151536283717 0.8653898173925674 0.4489612980954002 0.8936393862894981 0.4570095740651547 0.899743773990973 0.47322788135871696 0.9003882010147436 0.5585071299996047 0.8830324042147731 0.5561744640776692 0.8585374835708602 0.5488874356212253 0.8448801795798296 0.520803809095113 0.8413094831913677 0.4560958558087997 0.8570278646741883
0 0.5318390477396002 0.7773882884585097 0.5252768508104422 0.785537077123803 0.5262360890493282 0.7915542252582384 0.5427559344295068 0.8088838727997606 0.5599516879549674 0.8008659434850269 0.5965287930329012 0.776349411448629 0.6130378327168372 0.7590925958791562 0.6269470849295976 0.7378558293415717 0.6238440674978454 0.7282535772236846 0.6189969534727627 0.71757336617836 0.6153542900944089 0.731707821856577 0.5431593181774276 0.786758034063808
0 0.5417875921941144 0.8102064769017953 0.541840216724503 0.8327271626224079 0.5265248219910533 0.8402121818044271 0.5490473086610397 0.8458830376022357 0.5817274339562706 0.8240431948914185 0.6122074543798619 0.800730546268504 0.6293414793784278 0.7775316834696274 0.6252701197112833 0.7692520354537747 0.6169911381783135 0.7543036084822211 0.614542119750446 0.7586662677729846 0.5951843790391067 0.7777785975772065 0.5621281819854735 0.7997250223145665
0 0.5488874356212253 0.8448801795798296 0.5577023619524116 0.8607248825472466 0.5620280380239052 0.8804622969157353 0.5999404530991272 0.8618563309872299 0.6338850558682454 0.8380858731366324 0.657299649402102 0.8172997120292359 0.6531810680526902 0.8037926098482681 0.647830709102459 0.8010509140600802 0.6402633987218976 0.7968213440084534 0.6292760497031481 0.786983733777452 0.6125835261382641 0.8006239642419611
0 0.627403093207907 0.7382506763262319 0.6375570306847665 0.7353729616095737 0.7181109206546249 0.6957726053850993 0.7262917576746751 0.7248991078183898 0.6828654244255945 0.750832687321357 0.6287819237390776 0.7740216803912069 0.6236858961577673 0.7691769345487435 0.61752708297653 0.7551998844780842
0 0.629237932017387 0.7744165273758669 0.6288200414248386 0.7865888867927918 0.6419643449759036 0.7975380203367305 0.6555973716429178 0.8041559757114166 0.6945580654734391 0.7847288346920797 0.7421447989060777 0.7602365799796983 0.7372132894771303 0.7395201585252923 0.7271238377113868 0.725187372776507 0.6830816231441824 0.7497232472724081
0 0.6536370763309995 0.804187456832928 0.6564675693653903 0.8170114470711188 0.6331329123514411 0.8382990371897181 0.6359397945446983 0.8485093003453515 0.6510207825665477 0.8568132256852206 0.6930935978253276 0.8396485845473011 0.7423154776421346 0.7958259011130989 0.7322542818300732 0.7672323088125227
0 0.6233790121873986 0.16082635003054255 0.6634098038859657 0.15822620325269376 0.7304545238932599 0.15137087888920542 0.7349006281391917 0.1792605800962596 0.725671392829607 0.19450779141642358 0.6967661547205749 0.19832732387804256 0.648028270866017 0.19659352467225652 0.6396276026190457 0.2261807958622525 0.6288203434013122 0.22924366767611662 0.6220820937746275 0.20297523939199805 0.6328102427752835 0.1834165873447694
0 0.6474573443886322 0.19529784192848001 0.6397235917785506 0.22906856829953423 0.6457123845596995 0.2574927169471852 0.6522789658013703 0.2415426367827025 0.6769704218360577 0.2432897919342091 0.703308995036681 0.2416551630655529 0.7283356243855976 0.2340765679186111 0.7399664421862991 0.22932280409466552 0.7448774667908201 0.22355851184838718 0.7398604360675036 0.19437312789755654 0.6967661547205749 0.19832732387804256
0 0.6535993491242907 0.24068259916294654 0.6445924190270028 0.25732429554346303 0.6559537257796935 0.26916511426945827 0.6739035011961277 0.26747879691480153 0.6987566086565387 0.2793825567550823 0.7267860738672435 0.2792120320339246 0.7349003521237766 0.2798273511899522 0.751058237890979 0.25775820537060157 0.7461894106425269 0.2295024781266727 0.7409382042441315 0.22856156879148584 0.7279129013830773 0.23371054188173646 0.7037317180392013 0.24202118910242754 0.6755018350382728 0.24322017284706332
0 0.6734066764561751 0.26664794252447604 0.6694236390653409 0.266805111299913 0.6628873847169567 0.2783741316501851 0.66953808465535 0.2949507835989806 0.6629715034136794 0.3109008637634634 0.6720187773635444 0.3219400113285635 0.6752001435934836 0.3258966786470386 0.7034300265944122 0.3246976949024028 0.7197107974228377 0.3239702174840782 0.7417480388608252 0.31821049989322475 0.7600329875914886 0.3071984322401194 0.758946779943647 0.2798139952442316 0.7358198998662495 0.28102423161715245 0.7274833163974197 0.27901442740077204 0.6993275351339233 0.2806782394988588
0 0.671572689747473 0.3222633773193882 0.6728224468881276 0.33300229062476666 0.6677314199721593 0.33875911763200506 0.6698571126868912 0.34339508860867857 0.7131050779452371 0.3406906332105158 0.7555348129681209 0.33575293688346264 0.7521177162124013 0.31576772844189943 0.7200889751486402 0.32361238660729474 0.7032093746682038 0.3250066530739597 0.6750250800543458 0.32652335059131316
0 0.669984229526061 0.3427427789502688 0.6754330195703251 0.3667743149942206 0.6698057606974561 0.37206683119542355 0.6695184096061342 0.37461340354493755 0.6815858047745739 0.37057711454379083 0.7125313762990122 0.3704348397110624 0.7567193358192296 0.3736268180557491 0.7668212725250898 0.36306029538682455 0.7628925317381017 0.3355165459143252 0.7548244644589568 0.33564611404869443 0.7135473104759509 0.34056530064226626
0 0.6811766896568427 0.3694604940793457 0.6916342133528282 0.40316561659855515 0.6865624215497316 0.4061437158532617 0.68759641523779 0.4126297929703961 0.7364524042561336 0.40741154912356214 0.759028675109994 0.40840864005487987 0.7836858151036634 0.39926359813878487 0.7775790290760892 0.3711045584748384 0.7715757724984716 0.3740385011789016 0.7564042201276855 0.37309984096558885
0 0.6871541827070764 0.41275512553864563 0.6918787419420654 0.43514306402799213 0.6838993212763471 0.4401777780090152 0.6815503361580878 0.4500877554534102 0.6921361522949947 0.4440062243757475 0.6994393424009505 0.46227379632878024 0.7380962186126567 0.456864652112011 0.7819103565662963 0.4432147748226141 0.7809832440681168 0.4142040539980832 0.7718010659748373 0.4087946763608703 0.7593437908015379 0.40893561714504006 0.7363252874169639 0.4080638587819719
0 0.6983337610741662 0.462587127749404 0.7016483289163482 0.4761304156244764 0.7040806078352736 0.4754410864991041 0.7052556006626128 0.48281162867766575 0.7349652973465074 0.4734672152593961 0.7527485980012427 0.4690435559037003 0.7810044802538265 0.4607274498485887 0.786927619705368 0.4587406384900778 0.7867449736657542 0.45324584926913897 0.7810728912179623 0.44376026164625554 0.7703268408289032 0.4517360554150227 0.7501112612552423 0.45684904389609066
0 0.7060129488848705 0.4832132731995766 0.7121720874382989 0.5073516320782964 0.7009175696925607 0.5179366644807023 0.7078917618068615 0.5341404846237378 0.7140990756751352 0.5194393212511378 0.7602600226088634 0.5103627486542898 0.7980901390977571 0.49686808631642415 0.8017273515824144 0.49213956667234404 0.8023074065778188 0.4827309195009471 0.7949486872714192 0.45831624866856596 0.7829752915291666 0.4629421810439976 0.7760405701770279 0.4658319671974173 0.7679255031847895 0.4656667136446441 0.7620632457464527 0.46948512141013454 0.7527485980012427 0.4690435559037003
0 0.714240074814416 0.5203237863125654 0.7082538772114991 0.5349622834010404 0.7075413525641642 0.5493387427032159 0.710598510053417 0.5540188702305328 0.7220249682132476 0.5575596319938035 0.7553141720431846 0.5518228821890488 0.788161143342408 0.5462114649525437 0.8077240797455195 0.5326554703791122 0.8066591447826492 0.5129280641577288 0.8013737656651272 0.49717004508724755 0.782860881388356 0.5042656093607069 0.7621037170450339 0.5132297895081083 0.7607022551395771 0.5102374160860402
0 0.7082142848805282 0.5561013148859487 0.7105828433451566 0.5724716269235233 0.7093344216981499 0.582793158447955 0.7173988011715086 0.5895107427961684 0.7692818122674034 0.5867035971640281 0.8113270331536268 0.5857199494850832 0.8130280144980562 0.5691609121236545 0.8126524256982648 0.5531903929087888 0.8029528646906074 0.5498300868994327 0.7878974701355055 0.5476661316877051 0.7558315834518443 0.552252334492198 0.7218852993394831 0.5586576155287185 0.7110666455522067 0.554328313054593
0 0.718699580788272 0.5901067083343984 0.7110943905940886 0.598371332231779 0.7146511564393434 0.6131187387528473 0.7062701757177025 0.6225678463350207 0.715271961133536 0.6306274580745433 0.7410245369051508 0.6287951206790109 0.7683576654884338 0.6278009979379008 0.7925296884483803 0.6251304458879461 0.8182532924632417 0.6200909264684057 0.8155437024993254 0.5864541442253274 0.8119701800228202 0.5852161367481963 0.7687713090564741 0.5865267389530092
0 0.7091659940245107 0.6256056175396767 0.7040843481282207 0.6315473504681429 0.7133781218644618 0.6565657923918035 0.7221402769296442 0.6585840710098502 0.727666626226733 0.6660209553149737 0.7531795716476967 0.6581472847979651 0.7748626076102536 0.6565036727262868 0.7917638422935518 0.6581445006966254 0.8079439151720234 0.656774319358477 0.8116757382726696 0.6499289808704148 0.8098143682280942 0.6231256700025632 0.7678471622775045 0.627624139726882 0.7404304332148376 0.6296065734372641 0.715929593881106 0.6317272363496603
0 0.7270725225364197 0.666832408073227 0.7249702954263217 0.6748236012370775 0.7181442105504722 0.6925135984909606 0.7218737628982448 0.7007812500588396 0.7486908027268482 0.7041134021213566 0.797271164206516 0.6942037741016277 0.8276784831428755 0.6852645345973385 0.8235989989611885 0.6536236887973059 0.8138359088962743 0.64835215175458 0.807020995107925 0.6570358829791717 0.7916657559357914 0.6575292206538933 0.7530959711683128 0.6591355957672371
0 0.7210634150702838 0.7032616847342705 0.7269999104676674 0.7253731372636221 0.7340232120970405 0.7346365471924398 0.7500215981383674 0.7336393967808311 0.7775564849809218 0.7293727011105394 0.7981059422854827 0.7251565015620876 0.8286748766368595 0.7187437731339003 0.8248261224711972 0.6870375364286941 0.797879753775206 0.6949959123553787 0.7481457422154154 0.7052324949009757 0.7236014452465537 0.7025423847773603
0 0.7495601381063184 0.7337701785911784 0.7389264859470626 0.7396777022318087 0.7423940657691834 0.7599165527367949 0.7351232774925351 0.7642279327570881 0.7387837152393006 0.7750874863062429 0.7513300513748861 0.7811779234988889 0.7831161648636424 0.7763494715782034 0.8138032569949067 0.7676524811901064 0.8364839131663191 0.7586522705018117 0.8336907227230189 0.7260037992280054 0.8270742524030645 0.7208051004821199 0.8028476007204874 0.7276711455253543 0.7781650745496116 0.7301648393642903
0 0.7447425528116849 0.7791864067770113 0.7384292418996385 0.7819402721859721 0.7435030314993046 0.7956146623280927 0.7282636793541843 0.8089367280988459 0.7354285249764481 0.8236261911064077 0.7925024394138939 0.8064863265592415 0.8329437212754458 0.7969541491872209 0.8301828173797754 0.7781227169787178 0.8276961011352595 0.7640366669010529 0.7836266680745718 0.7765263297892221 0.7518405545858153 0.7813547817099075
