0 0.23267356773324144 0.23107543567164823 0.24715955935903983 0.23489934667666099 0.2572191614526619 0.2539141997633233 0.2560688049638955 0.2681766854188066 0.22638208633826973 0.2809152708949682 0.13384191577967697 0.28599698414026387 0.13173123844662293 0.2704961491544598 0.1296478423734312 0.2569841912178557 0.13099329229504525 0.25004087657846047 0.13631922558346743 0.2540579895390351 0.14725933469028613 0.2480740604431655 0.1994884413714958 0.23543442950868784
0 0.1328038880785818 0.2866231904284848 0.13078716255714884 0.3140245844331737 0.13763480266136224 0.3242089255140062 0.14742112749203062 0.330980625676603 0.22980777055883272 0.3331714706090554 0.24468001147760243 0.33179431856919717 0.2511798175164953 0.3240186951716712 0.25509871996825 0.29762608275689734 0.25019260539136673 0.28869735072498304 0.2270266267867373 0.2841696863251794 0.16122479955013752 0.28527591455287177 0.15536353391265534 0.2897748196662932
0 0.2407693807830491 0.27692114006526064 0.232793091414775 0.2815035030168018 0.2340683503344766 0.2870756049818479 0.2566512409501313 0.2928004384017092 0.29862796394062685 0.29638261959544404 0.32455464764361264 0.30244968877812606 0.3368906526552868 0.299727494618381 0.34144893316684943 0.2906962621719368 0.346451670636297 0.285666733865552 0.3528405718503179 0.2820502089961197 0.34579801064418136 0.25850619208701703 0.3233054396133344 0.2545616156761881 0.30004465999926044 0.2518666730814284 0.2689766077957373 0.2560280053652482 0.2571038230988924 0.2689380866611819
0 0.2526816606432277 0.21085615119020643 0.24678818737489072 0.22000780974972758 0.24725854865587382 0.23509527779101877 0.253425640220151 0.2397969499777739 0.25804735176870075 0.2542238474248197 0.2612641362157326 0.26105155843878397 0.26920107698699813 0.2562223680282399 0.3002575067997307 0.2507744336533936 0.32467998096711725 0.25468801702211413 0.34672361361544257 0.2582438681069599 0.35021583824153446 0.2667993713339451 0.35594477615568326 0.2517608220333093 0.36037604802694667 0.24921506483800868 0.3588852827652578 0.23622264258181838 0.34941374671065806 0.23142556209124557 0.2886281012174161 0.21666332557032433
0 0.25583699561752116 0.2955824281324488 0.251022423128461 0.3230313853356591 0.25044199468100337 0.33274111407489576 0.25732632384070836 0.3346597228955523 0.26662702123336346 0.3493084299923419 0.2845720964850411 0.34293274268820717 0.3088997696429832 0.3486790478619716 0.3560553878479049 0.3544051935814628 0.3630944518541272 0.3487985525189523 0.36387078562823044 0.3196848628222964 0.34377315993187213 0.31377164197229274 0.3234716502843171 0.3017247029221712 0.2977023609693656 0.29664494357550114 0.27784796782121246 0.2971122683846181
0 0.14722872463252862 0.3307765301866569 0.13706699398254912 0.33226981538013 0.13754399168109288 0.3629873294891559 0.13891873328907978 0.37161086383807324 0.14371358572593773 0.3723319179727585 0.14489846812698404 0.3765026860079364 0.15949452414647874 0.37999254600413357 0.20937062455276967 0.37972360455459686 0.24207297918746573 0.37773532156901285 0.24952003555563462 0.3738914629199855 0.2595603992635287 0.3700059573706252 0.26450070629989464 0.35369947073553787 0.2567076148485365 0.33580184747265834 0.2453610017975107 0.33312436463095346 0.23171668996816075 0.33560464379939137 0.18567767589422723 0.33547944050039336 0.1656246098947753 0.33526944259610075
0 0.26609899044551394 0.35393982211376634 0.260804178256161 0.3696534595224234 0.25147282485424094 0.3747246635246442 0.2516254269715761 0.38057462700016503 0.26554972977470215 0.3814815913817202 0.27266147233642246 0.3902125071887261 0.2813306681952432 0.3891422194130952 0.29211729929871666 0.3850452151548138 0.3164520885503487 0.3843883947732556 0.3562878252487456 0.38800495887307934 0.36577178076800076 0.38878371834637937 0.3694190078934177 0.38393680728410523 0.3679349431720567 0.36321117201647074 0.36490904274122027 0.35401561189128966 0.35703898895520925 0.3552060753560348 0.30910608217425534 0.34972440556899836 0.29195397590464095 0.34487899531135274 0.27562745799712296 0.3487803265567994
0 0.1579862262216935 0.3796862059574619 0.1431218278756935 0.3824414181933122 0.14524545984758586 0.41633345213751277 0.15223133310020842 0.42358435378785964 0.21625633830328683 0.4229289667946701 0.2539730971990284 0.4195271488559262 0.2594028339655749 0.41701665508380414 0.26533783494328766 0.40853301180396623 0.2703095133343819 0.3940065999292666 0.26649155836083954 0.3814854176155227 0.2518056903829905 0.3807892267440642 0.23179451426931375 0.3786872981839678 0.2226562596395889 0.3807913300614996 0.21245025379252674 0.38076882480492963
0 0.1515445080713591 0.4240009346702324 0.15029173977574228 0.45474804979029176 0.1566604803162841 0.4675312864215481 0.16754059298257384 0.4714379433166675 0.20544455618282575 0.47042109080790245 0.24597084617468162 0.46440615819647507 0.2732644193520299 0.4554552379844636 0.2758867461436338 0.45045715788180124 0.27386292582138533 0.4248935463900338 0.2691029489984847 0.4207719929337193 0.25859368338345373 0.4191916003097515 0.2382378266247111 0.4216175005476772 0.21979839946334528 0.4231963471748208 0.21571478924338022 0.4261772022157139 0.2125551634930628 0.4249452229228505
0 0.15742114603697643 0.46944315197505276 0.15628748693696637 0.47948990316217666 0.1556394914277041 0.49973231671107704 0.15988427406856537 0.5049116427947028 0.1654923488884148 0.5157830138724543 0.18592722527835576 0.5124229566909703 0.22136376779090106 0.5045073753861156 0.24602132204502913 0.49903881226542013 0.25898118305765094 0.495973715662496 0.25752517911584816 0.4897001046005822 0.26257912968686814 0.4827971982598264 0.2648443015588295 0.47698857689735874 0.28029583436389105 0.4738251601015813 0.2800092864303889 0.46630835288672673 0.2725311378945702 0.45657481845365133 0.24667146388235034 0.46451151770473964 0.2237586078315859 0.4694856180904233 0.20492936200078649 0.47147886343521367 0.16710441843173296 0.47156155900042035
0 0.16605389895186146 0.515016024279037 0.16286259628219368 0.5393223609870414 0.1690048369022571 0.5463952964486835 0.1734677068185388 0.5515128146904327 0.21068689077079722 0.5376214446729692 0.22684432077008582 0.5303070013853116 0.26074056022307157 0.521308351962246 0.2729945240414662 0.5223942818512021 0.27873325386047965 0.5283658930191447 0.27974153744788405 0.5189625157416852 0.2824239122525117 0.515770941684263 0.2837050516418017 0.5123686486103117 0.2620048743222458 0.5063618408653131 0.25986722429094905 0.49724220730633634 0.2459423024138308 0.4999729692089785 0.22128474815970262 0.5054415323296739 0.1946644084267904 0.5114663660272575 0.1907525296008385 0.5140946301923803
0 0.17369948622557557 0.5529667298599025 0.16017807514950716 0.5567988160562439 0.16349458066460326 0.5947607384971864 0.17313149717795234 0.5965883624886601 0.20557486584763485 0.591344597015316 0.2359490451441023 0.5845598130397263 0.2585374100250152 0.5775502314167851 0.2662168205461386 0.5756777399850025 0.2842085273531061 0.5584219050184855 0.2875557229571118 0.5465321354351447 0.28189601276929666 0.5396263673236437 0.27851516658505926 0.5284277008610212 0.2732126113168866 0.5223324740093256 0.2603043856722306 0.521431967645999 0.2268906766514932 0.5305977844192057 0.2105615152581915 0.5382648185826335
0 0.3696198704723389 0.36483138355578576 0.36962573510235086 0.3836026690903856 0.3653601691469362 0.3916380942091515 0.3891647627923254 0.3991135941229045 0.4541280134998051 0.40516416014458906 0.4756667388008372 0.4064553005629537 0.47964636979122105 0.39394989430954563 0.474915466838572 0.3776554803757743 0.4644951877353661 0.36581787142215744
0 0.27994665778920724 0.4232404342103225 0.27641661705018017 0.4492714754691183 0.27493394566335466 0.45775623946498056 0.2804741192170118 0.4670212320268665 0.28317310523675704 0.4730282696615924 0.30219424629617564 0.4676375118714184 0.3236018253115893 0.46447268263690816 0.3459068256212663 0.465116688687678 0.3584165382510014 0.4662149522040036 0.367131980225526 0.4571664502088273 0.3848807679629407 0.44652524097636376 0.3906738384410372 0.4437225277394818 0.39125671701541254 0.4373658341563155 0.3854750961550886 0.42294519116158447 0.3775263235784332 0.4213282549179936 0.3554821988177466 0.43415422222599265 0.34574593403331766 0.43497872088005285 0.31979621496335 0.4314979720784266
0 0.27012568425993866 0.39391470111265536 0.26506031677032016 0.40947463153751523 0.2590626608140665 0.41736592040401566 0.26914098511000206 0.4205076514232698 0.27449873425250526 0.4249872347408153 0.27955265212435126 0.42665066054756845 0.2799135116343835 0.42345263945748113 0.3013525967536914 0.42685735060660734 0.31992633861594627 0.4304936719131482 0.34579624013573756 0.43438401050028763 0.3555325049201665 0.43355951184622726 0.37732846023723116 0.4209973623264977 0.38446498479441493 0.4220705591781224 0.38209671859314764 0.39720180616973116 0.3654580261774485 0.39204965293680055 0.35615372166013515 0.38830158914699053 0.3162052732987007 0.3853054835586549 0.29221339298608995 0.3859134916460054
0 0.26636830108742526 0.4765243301086828 0.2625260573917765 0.4835138435730653 0.25829844936461577 0.48919643154395254 0.259886539722054 0.4958270584254077 0.2633441854545119 0.5064122838261398 0.28464659075266446 0.5112320776857767 0.32963072050340825 0.5135886869963394 0.356951756418904 0.5117462543747134 0.3706556407958659 0.5099866653232953 0.3797228531142993 0.5024604441162271 0.3843971917823068 0.4973593193316039 0.38434159232900444 0.4836857125763831 0.3785381940247916 0.47282119989952065 0.36420104688141997 0.46838762613477997 0.35854408089573286 0.46621448347649647 0.3464765867368371 0.46491404650982276 0.32328169273212987 0.46487902385647706 0.3019817206315355 0.4678473165484293 0.28139111088462987 0.47415492253460373
0 0.2843244578908442 0.5123428447048411 0.28042888574972413 0.5204901254636637 0.2792162100194371 0.5283465993427537 0.2822807737870301 0.5403906846349632 0.28775845401460154 0.5465858278201214 0.30958175752017336 0.5448616323138736 0.34300609519045544 0.5429233450721122 0.3950019551893509 0.5414989899378292 0.39465531445330676 0.5248722412554987 0.39673665499311145 0.5106293183210522 0.3889936082271739 0.5070212180707926 0.3711504907351604 0.5107128083939575 0.3563352638023132 0.5125222890807601 0.3294877717095434 0.5143285557788797
0 0.360915587653328 0.2497715973755603 0.37116363025504895 0.24396494649211672 0.4334130896138849 0.2348362185524537 0.45340474738078806 0.23826417448316115 0.4589865102437722 0.24596950509701201 0.4607746306953437 0.2590066438886866 0.453471748900852 0.2641720948292025 0.4448327634080262 0.275520741149423 0.42464187588758123 0.2808560465271611 0.392329652039052 0.2756957681033541 0.36653284593248187 0.2768153079518161 0.3562170636421551 0.28128676607848535 0.3511785847003571 0.2751688236188876 0.34918587877062846 0.26722026045683145 0.3566202506300561 0.25195635545109574
0 0.29928081164517845 0.5456445605653254 0.2902173859979355 0.5514178895857967 0.283968860456963 0.5586120723714965 0.2743704735226551 0.5679882024517622 0.2756223717884142 0.5770009147681933 0.2885953731359069 0.5760359006767607 0.29664012315925536 0.5870676746331219 0.31997461269064187 0.5826730972315729 0.3796413461207569 0.5835119916204414 0.3889944640917099 0.5783961016218123 0.39504214402968274 0.580379838021228 0.3986390152969096 0.5623510249354702 0.3881041159218036 0.5426574698537766 0.3414061015889728 0.5443059633513706
0 0.16932070765451873 0.5984558502182481 0.17181592563200276 0.6078867534607048 0.1684397583565732 0.6167777304242059 0.17224598819862752 0.6344324015225836 0.18465880042251048 0.632457251699393 0.21158774008726494 0.6261477115366328 0.28625410644259563 0.6071905382912098 0.291057446656469 0.5948095885119132 0.2931485607524794 0.584078878634498 0.2887654792551908 0.576284976544148 0.2759255921387821 0.5766180205461093 0.26536702774586857 0.576745303374734 0.20557663234626478 0.5925884604168978
0 0.170426123329868 0.6386980137222856 0.17116691668848677 0.6563504470045071 0.17309600707109418 0.6734534591257372 0.19968154003247301 0.6731488976862036 0.29049847915892174 0.65357735684522 0.2962910668163702 0.6478953864502919 0.2997734307833536 0.6337243159724448 0.2917237157214499 0.6232468323605326 0.2907182522106686 0.6169397204847946 0.2799793723603828 0.6136037913444031 0.23977707508333407 0.6205318789680366 0.21273596008285028 0.6279829201508961 0.18496801626127735 0.6328755349351799
0 0.4060576541100147 0.5876361624884643 0.3962358190894029 0.5812842578880547 0.3878481205077639 0.5777885845363901 0.3781732745471509 0.5877084122636675 0.32010401755666695 0.5826320725229751 0.2965921783029196 0.5886429978575302 0.291301208019622 0.595362790026202 0.2860394044281578 0.60753654112659 0.29135818621844856 0.6175902046215421 0.29195989913438103 0.6236956740016368 0.30755102317931504 0.6344715395632972 0.330088122566811 0.6328739074342797 0.3547584726731841 0.6306716933879497 0.3707698653379422 0.6300977141520274 0.40564272296205517 0.6235175991418056 0.4100392143341572 0.6130227527922975
0 0.1762820070549882 0.6742193385760542 0.17635650585806828 0.6824663780663602 0.1776146966327225 0.7098081086876974 0.19133522781211132 0.7141877432148754 0.25112581667197165 0.7022034590922336 0.3019351389829836 0.6902840985548145 0.30537604389792045 0.6826943935155064 0.30026136571257034 0.6564456251663572 0.29090176606950285 0.6541373257296131 0.24526165371157654 0.6654185022517495 0.21288924063573988 0.6704590507887911 0.20038538895548136 0.6756563823704175
0 0.30235948009697045 0.6384878796775892 0.2981919769817426 0.6512444008655186 0.300854671468062 0.6562774771244821 0.30899467207258985 0.6684397976672035 0.38922132196935705 0.6601721311220966 0.40202900794075447 0.6491009830721309 0.4083361367159064 0.6361514809079664 0.42026530734144324 0.6331840572407916 0.41726871057583786 0.6241115352576125 0.4073344298780488 0.6240331437353202 0.37438733574749045 0.6313036001868132 0.3545818298676154 0.6315423543125562 0.32985933609746737 0.6340014411348932
0 0.18381141953782887 0.7175602792702356 0.17916527841113872 0.7234245205207174 0.18565573465458174 0.7505236042970997 0.23393991679805748 0.7422137441613504 0.30433977232767184 0.7325970005620303 0.31244544307006894 0.721204814144817 0.3128825698060073 0.7103323295697314 0.30897020829300137 0.7052400122241903 0.3038339858674719 0.6963604712172464 0.2984383599657367 0.691688523976393 0.25091084401069896 0.7047448301560756
0 0.307296435022588 0.6714015388357332 0.3054835302285568 0.6814237079835855 0.30314037519473697 0.6920095623436406 0.31006795817411836 0.7082361615449374 0.323384350145125 0.7139705556249741 0.3296842975068839 0.7068107959082113 0.4193708519639618 0.7053704857153295 0.4273948424898857 0.6915210022552115 0.4226513159853615 0.673435199375431 0.4082930482355479 0.6708899355923768 0.398732838757994 0.6595435223246712
0 0.22262267662878243 0.7470747796592265 0.2059728660734753 0.7476594050865772 0.20070761307713025 0.7574197769537596 0.20030773574273197 0.772415781273998 0.20837749941816353 0.7899723070937932 0.2545220559017153 0.7818554279342793 0.32864084452324227 0.7625031454021368 0.33229672209945177 0.7523720692989869 0.3308464452382788 0.7432747143814479 0.3279057225749835 0.7403874720159983 0.3267965294064895 0.729539820375273 0.3170844027833661 0.7211303153417368 0.3041692304813324 0.7334721489236234
0 0.3104819634650428 0.7672361235090005 0.32429561814828173 0.7819245573990612 0.3158531255871895 0.8087082853068407 0.1942656146523441 0.8278711664216134 0.19304467327922992 0.804652955545429 0.19384868982201037 0.7883021916723321 0.23159810409881232 0.7858718305035675
0 0.3150075977688851 0.8072942846674048 0.32437864069932953 0.817454086424127 0.329893196219078 0.8287068504530376 0.32393141301058875 0.8535473006613957 0.30193466924246337 0.8614350009130242 0.24287067858289413 0.8682524688870449 0.19934012389674494 0.8694274022403912 0.1972177806030163 0.8386099111070413 0.20218638072161543 0.8289336132607966 0.20661754918703307 0.8256107430741567 0.30084993985355796 0.8137871347153122
0 0.30746358758899806 0.8611082800471315 0.3175239793181935 0.8619777459100795 0.3246593535454545 0.8814527164949362 0.30146163543955956 0.9012561977251182 0.26542908291352957 0.9027865775979298 0.22512446048104456 0.89891317697581 0.2085563301422106 0.9019550994460649 0.2047801806134133 0.8724331267789959 0.2435900953697922 0.8688753951858253
0 0.21188256731311794 0.9014258223860795 0.21163168758487988 0.93291590568693 0.24156064070965355 0.9339421545944627 0.30204484024224887 0.9263087793454265 0.33386837837752703 0.9197701561480115 0.3385403256183803 0.9101779323227044 0.33453057872754044 0.8811355708469009 0.32536014563158244 0.8800138829211401 0.30116498256181373 0.9013402717460558 0.2656626802755722 0.9023069664066644 0.22548416887449357 0.8992246401252002
0 0.23781163962959395 0.9337644313347303 0.22138106360954335 0.945448930465619 0.22741576841627792 0.9813587389445099 0.2545114852083927 0.9782270599546724 0.3319937604023671 0.9624690201076976 0.346062556687828 0.9593086154642876 0.3503261028463154 0.9374299064244592 0.34557539492839806 0.9251338459920803 0.3387667415670299 0.9154880635788407 0.3341206004403397 0.9213523048293227 0.3018112428802062 0.9267883905366919
0 0.3324209603779357 0.7072466421402442 0.32399821179529087 0.7149709716090934 0.3211064431622418 0.7248952427331901 0.3275189781537623 0.7296709462991121 0.32821222380700105 0.7414047953317543 0.33198878409382115 0.7444159106822393 0.3955798898694059 0.7430332930731832 0.4267262481007879 0.7404852589257703 0.4429807458367974 0.7346227688042122 0.4449539805462442 0.7130284973143177 0.4403067728359549 0.6986477659585196 0.42743381635278066 0.6887959744661906 0.4208982393148551 0.7054041374158949
0 0.33810245395292304 0.7436316513431694 0.3320361611070967 0.7512441040596992 0.3299222996213575 0.7657095726649964 0.3359645048097612 0.7775168810741265 0.4016612488816408 0.7672176780901218 0.4349296073782448 0.767148941923109 0.44290541051871646 0.7666218272544345 0.4485799411219504 0.7598137224732562 0.44042030068889393 0.7510331305467762 0.44370342698805465 0.7390095584168402 0.3956683446115538 0.74430329195638
0 0.3373512902464594 0.7764305348602139 0.32366369941314843 0.7851629514718484 0.3254529683691797 0.8175885136905245 0.33115628599222124 0.8305318444330414 0.3521827356837985 0.8335859127803706 0.4114863431732009 0.8223253042834523 0.44610065625798423 0.8111286669416615 0.44439549715443305 0.7824925222406541 0.4436396340855845 0.7761202091083433 0.43562300009659394 0.7666057688161528 0.40201575403462775 0.7678105273165521
0 0.3450962063829722 0.8331676803744132 0.3281435549935675 0.8393588482717388 0.324785914515196 0.8541768147252379 0.31816923539508646 0.861598592183013 0.3262267002325959 0.8811545874360688 0.3361396750840489 0.8797318018122361 0.4358378756159291 0.8511297999884192 0.4359773083010815 0.8389571995000615 0.4398420560497752 0.8305820457485135 0.43585838951443834 0.8202712867401125 0.4318470615627652 0.8179415367347246 0.4119838547702538 0.8221843051441714 0.3528388713125422 0.8344399368351958
0 0.3606919849589576 0.8755467387414041 0.34183941894817693 0.8812363804321063 0.33637036513950835 0.8942261230868408 0.338908349646561 0.9101464941925341 0.34643706771176785 0.9263857454652374 0.3625220847635078 0.9180138559209455 0.4397878588205742 0.8742765082812483 0.4359844558189086 0.861834703745355 0.4292428359978001 0.855425508724596
0 0.35380080101786165 0.9228150961727799 0.35030398130055446 0.9304537034148392 0.36080356185705026 0.953438658860895 0.3748369366082568 0.9453188242061574 0.39490757129654436 0.9412876921291528 0.4666952524847916 0.9173521355403892 0.4697665769598185 0.9054346193834858 0.4571894135394859 0.9031993826698246 0.4424026002947046 0.9026950876414022 0.4311351886194521 0.8826895112345721 0.36346518957139395 0.918162217999133
0 0.35604799110175767 0.2823613912390062 0.34655214147665575 0.28630842135524137 0.34017658536681267 0.2906269562444424 0.33645114819197186 0.2982758498183488 0.337580826155636 0.30831623104803485 0.34418490714768885 0.31429347205589614 0.3667790015263286 0.320134384765146 0.40760730157411706 0.3192377849907563 0.45009424828441497 0.3169292428001595 0.45203697733587667 0.3069599819829546 0.44598691689142644 0.2823023337038298 0.4251896748664677 0.28034755870714634 0.39262086586139533 0.27544983250928384 0.3666082513482427 0.27622896295879784
0 0.46184621722499897 0.32270335057938987 0.4663671462770371 0.3481083238869081 0.46391180995441345 0.35633912720804845 0.4539120434792235 0.3645103973448062 0.39789911012603635 0.3646871620294614 0.3699405299495758 0.3650759287322738 0.3654173837001562 0.35442750703598125 0.36315581057544627 0.3491032961878349 0.3640418000121342 0.32216595487605837 0.36917554373036365 0.3203970511781595 0.40738201330375345 0.3193016336576004 0.4553661976938158 0.3204584192310341
0 0.38162603376496196 0.39849698490420277 0.3851837790051109 0.4222911980493447 0.39904275395155 0.4412822176899054 0.449079584623642 0.43463628163637186 0.46463861950903124 0.4317964940933974 0.49108442972076305 0.41896427127702074 0.48408856630657165 0.404621257868694 0.47543183903248915 0.40644673848779994 0.4544854836979034 0.4079877374569815
0 0.47178959960882655 0.43892561208945285 0.4488648186740669 0.43514128079977343 0.39933666891005415 0.4426844666395717 0.3927355394272056 0.4445552844875889 0.36676808057682814 0.45732596044550067 0.3620409022958079 0.46840597180765586 0.37967015244026925 0.4720677215733841 0.3973819386662608 0.476247206984826 0.47527109364502607 0.4709476789128106 0.4796099701917611 0.45997771565936213
0 0.3873583060249437 0.47709200623542736 0.3848432836085372 0.5015757257626828 0.39539091538724935 0.5080948107048032 0.45146815856542805 0.5064645934767564 0.4911613897050474 0.5034557770924799 0.49672749928018517 0.49363770034904864 0.49748343389883276 0.4864506527477696 0.4938918053706824 0.4624298280488645 0.48817740067270643 0.46087988164555044 0.4788383329449718 0.46194192580137927 0.4758223385341964 0.47135422346548833
0 0.3985072931936569 0.508305325009162 0.3955938112594227 0.5246795642760215 0.39514176619840824 0.5398106482368651 0.4009241566494526 0.554265963751773 0.4083472614343447 0.5417965022471459 0.49288704043806875 0.5459336611547568 0.5091506764614209 0.5388693728910866 0.5101974990192343 0.5287525681163238 0.5075006399923243 0.5169689426492589 0.5026090097173976 0.5055345532750534 0.49161057497875654 0.504559886694392 0.47436067692321954 0.5067208459143665 0.45108911342815394 0.5070422411543839
0 0.4085417671711722 0.5430327482206857 0.40063452266671395 0.5544831010244619 0.39787153023796845 0.5686616052978198 0.40111622501891864 0.5811374784553355 0.4091743413132623 0.5863886773237513 0.418812771568148 0.5798895921010017 0.5015359400263388 0.5828174107641867 0.5102093685329261 0.5761732077281669 0.515706266407869 0.5712664767671535 0.5139069165081357 0.5521018639536054 0.5097610686457312 0.539881385463466 0.49289455476547506 0.5463359340662027
0 0.41930470192916514 0.5810059979871487 0.41067626311568617 0.5859630195447907 0.40810481668747295 0.6013430612600879 0.4103133893076435 0.6191358735201127 0.4272669263109411 0.6289823641089217 0.4575084955880503 0.629621009327098 0.4878589032251119 0.628972985547543 0.5217312155474112 0.6248151766588121 0.5236264573597121 0.6012546222190032 0.5228864040769556 0.5926735970138451 0.5100932584273365 0.5833224461223239 0.4997336338634301 0.5833282000989394
0 0.512534017491656 0.6266256624159958 0.5155480844163619 0.6600125956679869 0.46798703236208433 0.6711834220488854 0.432884056914261 0.6826708403215584 0.4232587865870646 0.6711636428959687 0.40851608904772707 0.6691861406866217 0.39867342464371647 0.6581252866240015 0.4024104728582541 0.6489868028924679 0.4084975070090538 0.6364891887293221 0.4204447809251615 0.6354116186539281 0.4264251011638876 0.6294846918010192 0.45587583061453985 0.6296022009655529 0.48753516646135764 0.6290937717545515
0 0.5172899540588811 0.638358675691515 0.529900059738771 0.6432489649695045 0.535384193073157 0.6559297968492227 0.5423900849452428 0.6654862251881545 0.5426354613694077 0.6742655188945568 0.5172431710941758 0.6760756683979992 0.450043354617901 0.7070473756803284 0.4414570224854088 0.7002472498161554 0.43751866378340637 0.6809726202075187 0.4670000926094144 0.6722325933687081 0.5154480537849604 0.6611951411630115
0 0.5463244773945781 0.6720658235392875 0.553865188051694 0.6795470196572557 0.5586250908715863 0.7039750641902788 0.5167588829478369 0.732768520903138 0.4525612346382668 0.7590420676649466 0.4436948604535869 0.7396251528402118 0.4427559528902842 0.7337355357837702 0.4493084745700682 0.7114876988913416 0.4908679073189412 0.6916300204787681 0.51881692807391 0.6787075077384523 0.5417072033394442 0.6756827912804071
0 0.5278259310233483 0.7261694348373301 0.54405968772503 0.7338800695092346 0.5525006740647587 0.7307183561719807 0.5584262788334454 0.7371183595105478 0.5570538323411759 0.762899633510265 0.49323897374320025 0.7825242506648952 0.4514928462928688 0.7939707364370938 0.44435225816135865 0.7817593583390269 0.44233974677532895 0.7673251744670089 0.44930700676672497 0.760349076294277 0.4521851282073447 0.7603028554569132 0.5161067007173941 0.7341075509920465
0 0.4513687075483956 0.7938952466058059 0.4451419449373444 0.7948102809371255 0.44664409564319457 0.8122279363535528 0.43452340841003556 0.8148133604880958 0.43764854951939747 0.8224245148555202 0.5337706524294674 0.8031130601814988 0.5415546057420526 0.7986411939252429 0.5428575180579994 0.7894918622532078 0.5451540243086223 0.7865751865034012 0.5411138488679407 0.7678942319385526 0.4936246938699805 0.7844685843989535
0 0.5347004468572503 0.80228309185937 0.5457342204559138 0.8102019245973469 0.5505795111476618 0.8232733662132582 0.5498892350090028 0.8415956028020394 0.5051717833608583 0.8582341149537 0.43954825736306935 0.870318147218541 0.43629351704483665 0.861894037730826 0.429596477366747 0.8558616471145619 0.43722039163554977 0.85171836554679 0.4369023137430696 0.8390632415553331 0.44074325079384774 0.8311772090317189 0.44284143829655226 0.8243515434237816 0.48788680790148586 0.8124349762505427
0 0.44650421603732426 0.8708009731618245 0.4412653869858253 0.8743495367141912 0.43398574997291484 0.8820881918367599 0.44352967991377523 0.9031174445926702 0.4588902078120752 0.9023758453377982 0.4722099277489636 0.9058243376531282 0.5082252650094983 0.8987130263269703 0.5412321831988347 0.8872947433728896 0.5470952707194366 0.8706702997262129 0.5511858494915332 0.8550641589576564 0.5435538969886653 0.848455828415943 0.4999673787207328 0.8639043793746984
0 0.4340686438696714 0.21093108440933708 0.4775744025369377 0.21096206066459766 0.49229498277864275 0.20488844422164906 0.5385727847329418 0.20888798719120996 0.5427522680693766 0.21721186111612348 0.5450100895479572 0.2298837012512928 0.5367060003105687 0.2344557738753663 0.5113158127282804 0.24070073756539911 0.4872221011340587 0.24911383556923386 0.4608738354979774 0.2553133810928906 0.45923018838864804 0.24500304551967958 0.45401022081159914 0.23760794566952934 0.43428282792852674 0.23464132294396686 0.4314822267669799 0.2275113910917159
0 0.5357536080742432 0.1643637072620018 0.5328540834750711 0.17152437527991413 0.5301962716860944 0.18020126911741638 0.5147373031997198 0.20550090338561064 0.5390276524788188 0.20875907369243904 0.5435169758750132 0.21604429862682775 0.5522616539210216 0.20976262993500802 0.5552578636442719 0.2032084522449316 0.6162507400900079 0.2055731813145519 0.625808468503692 0.19842719529735434 0.6238341675239041 0.16665825083571031 0.6176791740173082 0.16681790050014256 0.5816358963452406 0.1599178038082357 0.5654880913666086 0.16449423301460375 0.5601318692904314 0.16220888278468296
0 0.5565257817578245 0.20221522142078285 0.5440575172444323 0.22539948054190873 0.5458374188528899 0.23060006649489032 0.5512452509278272 0.24364694954372046 0.5611897198378242 0.23892692483786662 0.6101483857053459 0.24184974165088394 0.6484572289198094 0.24208578573695294 0.644951274015201 0.2275490564518997 0.6385765906994818 0.20843727012471017 0.6156651235952707 0.20637304189054426
0 0.5441146329934603 0.23172221081781 0.5509354108680675 0.24468559853424524 0.554552329834011 0.2614095007161098 0.5410974293923116 0.28138697653290884 0.4992946718969499 0.2830919759287613 0.4757096763609123 0.28724060305473514 0.46153290492534743 0.31312768906775595 0.4535980098102938 0.3080867527792066 0.4462905388785746 0.2816326257686004 0.4507590484640701 0.26642059282403113 0.46086832974770936 0.2597521836358986 0.48735284988291905 0.24844288849201243 0.5113641552903194 0.2410039827293171 0.5368026854346469 0.23506226420320228
0 0.4761645441067893 0.28711168955596417 0.46149884130056534 0.3144051264728133 0.46254259297790046 0.32393464005304135 0.4711971207732726 0.33796305634336826 0.488553489802882 0.34096775623494935 0.5576878814259112 0.32581170696477574 0.5740631202774816 0.32117082100902217 0.5734995267838165 0.3042154714129825 0.5713724540540962 0.2908726842005918 0.5633749374397464 0.28394782017914916 0.5409666806434513 0.2820579236101303 0.5175805611058383 0.28298072884876796 0.4989848318371903 0.28413062491928615
0 0.5529965946617709 0.2456861703587514 0.5545039872719719 0.2611062555521918 0.5452450874175114 0.2760911976648805 0.5485005563249352 0.28309221601836054 0.5642846729315003 0.2836899931816073 0.5734819804098386 0.2921765011890159 0.5783657883661608 0.2825517946937411 0.6387126651314106 0.2689353664084613 0.6480660117964023 0.2694540048216077 0.6444458253937378 0.24227181498475195 0.6099209518324074 0.24191419840026943 0.5613347475239414 0.23983666032962056
0 0.5784805641355426 0.283246055901529 0.5732758584817677 0.29198901166914115 0.5721818453119003 0.3049222534911639 0.5760047588967868 0.3199046831400246 0.5842911332070416 0.3232940653085649 0.6137887502774537 0.3229671209618443 0.6552538461837933 0.31312815438984254 0.6631862102073777 0.3016995519946771 0.6710124736172336 0.2968038743389997 0.6724048540152466 0.28034338474733433 0.6682663400020767 0.2669804825262495 0.6502906226544295 0.26939731195602684 0.638727611660376 0.26884916167217715
0 0.5652002260312777 0.3241143449107501 0.5704950411438531 0.33753206216021986 0.5578380169799321 0.34991715369839316 0.4944177319721267 0.3786016018636364 0.4806216399089382 0.39283959871529134 0.4754673918103668 0.3767043974100668 0.46479948250075015 0.3655745038172895 0.46571181738532486 0.3569004808502286 0.4680960537975884 0.3466617454837768 0.4752738831507397 0.3430974023417843 0.48874108504361846 0.3411932838837865
0 0.5690933404351499 0.3229220438849218 0.5714936048526726 0.3379785188841047 0.5649821764229891 0.34446754019060427 0.5690735928534829 0.349499497674482 0.5793017151005191 0.3517603422579593 0.589592430726145 0.35684121848249245 0.5937026105135833 0.36805935896249925 0.6315110417626876 0.3539903892210951 0.6616973210165948 0.34672522956225915 0.6686693102195904 0.34191153567276916 0.6633921167958055 0.3124496349804434 0.6549713704696465 0.3130302937919252 0.6137565527546214 0.32393699612945276 0.5848750805097533 0.3236089445880562
0 0.4930155836741126 0.37848321428882103 0.48224997513642526 0.3925748133892912 0.4825419077898881 0.40479438359822395 0.4937415616267243 0.4186542665306115 0.5172289911973018 0.4160984923269637 0.5524639892342136 0.4026427043020335 0.5666139782678423 0.3964243673224123 0.5805004571771454 0.38113284249864327 0.595739592353492 0.36987417563604 0.5900829203767997 0.3566514694402763 0.5797777311757726 0.35137051256750756 0.5694670623180808 0.35050732125887 0.5576539171855683 0.3491236136040588
0 0.4918968115426443 0.4204388598672448 0.46445414397415513 0.4323171207747974 0.46454489121823156 0.4373385023050212 0.4723656442157913 0.43890735755242855 0.4787582292126124 0.45823037467627964 0.48738817925856975 0.45893900888895073 0.5251612066059843 0.4450793649082971 0.5454228072963011 0.4371289437153318 0.5587209654878265 0.42705125422326934 0.5668468381576048 0.417177660676561 0.5689004810131622 0.4033470025797195 0.5634931078962266 0.39762429304571106 0.5523338601476702 0.40331047153528704 0.5180863016960702 0.41554007927527387
0 0.48825970102190663 0.45995378701965345 0.5252574335067256 0.4456829808743898 0.545388905110499 0.43840032691467795 0.5586728520374558 0.426749446240223 0.5766621612470214 0.4134495809723429 0.5848087490838461 0.42596662322933687 0.590012709085969 0.43931763195942236 0.5792361412349518 0.4622447621881549 0.5665547262903416 0.47025499871329596 0.5310507384724393 0.4790553644582096 0.504985897748892 0.4877041433810582 0.4981667956012125 0.4864822990310999 0.49391312104736035 0.46276777090476234
0 0.505164140285806 0.487338184130851 0.4964466949470111 0.4920168906986109 0.496916870137388 0.5038705016573364 0.5035577297481534 0.5054583052575019 0.508198539610397 0.5167608093734241 0.510436928905346 0.5233816366476851 0.5211489443359979 0.5134059951282997 0.5672151275767752 0.49814232947899284 0.5866817424832629 0.4926253205031563 0.6038705862523346 0.486176633016536 0.6049313098659153 0.47798992076876917 0.601431011547999 0.4723576170635662 0.5915216892632672 0.46065559292690567 0.5790097852476672 0.46230891345531583 0.5687701727128184 0.46931167805864077 0.5309687228362665 0.4800249396745095
0 0.5271458902883253 0.512983336294622 0.5130325338184162 0.5210264664066716 0.5098971693251838 0.5306236622536651 0.5088987546315515 0.5389931845373174 0.5158906871486579 0.5550508652217702 0.5263888866588002 0.5579849949277605 0.5365075744669533 0.5585385083936473 0.5886903071105276 0.5390841407148796 0.598420874014506 0.5313500665690903 0.6029007379818447 0.5170175247489315 0.6155941319324318 0.5103098893792415 0.6149019623714836 0.5030415367582673 0.5984749024049869 0.48779172385732966 0.5679603135751372 0.49830595518315884
0 0.589454733353554 0.539489538923911 0.5984909342206738 0.5391057520710719 0.6098570471015252 0.548947405417692 0.6114505569546977 0.5618697216089125 0.5589389579350204 0.5895038557203377 0.5277968569113421 0.6048612541983505 0.5240081526177249 0.6015807030828104 0.5234302758625556 0.5921028073510826 0.510008079066368 0.5825328445274335 0.5069363620530286 0.5793601145909117 0.5155510150944587 0.57194230019678 0.515020577302038 0.562761981495065 0.5259565331550142 0.5596626359288199 0.5366973303179479 0.559728816513699
0 0.6022116910681967 0.5672095364430749 0.6250296920349045 0.5884385018513894 0.6179937550922091 0.6026026090011584 0.530572272299519 0.6429783015529136 0.5158668931666501 0.6273863406379994 0.5206833851054886 0.6249813260510863 0.5232106483358008 0.6065854407888397 0.5289320317019093 0.6049639506871115 0.5596251486018553 0.5903720405761869
0 0.6231259151511491 0.6010912099593823 0.6392013850580827 0.6137487205792006 0.6440572659285084 0.6334111696540677 0.5614677946604731 0.6786214383276584 0.5501859176944274 0.6726383199322995 0.5423384776263223 0.663004205938362 0.5322089583015704 0.64445383126364 0.5421144460245311 0.6382038414940941
0 0.6222598770411844 0.6514468875334213 0.634725876635898 0.6666574371238392 0.6363767550359776 0.6788127526601753 0.5556198404533148 0.7319191180151403 0.5530155158973716 0.7299795602450724 0.544190751602252 0.7340106591584767 0.530678494979973 0.7248344411079337 0.5589469346923172 0.7041997290576131 0.5552473549212967 0.6845920950111308 0.6089677085625851 0.6544489626193978
0 0.6194445933029942 0.6931744973407664 0.6247699313577337 0.6977855839662217 0.6328335161114071 0.706975919788931 0.6411610016929505 0.7088235671582641 0.643834259049445 0.7183940062957991 0.5494390526177353 0.7849286047885314 0.5436191372623215 0.768217017655125 0.5582081738543301 0.7625522735417786 0.5593632329085256 0.7320057704717265
0 0.6287068324725715 0.7314792314910904 0.634505571169736 0.7336610269748819 0.6412895210101381 0.7474217521668276 0.6426420321820722 0.7631043154728063 0.548733516134814 0.8164952718579935 0.537990029153633 0.8030916723806897 0.5433180686212742 0.7897235122154563 0.5511443320311301 0.784827834559779
0 0.6277957396332066 0.7707545725565884 0.6355304342165703 0.7922787867729547 0.6366734455739493 0.803047952767221 0.5515485825505221 0.8539495450382107 0.5456981442529442 0.8460445885288189 0.5514862946209841 0.840961488187803 0.5523946860474473 0.819665393912994 0.5874670102132329 0.796719880605797
0 0.6288644153642311 0.809851350764765 0.6385404686595973 0.8147594901323288 0.6467008077430842 0.8407533234891794 0.6152724202897943 0.86496123850951 0.5714920207717423 0.8926698218154306 0.5505141558972909 0.89785009050133 0.5393145014738226 0.8887835025075569 0.5488832121102507 0.8696232485161719 0.5526054279072122 0.8551801093231433
0 0.6309575080002914 0.2050143549608999 0.6696077626717372 0.20974188784172396 0.7180912443030305 0.20401615882923516 0.7229872364818353 0.22980960402747344 0.7146700579865239 0.24157557710015334 0.6742415897802295 0.2453669193511365 0.6500886563906391 0.24140936200181362 0.6463027924371545 0.2274979047978681 0.6392033746594923 0.20755604742577108
0 0.7312052969005306 0.24037409088280817 0.7380111508976819 0.26667168807932756 0.727593257349822 0.2734574299273496 0.6734115889736876 0.2811465494317471 0.6687160959414813 0.26644746552018134 0.6499834848713202 0.26862018074674804 0.6453375508774216 0.24275586687117492 0.6495885400208267 0.24155109935648322 0.6749011606740452 0.24622541473609164
0 0.7270931409800098 0.2735991672820192 0.7423466902592866 0.2692761779645961 0.7459827456011642 0.2888056844892127 0.6930984662148586 0.30135423033706416 0.6668737555099085 0.3122712879439707 0.6612722258686734 0.30828321820200016 0.6646196393760596 0.3014104651627684 0.672552650429957 0.2970713333314704 0.6732678338047836 0.28188423993549844
0 0.6668894548650078 0.3140092111873467 0.6657176607159736 0.3230531707909008 0.6694974712267551 0.34184498681176595 0.6652778807935487 0.34652560081320977 0.6803381158656138 0.35410553196354516 0.6835260748489967 0.3462325461846887 0.6960978349574062 0.3447604464745327 0.7127925283954162 0.3445591929968122 0.727417905491076 0.34285355478118595 0.7426497019725506 0.34167300103730663 0.7465564368004535 0.3301115627396937 0.755517486834481 0.3174661618085929 0.7558545562105969 0.30482555083708296 0.749839921390759 0.288409476155607 0.6940986989544834 0.3010707556277249
0 0.7695218766859104 0.3413751564491947 0.7094511683307329 0.34655158721912427 0.6853827851593423 0.34640328726976155 0.6809445352514283 0.3546306164352921 0.6758841666026005 0.3605949378856997 0.6751315310748721 0.3771865436118394 0.684237467774487 0.39168109274833823 0.7601898975925583 0.3795643215591887 0.7753431972985362 0.3696941515984293
0 0.664762065068637 0.3449294149245033 0.6704167462178732 0.3492508955796821 0.676478479103009 0.3708807399912861 0.6273800636701881 0.3973407430430831 0.5933878498780469 0.4087168064039927 0.577990545429866 0.41377748622516713 0.573936462963366 0.4145779741493158 0.5689788048608473 0.40971047654892434 0.5694692753182633 0.402950457133959 0.5676560706035227 0.3964948449017986 0.5816557364885756 0.3810275580938339 0.5970433950243603 0.36934859621236366 0.6318075361690224 0.3546174912459059
0 0.6834715938646692 0.3901557755369667 0.6836249949459693 0.3960363670935112 0.6826501074738401 0.4046760471065221 0.6877201220350642 0.4053300077164103 0.6914528344805477 0.4189080540071475 0.6987359205530255 0.4203287088511902 0.7665052811322934 0.41262193817067344 0.7766417177850484 0.4024312185132341 0.771033003204427 0.3754458670168324 0.7592959678689358 0.38051461809494436 0.6905952254131436 0.39057619764138457
0 0.7753261684671102 0.41221286862053946 0.7800409533241092 0.4401485166526969 0.7626528293090751 0.4523944279528455 0.7022100603978899 0.4552369823303173 0.699471527249328 0.4462558201471607 0.6879906035414463 0.44637334373101795 0.6846021454114649 0.4431519682232019 0.6946105262504153 0.4354368623128899 0.6934629458721934 0.42495938664876487 0.6976450841524979 0.42168328497748897
0 0.68471942381619 0.406180431844428 0.6705035594294395 0.40881543412234417 0.6654588901357112 0.4165176788161277 0.66047947923539 0.41479261678928014 0.62654041695125 0.42650209106339787 0.5945269158405558 0.4404536405791728 0.5861565858372435 0.4518862027386445 0.5853254535340184 0.4597881922479042 0.591630059664674 0.45834988622774236 0.6025395551666332 0.47268176553610575 0.61421738555142 0.4721599623617054 0.6723589402634583 0.4532428154729032 0.6852085647972794 0.4436770526949488 0.6937758014774968 0.431840210944934 0.6913622308196448 0.419979155424107
0 0.6728496087005178 0.37434851522110074 0.6837748035575764 0.39041831777284014 0.6745950940488413 0.4066104338680277 0.6609638962501029 0.4129129561912345 0.5964585304567048 0.4378153570039101 0.5891065935211265 0.43432336800328325 0.5829482035323847 0.41864498382555854 0.5845983612534289 0.41260172244087867 0.6280927860720048 0.39853264934124644
0 0.6843834859367575 0.44669868338728874 0.6972367029402717 0.44863156148654987 0.7034542978797178 0.4597629977605631 0.6916520041508193 0.47425905555930625 0.6277313049454334 0.5028289764172725 0.6155908103437358 0.5020880046161746 0.60277145302343 0.4872519733095302 0.6073909102531497 0.4768824413100807 0.6146800497683307 0.4734227373372035 0.6723214881105566 0.45464732780307093
0 0.7041730737242375 0.4560745452418067 0.7044170784664406 0.4608840353813916 0.6941525859998812 0.47355036878595813 0.6972257275515489 0.4862699196917403 0.7121168621872145 0.48623133604215524 0.7525827825464106 0.4810354814610043 0.7857438640353267 0.47756140760935445 0.7825982791508652 0.45127188166977267 0.7745867713214711 0.44692139728419056 0.7668289141466765 0.45399868509848923
0 0.7141330270215631 0.4874023098668528 0.6989857807582884 0.49239212101069246 0.702490187816668 0.5028986004052207 0.6938009487653491 0.512330697085443 0.7024877268436582 0.5192776000993561 0.7089360881432177 0.5171016035754429 0.7140471473270367 0.5278496927323789 0.7481456641351801 0.5171404511978857 0.7748209321716347 0.5172468862003167 0.7942626731739193 0.5047674363946979 0.7920895147885773 0.48621723013624046 0.7873348168056666 0.476065094128386 0.7534924116251325 0.48182310816862456
0 0.6042322554053963 0.5170734647239844 0.5988672575124853 0.5302559346783301 0.5984185908332076 0.5394851259512673 0.6153959330979286 0.5523087918412056 0.6203122643115618 0.5483555131597971 0.6638226348470262 0.5309043986764398 0.686878888845156 0.5189657211703134 0.6933028666400214 0.5097497060518639 0.7026099758027802 0.502560972282886 0.6986294212403172 0.49231155225796924 0.6964503215970561 0.4866714789542284 0.6927478286266852 0.47548993804037903 0.6451937549464787 0.49835365237789636
0 0.6181794813338545 0.5523732257191802 0.612441779774817 0.5605414283472361 0.6059310332788558 0.5692131572740379 0.6221737738992682 0.5867960333022714 0.6717284687626115 0.5724673606289248 0.7171290716613001 0.5468006955473662 0.7086089070371844 0.5187804545080978 0.701786596714449 0.5201450797405582 0.6899710685928503 0.5169516159753293 0.6652080017495534 0.5302273349755022
0 0.6282664236356279 0.5862070774643809 0.6222891037771134 0.5995630848209184 0.63983538365689 0.6119410702128415 0.6426396196966265 0.6188261673942401 0.6716968136720874 0.6097377886023004 0.6963553563254841 0.5984827628743554 0.7083720594539447 0.5922327380715541 0.7227710459754553 0.5688101144934378 0.7002344806118213 0.5612596828711253 0.6729659271246904 0.5735388471043912
0 0.696077294733392 0.5994148837632881 0.7129393071202679 0.5994714981345798 0.7195811302399518 0.6143710247735742 0.7207248701000751 0.6322509493121431 0.6858432058644808 0.6489632445404908 0.6534335260380382 0.6584328699524716 0.6355282804950856 0.6652140047924332 0.6199846305413725 0.6480018775536557 0.6336598211065195 0.644126208904709 0.6455207423215932 0.6342226322547367 0.6435556321160655 0.6205576316628153 0.6726128260915263 0.6114692528708755
0 0.7152701711910623 0.6355034903075413 0.722003704069775 0.6469637623944583 0.7221091518317544 0.6676978954005554 0.6765655814505503 0.6911295699147928 0.6417706859160518 0.7083861513347882 0.6330729664038907 0.7060157049342747 0.6261609550650535 0.6974504012077875 0.6225402897378455 0.690796687229311 0.6373760520798413 0.6794811373767328 0.6371433835812239 0.6673162178504642 0.6674557914075684 0.6567343460701157
0 0.7119599845197808 0.672280889812756 0.7257505049627728 0.6811722726824563 0.734491608825482 0.6838148621787936 0.7309793235752595 0.707280923973714 0.6518171761822833 0.7513335027514652 0.6424686914119034 0.7448809099135941 0.6355744355618708 0.7337506267232315 0.6419599700641212 0.7202789277652331 0.6465242854154383 0.7181320450609591 0.6451359861979051 0.7094234659945968 0.6776423168413093 0.6925310452868135
0 0.6491815364868057 0.7495205186970869 0.6429360371520647 0.7558415654551064 0.6438599229444424 0.7629751317472563 0.6304529118555219 0.7738857609947205 0.6364469020319932 0.7940887839636576 0.6431548060489625 0.8027119334908752 0.689198300832931 0.7757253128230991 0.7349075352433878 0.7479801086685821 0.7304724493716354 0.7281885943820027 0.7244380071596221 0.7170990710845416 0.7189014806074463 0.7158237851445671 0.6787948536464504 0.738567898127282 0.6562463974240239 0.7523537315034448
0 0.729656943656243 0.7511748038632499 0.7370264186193757 0.7786678446186993 0.691947261663327 0.8036745319071491 0.64444938676454 0.82822895062034 0.6391751750585786 0.8152173397442833 0.6325106553921572 0.8068663333128895 0.6387817835886416 0.8033824091145689 0.6382177870315187 0.7998445488688595 0.6437365580948898 0.8036848142727093 0.6898234372294062 0.7769703367007571
0 0.7221344574959604 0.788292690095604 0.7393819879798345 0.7947821330730352 0.7453789104713118 0.8243707988092721 0.74111828557383 0.828422683184313 0.6537534020135242 0.8705334101517369 0.6329463460417946 0.8550974168277774 0.6490984620740261 0.8399955376187386 0.6455261221552989 0.8296304259923607 0.6926157824103502 0.805191698880631
0 0.7757693454861176 0.5193319198550456 0.8002224425972884 0.5109171190331184 0.8077429560864016 0.539467042417835 0.794149589217824 0.5519795666332876 0.7390179766203088 0.569336357007619 0.7242744272724078 0.5688136405327944 0.7029855470946216 0.5609910232405528 0.7191401015561194 0.5482474957747371 0.7146627934266705 0.5294745853685024 0.7484994802947224 0.519390112555504
0 0.7257171263809007 0.5708790655885639 0.718051559684265 0.5775052917448632 0.7077364317934999 0.5942847614238286 0.7147166411001394 0.5984922555500632 0.7215595901332565 0.6111512656961563 0.7660115738823366 0.5978108950144602 0.8132932202197041 0.5824314238962586 0.8096882198307949 0.5656381625892514 0.8076768767366715 0.551857262909356 0.7956454731679841 0.5520504797555105 0.7737647107754733 0.5614682674366832 0.7511137121564031 0.5683826183375267 0.7389647917786415 0.5713308689411657
0 0.722711519994903 0.6125568077188502 0.7217490912708312 0.632129097559509 0.7165203464016563 0.6365801279273291 0.7288785113814407 0.648913226924669 0.775940569395754 0.6368125772450542 0.8174273776653473 0.6223331243521389 0.8108521002228892 0.5880718558707291 0.776826715621971 0.5969726579695495 0.7391105078179655 0.6071669015152573
0 0.7291315410817139 0.6493363758149092 0.7217987813478524 0.6533939829611284 0.7227825603457886 0.6677135331564453 0.7176670341163336 0.6728747659527722 0.7284203946755923 0.6809615132133912 0.7358466295847256 0.6833105907580524 0.7876759615706259 0.6708485733685733 0.8181546321983646 0.659488922992382 0.8156149354522154 0.6423937453127885 0.8119567502216389 0.627594995939328 0.7837262036884949 0.6355957798128622 0.753973180784357 0.6445229065309469
0 0.8024769939295483 0.6659115417238598 0.8097994099423784 0.6804141056172064 0.8043021900778364 0.6866732331711688 0.7719570889905905 0.7002938552923815 0.7289435061806491 0.7191648872158387 0.7237542482403706 0.7122229530589114 0.7329645855594793 0.7071383642772796 0.7356270412616713 0.6865894121966393 0.7428577294815528 0.6830555927315224 0.7882952396108922 0.6724050735775604
0 0.7317954630204159 0.7195937669985512 0.7308725212252404 0.7277730923144623 0.7361466580020821 0.748052183534253 0.7460937901705311 0.7417690612041238 0.801418398670267 0.7221307053579791 0.8217123527243771 0.7143997823452944 0.8186245588617541 0.6996868089283764 0.8145134990722983 0.6820472498408887 0.8052010902392095 0.6876556263036226 0.7712202941412502 0.7014923888408789
0 0.7446467928926841 0.7431688723343455 0.7321230278362209 0.7519142439912203 0.7350178257966233 0.7689087828799517 0.7438738653061868 0.783718994038357 0.786301611453081 0.7669934322347397 0.8104261997708317 0.7576820142369014 0.8279925627506347 0.7514664039796202 0.8233548966914761 0.718882868224851 0.8118672920699084 0.7201591169943212 0.7669804298440741 0.7365918943671996
0 0.7356730960011398 0.7823317158993576 0.7318338653987908 0.7908426832564942 0.7435127185402561 0.7989145676827935 0.7473818957551783 0.8173649679896501 0.7549590888506047 0.8206609821056537 0.8006093383466129 0.8020324152175045 0.8281159845384793 0.7848344563344937 0.8327074552852628 0.772893709352477 0.8269272591078745 0.7517683203522063 0.8075699447617108 0.7607183706401802 0.7815943712795463 0.7700595143066579 0.7499972121673807 0.783715592988982
