0 0.3276949342999962 0.11713449369637156 0.34005176514649105 0.12791535954177533 0.3440365487867397 0.15057014868256982 0.3389628409495765 0.1632195202743635 0.3078588261622074 0.1602027436791563 0.22062934165577092 0.11869288209095681 0.22302739195221377 0.10326652663243448 0.22489195215024027 0.08969785218241048 0.22809019017774812 0.08393214216724927 0.23189968178212705 0.09031691741418002 0.24372438878355296 0.09023303097508902 0.29570154005161625 0.10460092621963064
0 0.21949096337741786 0.11875502108971858 0.20992253088764457 0.14315384630023745 0.21341021124529802 0.15601683109629003 0.22058139097668156 0.16718347123085472 0.2963534275425408 0.21036489354972054 0.3105296468793519 0.21651633975580165 0.3187407619409033 0.2125534008798823 0.32978943999282617 0.19003999236557312 0.3277491411859844 0.1793109323590897 0.3075420895512381 0.1635421172577268 0.24622089744553244 0.13170139642104908 0.23952243694015163 0.13294515026735754
0 0.32232066409013593 0.16368555054139802 0.31363773983721543 0.1639502827013671 0.31325462971648593 0.16975360621220123 0.33258470102580295 0.1863411789598671 0.3704984093297252 0.21062886246314136 0.39283263877268615 0.22920389326792698 0.4050351973599645 0.23284145054572855 0.41179893087070407 0.22674458688023988 0.41785045913001995 0.22458003402671844 0.4247902257300888 0.22441794991741512 0.4248752846621947 0.19907073108450915 0.40512878420349385 0.18417889630857565 0.38431892234934395 0.1700620004971614 0.35434397907021414 0.15840259100416731 0.3397085736093078 0.16444244537004082
0 0.3519268229674828 0.10838105094196471 0.34389128597794394 0.11392267574160793 0.3400884986088202 0.12814646643197736 0.344485568285924 0.1355860918559062 0.3447174364345553 0.15127090973223556 0.34578170786463763 0.15920815803263885 0.354497496128896 0.15869491777931044 0.3848231405347342 0.16915560548729106 0.40636772367095525 0.18498264326778027 0.4258071900122926 0.19928982449342758 0.42664141336301065 0.20896662944734692 0.4361783468933963 0.1978845932275715 0.4410021937005744 0.1977375198053665 0.4432702655001968 0.18494655499602727 0.4358361736781113 0.17576797960833804 0.3836242279380837 0.13171973413309615
0 0.3310481321277877 0.18851389936144083 0.3188722179862543 0.21155936850644452 0.31560605779654183 0.2202721624611228 0.3214500540071408 0.2254896190421595 0.3259578837682151 0.2437171338414538 0.34438754868682186 0.2467688241894578 0.3653293216036395 0.26424778125989573 0.4074424604993223 0.29311004511479405 0.41554418052885345 0.2914274977608932 0.42444361975923095 0.2648215143945805 0.40747077433749285 0.24930060069682147 0.39203218946793933 0.22799076748557087 0.36956650397962737 0.21040976905422293 0.3510265339943669 0.2009262829633148
0 0.22046033978894397 0.16689813668143813 0.2106190013363325 0.1632071515337581 0.20243102841214727 0.19192618331196606 0.20128284201603414 0.20060843482371105 0.20552596805572176 0.20367189569206437 0.20545277398334283 0.20813078415523045 0.21800550804146523 0.2186568977620972 0.26432538349710966 0.2433194276803572 0.2952050966576995 0.2578099473529906 0.30318983818187784 0.25796560556378356 0.3135907533039739 0.2593779428119483 0.32275271428140917 0.2467263937982819 0.320555511471109 0.2262395485527918 0.3107873670908765 0.21808967494194562 0.2974397347585219 0.21357435084321005 0.2547882807149892 0.1904629067305559 0.23625440163539885 0.18025218574207078
0 0.32416708962797175 0.2477475474210663 0.3148430011181679 0.2596723495801824 0.3047663410608089 0.2597135060411183 0.30326425511329547 0.2652137187378572 0.31591982773046007 0.2730094889874633 0.3200607266406249 0.28465679403169714 0.3283993677162036 0.2879944910574962 0.33955163152681606 0.28958347236660137 0.36229899215943095 0.30112910911753427 0.3982179524929792 0.3243793017876296 0.4067925266028247 0.3298383580234326 0.4115359403386707 0.32716608078045967 0.41598290920788455 0.30720835247843187 0.41576088127267025 0.2971710145934507 0.4081294278703729 0.2943438943790439 0.36522691283448205 0.265320068094123 0.35068509880222115 0.2522604258017245 0.3344513166913421 0.24772298213624722
0 0.21669310630871075 0.21761950642020256 0.20213698565209298 0.21274969255109158 0.19458384839464327 0.24523454127413014 0.19902386060970223 0.25544673245698385 0.2585709459392169 0.2868179870084871 0.29449707340602727 0.30250247175900546 0.3002367733103417 0.3028868027241849 0.30812313192532703 0.2979852929781233 0.3168140591098515 0.2869998697639777 0.3167920009899884 0.2734834568739816 0.3033710995786706 0.26550272930555135 0.28540760739830295 0.25355876372892344 0.27634362708614135 0.25094525419978697 0.26688710620825434 0.24582673824558454
0 0.19827000707311992 0.25548992727946773 0.1884699064965416 0.2833724289752124 0.1907833863542086 0.29840586918647627 0.19977365658091595 0.30746240764082977 0.2352032890250193 0.3254516977874384 0.2744685358523544 0.3401166366339951 0.3022895015322483 0.34544995789005495 0.3061251159154801 0.3421256065900029 0.3114308854504013 0.3174125901682803 0.30817548261698435 0.31121366074469753 0.2988754803382169 0.30449922596474516 0.2793202899375644 0.2965812306228665 0.26177996601869535 0.28883507039977785 0.25715622259014814 0.28955920798204526 0.2545727992825242 0.28683878115414757
0 0.19095151524760623 0.3005584539189306 0.18707772040566484 0.3093074045124153 0.1807897032450928 0.3277521856787216 0.1832702399005619 0.33467453795417473 0.18541559086483117 0.3475553934329842 0.20530650300448128 0.35464672190563906 0.24038661479442164 0.36500720601768394 0.26478512084309647 0.37225268578597176 0.27766244877911306 0.37588391021649564 0.2780750674833279 0.369339881094539 0.2847004145262909 0.3654639420614065 0.28843260620956995 0.3612096798747773 0.3036477955467977 0.36599427231934484 0.30549399708738567 0.3588816863715478 0.30129506313482546 0.34612175873324863 0.27508853600427224 0.34056426561932523 0.25244660771139826 0.3337317619204508 0.23442842284707155 0.32617512063930887 0.19933451214196574 0.30735916362347643
0 0.18615174053627154 0.34712473354041395 0.1763638307314654 0.36806719913754854 0.18007164087120026 0.3776930091481396 0.1827717497461444 0.3846669834322693 0.2211836252869211 0.39037719838103163 0.238219562525597 0.39166560440675724 0.27217582353122416 0.40025254167024144 0.2832324035657925 0.4073799525196072 0.28687550751208224 0.41578308868432096 0.29045229712153353 0.4075680420007599 0.29383604024624516 0.40594864644783213 0.295979783067121 0.40343399292424403 0.27754737135518603 0.3870258717626611 0.27812758290500084 0.3775025910390264 0.26444939910409887 0.3730793526551956 0.24005089305542393 0.3658338728869078 0.2136762370314731 0.3581237950405299 0.20931078232890848 0.35860679167217396
0 0.18257816721360687 0.3861307982287701 0.16896468960615008 0.3829302336908165 0.16137411013948844 0.4197844283771153 0.16979582354035544 0.426292375122361 0.201350052999124 0.4376351068600568 0.23141872024764432 0.4465155218132381 0.2543316640860708 0.4512986847970116 0.26197797526119215 0.4533982180599953 0.28350770749372733 0.4463853024775663 0.28995166277592493 0.4370331421423244 0.2866442805686328 0.42780333910838686 0.28665593529260713 0.41573146667564426 0.2834519757852676 0.4074315745282839 0.27173667909227395 0.40014929765288815 0.2381808460190895 0.39195836736605744 0.220886620054431 0.39091110229095527
0 0.417089940152808 0.30955216629348387 0.41182149224695275 0.3269595284093884 0.40560893593971037 0.3322792993353569 0.4255798921646594 0.3511002724710699 0.48411283291659296 0.38915780899036995 0.5037204389783503 0.40111299822231056 0.5109237443066712 0.3915059154604988 0.5111153236430318 0.37403502802298044 0.5047796438716877 0.3578547144481184
0 0.31753607354810953 0.3189185260557592 0.3069495270021507 0.34129091851398824 0.3031909816283371 0.3484172967309293 0.305724695622562 0.35977482896948265 0.30653944495512186 0.3666925345562208 0.3256900998996327 0.3711949041094944 0.3464280359517992 0.3789530858717903 0.36692793543042534 0.39069099812717273 0.37821817644009315 0.39795758477135235 0.38884121490523366 0.39392110918433043 0.40828730468879687 0.39291983567302324 0.41444598224794793 0.39321470174042966 0.4167723623477157 0.3876120116245188 0.41546328779313924 0.37135364654078806 0.4085476004299278 0.36588423253949515 0.3845051249233783 0.36676576303809183 0.37524617043741343 0.36266719956692817 0.35216394347353086 0.34647865766172353
0 0.316669435187 0.2868228445538312 0.3076012688354942 0.2987197340756962 0.29982324243765396 0.3030407277494343 0.30828501714001966 0.31098756566833335 0.3119940745568864 0.3178170272017485 0.3162126379038176 0.32188363669620784 0.3174457208549588 0.3190987236439213 0.3363671240004096 0.3329638137075182 0.3525667551210768 0.34561248033430125 0.375459900265438 0.3621409203682073 0.38471885475140294 0.3662394838393708 0.40845711064441975 0.3654786063881183 0.4147724610290711 0.3700381760526441 0.4195636419791712 0.3457973789347762 0.40558403793874076 0.3327097671279618 0.3980102740684698 0.3245873511370502 0.36181248841372327 0.3018561408717302 0.339396781468393 0.2904365207490351
0 0.289976066397859 0.3615404381101488 0.2844498617065472 0.36610189571640045 0.27893354060915654 0.36925911308002596 0.27854308493696106 0.37620013542861647 0.27877498681397694 0.38774159470255903 0.29717208815081786 0.4028504583919626 0.33821854592806333 0.4275039373011787 0.3640678098749396 0.43944185044514356 0.3772681954593815 0.44465514181002175 0.38778969739271785 0.44220580104544616 0.3935568549700895 0.4398108379515391 0.39734697148937637 0.42710511997200656 0.39501859284234253 0.414133064204981 0.38297105596396075 0.40286127305804104 0.37833656361236795 0.398020854595653 0.36751314205968905 0.39078769326569757 0.34601705061778326 0.37916994052330927 0.32543410387319394 0.3712832802649724 0.30457066986685954 0.36684708646479586
0 0.29656133627549486 0.40371944617956607 0.29066040586394903 0.4093277306788476 0.2873287173189216 0.4160064246477109 0.2867862860439303 0.42870418046471803 0.2901245465981773 0.4371841840425559 0.31084318251558807 0.44648574231811805 0.3423782601385854 0.4613832300445074 0.39098816165237754 0.4860332469420534 0.395338129221185 0.4704440554694987 0.40126953419611605 0.45827782580198045 0.3951040198571728 0.45106499167541747 0.3775229988470037 0.44557557534126024 0.36327817708617344 0.43985345436321727 0.33787813632121044 0.4281185322765779
0 0.4413460855625412 0.1985230145906609 0.45247931248372114 0.19825782741337517 0.5127607674135186 0.2208858954715146 0.5303336085508293 0.2340495832816948 0.5333440782181101 0.2439817949827671 0.5313391460178482 0.2569627418614615 0.523116772940973 0.2581044543468599 0.5119183867687633 0.26431177475144113 0.49169874142114167 0.25917373096742624 0.46318917490470246 0.2382500413256832 0.43895625252668147 0.22640318905559723 0.42813534746753934 0.22539657275408373 0.42518261732875795 0.21720751870586308 0.4255682006903308 0.20884243156831317 0.4367496998395548 0.19840327157795032
0 0.30107234424965246 0.4420665910945569 0.29104683698469125 0.44289256987425035 0.2832320637589316 0.44644191484425216 0.2716983242519619 0.450341152563994 0.27032689801781196 0.45932288636916313 0.28262638089352277 0.46490783667237645 0.28698591178335214 0.4791544745734506 0.3098559519838341 0.48673489820235954 0.36494229234803977 0.5173147765360859 0.37505168691407365 0.5172430588088385 0.3801016575590343 0.5221030148762714 0.3885019027150032 0.5071835393893164 0.3842671157909705 0.4836620693893645 0.3405063184611899 0.4618660138533464
0 0.16573784110860523 0.42612048375170536 0.16540170802858445 0.43611096511392655 0.15977341629616204 0.4426682227100089 0.15834232400395382 0.46093846710329817 0.170406211197771 0.46530703514608573 0.1971469857853288 0.47290727584692216 0.2717025467168576 0.49262450840969363 0.2796346152762092 0.48354424222284326 0.28458830850817185 0.47463936144706415 0.2827141214442478 0.46522373962699914 0.27071561505617925 0.45911932415178097 0.2608901238835425 0.45396359495065614 0.2010022212944768 0.4387892792460019
0 0.155456529838924 0.4639844960260872 0.15118384305758953 0.4807215552611768 0.14816728868342943 0.4975427252666013 0.17290253365278518 0.5105391620662202 0.26260525451375916 0.5377535776436247 0.2695724259460588 0.5353786018038806 0.27678264991954327 0.5239787693918342 0.27226278491285516 0.5102435806339697 0.27310254964985015 0.5038935239864019 0.2640828794249017 0.4954366974170275 0.22486147799544565 0.48178024756408583 0.1976959858913288 0.47518235935187975 0.17057539238752106 0.4658493063315974
0 0.3882763604132919 0.5343329387070334 0.3809543125680087 0.5235377897715657 0.37415950058061165 0.5161072082893733 0.3624021149563694 0.5204723642820169 0.30998746018106516 0.48676149530962015 0.28649886323667967 0.4805911415537743 0.2797052021754367 0.48417891455368983 0.2714062672679224 0.4928380782653216 0.2735131293949483 0.5048162737072 0.27235566608142336 0.510777707175178 0.2837839718535632 0.528556299564262 0.30512886918145377 0.5383317288847341 0.32862154241299424 0.5486121059923118 0.3436283094855822 0.5560772193945608 0.3778105758884641 0.5673943795255533 0.3848355106849788 0.559859666975311
0 0.15090611881025806 0.4998441651282659 0.148658146370736 0.5075278973154329 0.14214292611834423 0.5335071439167319 0.15363390112597908 0.5444209389325249 0.21243781365916586 0.5631732359336351 0.26289620025238014 0.5774998068128452 0.2682189168969642 0.5721814023974113 0.2708513911316812 0.5452893119532397 0.26282184959885696 0.5384742036666165 0.21733557196996278 0.5261378123804296 0.18590422619537372 0.5146421017581456 0.17285064078855578 0.5132156166441003
0 0.27784204631116444 0.5296871369144838 0.2703939969993322 0.5394332118736435 0.27144873667286196 0.5454297494675276 0.2755789497096382 0.5607721872379591 0.35228664599987386 0.5931777829943927 0.36727221943906574 0.5893099180859939 0.3767583140771725 0.5804536047876298 0.38865256083292915 0.5836605854341786 0.38842313460857003 0.5737519629895665 0.37923425442468456 0.5687173502354472 0.34664356999903423 0.5590021351456668 0.3282131455634051 0.5493311399982151 0.30459995589202365 0.5392628867008888
0 0.14571041688705533 0.5437899423291411 0.13975500226999038 0.5469065386692072 0.1381592269140608 0.5752741952243167 0.1852622373263652 0.5916861910575962 0.2532377184068798 0.6179327017346931 0.2639538565586482 0.611418634025985 0.26741383171708966 0.601556175945527 0.26521706502905645 0.5948805329622794 0.2629495934784228 0.5840821488568718 0.25925946293743773 0.577055412087904 0.21152448371083693 0.5654221805840699
0 0.2731722559083575 0.5626700381026738 0.2686755818711287 0.5710569300721939 0.26352889822486114 0.5797016148882131 0.26539309802737293 0.5982068133628646 0.2761287352902529 0.610174861946731 0.28398151466657606 0.6066831174279549 0.3675421022020169 0.6501439179253824 0.378872897531524 0.6413106868090953 0.37955607209730924 0.6221725473092345 0.3669584225064712 0.6126410174651582 0.36128218154888503 0.5973457162697938
0 0.1734033430019088 0.5905405809721272 0.1578016540686092 0.5827664644784775 0.15017757175846047 0.5891862590370517 0.1455936103802581 0.602890583211093 0.1481431722231088 0.6231993594003252 0.19320813730913872 0.6387215935728096 0.2673670009147081 0.6577989855448246 0.2736030475076211 0.6502316364789559 0.2748143210683558 0.6410723381808513 0.27289891551435513 0.6369265148766147 0.2749181908877027 0.6263147326496495 0.2682759559139296 0.613666606465507 0.2528337175005734 0.6186589436991233
0 0.24920062597655368 0.6531174109982509 0.2578816354347859 0.6736358712480026 0.24252887183695698 0.6942524934915392 0.12441098857037625 0.6512900297705094 0.129802222603007 0.6291526492627938 0.13514152172596422 0.6143940715206792 0.17082499115141891 0.6309955858651394
0 0.24214218256720832 0.6925191345341025 0.2479764157283686 0.7066197446471053 0.249927902871854 0.7198075109172356 0.23742118641291243 0.7398614108927072 0.21481007234720273 0.7361879255500526 0.15813149248126418 0.7130079580052167 0.11744056166018912 0.6923548935066536 0.12413108575271281 0.662721354901126 0.13145649529227116 0.6562313415854076 0.13649857996100723 0.6553636898957765 0.22719123240113215 0.6914677975987673
0 0.22002819001425533 0.7386465542610069 0.22911174206242474 0.7444776277367007 0.2302559565514819 0.7660984503405054 0.20318352087984365 0.7728732275284508 0.16934475214578926 0.7562947953660676 0.13306320802096933 0.7325722711025054 0.11684686190993121 0.7271173180164344 0.12164002124319667 0.6978589275896171 0.15862350988672885 0.7139448562410792
0 0.12007959831856718 0.7282879547058062 0.1109996920613206 0.7573597432541813 0.13846100447726112 0.773260042238114 0.1966856122640097 0.7963928732078829 0.22802894153944048 0.8062254436298742 0.2350556783084084 0.799665211557012 0.23949750080322552 0.7707348327338376 0.2313099670668271 0.765114415529576 0.20288484810925328 0.7728030087713068 0.16969608898423766 0.7559667837624245 0.13330921672370166 0.7330407202204366
0 0.13503492343375084 0.771222726070024 0.11651794081533262 0.7738497355319072 0.11202418341084214 0.8101589171206824 0.13802675524694652 0.8207889204751609 0.21429436904139093 0.8448788152301311 0.22822666112342216 0.8489755575374754 0.2383266837810829 0.8308195084267188 0.23737654308508466 0.8170459377064461 0.2337736998850733 0.804701768732957 0.22781828526800835 0.807818365073023 0.1963342754255613 0.796720884811526
0 0.28639645114183143 0.6084541229579731 0.27641682608336704 0.6114090403238533 0.27094735184721097 0.6191662968163612 0.27555119322519767 0.6267971559079929 0.2728972764917982 0.6380228504730631 0.2755528544676653 0.6427010071887715 0.33490195429123026 0.6731812631394721 0.3644962375658233 0.6863756085562657 0.3812142410207722 0.6890587250674306 0.38911080974473783 0.6700224475008897 0.388842331374958 0.6543676993719344 0.37967464350070695 0.6388035515278843 0.36894881648175115 0.6509380117352851
0 0.28144169199269886 0.6450274826440431 0.2736783669742155 0.6490556614996115 0.2676542837965511 0.6614119885056846 0.2699391972078022 0.6753774674316513 0.333745769617408 0.6986421240370211 0.3646109662494259 0.7151951215660116 0.372154097621253 0.718690107281322 0.3793282014835886 0.7152120312193636 0.3742296653373037 0.7029952680100906 0.38065180908160345 0.6934870470685718 0.3346271556335524 0.6744029665721266
0 0.2715302166153052 0.6750628900526289 0.25638588775736326 0.676322830047437 0.24893474699312246 0.7072809837429427 0.25058627823299057 0.7221304982129712 0.2692236073011425 0.7354643766628154 0.32737267832449807 0.7546444187770475 0.3626122611828703 0.7615520772857961 0.3690767316538472 0.7341494211379659 0.37016624050615327 0.7278635802330299 0.3654064759531774 0.7150378328765004 0.33390789714977653 0.6993688708915714
0 0.2627705962111408 0.7315370508611889 0.24531293231432327 0.7288099684613648 0.23803660132246485 0.7408718886992038 0.22981653819353898 0.7444483720970266 0.2317929359276636 0.7666048810947754 0.24138382481743625 0.7702369848888085 0.34185826053102936 0.7935144749507345 0.34540749256696895 0.7822978795140983 0.35134386514368243 0.7764629188275487 0.3505471325808922 0.7649132058798201 0.3474824488535002 0.7607495394242473 0.3278735774501757 0.7547621814843412 0.2695920233811147 0.7365839376214641
0 0.26532414429091866 0.7786199381961647 0.24624581649993493 0.7744788880694574 0.23752546567485078 0.7837911095786065 0.23540573694356504 0.7998198816002896 0.23782374483004082 0.8186370630935212 0.2550896367078266 0.8189088535328896 0.3390174390274098 0.8169486488360024 0.33898657168170787 0.8035131020928571 0.33453654566489716 0.7942033263017855
0 0.24565447103658455 0.8190044187840598 0.24026617177432402 0.8243402364608207 0.2435434764514327 0.850895798854427 0.2588363026451704 0.8503765455403736 0.278578037570291 0.8566637344139814 0.3518632295112446 0.8703272577270192 0.3580591970737629 0.8608115803582859 0.3470258550222695 0.8524571205079431 0.3334574447032195 0.8446038959835116 0.3286311481354813 0.8204272529320885 0.25592238519933663 0.81951747016217
0 0.427676664884896 0.22630850026809868 0.4177633287976427 0.22522517902582853 0.41063870237616806 0.22604482104322535 0.40503554270261133 0.23127598723151488 0.40326206711459334 0.24114951301954216 0.40770592896569047 0.24999009075431997 0.4270137751727846 0.2666908863496035 0.46512101992685867 0.28625230737593405 0.5051628272908186 0.3053330514916106 0.5097650074263377 0.2970600593024639 0.5110831772807083 0.27117602921573164 0.4923495139574503 0.25897588141627453 0.4635282804803267 0.23816746797085617 0.4391909037360226 0.22589720259942903
0 0.5144367990180032 0.31655653106672393 0.5114908785627812 0.3423697052515004 0.5069018454720066 0.3487747929669651 0.49533446469441317 0.3513564247701033 0.44335051433014633 0.32354323259754664 0.41731854426629056 0.30993906617205474 0.4161164828246625 0.2978068209546108 0.41551545210384844 0.29174069834588884 0.423905106453227 0.2672073603762282 0.42916201298351603 0.2681314404215946 0.4648941976812688 0.2861989808669709 0.5090593540950578 0.3112384562434575
0 0.41876334373569907 0.3467631522260775 0.4153769258340417 0.3706017689192458 0.4228911227654418 0.3951321535689638 0.47115167289710336 0.41396231787284576 0.4863756111886016 0.4191006687862733 0.5145010158942545 0.4204118721374461 0.5120443048320207 0.40361899959728625 0.503505049263051 0.40098773293511303 0.4836509755040772 0.3919543318774177
0 0.4910029235265384 0.42928241094920977 0.47081066336393684 0.4143232746227186 0.4227696671929658 0.3965790994636566 0.4161235909888534 0.3950165893961506 0.38845899783649707 0.3938872455567535 0.3809630504731364 0.40179934366373016 0.3962798198709394 0.41399983671410195 0.41152765500105837 0.4267215906432276 0.4852341505615471 0.4607116751255505 0.4923391522658424 0.45270766466166174
0 0.40199655412487945 0.4224983163655136 0.39278584387182197 0.4439430338378935 0.4007338686091919 0.45525570735508203 0.45318580068435965 0.4817534029753114 0.4908340655745482 0.4987894718009651 0.4987533097174301 0.4924664446902541 0.5014734366549232 0.4861803009821275 0.5048921061556438 0.4621146498442625 0.500029267487812 0.4578233596605876 0.49107184811649646 0.45414343472515295 0.48563103522023554 0.4613639499643822
0 0.40356417876120737 0.45700744705104596 0.39626242185756194 0.4707341646069418 0.39159214011250637 0.48453767594369435 0.39289218680317195 0.5008285732200076 0.40327812658246576 0.4929747484991591 0.4804996894897627 0.5390362002696986 0.49756381694818674 0.5406095932973035 0.5013767802520834 0.5317523174267303 0.5021869639500195 0.5194797152480809 0.500864071575044 0.5064346847621003 0.4909403378554929 0.5000375414177926 0.47433937870654697 0.49342524718712144 0.452672063181394 0.4820996648321354
0 0.40311113974169394 0.4942181266480621 0.3925626370601237 0.5008852343273211 0.38601731420071883 0.5126512676629965 0.3855205845570435 0.5258393412376896 0.3915165895937954 0.5347329993714353 0.40227913664120396 0.5335213118483276 0.4781561377025806 0.5775541304855235 0.4880647222765929 0.5757258973788478 0.4945399275640276 0.5739220212361432 0.49825599212844224 0.5552541705413278 0.4978454327897582 0.541852790930782 0.4803936360890766 0.5394129344404428
0 0.402421586775101 0.5348021325034246 0.39302873789772774 0.5350885094311898 0.38632343551143344 0.548064261410011 0.38337220979548126 0.5656645974855823 0.3963248353603077 0.583261980241211 0.42418489959861955 0.5989590434382326 0.4525073730246073 0.6135174900040591 0.48508139109459825 0.6265808254389554 0.4934580829817288 0.60568248652973 0.4951827989915281 0.5973566600516106 0.4859484529810732 0.5822965616422044 0.47634155973786174 0.5771275184138182
0 0.476045232623604 0.6236657038917554 0.46945960281517546 0.6561269818138227 0.42222326433209706 0.642728813423921 0.3864489052799186 0.63584668744197 0.3807575140572248 0.6203698134736797 0.3676439119505764 0.61117268974884 0.36162555407476005 0.596001075134229 0.3676579870377594 0.589394584431235 0.3768130533251894 0.580847322528211 0.3881931214476241 0.5858155870619012 0.39540317722645507 0.5833072593662396 0.4226764032974486 0.5981261285438555 0.45217327404197033 0.6134677824567405
0 0.47715841212184457 0.6369198379608351 0.48747634755718483 0.6477524735320256 0.4889984050170132 0.6622491261216867 0.492809229048699 0.6746089632355918 0.4905701521265111 0.6828715421164825 0.46651826009854946 0.6718670576983828 0.3955100209139151 0.667018865534458 0.3894594413793033 0.6564252364507209 0.3912231612800977 0.6365869975588285 0.42101341985747 0.6432086359474624 0.46903461402419006 0.6571734560586782
0 0.49460856351198007 0.6826745930664391 0.4994983096408963 0.6933774372281297 0.49704843477506133 0.7184041803582549 0.4501410986873202 0.7241898651668416 0.3832363927864839 0.7164851237418484 0.38047091203175665 0.6940535375051572 0.38125508913466005 0.6881238183757485 0.39358112123471384 0.6707688069763836 0.4376934692318851 0.6731150048648701 0.4672379938838619 0.6750933096307218 0.48931129658295264 0.6837219720856121
0 0.46225633284372686 0.723599018016711 0.475141669015854 0.7388565570547767 0.483856314263639 0.7401411330127677 0.4875523267473259 0.7490348069325631 0.4790364400982196 0.7722532845951107 0.41435470029017346 0.7585749570546637 0.3724324181462585 0.7483367877308744 0.369242627181284 0.7334480465897615 0.37143201445380203 0.7190597043037363 0.3798519147072601 0.7160715540845329 0.38253344841130754 0.7174662498947951 0.4491601987279527 0.72510564322788
0 0.372338527948059 0.7482047905218829 0.3663080907685865 0.745943080473943 0.36280728422954683 0.7628427367720833 0.3508427910250257 0.7591859144811407 0.3516019799477115 0.7678037852117949 0.44615049051994116 0.7979091475939973 0.45462403929442247 0.7976507990463965 0.45840262853495467 0.789818459165604 0.46135136652749426 0.7882612130124492 0.46285388765274854 0.768922565073844 0.41416606358667113 0.7605703696377123
0 0.44724576460579446 0.797604023863476 0.45525126612456757 0.810457336845567 0.4560712552635605 0.824997070254613 0.45028351939839034 0.8416403762088581 0.40414754794537766 0.8347320664023546 0.3399074055393889 0.8131588453204165 0.33925645808383265 0.8037224841035489 0.3347419009950994 0.7947843419600013 0.3429747466589841 0.7947507162557473 0.3462353496383536 0.7828582175123371 0.3520122242926711 0.7774648692720095 0.3558753343749217 0.7721842154873061 0.40098869227109385 0.7836344234115716
0 0.3462212057788221 0.8170808443834675 0.3403668615875329 0.8177543486768325 0.33144308625724095 0.8212935047322577 0.33438379145479297 0.8455584471384029 0.3488341808976299 0.8525430549881298 0.36021513920146414 0.8623933145999171 0.3956059365091686 0.8737885986226975 0.4294174412033934 0.8796878965968856 0.4395243209418448 0.8672024491805209 0.447701661957425 0.8547758311330383 0.4424820819622436 0.8448367207781725 0.3977290191615326 0.8373899716339684
0 0.5200848523851539 0.19904887431484297 0.5604139864700274 0.22080765372968805 0.575769083374047 0.22252886318155565 0.6175534227956265 0.24935180116974695 0.6190899387243233 0.2591571120335768 0.6176231381967472 0.2720339640314003 0.6086391743160431 0.2721254271761616 0.5833432488948762 0.2652338811133932 0.5586402470206573 0.2610001521186944 0.5324687675550378 0.2535879585907474 0.5338415442572038 0.24320742051956215 0.5310793644705284 0.2337435576398872 0.5136219316215278 0.221139604352948 0.5130284490533051 0.21313001510785448
0 0.6274488443359425 0.20666149813070278 0.6227486268520916 0.21185251252799517 0.6178465304414514 0.2185700766416383 0.5964051670967205 0.23430611369834634 0.6180113877105318 0.24945946993070114 0.6201269959102071 0.2584565197256747 0.6299997860900582 0.2570000100059939 0.6346192520031935 0.25241961549524183 0.6905064799614253 0.2850765989996516 0.7013759515418025 0.28322480691533886 0.7084710535951846 0.2527830396479855 0.7027193886282058 0.24985679603923017 0.6712392597919938 0.2254564051725083 0.6549815053128581 0.22163416415863427 0.650657383130647 0.21683992284937337
0 0.6360738983186249 0.2521320018915641 0.617999792519662 0.26740048050187093 0.6181889582130317 0.2731113970026421 0.6195374264909083 0.2879093357197485 0.630083891788423 0.28850002318159707 0.6746563964847918 0.31566366379224337 0.710109419647139 0.33501684706351176 0.7109429208424093 0.3197874879408887 0.7104019682716891 0.29888335035837915 0.6897387810183518 0.2855257157447606
0 0.6162763469826951 0.27329134184536563 0.6189583342199295 0.2887175967886047 0.6176132200697019 0.30603029113364183 0.5995252829947698 0.3178326916070227 0.5602874131571073 0.2985340880779313 0.537254208779803 0.290600501723106 0.5168366303662618 0.30752164051201 0.5108957997059133 0.29888448040248344 0.5115528484412335 0.27070673856196736 0.5199698742631036 0.2588342980919165 0.5312165591876704 0.25770079465509826 0.5589499810488255 0.2604433666126312 0.5833028731095183 0.26553919105666335 0.6085584227453273 0.27273604706270194
0 0.5377121736947083 0.2907081704840602 0.5164461447673779 0.3086890459046135 0.5147365305063801 0.3180459853850341 0.5188195160189939 0.3353756307079638 0.534067875864184 0.34683062030359163 0.6024263345624117 0.3673091080329806 0.6189130714989999 0.37118518342733164 0.6231542060253961 0.3551829559150373 0.6249307405811403 0.34174931841115047 0.6194611470903914 0.3313341330224801 0.5992155489666015 0.3183894771130859 0.5772730498152334 0.30756429446699035 0.5597083208861285 0.29934234914678753
0 0.6205883149527613 0.2906748215487724 0.6176535958550597 0.30572498119037167 0.6048587998109264 0.3149941843345298 0.6059102472940543 0.32311144234057754 0.6203770769202018 0.3315494705443885 0.6265203455286141 0.34401185311458815 0.6337526422991382 0.3375273228624458 0.69353089497024 0.3550441743038946 0.7020574529573138 0.360196814575203 0.7063378452265179 0.33318573276559055 0.6744274140273391 0.31560982941176624 0.6299627644323494 0.28941595301140755
0 0.6336640044199118 0.33822835832512527 0.6263819087125908 0.34373506301445583 0.6217338991192272 0.3551801232900884 0.6210690551736481 0.37098104167597185 0.6277997839660572 0.3782624627024438 0.6552413548929081 0.3926926609756681 0.6964514286580327 0.4042809277886697 0.7070171108673149 0.39764653332042216 0.715648960789312 0.39701636654110367 0.7215646093626837 0.38244992619029855 0.721481819447167 0.3679929728190506 0.7041360043685052 0.3612553883925027 0.6935689727975252 0.35497171208862355
0 0.6098685414530883 0.3694875731027107 0.6110080345257031 0.38457289410434664 0.5957929933613594 0.38973427807610017 0.5289316914917003 0.38465315939841793 0.5121399420513462 0.3909635908003208 0.5118942710281918 0.3734288722308299 0.5051301563972365 0.3577810557014333 0.5084130682183488 0.35019433053645294 0.513500317057655 0.3418920079872252 0.5211569043763727 0.34217235617664027 0.5341784480343994 0.34713342511711626
0 0.6138131571415488 0.37032660594126315 0.6118084524499453 0.3854855996361883 0.6039480385151023 0.3882498167270942 0.6063277804333286 0.39495892855804304 0.6151759347775715 0.40216384319619963 0.6232898228570597 0.41201470949774244 0.6239489231530819 0.42446892216039916 0.662957036794524 0.43030878407594947 0.6929864500810057 0.4386499509917036 0.7008031970065038 0.4376691092360973 0.7041877351569767 0.40771668198761485 0.69621701615548 0.4040491033356168 0.6549390106451486 0.3935758316995604 0.6282527435863787 0.37884608103293016
0 0.5276649038026516 0.38384305368729055 0.5137241009308141 0.3915313996044712 0.5105616274969946 0.4030070010076998 0.5170517630634123 0.4214516129171349 0.5395469859475028 0.43081333497896795 0.5759967774283292 0.43593636234994476 0.5908634913270929 0.43723839295186456 0.6080350398853562 0.4299962934352332 0.6253276981082789 0.4271690133163026 0.6237979078737101 0.41208376479223013 0.6157268137763251 0.40204015774833124 0.6064094459483849 0.39608989465473415 0.5958452480180044 0.3889065671835952
0 0.5148399502468909 0.4221848516528941 0.4860582958104314 0.4194912444372727 0.48473165321802647 0.4241923143410032 0.49154215148807323 0.4295532057810359 0.4920403558716092 0.45066213459816257 0.49984281193364877 0.455629617049699 0.5387592885414437 0.46164587905095456 0.5597792277186736 0.46439454916616896 0.5749404419869246 0.46169278182956885 0.5852486548630879 0.45659681927898227 0.5910385511475755 0.4447990005991751 0.5876327456406673 0.4367921465513151 0.5756885113339437 0.43649050906214026 0.5404987593085708 0.43072378896718616
0 0.5003657659075567 0.45700580668025587 0.538678919679594 0.46225360500438334 0.5593905927624383 0.46555642183179335 0.5749806264178494 0.46138891885285443 0.5953966863874366 0.458042716963097 0.5994333461798991 0.4737173371407339 0.6005073419493963 0.48869542718234005 0.5840739916164482 0.5045704610001244 0.5700654728638895 0.5056633674413707 0.5346742423120074 0.4960895539021448 0.5080774256141577 0.49108981382595895 0.5020981474124044 0.4865509653042876 0.5048169229903959 0.462438631661386
0 0.5083455072776184 0.49083953009047776 0.4989483269597133 0.4908234012781531 0.49605393518935437 0.5020487189459004 0.501765131727647 0.506837851203053 0.5028925212810825 0.5196353211664254 0.5031077655324898 0.5268920658370216 0.5158424791046969 0.5229932008934283 0.5628427027910055 0.5318499045092197 0.5824418647890823 0.536457719255269 0.6001908738489616 0.5390640059466483 0.6034744569474406 0.5320032239411203 0.6018114604389688 0.5250327297765541 0.5959114383552954 0.5092333386457666 0.5838460943839126 0.5045168817588912 0.5723846296201721 0.5058952968769878 0.5343257917866971 0.49694756359105474
0 0.5215214986578004 0.52559664577232 0.506176065226398 0.5260048309672495 0.5005726262581505 0.5333371583897947 0.49729545360065414 0.5405985606853702 0.49926677574821315 0.5589792816532865 0.508176178585687 0.5669433523512123 0.517402550205409 0.5725105973262695 0.5712513382021092 0.5805368159947005 0.5824462891079951 0.5782260866765756 0.5906267451488476 0.5671747674123829 0.6042803984062745 0.567295594950906 0.6056807095760574 0.5602107740430499 0.5947343151429088 0.5378664804376185 0.5634876557666113 0.532373817738058
0 0.5718462032411038 0.5812945068165419 0.5803322496058745 0.585452026408666 0.5881056647828654 0.600254142929464 0.5859525527552427 0.6130314249291327 0.5295006993356032 0.6124250929474013 0.4963115090234766 0.6111095096959708 0.4937203706311463 0.6061754708557049 0.49584743430843425 0.5970990837010884 0.48609131852555404 0.5815219107915593 0.48413466626999946 0.577045959557776 0.49420610511829094 0.5744710895877776 0.4962935476977978 0.5656943056485194 0.5073039658622249 0.5682828840368809 0.517244065814285 0.5737090101877037
0 0.5758861780873981 0.6133678282607194 0.5910782773672043 0.644448013717398 0.5805751942860724 0.6540664673548948 0.48817565641568594 0.6478372724587181 0.4789217048306642 0.6260356820615688 0.4840631791331456 0.62621151088315 0.49157483172975147 0.6104174490366953 0.49733517167504376 0.6117717201705722 0.5298930034145682 0.6135727953260398
0 0.585758285266523 0.6552285105609452 0.597107011217994 0.674993652739177 0.5960850432611402 0.6956497513838403 0.5068073703927863 0.6963165685803002 0.4980279829207269 0.6851340971407115 0.49345871515778644 0.672281898471212 0.4892786078829691 0.6500228442737306 0.5002187817036482 0.6491755026842286
0 0.5708076320871536 0.7014849170118419 0.5780924265178704 0.7218143538667646 0.5762079983075554 0.7339091394240174 0.48641099500113827 0.742812407067078 0.48454123566754975 0.739713284217603 0.47522649951900264 0.7390431008592158 0.46527625717832904 0.7237860190732565 0.4972837224638758 0.7187732390856635 0.4993623935778277 0.6987455080713881 0.5576399002407624 0.6976292806245855
0 0.5564737681380907 0.7387679179806583 0.5601158280130246 0.7457031187150882 0.5650101833103915 0.7582518123950098 0.5722121878255915 0.7641242958786845 0.5720019266835302 0.7743330789703081 0.4657869908673067 0.7888747955079539 0.46508606235978556 0.7704731768466592 0.48020431941273517 0.7725077832964488 0.48985746261073715 0.7447624824864038
0 0.5542996622744426 0.7789097101886036 0.5590631729410203 0.7838289634010801 0.5614869979129165 0.799976102079006 0.5583349307225933 0.8151922677114313 0.4562640176192451 0.8177905013993803 0.4500686375033237 0.7999967922917067 0.45876456037901747 0.7902632749739841 0.46739641030101453 0.7896331081946658
0 0.5424203104124264 0.8148701037940169 0.5435444599274658 0.8386902978163171 0.5415785911633322 0.8492462007744486 0.44835113848574026 0.8539235553635823 0.44514764317589994 0.8436720569694941 0.4519424449220058 0.8418501274575618 0.45876793378326214 0.8225584519043009 0.4977330819225525 0.8188015076030184
0 0.5324267361224228 0.8516537826143041 0.5400192504874438 0.8610374813421234 0.5402822891107203 0.8892144330491399 0.5043410622543595 0.8959619127948057 0.45596371917427914 0.8997856287731806 0.4350579594553512 0.8941107615973877 0.42722112342887364 0.8801104150722042 0.4414762455475134 0.8671246730485199 0.4489852953161688 0.8555923830190277
0 0.7042993627481906 0.29190413386307873 0.7388070311136392 0.31559227967161596 0.7853688043755032 0.3344997853634007 0.7826614932971472 0.36086047924018444 0.7716442313625095 0.36761547296916003 0.7330944120229306 0.3509377166223639 0.7118120974513338 0.33520453588044835 0.7122103982125424 0.3204151112357853 0.7112306961146799 0.29837935810506805
0 0.7873130014091678 0.37476042037481205 0.7862348393762562 0.4025424849508708 0.7746690489519696 0.4036306330835706 0.7222723846721932 0.3836974469225834 0.7220485796563354 0.36772341011058646 0.7040695700310876 0.36038143709752624 0.7070286419265382 0.3340799328537278 0.7113085758171447 0.33508615661447777 0.7334647569829026 0.35206313915671245
0 0.7741655273177807 0.4035122538176 0.789522937160545 0.40712282142970285 0.7874073175351348 0.427046384973774 0.7348482915184629 0.4122667944206473 0.7074659618419619 0.4092903145858144 0.7033927819129899 0.4027948141277445 0.7084273836241589 0.39809445936768584 0.7170018439367112 0.39803363071944453 0.7219318394056208 0.38430961946851677
0 0.7069922399011727 0.4109095304001258 0.7033648261117533 0.4187096613067561 0.7015897517529156 0.4380210523048938 0.6963623739807304 0.44025326017276667 0.708196361645614 0.45480346776260444 0.7133641400309998 0.4490960697341677 0.7254340667201964 0.454010448287203 0.7409696600926378 0.46216243896123305 0.7550092810938513 0.4678860156676099 0.769463639279776 0.47439933381887617 0.7763341439980241 0.46563107306077267 0.7881954728334231 0.4583822860518343 0.7920594402778766 0.446830473528166 0.7910949453420744 0.428605591647472 0.735855334786841 0.41250355295258845
0 0.7944627667209911 0.4875451688950072 0.7373118319790979 0.46234082736781695 0.7150376813011834 0.4501817593439834 0.7086110988303249 0.45559320920749363 0.7022435011155449 0.4585957018118032 0.6968841759305849 0.47360324778758295 0.7012547381628325 0.4915905516287078 0.7750808715890408 0.5182924516737267 0.7919038394789122 0.5167096907534362
0 0.6963325742873309 0.4385156650924847 0.7003613619915638 0.4453468466400139 0.6999046911049979 0.468429375963642 0.6469473643271173 0.46843921005517836 0.6122341712614762 0.46200863578349 0.5965362161521394 0.4590102407173206 0.5925524353033663 0.45772752550009654 0.5893233222751558 0.4507382317620639 0.5916773394477631 0.44471542886024834 0.591809901491259 0.43782423817210586 0.6091357763845985 0.43047570909802135 0.6266842270323537 0.42733292199640466 0.6630557542061181 0.4310383146278855
0 0.7009731776523382 0.48979376691544063 0.6994632273804923 0.49532277653729334 0.6961319666329066 0.5028464159874496 0.7006490688092682 0.5059851055509262 0.7002951602727985 0.5204388491061298 0.7066487800869602 0.5253937800913261 0.771648692383522 0.5520973191516011 0.7839101658722927 0.5477115497572932 0.7862915242154156 0.5198897522567016 0.7739850438711848 0.5187270553207043 0.7074599741407169 0.4937416546322588
0 0.7799422068163011 0.556123853209857 0.7764650207553221 0.5843802543574262 0.7569024835708109 0.5870495243951604 0.7000622944020904 0.5594954152417548 0.7000464726093091 0.5498003965719671 0.689368526679802 0.5441749229154803 0.6871318643886299 0.5394956638791301 0.6985790706700391 0.5373412828450671 0.7004587512711361 0.5270535483377983 0.7052567993272709 0.5261048751947776
0 0.6976279390041342 0.5052748299551028 0.6837069021457982 0.500617486150089 0.6768655824902288 0.5052391945687099 0.6727334178051785 0.5011526513698408 0.6379758325147984 0.49505775818761166 0.6043736743290735 0.49200345151896907 0.5934008046191749 0.4984227641584853 0.5904100891381616 0.5053342310627084 0.596659717340785 0.5071496529767999 0.6027482130679551 0.5258869653382812 0.6137223120392957 0.5312359475382938 0.6729450888125812 0.5427365540306369 0.687546601573341 0.5402854053240194 0.6988156243250732 0.5335896012280291 0.6999102227814871 0.5213867027415225
0 0.6955657724583131 0.4698321094620927 0.7011805462446938 0.4901886376378852 0.6881200127106216 0.500616666642461 0.6737106613801568 0.49965181482149995 0.6069058750313578 0.49052207167908074 0.6010703693827244 0.48361224379011386 0.5997653291803499 0.4659995344553532 0.6029932129471184 0.4612205333538568 0.6472733170623504 0.46990031367898627
0 0.6859326596899569 0.5426749058747675 0.6973069033146693 0.5508869056894109 0.699944324889934 0.5643133297601561 0.6849286895751839 0.5718588844416489 0.6176355887542563 0.5664216332832824 0.6065872978647769 0.5596707370924469 0.5988696530921623 0.5395120540316907 0.6060661105456436 0.5322048968973951 0.6137965039574345 0.5326378615291165 0.6725157590965308 0.544020088755489
0 0.7016470512227961 0.5612524670304893 0.7005220384422615 0.5658336230169493 0.687446297746129 0.5724507807715018 0.6867220442496872 0.5857791017923569 0.700539704127206 0.5931810839460305 0.7395188531828353 0.6085753055679746 0.771241330767463 0.6219173467438859 0.7757109675654807 0.5959709802979994 0.7695051169568752 0.5879357298746838 0.7603237580293165 0.5906228176056145
0 0.7020800687231726 0.5952738168242243 0.6866338744309303 0.59233461139104 0.6869312567342057 0.603826414774095 0.6762247403727409 0.6082316408768553 0.6823272140005292 0.6190115296488308 0.6889173874697252 0.620214779016989 0.6906365502260897 0.6327330823768744 0.725260958842253 0.6398350188274814 0.7499639332416346 0.6532573453600864 0.7714961647381626 0.6513972734756938 0.7746930195500895 0.6331123824543865 0.7731368331613415 0.6213246309064049 0.7401409589599018 0.6097599177353085
0 0.5918455899934213 0.5678916943288911 0.5831675704455256 0.5774345828547428 0.5801585870173631 0.5857676419986476 0.5922968323130664 0.6061373037695482 0.5979658684327996 0.6049274743876011 0.6432109584104417 0.610479445040508 0.6679425753471446 0.6109261290348431 0.6764880688619332 0.6055898078641252 0.6871371805114619 0.6035732025894314 0.6863260998289413 0.5920819165109211 0.6858902803074151 0.5857641248130183 0.6855988978167984 0.5735474762368166 0.6350838548760226 0.5709942503001345
0 0.5948595902791783 0.6075873598505854 0.5872447891106959 0.6122949443347244 0.5787717649542419 0.6170832732995728 0.5888917758428612 0.6414986823785348 0.6388638002818873 0.6529647223257983 0.6881696827550619 0.6518434917828124 0.6881423489591405 0.6216079635632228 0.6814334147698398 0.619465645473993 0.6713754672990309 0.610603151112006 0.6446856726300165 0.6105436392764679
0 0.594706252365023 0.6439957410514087 0.5854117415855241 0.6533936908605916 0.5982027127919979 0.6736342952452267 0.5988683530720899 0.6814186932689158 0.628363139149344 0.6875054504546726 0.6543882969097853 0.6893863091996413 0.667285965410723 0.6895934354092325 0.6872171751561884 0.6750682973819607 0.6684429667152786 0.6568111977825207 0.6397101122720563 0.6545762673682539
0 0.6538685987178813 0.6901116716973328 0.6694868782709218 0.6985863249861769 0.6714589737440737 0.7157183531704548 0.6674959776597593 0.732867600513828 0.6304588597723572 0.7309404356063407 0.5977485898182207 0.7235326797258127 0.579241941872322 0.7208768077489042 0.5696659528569713 0.6971543295924807 0.5834342570294427 0.7003912942647575 0.5972139705139572 0.6971330969473094 0.5992312015495221 0.6834816047061283 0.6287259876267763 0.6895683618918849
0 0.6615246514231258 0.7331588157758581 0.6645480542778882 0.7471478294415882 0.658820466540661 0.7664248513724795 0.6100099585780256 0.7654024259975438 0.5729003713322889 0.764023253295926 0.5655019748672911 0.7574811162293368 0.5614997339892528 0.7460871248762851 0.5600121054003564 0.7381094752303706 0.5769467444012215 0.7350279792903986 0.580148812223023 0.7236326501086552 0.6112270165573537 0.7289616132215676
0 0.648122707528403 0.765604869806713 0.6584109774435372 0.7807368429610465 0.6657731392293678 0.7875529761305705 0.6559236989503165 0.8075560294734995 0.5701490441443732 0.808861319451767 0.5632941678668846 0.7982092408411564 0.5600290332557537 0.7844459103728049 0.5697345381896548 0.7751445863747347 0.5745696750027811 0.775433794893727 0.575729184736134 0.766665919599815 0.6106145388118261 0.7672396542373777
0 0.568214688407667 0.8058639125642341 0.5606480329161543 0.8086052114222735 0.5595004341806039 0.8156807971930208 0.5440042747201465 0.8191004834718872 0.5438856664278798 0.8408262511700961 0.5476824102287172 0.8521719296175911 0.5979552197273652 0.8501479662850918 0.6481312361863139 0.8472537017382319 0.6495796199814861 0.8266881126877218 0.6471002389999922 0.8133920299445304 0.6423251588616384 0.8094442462762736 0.598748870868729 0.8104999447546076 0.5739691082550562 0.8120195463863725
0 0.6423654070268815 0.8475932299058183 0.6414739594742994 0.8767652052888218 0.5926515405138616 0.877435069437051 0.541713592420881 0.8764775072124209 0.5404791049003962 0.861779012379403 0.5366461264203916 0.8507073300348426 0.5434394409658294 0.8506093663950379 0.5439104917950041 0.8470474170568862 0.5479484656664503 0.8533645398404429 0.5981850404859309 0.8516145726108784
0 0.6249622256256391 0.8782510375167417 0.6391306163262289 0.892882662456416 0.6363777840810347 0.9233121112125771 0.6312890045137375 0.9249408754141281 0.5384544780388639 0.9203486463427885 0.523499330337118 0.895644028744834 0.5427182591828 0.8897093957196525 0.5423181726546816 0.878314735452255 0.59284512659326 0.8791756718657723
0 0.7502574862383626 0.6556642640754977 0.7752941829766256 0.6600759184903904 0.7742458395057075 0.6903032584203451 0.7581268336624206 0.695115115711868 0.7021332164997018 0.6836711640678069 0.6886100953637867 0.6758224687303981 0.6710691923927188 0.6579361911018567 0.6896277915261928 0.6541894016719554 0.6907508457284836 0.6345471567120042 0.7249569579897277 0.6420975910048035
0 0.6893674513011059 0.6784580902927343 0.6803983906181695 0.680773057765791 0.6661200955982385 0.6911785579139087 0.6714099166877667 0.6985661217755249 0.6741979770487623 0.7137212366993992 0.7191611817963564 0.723554935326491 0.7673208993607963 0.7329113599679679 0.7686965510124135 0.7155403099986531 0.7707034780820171 0.7017582658011426 0.7594938697169564 0.6959280225348232 0.7365604060804394 0.6937311394036093 0.7136161447935375 0.6888283960168029 0.7015235363824853 0.6854938788071879
0 0.674871133836306 0.7155997932648567 0.6684798538452569 0.7332661948743769 0.662381307030449 0.7347814886298961 0.6703745529205367 0.7523891390089353 0.7174094706400433 0.764675954972073 0.7599434433371741 0.7719724825835635 0.7634728250571765 0.7369217978993107 0.7294243134450984 0.7281796333446762 0.6915903313784064 0.718793251207078
0 0.6704902722001456 0.7529078579534471 0.6625514509726428 0.753007472261944 0.6594404465375543 0.7667757014731554 0.6532473393332467 0.7690060333857757 0.6609456699937898 0.781874974570953 0.6671711701492519 0.7877622234251107 0.7187277553705826 0.8020951214319356 0.7501786366326464 0.8067859849772113 0.7526268455199153 0.7896670960465625 0.753392817054316 0.7741187608166286 0.7249700503095473 0.7674364932919806 0.6948754074516345 0.7608526763140676
0 0.7338381170592055 0.8049103378161582 0.7365527759208106 0.8220142479987462 0.7296973095793443 0.825071883601502 0.6958806729371445 0.8215451203454635 0.6506972636913784 0.8175578074945135 0.6478362382416527 0.8085294512389258 0.6578044546608501 0.8084154400632492 0.6660463703043186 0.7906926147467715 0.6737433917328797 0.791027665703231 0.7188646335403004 0.8038475974780601
0 0.6532210561313413 0.8193799403530136 0.6500672975053742 0.8265026919514268 0.6492598810120767 0.84793943979728 0.6602479756469832 0.8470821786110236 0.7170615525960271 0.8565070963031142 0.7380498201906251 0.8594754412983866 0.7393205502130185 0.8442915326401529 0.7404647633054182 0.8258830447818145 0.7302547470872791 0.8264317212224476 0.6948607947214351 0.8222883703560432
0 0.6585130592741728 0.8476573212624929 0.6444441711020289 0.849510575378876 0.6423534812933106 0.8667135179890799 0.646403656079618 0.8848686810469907 0.6904411065903417 0.8905526281179886 0.7154251243086622 0.8939688714836355 0.7334586788853561 0.8969798251995664 0.7383132152903366 0.8644524965446155 0.7273035253546603 0.8598980372196866 0.6810682813526909 0.8527143570221111
0 0.6391897978382799 0.8794863361510457 0.6332389268435747 0.8854599662082823 0.6417995350706609 0.8987773876447148 0.6402032425102109 0.9178168599805989 0.6463026621463399 0.9246574930442248 0.6938626244226269 0.93018656586153 0.7241981942581601 0.9279797907553414 0.7318101437156244 0.9192018498957771 0.7323861216497044 0.8967276641609004 0.7119237714332081 0.8953575028389409 0.6852151985818014 0.8910442989707832 0.6520820799668695 0.8879239891262228
