0 0.2253013665902669 0.10773807561332631 0.2205154445777298 0.1321193231459965 0.22149679370628705 0.1453635258347339 0.24878119783728764 0.15750409466597928 0.2788047381955818 0.1666448658814296 0.298850309675596 0.17448086905568708 0.3193622985572502 0.16993358267260475 0.3344627780939639 0.17088104830783138 0.3300517910278377 0.15995376506254969 0.31969241664193404 0.13201181834871703 0.2792674581336718 0.1188640280666089 0.2543664284338112 0.1093659544451923 0.2543664284338112 0.1093659544451923
0 0.329912718613219 0.10786712910289091 0.3202942089946428 0.13631761649355503 0.33637788639168875 0.16820805894625954 0.3595202046269253 0.18510074580783833 0.3907473296906369 0.20285311331296474 0.4131982218497108 0.21021353493783382 0.4233746313251562 0.19230499921044217 0.4155998450652204 0.1743404051309645 0.36973773350054767 0.1344078953689015
0 0.42637619816159944 0.14303889341967033 0.421477771811801 0.15646236355531581 0.41660221607580983 0.1756171439961144 0.424198659254725 0.1919781909562189 0.45714152765310856 0.21742148580398776 0.4887244145129739 0.22953156048349013 0.5126889119460043 0.22839866496210526 0.5214852423667867 0.21797375995440482 0.5250913746536012 0.19956161350158183 0.5124172376779795 0.18617110249337943 0.48829541904596074 0.17373298707180376 0.4678035276804512 0.15746342256692838 0.4493611951978477 0.14636056933828856
0 0.5438409546070814 0.16701139210118074 0.5254663096000122 0.16425308272362985 0.5201892508402527 0.17758753537974634 0.5199011765196333 0.19157437205645922 0.5346477429919683 0.21586290464605032 0.5609965392220262 0.2262218913988645 0.5907530271417332 0.23738203546744027 0.6155863693660595 0.23853556523776795 0.6209073206216584 0.2189649590632171 0.6202378407934154 0.20631461706729018 0.5730852838975339 0.17909220511679022
0 0.5329548702711036 0.2139032876085609 0.5231771907217639 0.21108398992752397 0.5224427965156492 0.2166372652736189 0.5210407712130665 0.22723897275252739 0.5168767390693828 0.23510916754207797 0.5190598241715824 0.23926619239175093 0.5216672829113574 0.2549748553312589 0.5534724053480828 0.26245232361170007 0.5869704005056732 0.27188940892963065 0.6041423851732125 0.27488550908187565 0.6136310660360451 0.2828422563752553 0.6176844425742425 0.2817130583174204 0.6193516715836374 0.25139320385664604 0.5896171299118502 0.23711498302885306
0 0.6211524268123259 0.2200636629693089 0.6153412631753921 0.23743686133167619 0.6088386734622955 0.24527779445733375 0.6207326750041879 0.252758960201325 0.6196882602295339 0.27541714898335 0.6386418269755045 0.27674994620058585 0.667796522542503 0.28360429212432353 0.6870619585887878 0.28553095003436985 0.7102234499742816 0.2727573989436207 0.7097752813570112 0.24662506348426227 0.6628687550176845 0.22935074250422427 0.637967725317824 0.21985266888280766
0 0.21744341716808974 0.1464927238925687 0.21330225563821326 0.1600942289872723 0.21265841952144016 0.1797233584896092 0.21410711041752495 0.189433658685377 0.22932009429150002 0.20133890171762836 0.259500031482895 0.2152012968116689 0.2854253784412649 0.22285803253901829 0.2965392445494279 0.22442985301879834 0.29805284982338454 0.21593653587254436 0.30560170304291 0.20313618809360223 0.31085773992063725 0.20176919926107337 0.3245333235409609 0.2075870620700553 0.316112852432477 0.1915528233641741 0.3063342485172498 0.17988413861876687 0.29991944379583224 0.17525276470755566 0.28045279405471946 0.16599124937298315 0.2467545095681889 0.15806869369489673
0 0.33666780944408314 0.17191999639828714 0.3202530895964658 0.1691019312051002 0.30706864272336454 0.17433086327267192 0.30771525193780025 0.18124989496344582 0.3178057251533417 0.1935124404016634 0.32622619626182564 0.20954667910754474 0.3659167605639732 0.22824774473574774 0.39148634572618923 0.2415467732887211 0.4099945169525521 0.24329539623970917 0.40963690642462336 0.23123891493659268 0.4110380073613185 0.21178782039331392 0.39143783140091215 0.2035359914853042 0.35925315218833814 0.18712011866096376 0.3436167190426751 0.17251262460324748
0 0.42353102815825705 0.1970266230890325 0.4144895915468072 0.20635282419064108 0.4115071978606212 0.22595269202908494 0.4110627267069008 0.23521790482720753 0.4215098860844835 0.25068754450417136 0.4406866127732018 0.2562371223867162 0.45347140535430985 0.26288663666320283 0.4704650469408286 0.2642791896960747 0.4800643834091476 0.26549494025773857 0.49736989429598055 0.26748135398342093 0.5017360645003797 0.2757954036827667 0.5095748407722996 0.2667069933558523 0.5155872181040614 0.2566686524180112 0.5204646225718276 0.2552126461059531 0.5188595348426419 0.24078072203159495 0.5156073156202061 0.23585180153005347 0.48865765140332706 0.2300364036967715 0.4556937611229113 0.2165605726725901 0.4282081432970829 0.1970851464168185
0 0.5215337566920639 0.25598454175782165 0.514629663955199 0.2580051470987971 0.5098199469629672 0.26780569726194403 0.5036740434119118 0.2788537246263479 0.5030969704047855 0.29797801091540344 0.5004483922668334 0.31505366268744045 0.5024321124059801 0.32957460424132773 0.5075536986985262 0.3203679147709912 0.5115842046229162 0.31350740640800334 0.5190214778710679 0.2985986682964068 0.5220724833986758 0.29619273137342206 0.5295783684882495 0.2984779241772846 0.5475972516991648 0.3068785263804595 0.5592461470503899 0.31326098821835896 0.5689122466283556 0.31397189556674143 0.5839459630554226 0.3154242044152494 0.5936120626333884 0.31613511176363185 0.6039686639216294 0.3175288972843538 0.6112952815642949 0.309361155904473 0.6149023382169968 0.2997983965160202 0.6153019925089901 0.28791995017196176 0.6028729617240358 0.27562814306985123 0.5862131356857511 0.2717113739705725 0.5537842746483971 0.2630461843045105
0 0.6203787619398091 0.27610002715568943 0.6181298380938504 0.2812972325836682 0.6151684662896966 0.2889296365985245 0.6143901795877423 0.3007190654630539 0.6382211508014791 0.3005958563682317 0.6630106005299659 0.30798553965699377 0.6823208534379778 0.31252543111297587 0.6951275922670055 0.31605686863024535 0.6943684787153084 0.29818005954244675 0.6953251084982833 0.28799417779729053 0.6887767775575722 0.284372490312642 0.6688656566627391 0.28437618777619206 0.6389536962758189 0.2773438068933962
0 0.6147020488880565 0.3013129261558643 0.6111617553450013 0.3103708423310357 0.6044588763029644 0.3197263050965373 0.6180896430615609 0.32293093435958353 0.6195602802055655 0.32952315779613417 0.6204977368382832 0.3490035140033059 0.6438613662844924 0.3524142074014533 0.6748863532874887 0.35398233041768323 0.6920802842029476 0.35386035381071107 0.7029261735066361 0.3486021600792463 0.7047717455970516 0.3198858527378449 0.6625652050103581 0.3084013653907461 0.6386665463210869 0.30018003063447934
0 0.5212932723308341 0.29913277317358117 0.5035680096358631 0.3298416566799149 0.5055755247547046 0.3589432956033254 0.5101771674833533 0.34904262603490294 0.5162135559536261 0.34027458491008106 0.529871989004194 0.3375874098867933 0.5714328447423392 0.3510022526074886 0.5987611413691794 0.3569066679202996 0.6147752825589159 0.3627537923931747 0.6196737089087143 0.3493303222575291 0.6185350385811688 0.32251510862583127 0.6028775835534734 0.3198750783917024 0.5926545084845259 0.3174716064444178 0.584948334066012 0.3167009432803992 0.5582218297918806 0.3151023261124262 0.5472186192892039 0.30678950890093043 0.5298234746789169 0.2995766280833764
0 0.20310574864662323 0.19881961560262165 0.19624924586914788 0.23000161568264368 0.21005928007465274 0.24365917912943333 0.23972705863679317 0.2584422431705076 0.26300290309132346 0.27432524360552374 0.2791953873620806 0.2817759151977719 0.290041276665769 0.27651772146630715 0.30596578413205144 0.2771383788473105 0.3180362800231895 0.26852431758193435 0.3176329282676461 0.24500521566851186 0.309903883235325 0.23850324219934024 0.2978534848603317 0.22630045257675868 0.2579187387334042 0.21535007010683413 0.2281841970616169 0.20107184927904118
0 0.6210547123292648 0.35069607860220814 0.6442399986944535 0.3525032248809823 0.6941517893337734 0.3559089883277295 0.7114134077247669 0.3641315555718461 0.7144214451224229 0.37681115923166614 0.7137327921439226 0.3938270551880672 0.7045578293131791 0.40416294271623854 0.6879876369983484 0.40547264070883143 0.6693898320485316 0.39849755066597164 0.6398565040715722 0.3915541872627049 0.6220836514172117 0.3931016760299921 0.6221714364088907 0.3806293689931232 0.6153542042978174 0.3613282802328597
0 0.529047961074625 0.33791421814101646 0.5163529394588504 0.3429083446371019 0.506199263355333 0.36013101698894623 0.5015239969482823 0.3777712677899007 0.52170309464759 0.3845975845375955 0.5556913021865151 0.3962320776677095 0.590347140821908 0.40281813866501004 0.5999245310423074 0.4071519659858911 0.6198566738191726 0.39518080469875355 0.6219711470799504 0.3821438986329673 0.6147085194492692 0.363258635606456 0.5998970385990624 0.3571737203588867 0.5713660816326924 0.35150709582076994
0 0.620056963148113 0.3936662750589095 0.639923267181219 0.39104934404942354 0.6709043616883756 0.39885362058408785 0.6872303721784264 0.40529460574977333 0.7039789075742777 0.40558845487655343 0.7097041349513076 0.41838633767979555 0.706765633760961 0.431750051999805 0.6871663821664422 0.4323476101561654 0.6502387490712831 0.42522744428169057 0.6339575554429593 0.42139969266194094 0.624113112783973 0.41908523819418536 0.6077651560460023 0.4157623297877171 0.6005930865046628 0.4109529209174478 0.6010604282721903 0.4074190184244782
0 0.31041234440102944 0.20218502499482557 0.3274288566013555 0.20930888833285052 0.3674980533134641 0.22809897144058264 0.39079584401591405 0.24086389511638154 0.40703406951428583 0.2597771873189358 0.4066344152222926 0.2716556336629942 0.4101765574971228 0.2802964916165633 0.4078608705415172 0.2859985402578234 0.3999105142982234 0.2929785602520833 0.3899554160337506 0.2974051025160434 0.3740976716771149 0.29627960192175873 0.35231441061450897 0.28387074816407615 0.31792470005181567 0.26641592724927987 0.31925903787886406 0.24746967591928257 0.3104160418645795 0.23758257325230656 0.29892261898056793 0.2270723482286272 0.29595939844463903 0.2170059781147431 0.304844438222988 0.20295815313454413
0 0.39464893122517103 0.24124922669839088 0.4109968879631416 0.24457213510485906 0.4199505395829124 0.24771824104011927 0.44093171896386923 0.257335826292808 0.45302600983470204 0.26330246239695515 0.4958553646561365 0.26712528406530467 0.502850015482343 0.27918053288057115 0.5022281256134896 0.2956915856236908 0.5008937877864412 0.31463783695368813 0.4876425778036931 0.32037161223454125 0.4639661546912821 0.3075176710792133 0.4377728309284376 0.29303092114061924 0.42452069657980196 0.2899153093571021 0.4098427419488888 0.2828207076829701 0.4069462845226068 0.27224949435580464 0.40672220021397154 0.2591833266261254
0 0.19902408202134286 0.23554185192501023 0.19019666221854736 0.2514102388478117 0.19027964987436236 0.2722067076693671 0.2034544543690594 0.2904146540578229 0.2259835204506656 0.3075163868805491 0.24443155759412 0.3260196769999293 0.2610800771827769 0.3313503987097117 0.27718352366910337 0.34080280465364127 0.2893668853374344 0.3450837559441203 0.2922955273290637 0.33632821549959396 0.30318378924893274 0.3209443380010864 0.30316304233497904 0.31574522079569756 0.2980300068924244 0.3036777479092799 0.28780626836713497 0.29796869481275823 0.28723960981893837 0.28886360357598057 0.26285213956832254 0.2751025837896337 0.24191931456153748 0.25932053865029625 0.20938969481665953 0.2455340923971104
0 0.31758390596302033 0.27097083717253967 0.3067147138932804 0.27549851534536424 0.2904304149047561 0.27544766241168633 0.28598684243029615 0.28762466746330756 0.2885537794175296 0.2976722330392843 0.3004343226956769 0.30424300890428946 0.3029406960048736 0.31474853939517144 0.32128667564238367 0.32331156001867917 0.3723033107628868 0.3419165560054154 0.3870320239725852 0.3430182974009464 0.39262798339356775 0.33819527549719747 0.3996982180013856 0.3275802128411119 0.39923277842722094 0.3203877328346708 0.39549438464333586 0.31384238343650467 0.3933513934023596 0.30058906345619124 0.37496559700076637 0.2976831249529776 0.3521337125289765 0.2828712167047776 0.32578661913531914 0.2705382987244734
0 0.4119777674522751 0.2856078257687123 0.39965420857774137 0.2930990036337266 0.39577561758765345 0.2983257833910538 0.39565616729540454 0.31529702975193596 0.4021025338046381 0.3281454738361214 0.42246870026322647 0.33482242773868126 0.4436636883642 0.34594407215825074 0.4597671348505264 0.35539647810218034 0.4811031586896149 0.3627736516317923 0.5003982487936713 0.3668377746769633 0.5035886695039771 0.3549976946709959 0.504718178316321 0.33149372465854493 0.4861091970527102 0.3195634464892693 0.4647930815956633 0.30935773189951027 0.44042551972708893 0.29276817105301634 0.4238583107304224 0.29217860163371745
0 0.5218769854346992 0.3865257938476896 0.5023794573825788 0.3786364483418454 0.49369223478598606 0.38273270610915344 0.4824804075619796 0.3952072909767983 0.48906780980932807 0.4043112641710263 0.49844365684210323 0.41643182607622126 0.5205877554096231 0.423054572917454 0.5417213413006475 0.4266065239863929 0.5556618881639561 0.42563415101015617 0.5659868456632776 0.43325581533701446 0.578674625137944 0.4310445062481046 0.6016060515199413 0.43171370919556945 0.5986151687864507 0.4248718980239293 0.600816208109727 0.41358427829272976 0.5980070164103466 0.405368572376374 0.5566690467128024 0.3965943137203067
0 0.6072816444690898 0.4155765230512323 0.6007556444316903 0.4140422432076351 0.5987362961425242 0.4239559681941188 0.6022929988922993 0.4318752123370007 0.6039514807089815 0.44879225163655595 0.654057983595109 0.45821140481579875 0.6802831111007807 0.46343259436037765 0.6989717258925575 0.46404870828906514 0.7009495803538162 0.44373674889180365 0.7001000117974772 0.4340929411694052 0.6886243444154578 0.43517261022574627 0.650276418919492 0.42521250447578324 0.6234249077194992 0.4193718468748679
0 0.19283432874882056 0.2838099801111602 0.1850896697481933 0.28953177124921686 0.1817314591773801 0.3073768587656074 0.18984119574383124 0.327432978181581 0.20808362206923853 0.3370874270844945 0.22509383340850592 0.3468544286928032 0.24286330959327934 0.3559125730100175 0.25803147640574453 0.3594786490859166 0.27693984985877684 0.3674735074664892 0.28700129088523096 0.3693952975927924 0.28921981630545157 0.34507072985750664 0.2775065409047385 0.34054218295378863 0.2617303319100016 0.3315089797863355 0.24365762251642603 0.3272600380788812 0.22634260220368912 0.30721670676925833 0.20356071742684267 0.2907685947244086
0 0.3044604429201992 0.31537774911993327 0.292901541712055 0.3348442824557149 0.29100416748062385 0.3441591918389883 0.3043684893732622 0.343751729364584 0.32348577884115864 0.35268306691343615 0.3602774394175568 0.3688754644020051 0.3899496132732529 0.37851355822239513 0.3928151683650542 0.3694262707163069 0.3962692718944727 0.3609210337329509 0.39351595197659656 0.3540621837187472 0.3905537160438563 0.34626685453626393 0.37236719571168825 0.3428785180380276
0 0.3993982848234334 0.3297116243239221 0.3931534496514972 0.3366733904665051 0.38878807073100485 0.344520702968067 0.3944841328369667 0.35428980559593226 0.4031034433863597 0.36208408426863725 0.4176643558988869 0.36772579940851946 0.44300856255873244 0.37989582655704096 0.4600756793672961 0.3892325255607409 0.481945500870735 0.3974799469682595 0.49397913957790385 0.37945606936442816 0.5018571032617782 0.3777587495859753 0.501077556789284 0.36603976415271106 0.45982541221612194 0.3558975947882066 0.4220460770346991 0.334592498853631
0 0.30493799573540814 0.34450492420561973 0.2921179894915763 0.3443445113431271 0.2877051373868006 0.3723186835265105 0.2884588707790521 0.3801055001372204 0.3324765903301862 0.4032954023326661 0.38424714410266675 0.4245032103785445 0.3871567522455192 0.4213824609872314 0.3910832983757215 0.41326918822143005 0.40331251778334226 0.4071078958700501 0.3993224385716415 0.39142619465428075 0.3907139237899537 0.3836951011697776 0.3898181400139893 0.37967969408852137
0 0.4033893459565248 0.3633706899536298 0.39687739566651914 0.36136411249902295 0.3917500688205991 0.36776827631618425 0.390611976621864 0.381768730146417 0.40076721683916194 0.39129026509682774 0.40475729605086275 0.4069719663125971 0.4239672538087989 0.41006147588274305 0.45437028594371054 0.4229165179551025 0.4937469846234981 0.4326496845501276 0.49852752218500973 0.4180787770130007 0.4886973305152766 0.4034020536535666 0.4833652647686611 0.3978680642213088 0.46136685307925784 0.3888913735867314 0.443010886752631 0.37934422924525985 0.41814297013599844 0.36779050744918135
0 0.6019232010881944 0.43192415782341914 0.6034716156528364 0.4498854216947226 0.6016215824065048 0.46657210076682737 0.5777121380828191 0.4747433488308779 0.5290358797460748 0.4652018349195126 0.5021131909824151 0.45839663894611965 0.496903124011701 0.4519401302608154 0.4954157088350096 0.4335176067629886 0.49946340917659726 0.41639640354144275 0.520891930202117 0.4242879098884385 0.5407937773998381 0.42754008449311964 0.5556485041828856 0.42580086180933385 0.5665566332279192 0.4350238021677564 0.5788877998036297 0.4307888808397371
0 0.6034716156528364 0.4498854216947226 0.6029034141179848 0.464971059812537 0.5940316947411985 0.470019306313232 0.5986326123969219 0.4891738224664668 0.642058700547329 0.497956608245342 0.704612850895394 0.5050536422945956 0.7044465260812899 0.47124688608696624 0.6795385062490342 0.4653909448437019 0.654060595752895 0.45844981931285606
0 0.5978187241812357 0.4899336766849782 0.5809309659880046 0.5097433573204385 0.5861619291310463 0.5214363869320339 0.5968461122320888 0.5296554755201422 0.6298938587857227 0.5359982857809906 0.6669909948099759 0.5413907152256892 0.6818256699852118 0.5425003828183104 0.6879908309908092 0.5363402165529517 0.6962525564880886 0.5359045663174894 0.697388959557792 0.5057332900818606 0.6560794875068787 0.4998261300564746 0.6103337334853143 0.4924003876800871
0 0.5022761375384556 0.459861750342957 0.4959070821966787 0.46216917456159456 0.4917975379026244 0.4716662262069657 0.4848385402891525 0.47573735641442866 0.48569422084949376 0.4854505440484991 0.4911491299365265 0.49814742543040835 0.5153853119368089 0.5009918113627304 0.5564098386557804 0.5063563792443256 0.5733611299305099 0.5103416725904361 0.5808900182078656 0.5073557266705547 0.5981036695131775 0.490476268828769 0.594377639461091 0.4701006388304996 0.5762063604273481 0.47534053801485426 0.5294428238539179 0.4648219078102569
0 0.18522853413326879 0.32658879570494764 0.18045261029835014 0.33770827883877425 0.17743701540298285 0.3521797756609086 0.19099480779478373 0.3690786417508101 0.21161282249701502 0.37980230286971545 0.23761505266552319 0.38591549585278156 0.2669486507928144 0.39183251700568666 0.2798542513282589 0.3831140349517943 0.2866426008002718 0.38177183813463156 0.2858243735190697 0.3712959257700203 0.25724445671845786 0.35967978567607245 0.2436462424562577 0.35697250220851307 0.2283926670794283 0.35289665373595797 0.22648520926725607 0.345102816102606
0 0.28913596533697816 0.38235803472204893 0.2785344394179203 0.3847625141565821 0.2710552153964512 0.3913289033363674 0.27135034273034264 0.4085375301684931 0.2867304012502684 0.41998850442624486 0.28702465899551 0.4288721523163333 0.3116864315241549 0.43956712634433986 0.3552902119108774 0.46255049832640843 0.3737908331510924 0.461513424445338 0.38654930481391614 0.4483531184464013 0.3826509366828239 0.4361736715982702 0.3809525449318461 0.42402175238950507 0.32806705053640445 0.40179438063718176
0 0.40615632396002677 0.4084007522257702 0.39197220297329266 0.4129011098041455 0.38782434691060674 0.41927132715376964 0.3832574891368825 0.42603272871218306 0.3858153996281115 0.44279395660525456 0.38856086086236064 0.44980542582102806 0.4290629850810188 0.46569358621769213 0.4600519443229394 0.4729791723755928 0.48410542522022626 0.477165131405612 0.4932606560858491 0.4690340053906699 0.49738612724171094 0.4489471319971238 0.49635796431066476 0.4345043222658885 0.455688935078511 0.42543261870636995 0.42457349269349404 0.41077190676327247
0 0.18963283483674626 0.36826874569386564 0.17578339346565303 0.36746116853998717 0.17358515626283816 0.38408359878469556 0.16669357814320263 0.40009230480262065 0.17771584495059844 0.4139465990433726 0.20380239721450405 0.42497654254990325 0.22978398165348762 0.4340230373731218 0.2514490658389903 0.4396062484990357 0.26657615807272345 0.43630697118639405 0.2776603620686928 0.4413613599066886 0.2867106251093936 0.43124678520843457 0.2874427911178987 0.42015598916550695 0.2716437308869345 0.4090961991165443 0.2720609934206735 0.39205505702368076 0.23755224588829993 0.38639042243120186 0.21148720894256845 0.38075215602655593
0 0.2950287221415893 0.4322230065531081 0.2881354048446543 0.43158175468695875 0.2784355587135464 0.4410539180675304 0.26835713274179934 0.43672568303454923 0.2576928000455182 0.43960508904750273 0.2616118139061349 0.4488512340554814 0.2842835457045096 0.4634855778107458 0.28047210843476417 0.4811978183121908 0.29484464975316815 0.4752726809985548 0.3104750657933373 0.47649897000058844 0.36788612650345415 0.49783154387480333 0.3701480400721421 0.4890591659937118 0.37756445731638777 0.48296770339234674 0.3695388788521343 0.47422517205368736 0.368469424462039 0.465648966002757 0.35736457473654515 0.46352787912261495
0 0.386842692970508 0.4489117873944526 0.37456602979594605 0.4612059826061798 0.36872065157093215 0.46374925968907604 0.369915719515474 0.4713756125831659 0.37963882014205563 0.48394508418855325 0.4359184892735037 0.5055013575322952 0.46112487706763367 0.5148552941946719 0.47616851679461897 0.514964245300603 0.48253612537829393 0.4973632748081552 0.4812145742906558 0.48236179612886865 0.4792864707489591 0.47750126033566914 0.4598213629435708 0.47194557684912136 0.428476208767835 0.4645762483215896
0 0.48760630695845425 0.495127439564417 0.48004363043023746 0.505102057162775 0.47880901020394606 0.5199922658330646 0.4816181478040682 0.5348537874124552 0.5243615398618898 0.5449028717681802 0.5644859538285585 0.5553156126933286 0.5849353243399947 0.556205772765305 0.5899185750588083 0.5240782501719907 0.5826681932394084 0.5150282769941733 0.558530390246724 0.5059255674406896 0.5174638746217062 0.5026367251918449 0.4926980038567888 0.49828328142256373
0 0.5953458211614335 0.530251136239921 0.5874897564766248 0.5396670848902277 0.5855427463827031 0.5543898088212552 0.5792155596694274 0.5577991966913608 0.580851144643182 0.5704260424785462 0.6000013489738041 0.5700313799151581 0.6302564030299201 0.5717578042319119 0.651439678727161 0.5782071261450351 0.6646816980555459 0.5808306672429635 0.6762683562693015 0.5820856433358962 0.693595424883149 0.5788138936626206 0.6935497854808513 0.5430556026327396 0.6809995102905722 0.5435328481142258 0.6672128756967023 0.542250344381927 0.6301479568503991 0.5364744397804512
0 0.6957325944860402 0.5793163478804069 0.6937666778398932 0.6136223315356611 0.6799593975164988 0.6152731296435149 0.6634075255475049 0.6182374374776324 0.641428407475886 0.6150288592438197 0.6061023022509598 0.6072132912287667 0.5970296543034351 0.6036112098830989 0.5745265666958554 0.5988103671747634 0.5729116274516255 0.5832502195474256 0.5770181920552622 0.5827466058781063 0.5814800820040645 0.574001755636381 0.6005253185097646 0.5716236443896808 0.6304869844092886 0.5727913997583834 0.6517958736609762 0.5782908685146662 0.6662320913452533 0.5802157835646472 0.6760171291604083 0.583985349649577
0 0.16920224213322282 0.41148884120380247 0.16143955345687339 0.44387786258902767 0.17218450843392213 0.45800201292973103 0.2167730719514525 0.4760235909503286 0.25004714758449864 0.49080520383590964 0.2623285292762359 0.4867337992768251 0.2700454095002303 0.4908676548070931 0.2801922635754871 0.47991552649138236 0.284532605927062 0.4635389778676893 0.2636397670987238 0.450508428148179 0.2537139828115372 0.44005626191467706 0.2282566425154562 0.43523097228451935
0 0.31098334847268777 0.4772963062768114 0.29599687648100226 0.4755126445904387 0.2817307498422407 0.4814370269806299 0.269623599710186 0.49076848621147734 0.26091434701267946 0.4875611195967627 0.26009620609884987 0.4937476631840791 0.2627768475085718 0.5030763763455061 0.2717347082124727 0.5109813845785914 0.31480923435347574 0.5240078151939713 0.3740368365193591 0.5431514732519335 0.38222339453781806 0.5305786758513594 0.3835122430221447 0.5175440070277186 0.38003790958881956 0.5109281905376377 0.36914420171834716 0.49792886630371913
0 0.15925715783597272 0.4538029603588593 0.15484449858975124 0.4904589774249803 0.16548959845382927 0.49876066004052816 0.19387515838999397 0.5077537767559659 0.22464282417300074 0.5184667311518826 0.2590824740632091 0.5277233820991556 0.2674442934173832 0.5302691670648622 0.2734219473726498 0.5113780589610543 0.26354609064194856 0.50383712659013 0.2605180158888941 0.49384683177969474 0.21761669153154106 0.47622192814156
0 0.2730999926955763 0.5171013580905939 0.2716369126515671 0.5248759722424716 0.27096855440719364 0.5397962174175207 0.3064505043273995 0.551037613311818 0.33853352703702455 0.5649593073571596 0.35158518163817126 0.5715071807372164 0.36428837311995277 0.5675349447737476 0.3791505411084412 0.5669697856509349 0.38689084044662936 0.5577714665707153 0.3844832559335282 0.5496667481116886 0.3823232496507888 0.5364011435765147 0.3753766423362037 0.5428865659853882 0.31565285393356435 0.5242061523852027 0.27791310216971343 0.5135937396196119
0 0.3797373144738747 0.4836022596676542 0.37040860131244746 0.4883678443960486 0.3712288017783423 0.5018983561977679 0.38562129197236616 0.5180398500057972 0.4190441204988359 0.5316966367845936 0.4735818874177467 0.5468382064282051 0.4781687782236507 0.5154422440338471 0.4616193710749852 0.5156107287741969 0.43675704235259843 0.5062861347169001
0 0.4775493177597301 0.5234151953769562 0.47484731678787956 0.5471357122150523 0.4757663425907125 0.5566301640474092 0.489388559875327 0.562152379916297 0.49621292273878004 0.5730351920872737 0.5084698555402909 0.5724374344441593 0.5318425957763769 0.5732932341802685 0.5467546913213507 0.5756393089200333 0.5712940355906314 0.5808286744123521 0.5783404980181871 0.580165719728634 0.5792808833831486 0.5566109415614674 0.5668252701317289 0.5554222914487891 0.5251404773640558 0.5450421874294414 0.48042863961936094 0.5345303162941764
0 0.38448016660543044 0.5200911650281353 0.3820257438639416 0.5386507957900842 0.38897544050662447 0.5617409564647639 0.41589689062274726 0.5686501596375616 0.4501134111728203 0.5795940497450115 0.4606586559239276 0.5820732646354042 0.468151377031754 0.5780358316313318 0.48427897439037526 0.5777681782953663 0.48961271899149494 0.5703236684506375 0.49008342656199205 0.5634755432143133 0.47435216032715605 0.5574574843673468 0.47400369720779095 0.5469373750238208 0.42164935568581347 0.5317292353048955
0 0.5727581454106732 0.5829125879549921 0.5708498364624259 0.6039202081217417 0.5674264603616188 0.6100741531887562 0.5632328113514021 0.6056088203166293 0.5519438021331772 0.6087537359601604 0.5072829217210002 0.6110116263819906 0.4875077891454039 0.60926193625063 0.48388573259468776 0.6136294735618515 0.4688493330465168 0.6089345780129012 0.46155220306050154 0.5851828356892134 0.4683001299251776 0.5769110055245471 0.4854700273137964 0.5786280971356058 0.4905307150182953 0.5699595925884766 0.4946744364720265 0.5715136915980261 0.5088916653303351 0.572536603039775 0.5327605918031773 0.5729291583181074
0 0.15324683456753463 0.5013560902416948 0.14987848019332023 0.5102860199647352 0.1484872602861788 0.5318330776375566 0.16001007960096209 0.5384308583824121 0.21441977318218242 0.557055824275578 0.25491445536005763 0.5651179551900011 0.2622968340472561 0.5561595493105534 0.2746916196450121 0.5478934815966644 0.26984489050520377 0.5404348076001161 0.2681384930061757 0.5312839741827432 0.22425323614216514 0.5185359747124674 0.19511396911909273 0.5073104286507276 0.16470644572501747 0.5001615395961952
0 0.28457038642345217 0.544868994452921 0.27504519549843154 0.5479766082135775 0.26200560315652144 0.5556049882224144 0.2577430621874135 0.5657829681253065 0.26036500339864055 0.5790377837801398 0.274737786658085 0.5916526098776126 0.29389409090003726 0.6039337785812787 0.3150881481825163 0.6118331090403378 0.3371763920598888 0.6184843893195454 0.35240064767961626 0.6191471004025425 0.3615526320231432 0.6271318593308228 0.36964302561179607 0.6266034725467826 0.37590233177605126 0.6178671212878216 0.3778350256192824 0.6032526526798164 0.37546246425879487 0.5881120991400791 0.35807403928393994 0.5762465635209789 0.3392089659327222 0.564519955905452 0.30620085844472533 0.5494682836133983
0 0.386877634792436 0.5596859519367935 0.37920402521450297 0.5680897967281019 0.3617959695115738 0.5673997604148516 0.3536850820002311 0.5708398806431609 0.35801169432125507 0.5767179979922049 0.37529592329343 0.5866146691094881 0.380081170665169 0.6028085434388436 0.39794699822419755 0.605550570870824 0.45250187565347744 0.6203209343772689 0.4666449097902566 0.6236459990537956 0.4697006761564311 0.6088094758253039 0.46114992112783204 0.5824945739058706
0 0.4681830399346887 0.6147718707174151 0.4831784096263664 0.6144085862410472 0.52096831170764 0.612599069416132 0.5633956877287465 0.6060467317225501 0.5698454815595184 0.6289511404962352 0.558595125602011 0.64234718600695 0.5448056673186514 0.6391052479473366 0.5182678475841161 0.6440462509846989 0.47947956290526894 0.6451349534876486 0.4688304362626895 0.6402008560072106 0.4646695017124148 0.6275564028271766
0 0.3782927974753818 0.6053046437985466 0.39913241570982577 0.6048570817791116 0.4531466823976315 0.6209586220823212 0.46683194467831124 0.6222316956401176 0.4648565366004694 0.6261420994134986 0.46895512618805923 0.6392579870647587 0.4673128000409471 0.6461632508993219 0.4588073488308054 0.6553437113992558 0.4530886534080244 0.6627488858614522 0.42447036639835184 0.6613676623087977 0.3765292341813622 0.6462078400218859 0.35949524825454227 0.6426891968812799 0.3504670906417696 0.6254978031489666 0.3521717617515665 0.6181211048431773 0.3611990561697237 0.6270487327139097 0.3695806806491112 0.6270749070180086 0.3762559076294707 0.6179502479047347
0 0.15664086203213212 0.5390970222438716 0.15144228342813543 0.5480827533535723 0.15275411722836457 0.5629739270425699 0.16205214861456657 0.5753678494457104 0.17991797617359512 0.5781098768776908 0.20246399190706715 0.5868131482756286 0.22118301821560982 0.5941305924162953 0.23624159606458794 0.6015596393302824 0.2545643322851004 0.5980898920194122 0.2683537905684601 0.6013318300790257 0.2740929799139309 0.5910149221725604 0.25930427583838206 0.5787884039294003 0.2593862515291412 0.5671414701523243 0.25379138283711433 0.5653400098104876 0.21417039333144294 0.5589415621604819
0 0.2734481731697768 0.590377234467508 0.26864502145919467 0.6018863911671649 0.2543977913197355 0.5965924619888211 0.24722294144328155 0.6012248310103216 0.25015747066254845 0.6203862401706062 0.2794632786509857 0.633109216262937 0.3161736856385423 0.6504895847547135 0.3440856841359914 0.6599683209351227 0.3501588186068074 0.6609100389514205 0.36638059362949277 0.6540297984948023 0.36689984725366154 0.6473465892807254 0.35984882410796176 0.6427723234981931 0.351527818202028 0.6257471829997061 0.35144411612203774 0.62086658505362 0.33829946458283217 0.6182623346990589 0.3143809964756773 0.6116668558065115 0.2953083943137152 0.6042662850489314
0 0.4804779455028425 0.6458557678096141 0.4654825758111648 0.6462190522859821 0.45714366556638797 0.6568969428165071 0.45383765615485844 0.6653554380683216 0.462283351986162 0.6814377096243566 0.47422209211704963 0.6876471825148993 0.5060225618074975 0.6897765456197723 0.5211007703845497 0.6860300932279094 0.5432923470699867 0.6863864721473529 0.5602007798768214 0.68258421836883 0.5701000405779513 0.6766479977808176 0.5715544686423932 0.6628932714983512 0.5663114494145547 0.6446474060502657 0.5594269672342197 0.6415705702983244 0.5436202498330232 0.639798737039049 0.5185590784748508 0.644600812072838
0 0.5757699794038127 0.6006923974529298 0.6064687336886225 0.6083958475956014 0.6418263190305704 0.6167085092869181 0.6625830983796398 0.6196441151829781 0.6815711352669962 0.613900322132891 0.6780806805512587 0.6485644183831266 0.6541630756387194 0.6502327053521602 0.6280616706429784 0.6518736670909409 0.6072630402539139 0.646497762221838 0.5958239230191208 0.6447805794230687 0.5785815450869409 0.6373242072788284 0.5692220319326697 0.633665485208495 0.5688266050392551 0.6311420596185388 0.5630421118753269 0.6059636051056368 0.5678469899751402 0.6109819801291422 0.5708412745732453 0.6048806572334575
0 0.5753575113661706 0.6341357687535668 0.56938943609265 0.6434266811006671 0.5703058429994645 0.6557944291997085 0.5779606850439389 0.6668298495758314 0.592312111186078 0.674092643255992 0.6107808944492656 0.6750320594199817 0.634137394697641 0.6776066826919819 0.6624439568938892 0.6813450786007662 0.6709122706036854 0.6807024164607989 0.6746964103354238 0.6720111351868865 0.6770199529910003 0.6483150385323871 0.6548078823828735 0.6508703930572124 0.6287064773871325 0.6525113547959932 0.6084903087795372 0.6482445721031685 0.5954703471657014 0.6446974528061554
0 0.6664579812068732 0.6813166024443591 0.6674367330763724 0.6932129160721746 0.6671267346521792 0.7120976201514665 0.6506760737014441 0.7179518650487199 0.6251981183325519 0.7148784820752409 0.6105563244942936 0.7153248931685218 0.5898618901079092 0.7119178528012361 0.5800659622148437 0.7115591720294846 0.5650073843658656 0.7041301251154972 0.5642156673844209 0.6908195080740039 0.5657119464888579 0.6795050807645805 0.5712854580635793 0.6759545086891051 0.5723453224292223 0.6679401226782636 0.5771911883744151 0.6671350308132308 0.5911890386631347 0.6743146978764786 0.6122575428256284 0.6748931314164085 0.63484454640448 0.6777729359258081
0 0.1463060497868237 0.5565970499920467 0.13586876792806635 0.5886557449615669 0.14512494827427325 0.5986093683916643 0.1818567123791352 0.6213417693007528 0.22112585242061827 0.6441846220570075 0.2421747258550377 0.6559385549027875 0.24570875800000141 0.6402422893487572 0.2527990426018497 0.6224655565195892 0.2487636611715603 0.6171420002586845 0.23913254785462867 0.6017532177943617 0.2218278249597639 0.5947682801213476 0.20163215027485842 0.587589763984254 0.17879490365065182 0.5783319314981773 0.16228103454261622 0.5763938450050755
0 0.5664011938568538 0.707374365027419 0.5801701582175237 0.7135280365313016 0.5895706592171747 0.7113632917130969 0.6113881661265024 0.7145482774598962 0.6261965009301254 0.7155992963972063 0.6514455703709681 0.7176466838113202 0.6534457883445772 0.7521433759015753 0.6063382241490274 0.7527344696292001 0.564908367530879 0.7517438557831665 0.5527193843546363 0.7391563549159467 0.5498062122526747 0.7253469781729742 0.564239614085573 0.720962838076059
0 0.5663850159072419 0.7516049277795932 0.5615605070793543 0.7577620520619379 0.5490196744389233 0.7616189563009671 0.5508926129033163 0.772267219748931 0.5616049477031961 0.7849936486197239 0.6014753170596071 0.789506358384826 0.6471685778414791 0.7885827581895484 0.6597290412099843 0.7735503546446694 0.6608922383836917 0.7592410672740638 0.6535081333072621 0.7516719414303493 0.6056310724421884 0.7525682163953737
0 0.14570741005574245 0.5997184905679426 0.13620357624802715 0.6081781367459113 0.13075734418252216 0.6355771374636777 0.1470850415971186 0.6471932932320384 0.1715654775630529 0.6578096277451332 0.19263484492016214 0.6666518271466441 0.21661652118461744 0.6810396374295465 0.2408057262598171 0.6911014108545022 0.2499961088648769 0.6684714053095013 0.24922574900073752 0.6605128206853199 0.24175880503893332 0.6563268627571003 0.18050475392814208 0.6205378283618743
0 0.2522789257830653 0.6208849998720852 0.24529283718389705 0.6406305972030699 0.24365137423140049 0.6557996268992142 0.25011993559563117 0.6592647705054683 0.25317829154565225 0.6692195448617199 0.2947969094410864 0.6853233870172376 0.31615750768893025 0.6947201475068877 0.35164064615086355 0.7103537061173336 0.359000804526141 0.6877795019589928 0.3531147049433796 0.6854234805290171 0.3469561420033423 0.6630736328434711 0.3155288788943882 0.6498518970496612
0 0.36660947955754253 0.6550557940541674 0.34737206281944666 0.6626853249891582 0.35246989819922553 0.6847857928239648 0.3607063388305536 0.6886665695147847 0.38774464465579883 0.6964816224307765 0.45677391176335647 0.7010443789517682 0.46598565148572163 0.6837664058240794 0.4539000011175433 0.6648840035970957 0.42553109395861033 0.6616170421595372 0.3770074999601514 0.6453480976963472
0 0.35912549445151076 0.686836633016541 0.35174484215354346 0.7123225706191505 0.35384752974060174 0.7322605954880607 0.3749997359830856 0.7377196269740768 0.40925474272478 0.7433426098416108 0.4284520348121119 0.749800311656739 0.44681662207261946 0.7487708633189117 0.4652230603731222 0.7501817139541274 0.46800808977125186 0.7318788961932275 0.4584401846116205 0.7242824451192601 0.45531948369891456 0.7147991052342345 0.44803871143054946 0.7009350780307559 0.38809822050921833 0.6965647490476896
0 0.46556973066961727 0.6841547136783923 0.45712748761677596 0.7011275055686813 0.44756044565176023 0.7017948203562948 0.45885610542772487 0.7238941372649471 0.4694223931849298 0.7322114026608803 0.4989972117521807 0.7318731415624572 0.5507003988475683 0.7240989279931228 0.5646555349016773 0.7205745302217462 0.5649031883631856 0.7021612606136802 0.5636323424083363 0.6814466200361445 0.5414621228402045 0.6864422735340131 0.5204559636403956 0.685392405522857 0.5052530651379736 0.690081726857172 0.4762812022748817 0.6886173766876044
0 0.46829932066198643 0.7324334572813668 0.49887252182681097 0.7328160105049092 0.5507003988475683 0.7240989279931228 0.5531353051707406 0.7387680470616339 0.5658444051657677 0.7529361045763578 0.5627459245649825 0.7570685629702254 0.5489154784362433 0.7596500917991499 0.5430515991654028 0.7709098686480673 0.45948646061149806 0.7852899194453357 0.4480242598701686 0.7616931725060923 0.4499364597907099 0.7499904373423562 0.46563898118922653 0.7497934060998146
0 0.1421554735719357 0.6431177871509853 0.1275973818136677 0.6484447961903524 0.1199058678968915 0.6845516720106728 0.13346730344681706 0.6950313803725022 0.20603491867241613 0.7252167006473688 0.2323865667135122 0.7299537668852653 0.23791736405362307 0.7156991299751659 0.2457156635569258 0.7063524162414053 0.24130621235052724 0.7038574668078562 0.24093041618518685 0.6901585419120501 0.21584702451509358 0.6813448186669463 0.1919276932133232 0.6664855739128178 0.17150313260036804 0.6582810622163592
0 0.1290809357350336 0.6936269529218372 0.12260029226985686 0.6983498092882776 0.11926121242162946 0.7147425828879751 0.11915148118203067 0.7303329666840611 0.1436738784719303 0.7397420228259487 0.1880635041608234 0.7553835350227205 0.21802028140947083 0.7650291494514523 0.23361097332751934 0.7681740228988624 0.24202774697245322 0.7488107133472628 0.22904266506240484 0.74367572871062 0.22855152831518244 0.7326289338340662 0.20679113786638387 0.7259513903815368 0.20679113786638387 0.7259513903815368
0 0.2501527488332176 0.7080366922148951 0.23821577916137326 0.7156410670537082 0.23287195729196697 0.729480362923106 0.22959964055338644 0.7453682933095224 0.24191616700107943 0.7467023230146083 0.2652139577035294 0.7594672466904071 0.3362203564269551 0.792297759851238 0.34610684285000604 0.7706772866718187 0.3466180771133731 0.7609072306604148 0.33561486661069634 0.752594413448919 0.3317379844217445 0.7376283844973864
0 0.12211377735207202 0.7315499497335751 0.11652484929199841 0.7442905416968811 0.11761777839192944 0.7596431347182729 0.13554702787939088 0.7628172698295761 0.1723859516169834 0.7735603556765495 0.22679836304588358 0.7931198694604501 0.23583979965733348 0.7837936683588413 0.24325420229167793 0.7631536199420917 0.24443306765151296 0.7483351317978745 0.2322747867686959 0.7694215001001193 0.21833215070978507 0.7656230101442626
0 0.12429963555193413 0.7622551357763587 0.11777602395680531 0.7820635327256037 0.12016124711972037 0.8024048020641731 0.17074251758728337 0.8184609075068473 0.23312723150739711 0.8279223245372705 0.24031939856488144 0.8119148825195822 0.23929323257459717 0.7960574462849092 0.23508345920329893 0.7924650204641536 0.22773397094682624 0.7949014515388814 0.1723859516169834 0.7735603556765495
0 0.2645682728549812 0.7613976020640035 0.2514277184777194 0.7603903806131408 0.24572628608038438 0.7621731951794222 0.2338140357541223 0.793207654452129 0.24136473770542288 0.7981060808019276 0.27546452521572173 0.8118489642646961 0.3428620185546704 0.8365434626852393 0.3468028907556064 0.8244564872303797 0.3490289439877579 0.813527971497248 0.3508544185620287 0.8056285150438044 0.3372455980513518 0.7993058090215411 0.33722272743754456 0.7935744987163879
0 0.24463890317577847 0.7999169245442519 0.23904997511570475 0.8126575165075578 0.2406779334586977 0.8328207508870692 0.2864256919543341 0.8440967091233667 0.3506148585666864 0.857626133523934 0.3481418504120924 0.8497571712222335 0.34152583199584696 0.8377909398864961
0 0.35331910742363504 0.7338529937661727 0.32628073384918943 0.7316605159053893 0.24246852066262348 0.7041479522916592 0.24128688220512584 0.6924182792427659 0.24997070828864693 0.6710355968380407 0.29500601882608823 0.6847467536612162 0.3166776999173203 0.6950472170862444 0.35202496462887606 0.7111655433202547
0 0.3331628803381345 0.7327579873236308 0.35496716328277267 0.7331993772577262 0.37579194583062864 0.7380953386318246 0.4097572827557464 0.7439985214567856 0.4291791156351321 0.7506468032454222 0.44868965787208437 0.7536721650615603 0.44296905232449213 0.7851212175801695 0.347442105042942 0.7605804224061915 0.33561486661069634 0.752594413448919
0 0.3486895822441988 0.7629558651774332 0.3374010705185652 0.795178045835761 0.3391387601011569 0.7997508964191864 0.352302185092226 0.806489428175202 0.44524546861369585 0.8299022577791951 0.4514791571564302 0.8063819233779226 0.4487610428111688 0.79741425717013 0.44245689369523755 0.7860418865272031
0 0.3498529719173268 0.8132011632430247 0.34208280748682857 0.8394835044853983 0.34782998111177815 0.8491633105294231 0.36268627882371196 0.8578614593229282 0.4466320182295715 0.8843643365100954 0.45135117713246176 0.8604879321907067 0.4484318490923724 0.8441854085583881 0.42339636880733067 0.8268476342991641 0.3589840422522307 0.8091014292332878
0 0.45158703966425395 0.773092765453096 0.44321323414927205 0.7773705344218911 0.4424120768335105 0.7834286529812674 0.4528601605769807 0.8077476797226014 0.4710564625030293 0.8089024419807792 0.5118582046894776 0.8044404756136757 0.5320135074090906 0.7966860949918472 0.5508765160657195 0.7839430380528412 0.5506972486188114 0.7734901038690979 0.5492037408609995 0.7611665701273941 0.5418551769704144 0.7724523882664921 0.45945053528175633 0.7874344395600751
0 0.45159073712780406 0.808490313710577 0.44531223172334267 0.8293974145659138 0.4290090918470992 0.8286877397053812 0.4482983228730788 0.8451950949849509 0.4847348192210155 0.8412684659828719 0.5195452059577343 0.8348773767300224 0.5419494325233061 0.821925790680215 0.5405007416272213 0.8122154904844473 0.5370244380961503 0.7942204022532265 0.5335280370489346 0.7970421649099634 0.5102101488303399 0.8050940921221224 0.4733950200724422 0.8089317036446723
0 0.4484318490923724 0.8441854085583881 0.4521532588141108 0.8632792006957007 0.4506186316581221 0.883739981665542 0.49099784893876985 0.8854251513373441 0.529149164255491 0.8803400626135374 0.5566987720933037 0.872762484462917 0.5566749771136088 0.8581817870933937 0.5524845036683645 0.852967358037921 0.5466565342825028 0.8452660831569826 0.5392331669098197 0.8306568986011632 0.5199238383676953 0.8349663942095514
0 0.5511883853660338 0.7845368987456517 0.5614114604349812 0.7869403706929363 0.6472256425450635 0.7904582508438555 0.6466275476559049 0.8215500009564982 0.5990771851998051 0.8239048094787972 0.5424167742908337 0.8183918881872456 0.5390529750970241 0.8113545773530496 0.5372695442868177 0.7953191061593184
0 0.5427286435911479 0.8189857488800559 0.5389212976095055 0.8300630379083528 0.5480322704282646 0.8467801547865736 0.5588132453540814 0.8597255783971306 0.600395122974259 0.8611729572942387 0.6513979939817349 0.862232539633637 0.6526459591121736 0.8405614402066091 0.6473180493661803 0.8222328791288378 0.5995893438290598 0.8229841405317635
0 0.5569868464139232 0.8587756477862039 0.5560082703830284 0.8720796062905775 0.528391899435569 0.8801620276544794 0.5281257713628693 0.891030787571975 0.5397755910799819 0.9062626364742444 0.5836073169120057 0.9113621970077442 0.6415572487862986 0.8953156334233624 0.6402621816256522 0.863778795913074
0 0.7096875422861794 0.2471484564598877 0.7475339701297405 0.2647320403612188 0.8116227893343801 0.29186308651818216 0.8079093959365072 0.3199426871401087 0.7950684185486583 0.3294698787711228 0.7671948319286387 0.3185738305616626 0.7224929723735514 0.2926229030762553 0.7063913182556697 0.31585981560508847 0.6955104730146732 0.3133017001532205 0.6966431215781984 0.28558044724568904 0.7120851881324082 0.2728044279848011
0 0.722327647035671 0.2911364031918729 0.7056689839081083 0.31858525581399505 0.7032357907614026 0.3479309225364633 0.7138054727647266 0.33642211190135046 0.7362081202662283 0.35037482225809474 0.7610880771541616 0.3620146916723628 0.78642160760386 0.36748812776526046 0.7985411075380725 0.3688898227458905 0.8047140366721387 0.36599820030517843 0.8082621047321312 0.3364320997988695 0.7671948319286387 0.3185738305616626
0 0.7152713426857875 0.336284197970796 0.702244695628045 0.3472153696329064 0.7094519792412701 0.3638686794730061 0.7265685004002224 0.3712706255432008 0.7462674801813721 0.3947211167044751 0.7723038575405436 0.4085630389066824 0.7796544083717862 0.41318643574116853 0.8008361748303103 0.40079474744546 0.8042604631103737 0.37216463362654856 0.7996559824513594 0.3686693889620498 0.7861325024860506 0.3669376145682757 0.7613771822719712 0.3625652048693475 0.7348660301250964 0.34957674950125167
0 0.7263412851723774 0.3702521190025172 0.7226041198667916 0.36840841392897294 0.7132934368886967 0.3758703241773689 0.7148025661555588 0.3945617896240692 0.704232884152235 0.40607060025918207 0.7095198673887091 0.4208248109484691 0.7113579335434822 0.4260823833584592 0.7378690856903569 0.4390708387265551 0.7531687419204742 0.44652817887401813 0.7752195375202768 0.452194922974739 0.7952669416274261 0.4511175947810872 0.8019536204253719 0.4251846528698316 0.7801707287174406 0.4147554554788369 0.7730058475560919 0.40872807861325455 0.7464328055192526 0.39620761658885745
0 0.7090154108791784 0.4209018208579824 0.7071570147243856 0.43148299091039893 0.7008192877491851 0.4342777849650716 0.7014876967429947 0.4396379137469031 0.7423463419912117 0.4587316836164621 0.7830737774582761 0.4753461426318812 0.7855204436566311 0.4551094240680016 0.7536199165563233 0.44638529435515717 0.7375776974607813 0.4392470895330823 0.711019550874795 0.42657598352593024
0 0.7017888270481584 0.4390965945048972 0.700089078315142 0.46409978362758286 0.6933846161442018 0.46619624149719147 0.6924027167571819 0.4684138574462344 0.7047254260786078 0.4706988431792762 0.7334576331842216 0.48602348175823024 0.7735311937171476 0.5110538338580423 0.7858662631266202 0.5063023941022154 0.7899621507199924 0.47880196469357794 0.7824451661931373 0.4748922965773103 0.7427915856584806 0.45883636157850094
0 0.7046598211880315 0.46945918775220624 0.7048862474720086 0.5059333096046383 0.6993470522859582 0.5061613196177359 0.698483459099138 0.5126915600710142 0.7452480347291454 0.5322556561125398 0.7659002509333414 0.5444564359477253 0.7913312977843903 0.5482929370223292 0.7935806058181103 0.5191341403384663 0.7871901775332865 0.5188559653159737 0.7733870803550422 0.5104078366539976
0 0.6980382154318691 0.5125868821089754 0.696128748446171 0.5357044186005464 0.6873158306461795 0.536386999325423 0.6823536324014567 0.5444021099934727 0.6938772664408266 0.5440507679293162 0.6955163017194215 0.5646359299285197 0.7328780590271569 0.5789288196900652 0.777336820863478 0.5881569604668755 0.7846279225992622 0.5607956185694841 0.7776341467182989 0.5511938583534569 0.7660443642954466 0.5451024331517701 0.7449469044239817 0.5327969753545457
0 0.694403192551249 0.5643742350234228 0.6936713526384876 0.5785868981696143 0.6961201928084669 0.5791626269608278 0.6951388369143532 0.5865833547486439 0.7253105471623025 0.5927586298517252 0.7430417853815323 0.5975394065563027 0.7715766343225113 0.6039419670152735 0.7776266780664071 0.6050582903912847 0.7790011198110725 0.5998723833271152 0.7764070792931754 0.5882444336543105 0.7642026761719494 0.5902720724255041 0.74402259778274 0.5849155669297131
0 0.6957281939437274 0.5873340299147275 0.6946570564758501 0.6127910650919839 0.6812481321339695 0.6169839808312011 0.6831619470629162 0.6354913390498161 0.6930476328095034 0.6249610586640026 0.7383974254732686 0.6396016672036638 0.7772642908139158 0.6459848489164065 0.7819651564821457 0.6434173402176233 0.7851463800577926 0.6349835177014184 0.7851829168290267 0.6086711293960395 0.7727816990360717 0.6069798018860231 0.7655400376524745 0.6061954418279402 0.7580623073613839 0.60198894460016 0.7515541163692665 0.6026012569122052 0.7430417853815323 0.5975394065563027
0 0.6929298701022097 0.6258515459985406 0.6832668061892572 0.6364341653653734 0.6785670275068394 0.6494078977417032 0.6800866695994224 0.6552742115591248 0.6896863025934231 0.664264384120315 0.7221632831421525 0.6755725026493381 0.754195020023613 0.6867759432163226 0.7761420825151332 0.6839782505328175 0.7806972043425394 0.6651554091136699 0.7802239795417405 0.6479049110967288 0.7610655982682217 0.6452370723791555 0.7393013598816656 0.6431808213164194 0.7388426691405376 0.6397063451657027
0 0.6772909813897113 0.6560141586617189 0.6748877504375489 0.672375484500833 0.6708303487203507 0.6813218859109123 0.6764201726236474 0.6915782812903037 0.7253139442849296 0.7148898319064897 0.7645739549319284 0.7349783656141334 0.7708034208035615 0.7204746919613162 0.7749421772810619 0.7054794870084907 0.7668929955086263 0.697519172854601 0.7535418506706304 0.687992988431189 0.7225223618981924 0.6762291181913813 0.6892483199649522 0.665212655551792 0.6804337777840161 0.6557949441421164
0 0.6774587950176079 0.692780558409923 0.6680853985056053 0.6966447783970767 0.6672398175828673 0.7120948528693027 0.6568143340706926 0.7166698186760675 0.6628962563970301 0.728638731447412 0.6872884331182759 0.7398025973734749 0.7129105723356073 0.7525330897331036 0.7360727865607676 0.7621303292256011 0.7613391747862719 0.7703060770788769 0.7682773070263968 0.7377652219756005 0.7653118190049732 0.7348324746557463 0.7248903031390118 0.7144708680036533
0 0.6586458132086094 0.7209327812656458 0.6522648339304538 0.723903702694194 0.6538528159104962 0.7517424100046441 0.6614098992598908 0.757990206766581 0.6644444116814701 0.7676458416681845 0.6903117494257731 0.7730885915848401 0.7108776912275484 0.7823948053246065 0.7260872444158843 0.792357906459137 0.7414741059771013 0.7991690457542108 0.7468574238029638 0.7946861124809868 0.7526621142826144 0.7689048067400673 0.7124869311896896 0.7521141258302673 0.6865096081035637 0.7402582230569189 0.6631970147179457 0.7299868995254183
0 0.6636655866667577 0.7681014673516285 0.6594712703953134 0.7744607617834748 0.6481721425019126 0.7874531797556594 0.6493072856314843 0.7969816326712014 0.6732354273881774 0.8134656035121176 0.7210625131970109 0.8285422547018784 0.7517672119192893 0.8354416457102767 0.7568744321445299 0.8040671621100547 0.749303317065891 0.794303054194715 0.7405449018019312 0.7989505873986515 0.726169166299219 0.7917384370090236 0.6899565655569785 0.7739631811711204
0 0.6478590538208502 0.798876702802149 0.6471509545753908 0.8223432183452412 0.651060245624261 0.8344400692666906 0.666173845200018 0.8415063286979313 0.6929024969654007 0.8513033175736627 0.7131401841108046 0.8576580750212495 0.7432848942559517 0.8669807292412113 0.7486244155249847 0.8356608602298792 0.7214042324595938 0.8295806880548281 0.6724156414317979 0.8142309639206182 0.6504143653025678 0.799477463279937
0 0.6657092431124331 0.8413970995201517 0.6541901445353864 0.841563211778951 0.6517190234291333 0.8620603182215815 0.6437663623923091 0.8624261798636145 0.6441092159009569 0.8743232814018301 0.6540308377529765 0.8862368234202412 0.6848589864232895 0.8976363443461025 0.7157550252476932 0.9049000846684473 0.7393128171602829 0.9078836657569749 0.7458957655316132 0.8762174002399786 0.7412216811972748 0.8680924861553763 0.7168300715990614 0.8623579543219461 0.6932442162279835 0.8523417509266124
0 0.6484825419143796 0.8811000274084261 0.6418552298631872 0.8805000230946813 0.6427176781303316 0.8957129302390229 0.624845096610585 0.9004532521405436 0.6273611485197326 0.917651749621287 0.6850946902052766 0.93026696349079 0.7252693061751689 0.9416283103079571 0.7280002246606703 0.9227891066683895 0.7296521269335763 0.9084866947268927 0.6852826275692072 0.898055308248939 0.6544544788988942 0.8866557873230776
