0 0.1307512907657548 0.25781151395727014 0.13943072802041984 0.29738165532381733 0.19791417349181312 0.2861854885043013 0.2486843647760908 0.27822989978339085 0.26281365495339515 0.26348403476652943 0.24307004036988283 0.2249573564922164 0.23510186502699199 0.22150044006924186 0.20124376462844773 0.23941554777730756
0 0.23713598704332278 0.1936194419524194 0.23347186262406372 0.2206280904652733 0.24503935462163667 0.22570848164835144 0.2635344739975718 0.2598322263861555 0.2952788402529358 0.2567343191023528 0.3077002649770859 0.2552059582187844 0.3451642096731368 0.24618546003867037 0.34830240700561865 0.2382757210387548 0.35073109150294957 0.22140640852508783 0.34763986808319425 0.20602427137832313 0.31310792255319997 0.20429931132008253 0.3068671955919371 0.20943829506735887 0.27757587532857886 0.19759777747906515 0.2558712232127605 0.19274476024628637
0 0.2497266618172428 0.2797971140814608 0.2634387770954954 0.2792623272496946 0.2704085998203828 0.30489632131971356 0.2652345313949469 0.31353340700663035 0.23020102027285028 0.33283824410289864 0.19538501352620458 0.34236741854348063 0.18422991786148207 0.3429584658372806 0.15834477137202996 0.3444479733063474 0.14289868006932477 0.3291157252000149 0.14047302506157183 0.2989488696218873 0.19852624034826427 0.2874215114517705
0 0.2503809240202193 0.2776237775442232 0.26380722900519726 0.26118947378145824 0.2948729715629099 0.2583340153933226 0.30876692351291285 0.2587040601584249 0.3440797172854595 0.24802760522530728 0.3550903930587557 0.26300488351190526 0.3565207249380833 0.26831264864528276 0.3469777978244387 0.27511629266932874 0.34214956889065296 0.29090328867626 0.2824176282116825 0.29769652195926705 0.2707657455210589 0.2994348497456026 0.2636206137672457 0.28016715884656307
0 0.15750867249730316 0.34571647824671653 0.15400680182132076 0.351816554052895 0.15622625866264855 0.37914769039258367 0.1651036173642909 0.38712876479990066 0.2321673050350262 0.3806255373508283 0.2808529022369998 0.36953552003377804 0.2778282356584448 0.35267491104387716 0.27335540334871183 0.3358467840468761 0.2669928689140743 0.3313313295862997 0.23201285934752874 0.3346154253037357 0.19744524611383363 0.34357095949805
0 0.27203860222331105 0.30576867092368215 0.2660949917643486 0.3141957897078318 0.24492454345475534 0.32466864915978383 0.24927556829111364 0.3318423379489321 0.27063438091528175 0.3295454448616965 0.27819668756814664 0.3346020575756408 0.2805897043617769 0.32841323931452865 0.36179573749546556 0.3217064163842908 0.36316429109979415 0.30861013669883125 0.3615521225487163 0.30239753996858526 0.3575160480665087 0.2931717390900329 0.34359773462183085 0.2908708066833601 0.27381955216049003 0.29834382971510076
0 0.15992302129603042 0.38849471571896954 0.16384556502431114 0.42249086458733837 0.1746922379777074 0.4312230641507904 0.22245081796907917 0.420949135975675 0.25394026306866807 0.41115373417029216 0.2805640624541473 0.400672171194574 0.2829570792477775 0.39448335293346176 0.27919375977319544 0.38661479945021227 0.27644184820226586 0.371111437855614 0.23379730743795446 0.3814978869547969
0 0.28101993454647767 0.3287444306651294 0.27632481929509245 0.341574482985788 0.27964660237594785 0.36172322701256227 0.3357857540430609 0.3605776537372994 0.37961223317374926 0.35607261001776186 0.3920027687603999 0.34534222672477494 0.39389247088530444 0.3330295541883504 0.3875412426596927 0.3159027178336486 0.36120803213368935 0.3224012810783921
0 0.28978376249419324 0.3614958530622629 0.2811922140858255 0.3694142955859445 0.27810273974269356 0.38118580986900114 0.28592649519415814 0.40021105187237366 0.309163703734205 0.3982128681428389 0.3630607861419386 0.3949589223161382 0.38555281414313386 0.39468165932540683 0.39803426806565956 0.3844036918308542 0.4001723637035147 0.37151737904816184 0.3930093980978512 0.35758993527539973 0.38049705503782594 0.3586658803605338 0.33510713034540945 0.3608201026329665
0 0.1679547239905435 0.43750932839060236 0.16939158351269556 0.45008822829182776 0.17392444502080429 0.4581667486778445 0.17361602230947804 0.4674899955350966 0.18079029412416742 0.4688060574137334 0.21433344416856082 0.4529430617950718 0.2530149949346895 0.43912347474204827 0.2733802335070555 0.43912114263988383 0.2810138755673218 0.42281676684871855 0.2849572826370309 0.4044365004990153 0.2824424583700261 0.40097088055227476 0.2545523299251193 0.4123897571177613 0.2228144913125798 0.4227587991694121 0.1758920101959348 0.4317642224041583
0 0.3087578350441791 0.39981256443380864 0.29248870015239625 0.40029109080354114 0.2852543991393313 0.4077246355358887 0.2811713507443972 0.4217907108040165 0.27912417344241724 0.4351294393851431 0.29626682398925086 0.44985556525230797 0.32260656215807876 0.4506281367754124 0.3766367582482128 0.4444172472624392 0.39857674859133263 0.4341543547132543 0.4014356632733644 0.41761623355018807 0.39735086580180695 0.4045286573884946 0.38666166802548607 0.39477040178034045 0.3650301003936925 0.3957100474722733
0 0.17302831694770177 0.46818486022919786 0.17281734021507533 0.4852316576527322 0.17996247196888854 0.5044993485517717 0.19935849798412725 0.5087224650762491 0.2364100463473277 0.49403052841925693 0.29651043893600015 0.46916444166801347 0.29490957659394806 0.4503404630436421 0.27908197809589197 0.43853879886985 0.2737439068505561 0.4409308058336208 0.2547359156734929 0.4404482401444511 0.21383665714265976 0.4540903422876074 0.18038442543414146 0.4704057537047032
0 0.29577003696334975 0.45100284574484356 0.296940669120701 0.4694956330186142 0.29606890254227347 0.48144463221153816 0.3110360406709278 0.49258391368412885 0.35811599696464824 0.48255243440468054 0.3847885193394772 0.4759326467121035 0.4097823163220282 0.4645787341324168 0.4134773298787868 0.4467721080289813 0.40790217132952616 0.4371263733448947 0.4000492758171854 0.4360527603619249 0.37810928547406564 0.44631565291110986 0.3229702355015794 0.4524377999691495
0 0.29662571876655025 0.4715477451080183 0.2940330314493193 0.4821719788985394 0.30626131329269335 0.49235016831222783 0.3059285290866922 0.4997425275279093 0.29168395907883776 0.5121050891047659 0.28517700475277397 0.5231579602245875 0.2098497743134708 0.5500697876436333 0.19860376031287313 0.550208419138999 0.18810292685112712 0.5486261298955614 0.1829758323384177 0.533971339435798 0.18101129665286503 0.5133376976176897 0.20012804001765377 0.5089324319790162 0.23625257117025233 0.49505658446395895
0 0.30676462796141896 0.4984740225875402 0.35761920993874713 0.4836997148972162 0.3850612743471027 0.47728989410740624 0.40529339923706825 0.4802445056915144 0.4139954489097849 0.4945918832698109 0.40964617315004986 0.514571845910484 0.40200600344695897 0.5236050869338013 0.3163532485748355 0.54256832193843 0.3071787733708927 0.5312991124942397 0.29362413326971554 0.5308078432813038 0.2869644823327776 0.5230042537838541 0.29247786260703923 0.5142459436491037
0 0.18767922430925088 0.5555660733128086 0.19273498341455886 0.5915818522776817 0.22990833925113385 0.5865443538285423 0.31273131950210176 0.5661676109665771 0.3177592189594881 0.5459451994302369 0.3084694639249953 0.5322926865460418 0.29346665809264016 0.5318338993260059 0.2805419186997644 0.5272384059342619 0.20944390562344484 0.5516694839346031
0 0.3190255480189157 0.5450078858404686 0.3138401733844539 0.5662563534215107 0.3192822182513142 0.5788590317918699 0.3711790972697943 0.5656519383996158 0.4208160731770448 0.5556767195822011 0.4165007160443872 0.5378225365404982 0.41814202465634126 0.5260835042503414 0.412863982609381 0.5197259046031281 0.403950956204038 0.5224253244483658 0.35705283658206793 0.5333616353246826
0 0.1952920030280889 0.5916381127397153 0.19497227410773693 0.6135727414910928 0.2008510768021225 0.6337777459799007 0.21629064046200308 0.6418388593183852 0.2468108730044648 0.6362689061396442 0.2799059590123071 0.6254149662966593 0.31980511584851345 0.6067962903707261 0.32021576310474065 0.5853140774177831 0.313598307514328 0.5741011284356266 0.2983227466743474 0.5722850938202878 0.25031577317002507 0.5831326622416709 0.22965994573818338 0.58711799407481
0 0.4208160731770448 0.5556767195822011 0.4316140231410912 0.5605471438625121 0.43902538225970533 0.5739009473890065 0.4333432205993425 0.5962966954625842 0.35725122669271403 0.6031160393168896 0.3223621354620436 0.6068525508327599 0.321912322348869 0.5847079551786153 0.32125153250306804 0.5796101569480051 0.3704095552362678 0.5654419714968486
0 0.21493339306670028 0.6423237571097195 0.20733541871013467 0.6479476386483299 0.2127970465054685 0.6823637213222332 0.22182535274136161 0.682047604917 0.3279568769397779 0.6383116898203904 0.3285980838571052 0.6215960837474569 0.32562214026790004 0.6085972500406972 0.3190842968043368 0.6104480987511002 0.2806998625405085 0.6275558208409969 0.2479440883814919 0.6382885362361482
0 0.3497198091773486 0.6072614490123638 0.3329538872596648 0.6088872558746319 0.3295916579089073 0.6193015227623858 0.3318955054432857 0.6398139401326607 0.33744630249787144 0.6475287871751768 0.3434695250836832 0.6521654660835868 0.43921724472752677 0.6363842166133655 0.4428878967896104 0.6166467028683597 0.44650504729614293 0.6129299305021859 0.44300795518636177 0.5991474896463911 0.4329373519093166 0.5978963917535541 0.4121906061415996 0.6014293077882589
0 0.3274600899138769 0.6394589703129262 0.21954108813545703 0.6833485918502692 0.2161123019434994 0.6952413305811594 0.21990651055558091 0.7123119064738276 0.22489396374306536 0.7226525058520155 0.2847946858081371 0.7022218346301808 0.3417503534215032 0.6779943521110052 0.3427730675341815 0.6577481621055313 0.338331124361948 0.6501220575179488 0.3318955054432857 0.6398139401326607
0 0.3456872328483877 0.6523429509934541 0.34096775610232755 0.6632421156725421 0.3400781556720497 0.6805313619917435 0.3498890592271185 0.6949674820249735 0.38034273492838 0.6908760006893687 0.43226397544153516 0.679599794938685 0.45585832968225803 0.6721401396350394 0.4549360910378574 0.6530737121150009 0.44158112146028083 0.6481470273726561 0.43718137363457266 0.6371115633003668 0.39254315712383236 0.644815999601844
0 0.36246795912834395 0.6924130650967032 0.35362801720702564 0.7009051478666525 0.3530598947737231 0.7234134168642977 0.35985918703588604 0.735531197443323 0.40752684869138256 0.7248048534697733 0.4709603305699362 0.7074761288511787 0.4701046487667358 0.6869312294880041 0.4613912928849934 0.685195233803833 0.455882691176933 0.67407102727661 0.4327851239621111 0.6803834020877201 0.3820880171618583 0.6941316537333422
0 0.3313713274331318 0.6860665010754202 0.34241767091012876 0.6903632851094635 0.35178051042864633 0.7098084609183702 0.3503941229724674 0.7282449877301073 0.28377372077208207 0.7496216760654763 0.22988316600717307 0.7601467566600247 0.22323482127926092 0.7397317852684496 0.22507580041481567 0.723557337448884 0.2845462922951866 0.7027954748764488
0 0.35951987518706036 0.7356524218911565 0.3550244304592758 0.7440470586824062 0.35476473073729947 0.7572320808227994 0.36041297377058484 0.7726704784315976 0.3684055106081505 0.7780582824961426 0.41111660821366225 0.7661933615538237 0.4563003347396534 0.7612034200429519 0.47552583029216766 0.7519103230764351 0.47822726979712404 0.7363982579580711 0.47801454398787424 0.7262914039517839 0.4646286852727982 0.7121626968000209 0.40727845517843203 0.725378493716041 0.38506570982768684 0.7342841388699233
0 0.23626927232236938 0.7609330541633123 0.23293335944313026 0.7686370149585994 0.23618544460328522 0.7860347954863456 0.23965661025755391 0.7935860752232191 0.3115102360528772 0.7744274011290163 0.35562318539384286 0.7606210084339086 0.35340138267145793 0.7568562743553583 0.35462123702934345 0.7446985853258997 0.35702940287618207 0.7360236458389077 0.349334886771985 0.7293300085006562 0.3064996344361737 0.7446335701952749 0.28489885393947606 0.7513739626950137
0 0.24278541803111986 0.7921426521726569 0.24091473978221667 0.8071377197485076 0.24224589613825054 0.8174071973435053 0.24818307028662678 0.8299383956223565 0.27066690505762425 0.8251617720858002 0.31155727781243336 0.8099018335507283 0.3446397981699629 0.7971057643126561 0.3628108969748307 0.7951723637176782 0.365438143315783 0.7766509234398137 0.3597986342900089 0.7741072182198767 0.3562173411383195 0.7623623832051418 0.3115265947377072 0.7757239875163511
0 0.25058364404141426 0.8297319686149945 0.24495290160841904 0.8369533622620225 0.2518189972899235 0.8686891505791733 0.29724236100570367 0.8589730996582455 0.3426940587947544 0.8469676720785054 0.3685912165727516 0.8360874702498534 0.3743025779291692 0.8171153971929046 0.3694850717347643 0.8162316648202935 0.36492695549618426 0.7996260919518493 0.3460232393761486 0.7979139391565457 0.3123182292008718 0.8112580102821972 0.27136680500313215 0.8262141527014123
0 0.25633124626967513 0.8680539023725004 0.25186807334441363 0.8725789097411777 0.2599835319578019 0.908101243716652 0.2716691681286453 0.9091360911467065 0.298359994664741 0.9022052388241931 0.34258307150312745 0.8925924014069464 0.37132452182125675 0.8849289317692653 0.37446530498326325 0.8798995456725552 0.3739397927737685 0.8699934545375486 0.3667380715094061 0.8706127355596341 0.36187148926051116 0.8658392440250186 0.358212785981061 0.8524940265070918 0.35449741455506967 0.8437275623067909 0.34316611165336963 0.8481014546180251 0.29771441386431896 0.8601068821977655
0 0.36844077961361965 0.8377692546769527 0.35580344563349464 0.8429353546474888 0.36021871700499386 0.8527541994634019 0.3624776203934283 0.8639946557501043 0.3686218996474777 0.8702653162842305 0.3760514679987326 0.8695646333382375 0.4257875676806424 0.8570053594757319 0.4797426345160911 0.8387058937811215 0.4854910965385582 0.8272095429323246 0.4845098901552782 0.8174662556451331 0.47913415438171847 0.8040832593628457 0.43150534662838347 0.8113311625925578 0.3758691734641469 0.8188349603843647
0 0.36811978458159916 0.7800168835993561 0.3637350803764535 0.7952783693774768 0.36594683017669194 0.8022755298973694 0.37004486744534837 0.8166546564848839 0.3776519203195991 0.817427795977166 0.4317292761385681 0.8099230960032138 0.4787399292338573 0.80333191141199 0.48500465970003215 0.80243638406517 0.4833431361675249 0.7941685304101188 0.4850665627006106 0.7736816592869644 0.47929086457489783 0.7609760194182469 0.46643232640095633 0.7591252353061065 0.4567115758247594 0.7628666540508204 0.410650327671068 0.7661648293121762
0 0.2678452241412909 0.9092072343506422 0.2670795909611393 0.9262147587254791 0.26893948208204976 0.944143605832643 0.2775078853850003 0.956421900991697 0.3203596772797825 0.9441338451402023 0.3899039452400731 0.9206825703880609 0.3941541496327434 0.89499279974115 0.37480592298318777 0.8958624256319471 0.3723453247776043 0.8853531028504369 0.3423853296436549 0.8932677798547668
0 0.37641037840870295 0.8708854735229655 0.37525796152122304 0.8798966039422002 0.37250796045686896 0.8852949987185443 0.37545646570024666 0.8956300091043766 0.3948365937323087 0.894051736364628 0.46755893414698757 0.8829452042813881 0.48308480315856245 0.8769335124749901 0.48860190118663055 0.8610174515391805 0.4873817144168853 0.8549457195132972 0.4718729413046705 0.8558381399365743 0.46685375032977083 0.846475330837699 0.42558473712871636 0.8579654977979145
0 0.281045420996638 0.9584118926305712 0.2785950474417733 0.9713729862178119 0.282557525676712 0.987620985189067 0.28679856840452755 1.000050798211319 0.32961533015007033 0.9849862590959108 0.36466915738982564 0.9729275658837017 0.40062019045701036 0.9575269170438706 0.4063318255468495 0.9408441051272168 0.396407920344968 0.9409033270598021 0.388007571904229 0.9225221619644298 0.3204585101940345 0.9454930347062128
0 0.40487809657772883 0.8925560016751289 0.392581790715253 0.9017593790476314 0.3904924420524974 0.9205596152682212 0.39056298888082686 0.9261511440636024 0.39722157494210003 0.9398200682425267 0.40673182877771424 0.9392307481705798 0.4239376035231445 0.9395028400487503 0.44438664550521206 0.9342030769839775 0.48149203687709896 0.9219495854377309 0.5053220157524531 0.9080198188259083 0.506710237589961 0.9007035365933826 0.49330453313144335 0.8998762007552686 0.4841763303344374 0.8776614985408487 0.46808146126588923 0.8844146294241219
0 0.35159303671089015 0.22246819760299705 0.34856450732628885 0.2378113119064321 0.3452216078565192 0.24715482912395528 0.3490153508728101 0.2546277707426033 0.35981673180224333 0.2665579116542776 0.3696050926454899 0.2620422153600746 0.3805650255189599 0.2652571709598261 0.45440527211293646 0.24872355894009454 0.4546820135414471 0.23045873194808605 0.4482018214055272 0.2134194977314198 0.41005331683318835 0.2212762856161671 0.4047498801188165 0.2265665270068228
0 0.4413810841864774 0.19463571467477084 0.4422210465002032 0.21200115546545098 0.44838503540255376 0.21224497085406147 0.45519880780013516 0.22992217138112978 0.47341867033966406 0.22422817361623135 0.537335085888119 0.1913372742394022 0.5457838989216923 0.17962192755139716 0.5416735926575554 0.16424020029469522 0.533304744314537 0.15201056793261766 0.4791074396819681 0.175450060810265 0.4670242575951138 0.17922341120427143
0 0.347449343062473 0.27494000484957576 0.3437313506801185 0.28686763384464814 0.3486696630131889 0.29216955694470065 0.35776460090347434 0.29381224163414194 0.36169106529691686 0.3021934370963496 0.3878721100927982 0.30670049762958157 0.42463855623873076 0.3060668715495195 0.4469158061230904 0.28506266195473967 0.459443958332606 0.2824892260029226 0.46334213394713614 0.2734867750413328 0.46058039227582115 0.26278702249094993 0.45456829782673386 0.24808473871202472 0.3803775871117915 0.26535009544354143 0.36935355258687974 0.2622223914723744
0 0.45583395674129146 0.23105414147554137 0.4543781190082389 0.24815268305980234 0.46094709568797326 0.2615689024156434 0.46745413819131865 0.2625054887304563 0.4711011811402012 0.2563105327399112 0.4727918190047814 0.24646609470813785 0.4860570366771198 0.24553177236671916 0.5336636754772699 0.24102531846332984 0.5509872608236756 0.2399999679563247 0.558715340928546 0.21658390913438907 0.5565204770741976 0.20160496977966166 0.5496830548654589 0.18583866025410245 0.538425200538256 0.19067603639474276 0.4737617239406589 0.22492094454243386
0 0.3662217115433213 0.305466786132455 0.3631015640661278 0.3193550448436968 0.38841265978932527 0.3154760317300296 0.3960144559105627 0.3350459176254897 0.42785258530974424 0.3261172460641147 0.44755657436123825 0.3207083531387528 0.4669384813136127 0.32383962818896267 0.4699940163051348 0.3086155663399762 0.47123602540853515 0.293495860105002 0.46701380703641243 0.2806001117135736 0.4608261683229045 0.28226718732647227 0.44720790146325196 0.2855018611229487 0.424689514499564 0.3063204433075129 0.38716235307965124 0.30722584677868564
0 0.4735152302427663 0.24702297693878497 0.4713932764803627 0.2567497319081204 0.4677089294954849 0.2637733475204233 0.4642866910918106 0.28021552944471634 0.468192183983378 0.27936378600514983 0.47171829956719175 0.29386711492543344 0.5378195833836757 0.278948277284592 0.5618876896742364 0.27496978674160405 0.5730772728772494 0.26472125370220756 0.5677749354413091 0.24949362077417814 0.5521419879594838 0.24067453324940993 0.5345399614977546 0.2423429159679572
0 0.5633208579253682 0.2750013198231472 0.5736551266097718 0.27266812818089764 0.5771912377799049 0.28417833471992104 0.5790740151214531 0.30470431966895994 0.5660336019943228 0.3158858679441266 0.4992908322888817 0.3367412116328283 0.49067816855725294 0.3354697817638184 0.4884296681327891 0.331381100554381 0.47657031026190655 0.3301824932178404 0.4678893754060879 0.32349990645007437 0.47119970170177633 0.3095437033910548 0.47192213261052474 0.294881401957407 0.538264553506337 0.28014819172678135
0 0.39654768833005255 0.3356707442039146 0.39280238749802215 0.3454339104394844 0.3813343631796855 0.356325475690423 0.3933838998690631 0.3574561386791861 0.40237790156691844 0.3738108635169355 0.448645971360566 0.3616293125259668 0.48977921305484745 0.35128225892499515 0.4909702638974145 0.3359089809320275 0.488239489314294 0.3314490449021587 0.4769643221237345 0.3311288359020363 0.467369797211436 0.32395731125140076 0.4469487338697578 0.3217408458038436 0.428005460092244 0.32687796133809494
0 0.49160541283857084 0.3370409510264391 0.4900713083950089 0.35172145809320426 0.4894161682812138 0.35657573276131327 0.49570670384562476 0.3706349843286964 0.5060446311685469 0.3723771464474585 0.5675633301485569 0.33871220434822336 0.5854464760348917 0.3252569595148505 0.579101323571129 0.30686878242846244 0.5659589939223322 0.31754318718764224 0.499545623593048 0.33800907042279515
0 0.40152892399610973 0.3746577287718107 0.39836781384440245 0.38529929334379887 0.3884448698851835 0.393736412811007 0.39861358989148576 0.4047794581793211 0.4129516093506047 0.3980263128524802 0.49251292862567725 0.40139974594774896 0.49424988578333556 0.37251434224866237 0.4878028167979063 0.35361902164628756 0.4478479520505906 0.36272974953883536
0 0.4132437046907662 0.39846551202068925 0.39847436933382396 0.4051009742850921 0.4023535341049519 0.41730395175031804 0.39898225396211084 0.4339997054326045 0.4086104242718861 0.4362672167004706 0.4151384382771066 0.44643674191705784 0.4510659024385499 0.4436568587106106 0.5054516879095682 0.446512435052764 0.5113735594033539 0.43135143936686365 0.5075343769775035 0.4071759723765965 0.4924246663288487 0.4019748338115134
0 0.5060073271325517 0.37320580606921633 0.4951198348560195 0.3809004158955616 0.49603074660321733 0.3925331836817145 0.4949479492301175 0.40134512904839714 0.5078501221288224 0.4057042805432965 0.5098138444901619 0.41750447010654784 0.5179405754246156 0.41432929139411473 0.5810553130245764 0.37846347526914254 0.58743946750438 0.36965997916619436 0.594021118079716 0.36893924623749164 0.5982340585163287 0.34324591977830693 0.5960801573364941 0.33151367456283326 0.5860170124903769 0.3250531264715175 0.5673731513300618 0.338780148696001
0 0.5177640508309584 0.4154794671216436 0.5113489292629602 0.4180431467040778 0.5126028946111527 0.43036868541643325 0.506477190074034 0.4445153940703599 0.5108486245901378 0.4540965039747569 0.519223809880957 0.4592576601945626 0.5906344857319913 0.41091578210760527 0.6012435368931999 0.403864204492802 0.6025365042574334 0.38899807001582115 0.5938955517468922 0.3703429937230139 0.588543236379355 0.37008097270128615 0.5814493248864044 0.37940981795333845
0 0.41381084518615996 0.45098770611251315 0.4215945225196188 0.4471197564738774 0.4524617666536864 0.44451705141391157 0.5050340262365828 0.4474769833700772 0.5095819853463437 0.4559079175469452 0.511641287281549 0.4752837267684553 0.5060414978868828 0.4819045544787837 0.4309462123725434 0.48046866728187565 0.40596085738698423 0.4798828661809826 0.3936192253574451 0.4783130040240105 0.39225700653978524 0.47254879793794013 0.4100828572174861 0.46590845748884585
0 0.5121398939743257 0.4655933830653545 0.5200864416766036 0.4594930263194387 0.5901658657981727 0.41162675866692505 0.6006730004377148 0.404068037536135 0.6037468286218299 0.4092207444922063 0.6085932200195533 0.4110224016950117 0.6148601057728068 0.426992544263904 0.6111421133904523 0.4389201732589763 0.5958405259432568 0.4601499926092493 0.5478954725098669 0.48325821301174265 0.5247855775888186 0.49504768933786547 0.5217590490270181 0.486073200378776 0.512280094861224 0.4804910506238786
0 0.4068615962820358 0.48077273737032394 0.41609637838069025 0.49397261994818553 0.4109084965148644 0.5179419568249851 0.41953325212424997 0.5267961855173281 0.4267181290458666 0.5193146350695911 0.4824026776581259 0.5225894845530478 0.522224683618136 0.5202980091953623 0.523846582083777 0.5021662708406993 0.5217355815612494 0.48642130623566576 0.5096235746042512 0.4798660898437395 0.504416789772746 0.48277943228864606 0.43128653293958374 0.48047164709132656
0 0.4272094243269787 0.5191391121711655 0.4198623575587981 0.5284338364543688 0.41749879043006877 0.541564860548697 0.4208027557412122 0.5540752535099757 0.4326032939707446 0.5603907011637067 0.439741252771131 0.5736376149604546 0.48816565189202443 0.5735384874882935 0.5310494350054445 0.5694510529160252 0.5347246981309463 0.5576066339618863 0.5342932319367268 0.5331875762066992 0.5229310788670594 0.5225029590580065 0.482288672191389 0.523332306377077
0 0.5251841000118745 0.4957206431626328 0.5242556858294943 0.5199234477890678 0.5354074646727703 0.5334915907846641 0.5453168280890063 0.5317065452024047 0.5685875328549261 0.5230416773397784 0.5936565031573107 0.5102238931109424 0.6070660288868217 0.5022737188191383 0.6166028282301022 0.5051853729192487 0.6242131793459214 0.4972007693856779 0.6316789773222588 0.4924272218864188 0.6339285389842512 0.4800390196161197 0.6227943968480575 0.46786875881936885 0.6147973044350232 0.46475806621138965 0.6043742832891729 0.4600567538852561 0.5950043995338764 0.4605959245576527
0 0.5355187998889582 0.5586726639967566 0.5395789830597117 0.5624491005342385 0.5466511720861383 0.5750532410140544 0.5410316849763729 0.5932921017657201 0.49467784006950355 0.5977481032994569 0.446863159931255 0.6052019584916829 0.44393037915397493 0.5988218976527733 0.43970533128335554 0.5973052038198036 0.43603016319004495 0.5933912146435554 0.43995484327142637 0.5749325342920685 0.48795561640531643 0.5745649316918203 0.5310745939740296 0.5704393211133273
0 0.545919629189732 0.5323981728234213 0.5346206735210478 0.5449631644892458 0.5359793366066202 0.556857498409452 0.5484316187359953 0.570565674805939 0.5744892435605389 0.5667582876520417 0.6125089862914038 0.5454721940662343 0.6343921531515974 0.5249992487823761 0.6412560285533387 0.505765600358438 0.6329772120550456 0.4933174410766255 0.6248301952079509 0.49897914263181886 0.6164289706013434 0.5074827166474983 0.6071056802261439 0.5042110808225005 0.5940943926714738 0.5113355136439764 0.5683914289806117 0.524094666737302
0 0.45063778906546625 0.6055040450525592 0.44798785121982243 0.6138786191535789 0.4432028055906403 0.6177889935232858 0.4397524836463487 0.6355279914800326 0.4424071172634344 0.6466842144462618 0.45536411147366107 0.6505833898698142 0.4690634929999181 0.6520164936307052 0.534888242156516 0.6428050502244033 0.555551952458683 0.6367981439612703 0.5526282973293889 0.6119827692476761 0.5515551882803589 0.6035627853040756 0.5402616548214868 0.5935672070432526 0.494640079249394 0.5985869097737261
0 0.5504359192016035 0.5723255547155324 0.5416230290119652 0.5941812560001353 0.5518370388787273 0.6029118792287187 0.5552340598118434 0.6116020305322863 0.5636666306954804 0.6094146789536988 0.593051177022733 0.5934144861252603 0.6216619897569255 0.5735641425223915 0.6260960776906003 0.5648272582652191 0.6290518055352942 0.5538674884220086 0.6390207332905294 0.5470046702363933 0.6318012044218386 0.5418810117056166 0.6284419443088322 0.5323520539277798 0.612189374872926 0.5469619066158604 0.5748880800574097 0.5677162182058401
0 0.46297165143037294 0.6513050732391693 0.45578414557329516 0.6593304758478667 0.4564465958252159 0.6738292012073201 0.4628749643383916 0.685449329264499 0.4721839631076942 0.6859438321898198 0.5071285729061951 0.6887404770044085 0.5559512425263172 0.6893077456343951 0.571203398825 0.6857688189480199 0.5758564217623803 0.6630948707219445 0.5692160480692376 0.6422726428696596 0.5562104750831427 0.6376412446238401 0.5350014517499792 0.6441269880385988 0.46903452105483706 0.6529593064083391
0 0.5545959701177324 0.6122946697713908 0.555763703462009 0.6364364722284436 0.5704640698477556 0.6423725230416092 0.6101202140548588 0.6309335243323254 0.6530215031086198 0.6030539955867023 0.6511722317020429 0.5857047481339624 0.6462550547169336 0.5836411984081403 0.637471411148547 0.586779292009143 0.6284583794442729 0.5755368197627757 0.6170763631796875 0.577965956291277 0.5930241646548782 0.5947453103188817 0.5634070326963199 0.6113298019370142
0 0.6549858288612795 0.6067182528588667 0.657847371307027 0.616883908090775 0.66748441390056 0.628176320423117 0.6516530486787399 0.6390169988424075 0.6524241906732837 0.6469278274758742 0.6347993763634694 0.6600465097681671 0.5818252934475026 0.6877044132929044 0.5772525589443637 0.6863364392338767 0.5725363667867602 0.6811994297963077 0.5766202168552834 0.6628219930175095 0.573032334381114 0.6520972009710243 0.5751902980596391 0.6445042921935401 0.6116240586812844 0.6323063963257803 0.6527044796368502 0.6045316456865338
0 0.5725126212273797 0.6831180571986325 0.5795850727383746 0.6887776447705106 0.579050665781359 0.7034310883223153 0.5739224679144634 0.7074462385938777 0.5717681776867587 0.7191310005403126 0.5388052765968383 0.7251770790501522 0.5093132350386431 0.7250713402020713 0.48187046541635 0.7239605893024933 0.47402418275817165 0.7215791197206881 0.4671664255797832 0.7139326853203767 0.4667808545825113 0.7099772710036433 0.47299354446489983 0.7083034460967653 0.4723374568164389 0.6867076272827232 0.5076265090969102 0.6901998477641064 0.5556342190545477 0.6907853957342267 0.5727958630854884 0.6865642747867637
0 0.6393446918564072 0.659241258060569 0.6575981748044816 0.6655451688156921 0.6669857571535667 0.6684674958719401 0.674251846590427 0.6628699173941696 0.6801137313873853 0.6675976102750859 0.6792723370128803 0.6807234636410845 0.6820790414382256 0.686542667339741 0.6815647065897704 0.69518563032027 0.6660640743448204 0.7056352715230417 0.6500143413395737 0.714370943601815 0.6229133250466115 0.7251447149925708 0.5826231338959691 0.7395390139015179 0.5744013162947992 0.7301968897173415 0.5680414953071258 0.7240098260767276 0.5716283934831144 0.7194538183307224 0.5750444149944377 0.70895554943955 0.5803635616345589 0.704872179741879 0.5816754731895781 0.6910324713689522
0 0.5659589396921163 0.723761779204815 0.573339688301655 0.7306447777151704 0.5775279802926139 0.7443802627324029 0.5724091203243796 0.7629640546473103 0.5236828710322322 0.7620940856933736 0.4851396947840212 0.7621556004291441 0.482098915343 0.759814807324051 0.4689464620031647 0.7568978175122019 0.4779871487251443 0.75214470947469 0.4801226232821847 0.7357691648305927 0.48288668503003074 0.7267849564260086 0.5094529307189339 0.7268136370046238 0.5394309566897646 0.7267657922101357
0 0.5805967699642249 0.7383335490515915 0.5780800421103164 0.7457062118040446 0.5757966430350506 0.7556610822973191 0.5802462740352421 0.7635912682694683 0.5877698209350253 0.7711848407457262 0.6034772648153207 0.7697618613890581 0.6361288220455994 0.7588581744150668 0.6485290212476602 0.7551896008134683 0.6689703191399885 0.7417939014130411 0.6834779826684998 0.7301372899532502 0.6876126332889644 0.7237097808317864 0.6813448872021448 0.7095748268868419 0.6766096596214644 0.700223492982888 0.6664508441487846 0.7065184562700687 0.650039661273228 0.7158087661670655 0.622931606222584 0.725874336886649 0.5829809519838505 0.7416705127030762
0 0.49678104411613877 0.7624393229397204 0.4846039200396936 0.7638015778589414 0.4861936427622837 0.7741904037895603 0.4843361469285718 0.7934473453399843 0.4865606252781258 0.8032773713162733 0.48642837473414613 0.8112931865444443 0.5718094331467651 0.8036991014899125 0.5845256963762515 0.7988239945949877 0.5948140369516532 0.7818673800975401 0.5938924319029217 0.7735640239877469 0.588469752705177 0.7738412426161371 0.5798932484192226 0.7646204588790528 0.5751464285852605 0.7583477676076606 0.5731843769441027 0.7646931425285244 0.5256330943948799 0.7647483753877965
0 0.5971451454882163 0.7724019413498945 0.5951997748705059 0.7800694511583361 0.5845423773996989 0.8001461294825655 0.5748464910708432 0.8039421596423417 0.5793487628634555 0.8139544792329526 0.5830006233678877 0.8259307395681751 0.5890002734323301 0.8297636960433298 0.6119059887401332 0.8185920596542838 0.6834933823531473 0.7720988597637964 0.6831353391708285 0.7529694068452694 0.679516840713291 0.7436374162852027 0.6745999386216929 0.7377575131627329 0.6487572515304959 0.756618900724817
0 0.5725231242242041 0.8047722186693793 0.5789296628977082 0.8131081383970008 0.5832952144795794 0.82615751591169 0.5815911198800562 0.8436995344256136 0.48809495852764817 0.8555209609623545 0.4728018410766498 0.85500824059535 0.46709231245713745 0.8464233031596171 0.48025656803250427 0.8400600495717067 0.486985392554234 0.827695363785112 0.4857525153703634 0.8178430964442263 0.4872665746656408 0.8129858682163479
0 0.4971894512764349 0.8549280005320637 0.4899125482681405 0.8608480236861767 0.4842253679824363 0.8771568727709086 0.49423819375679207 0.8984814054751119 0.5080750366727793 0.8991823790121204 0.5628820715400873 0.8869062308070644 0.5994622891961656 0.8681929763833415 0.5988885903526303 0.8504686642550959 0.5964940297454402 0.8410314264277291 0.5896517100827414 0.8305270309765778 0.584386901785947 0.8340680838725606 0.5824293198115508 0.8453922160975171
0 0.6118770963600002 0.8209265471832211 0.5920829047599886 0.8289944015543994 0.5964150942949651 0.8393995092939326 0.6007472838299415 0.8498046170334659 0.5996401131437258 0.8591648085138113 0.6147098332435835 0.8697180493917055 0.6498459877213363 0.8475364257214711 0.6657026670387474 0.8372230492797414 0.6795838857147158 0.8183187758465967 0.6988088481379537 0.7975053666512658 0.6962775673200223 0.7911051867479769 0.6918086575743047 0.7837371369325217 0.6839747367459224 0.7732549828459669 0.6473989887566057 0.7969469945737829
0 0.5556335502318828 0.1510335353090957 0.5506233596056123 0.18720609477755415 0.5574235896109594 0.20169502426815344 0.5615568993946052 0.21004193226968645 0.564774625231062 0.19142817646672117 0.5771899689415589 0.1910857669386031 0.6135936214003638 0.18790359192775688 0.6494097337362101 0.1685586625194334 0.649258929180105 0.15660592080299054 0.6449995446979153 0.14966844347518035 0.6164759565109496 0.15030822037986877 0.5943523335287777 0.1451140997826196 0.572607918940418 0.1509724869566925
0 0.5649792835093883 0.19244656992392542 0.5541730664590225 0.24051344755157203 0.5673595521640631 0.24808186665692078 0.5728769944790508 0.2521139838710427 0.5989958478956829 0.2395080838442045 0.6386683907605263 0.21796675139469404 0.6516254883296794 0.21115460465267288 0.6609983768754832 0.19770951903311731 0.6628630626416194 0.18967563295313994 0.6543132012162189 0.16953559936194262 0.6502246933986948 0.1685403831792994 0.6139006088178531 0.18943118211356325
0 0.6589189967767406 0.20773025194152836 0.6369635613065947 0.21966733911298583 0.5995824037204609 0.24039003844919127 0.5731328173269586 0.2533869756925479 0.5739587973419044 0.26564425585926665 0.5670608959463951 0.27001878260150664 0.5736728663311559 0.273386984894675 0.577311913374907 0.2843663753054613 0.5790688916966009 0.29820118574396115 0.5819742518102892 0.3004377330022688 0.608740861675561 0.28596314565908054 0.6437931789185041 0.2668910939551921 0.6530573757216851 0.2600339050616231 0.669361947276659 0.2372904250118647 0.6647370639057577 0.2203870527960454
0 0.6269876243857129 0.11622354329815628 0.6196551569279908 0.1478629674829619 0.6455598583312361 0.14750126924163606 0.6522750713455008 0.15820786445185075 0.6742258948904054 0.15738650646613625 0.7132192018128565 0.13830686797886438 0.7248456792934471 0.12104741789409228 0.7164566977555789 0.09502472645890732 0.7091867877928303 0.09902619831773311 0.6728011203925247 0.1031323850588061
0 0.6522750713455008 0.15820786445185075 0.6504039526588248 0.16636532777272847 0.6555801898175853 0.16592021953810457 0.66223745798064 0.18507261557419982 0.7008217742550299 0.17269195024663198 0.7375051552447407 0.15958624049751702 0.725817356223348 0.1328698587867092 0.7147926069101274 0.1391489276660285 0.6744014177888311 0.15825992029922453
0 0.7339258387926944 0.16273725135109895 0.744558812078737 0.1580023337526463 0.7521407259528066 0.18524948481777095 0.7352909800945691 0.1992263572735794 0.6684983374727536 0.2249613143912611 0.6606422256187221 0.2085775292659722 0.6628173588833631 0.19843920774768345 0.6648812150893483 0.18600033638105692 0.7006697669660475 0.1736823793453374
0 0.7351183127168125 0.20023801547151635 0.7497599404856028 0.1942094231688275 0.7534935209115183 0.2068342874669767 0.7564700122846464 0.22611077379743225 0.7457408590730596 0.23672389247436257 0.7068594343082371 0.25460310023271765 0.6758469628958195 0.26847453794868176 0.6699354926771979 0.25543129495109457 0.6654902660261415 0.258614706514172 0.6570377488625772 0.25525335987957226 0.669715086018275 0.23796190321167812 0.6683636953750073 0.2252836069962144
0 0.7525282015687778 0.23031079595044013 0.7586239348083479 0.2412941018095094 0.7645354050269695 0.2543373448070967 0.7545340047095049 0.26708338997896947 0.7196197965192045 0.2883311028914717 0.6899880519087197 0.30609628829565033 0.6787794500309501 0.30092784707001125 0.6671275431249716 0.2995071748197373 0.6726236058844008 0.2851801616456466 0.6806968592267473 0.28070058098650275 0.6780248526885256 0.26889291664811993 0.7072880712571132 0.25524760552097714 0.7468024329607534 0.2375410924341288
0 0.5969746049404714 0.33294565213090377 0.5987145585946292 0.34309220059109674 0.5968064485885041 0.3529467916255909 0.6012570441292209 0.35574378084790315 0.6103664655006076 0.34451287284137067 0.6771611567803988 0.32264353436020293 0.6884137628961662 0.3146351527949682 0.6848497774118667 0.30434262562192577 0.6788742659862546 0.30288807889344715 0.66692324313503 0.2999789854364901
0 0.5813957834944845 0.30074424415198736 0.5799738068928444 0.3061622590041227 0.5863112472345662 0.32353807581278865 0.5971074333832577 0.33061686025384646 0.6617990314511537 0.3010325167289847 0.663179161533964 0.29540627076432496 0.6674458963774628 0.291650098885883 0.6713360125514921 0.28601984699472166 0.67982763571966 0.27829927212531336 0.675758115690806 0.26971000707987564 0.6697890857225034 0.2566661985970169 0.6651681576913879 0.26032573007981435 0.6583323686071612 0.2562956607204454 0.6537644998358022 0.26105214312430464 0.644751297404698 0.26784315314797097 0.609378439683909 0.28672973817359954
0 0.6104562147574739 0.3448634613510279 0.6018524557838751 0.3564382892945031 0.5948094029940816 0.37049160237909956 0.6030988514131648 0.3875681412928838 0.6010157370224389 0.40288551081598095 0.6061478168337178 0.4065169244565417 0.6195671547789386 0.3932216558510205 0.6328909832009094 0.3892711295650904 0.6909733637806028 0.36103131660452165 0.697037867504946 0.35117329632067956 0.7032189486719695 0.3449169130358704 0.7004031381367772 0.33317140387027827 0.6937123467984561 0.31876219633179653 0.6885145341054552 0.31555907635554076 0.6776317266576801 0.3241024390049397
0 0.6190385669733518 0.393612906868972 0.6179942850261793 0.3982364933340314 0.6065449388758604 0.40698226076720045 0.6090794747165434 0.41052966356787796 0.6152518471614693 0.42613610825697873 0.6211355007515039 0.4357735587449863 0.6283107493997888 0.43219806538506855 0.6417409863522483 0.43104318996550367 0.6747770919205716 0.4164068592485867 0.7030911333837601 0.4024455356309243 0.7130705634649517 0.3871407511973535 0.7163532182375341 0.3823246854956999 0.7096569773955936 0.36184528136423993 0.7047932786148229 0.36257088965943707 0.7020893261137386 0.3596912279531885 0.6916158042770603 0.36120660428911405 0.6605449710950667 0.3765576442939896 0.632901152113101 0.39007711569775805
0 0.6906465413368541 0.3059453548909861 0.6887122871226734 0.31356905035766525 0.6943049784391772 0.3169630376349361 0.701130511870113 0.3322412892803841 0.7221523350985023 0.32473091520374847 0.7495701964925822 0.3145503093902269 0.7687054458415007 0.3077139432435457 0.7724540587997999 0.2990568924412986 0.7816844479648528 0.2903671285715283 0.7756145810483939 0.2759743454486479 0.7703197306336113 0.26400070731792574 0.7543992579480152 0.2681479548293804 0.7198735766616091 0.2889560352691487
0 0.7223473710099018 0.32554603363857565 0.7012104964993797 0.3320565726914315 0.7035038149869179 0.34346828084267084 0.6972444201720481 0.3511694763854665 0.6934142161188559 0.35930397926774266 0.7023276296205725 0.3589821052768481 0.7058886536841809 0.3621338641879184 0.709894891652169 0.3607025732169726 0.7128059547065566 0.370332174159183 0.7599798727566758 0.3506159745568362 0.7780436633073211 0.343381699603812 0.7920942093853247 0.32977417714504725 0.7837156526104494 0.3036212583109057 0.7691832342397358 0.3080324871669404
0 0.7131344384634937 0.3709955223819561 0.7171023921780888 0.3810282368249494 0.7054976144297643 0.40000760374639605 0.7108247939301544 0.4090342441432287 0.7296657853944435 0.4017825367693045 0.7667099429358442 0.38022042286894037 0.795514232057404 0.36524541652821835 0.7960988214882501 0.3535862350727866 0.7886412830994429 0.3388148305511867 0.7784697350850045 0.3445306524287654 0.7609034557014389 0.35132694903920686
0 0.6102166243214144 0.44159502982220394 0.6007674153992251 0.45381888756962036 0.6012553555029566 0.4562469105805223 0.6053269650493197 0.45999695903386817 0.6155316681997614 0.4641582114026923 0.6226502130746513 0.4665594599864898 0.6294830003919558 0.4753084332404323 0.6723483453484995 0.458432712155975 0.7004825926405103 0.44109474148484845 0.7129299428808534 0.42727928156679357 0.7067793330151413 0.40735673145959955 0.7030719269204134 0.40347656564525874 0.6751162781018937 0.4168472083975445 0.6417820912139158 0.43161894828207853 0.6287160577130915 0.4326437063406483 0.6213962689856874 0.4360395191443178
0 0.7301031162060446 0.4022162609415892 0.711185040519672 0.4095414316300577 0.7098547655706462 0.41454783884205454 0.7129060728324355 0.4276175422144089 0.7086032550060922 0.433685936710998 0.7111159438999333 0.43562020552332986 0.7163783626452356 0.4385544667427634 0.7213013540672847 0.4461411394126631 0.7538855022636657 0.4254376529904418 0.7804752777040083 0.41084050221617985 0.8091956309196466 0.3994469218453256 0.804612066820851 0.3872078377249597 0.79962835130892 0.3708637647968916 0.7889376125195149 0.3715680351955722 0.7674329174371959 0.38293247868987157
0 0.8098432388593398 0.3994987504219465 0.816701429374816 0.3987477345970798 0.8272984280437807 0.42611341863105895 0.8132398288462895 0.44387991978173874 0.7682098719976407 0.4681802755463232 0.7362761225842385 0.4773235324946851 0.7243252269850866 0.47281408137488534 0.7153895580585441 0.4706257528298836 0.7123382507967547 0.45755604945752926 0.7212093832705893 0.44674039063204773 0.7538997301954296 0.42656535627690517 0.7807796459576218 0.4112981551309523
0 0.7035608584433606 0.4403017538503508 0.7151751175625446 0.4378515583701366 0.716077806754448 0.4423434009403054 0.711782613653757 0.45690496966152366 0.7092605307105185 0.47394822983783763 0.6384893667296605 0.5012147077505181 0.6331027089613088 0.492377704065228 0.6345846572773712 0.47967080072921986 0.6314490039445388 0.47569352280087956 0.6679652959371963 0.4629307048100886
0 0.7079937706946602 0.4760999792575227 0.7183516853669238 0.4726826493711426 0.7270891847683119 0.47494177706845037 0.7374633704114203 0.5043694407941233 0.7245472922067383 0.5140814500592613 0.716128388990728 0.5134076785631896 0.6510510418751208 0.5383567550254527 0.6404703141770008 0.5438360646035265 0.6328156331980807 0.5406236899253033 0.6294637700455037 0.5313429207504909 0.6355112421657717 0.5255008111360707 0.6420886864087954 0.5064423166942491 0.6521241925328553 0.49719304349431837 0.671452835201301 0.4908539777877013
0 0.7290993358833846 0.4764891921183159 0.7369323767691243 0.50172718045873 0.7507976403238276 0.5041367107354656 0.7621710461225655 0.4983742045481671 0.7811706770366955 0.493568666466165 0.8132845556806624 0.4789803199667188 0.8266320320052929 0.4640166480317298 0.8219138133145102 0.4489937052713584 0.816212371723607 0.4428179324971466 0.7685142402512545 0.46863792846109553 0.7369910578199251 0.4787672903913089
0 0.6399573608292949 0.5465680946669113 0.629656357884087 0.5544962376991454 0.6267587670284153 0.5654433285283693 0.6228134168199152 0.5722336019732702 0.6282209057261425 0.5748328380068582 0.6374685676319509 0.5859719936912616 0.646042956577824 0.5831918561756367 0.651740585805901 0.5851210418375339 0.6580858229736711 0.5871020560760517 0.6996340959601225 0.570842304771759 0.739816013408368 0.5488403798819069 0.7364242573037849 0.524564442797224 0.732134645889665 0.5159018954174818 0.7247596896636567 0.5151383541934186 0.7162876870834167 0.5142003566638076 0.6518579479075027 0.5392012617026917
0 0.7351811192690878 0.5088663665147267 0.7324778855757444 0.5154960710793302 0.7370045379474844 0.5232243420538422 0.7394509210648725 0.5396253267089659 0.7465006778993915 0.5461689826699586 0.791573318543332 0.525251736764765 0.8173315444505909 0.5118012598526517 0.823775355621168 0.5058175519336192 0.8233960353459084 0.49547479547421486 0.8142365318739692 0.4794898014581122 0.7824801208478458 0.49480002690587027 0.7625427416721726 0.5002237867829424 0.7513144060343597 0.5056512677843954
0 0.6525759477018107 0.5882209550876997 0.6532492206617462 0.6021402482877277 0.657138680662731 0.6066978068597677 0.6592095558676856 0.6170026221678019 0.6664186107948933 0.6243389562294125 0.7067275581094736 0.596627715754937 0.733090708161134 0.5798459575600544 0.7442166574333138 0.5781366116038372 0.7520438429171462 0.5674107225063473 0.7469643442456939 0.5474193136853494 0.7402331835965528 0.5424610139255925 0.7403858784831298 0.5506191629643761 0.6996094524594207 0.5728334853111466 0.6587476588451282 0.5882815879391362
0 0.7473218118635373 0.5481411926336611 0.7520438429171462 0.5674107225063473 0.7467786333285583 0.576088519337394 0.750798935558704 0.579183349437125 0.7790452068591021 0.5696583218767313 0.8140254296519271 0.5534795360256142 0.8239974208428196 0.5470849206179954 0.8387851832077613 0.5318898806504027 0.8270911381845648 0.5043497403108755 0.8235383146635478 0.5067518283388496 0.8172926730181251 0.5126647371055759 0.7915875464750959 0.5263794400512283
0 0.8221892516157274 0.5497132935281382 0.8365778840870746 0.546271909915638 0.8449703744786381 0.5764075651643724 0.8089604326275748 0.5938038240299445 0.7856048845228717 0.6044135305749961 0.760065659278643 0.6115554406831012 0.7599556481873577 0.6067804015037078 0.7537763123183882 0.5982265944276423 0.7505230231686182 0.5809811030952795 0.7795088732054047 0.5709086528921218
0 0.7332500062538228 0.5806386356606722 0.7444290548902321 0.5791935157379946 0.7497834444322298 0.5815285257380433 0.7526934938959202 0.5991798414085577 0.7584764907145809 0.6078752467892358 0.7474785928282764 0.6197339223236241 0.6833684713572805 0.6621788287265389 0.6771190173490318 0.6638451503809507 0.6748575973445747 0.662104308449852 0.6676068801416157 0.6672435096916457 0.6583137435972299 0.6643333021983321 0.6482383445211639 0.6585874074883921 0.6528274903065309 0.6476023755077974 0.6524766258947993 0.63951502562132 0.6691579250774168 0.6284578324623653 0.6676749552418139 0.6253060906355785 0.7070461542948514 0.598213071956173
0 0.7532216966949308 0.6134341597944314 0.7693445678912649 0.6133379448899511 0.7822172144964507 0.6435721741414924 0.7457730836821532 0.6778321537273957 0.6965010330970429 0.7169583042467375 0.6821825187649749 0.71017955912876 0.677376141640323 0.7000024547000882 0.6825531927950417 0.6961704962007408 0.6833240182382435 0.6862664220804234 0.6803580785670378 0.6799629384268498 0.6812986176718663 0.6677326585812997 0.7135888131835715 0.6434526354184548 0.7480342299712743 0.6203850021196297
0 0.7638062367558768 0.6122014373286719 0.7696347082131146 0.6126678945182601 0.7829179218003732 0.6438882287516527 0.7753381928430989 0.6505609576180613 0.8189497163088526 0.6361128473971734 0.8402173704335516 0.6256826803081044 0.8623658610927377 0.6101234782781112 0.8548201696855622 0.5958274976164865 0.8512094129179489 0.5778601273358118 0.8392026271112819 0.5846985082329529 0.8326592204183574 0.582788293146741 0.8084474792798688 0.5965358540933292 0.7976932255572962 0.6000947822843216 0.7892003918391806 0.6053945524064127
0 0.8412082180593241 0.6253286845465736 0.860955052435495 0.6284688980464367 0.8627888866828295 0.639707989759701 0.86644511808902 0.6494464118492859 0.8681338821754296 0.6610205287483956 0.8226222186858883 0.6786962630988113 0.7906780537035483 0.6909584038730244 0.7822050296037677 0.6741617611806187 0.7769842731342167 0.6587519646577807 0.7892916148316713 0.6481246495630977 0.8190028156730823 0.6363770734307127
0 0.7707698781956076 0.6553082219469537 0.7767861036090622 0.6588227638100869 0.7823112283322269 0.6746902132476973 0.7904267848141641 0.6907649769917913 0.7477436155605559 0.7235723944062551 0.6979756304027891 0.7549462202249648 0.6800577963915861 0.7429398661632566 0.6789142538792364 0.7351357128860037 0.6835356678909574 0.7306526745906506 0.6888824327073029 0.7244945103660703 0.6850669032084233 0.7139634101758673 0.6960658226142683 0.7179633798042738 0.7470294281290738 0.6787992881335616
0 0.8458469245614304 0.6695492850260685 0.8563290782567433 0.6720346976055449 0.8623529283958502 0.6840424136933073 0.8651179076986159 0.7020287545496672 0.8287543105925355 0.7229497215792419 0.7836427985161292 0.7447304447373598 0.7796860112191508 0.738780956845317 0.7835317659053034 0.7240967603951716 0.7761804316604564 0.7054833934689261 0.7904941121101576 0.6921569063117939 0.8229265869395022 0.6791539160135839
0 0.7735369005374542 0.7050118531289032 0.7822754214583827 0.7231296259890058 0.7779840407205179 0.7419377818225383 0.7369070588060213 0.7679410383668509 0.6946865343791749 0.7861401416339104 0.6846035105774567 0.7719010726993414 0.6833385198853434 0.7465821189057515 0.697989858334553 0.7560739235114283 0.7477047441280902 0.7244358716591792
0 0.6990604918643379 0.7857102635696388 0.6977833162795417 0.7909808968151749 0.6990577010210522 0.797322321620119 0.679744307803911 0.8206477357759945 0.7070330212244311 0.8338373428251679 0.7559125451220585 0.799099377722753 0.7759200424370107 0.7834554891152035 0.7910444412819202 0.775220095747625 0.7880396301782486 0.7697800893469754 0.7829174477115046 0.7464055706665871 0.7785927772277452 0.7428530876520836 0.7373318537198581 0.7700548466351655
0 0.7836248106915983 0.7458088277844029 0.7884123999360303 0.7690318544646347 0.7913514785854839 0.7734510995557317 0.7996354753741841 0.7780519833695512 0.8454727184415936 0.7545980261153815 0.885780323906333 0.7342456456692513 0.8822153562442053 0.7183071502626497 0.8794383370997563 0.7020871479640624 0.8654415684972344 0.6972751858064324 0.8653333354130301 0.7021396861971497 0.829170686463652 0.7239067157691009
