0 0.21514471822897913 0.10402993821951623 0.21315038230355965 0.14517176456355138 0.2709788303863947 0.16132083109190387 0.3207279331880438 0.1769975938764838 0.33778766005449545 0.16958434913507614 0.32911740614165974 0.12437749533781857 0.322516521858655 0.11749535452071631 0.286104818980809 0.11888984589984375
0 0.33157986853616295 0.0922234006016156 0.3212085914811945 0.11593228916116056 0.33077528126187383 0.1259813822945095 0.33940175241047027 0.16648148459124953 0.37002635915207294 0.17804668757203734 0.38209072796134297 0.1822750014138008 0.419609214398077 0.19088307081745257 0.42458712282379496 0.1848814497154756 0.4311965732369514 0.17013702658847799 0.43223752396390047 0.15427286491697792 0.40023058788274674 0.13690443806645503 0.3930479958405645 0.13888756406577926 0.3685604299779588 0.11440348832221152 0.3494096007851368 0.09994523953670782
0 0.3213053578821454 0.17894560903210724 0.33432771232612213 0.1846961666362911 0.3343016965645068 0.21196266806158504 0.3272241196822668 0.21771935958075048 0.28935140543770327 0.21988375055201329 0.25419068360669056 0.21296121129932297 0.2435567099662867 0.20842959085576238 0.21885054765364503 0.1980249480166121 0.2082689229076321 0.17657351512946928 0.2137278069976612 0.14711977971917478 0.27123692653559406 0.16276143166005386
0 0.3224776569018122 0.1772017018621601 0.33930990381691595 0.1678812635622642 0.36923462107301125 0.17936482334878154 0.38219574312128507 0.1860485669336419 0.41811758683350797 0.19211956339992628 0.4246223394578826 0.21121476516009305 0.424604889826419 0.21685470264128712 0.41389223415884857 0.21889620565959708 0.4053055800805759 0.23152932724243028 0.34743334923350155 0.2106735092135601 0.33603825371188745 0.20699343155640548 0.33426647993041925 0.18562935261696759
0 0.2177394810296811 0.19883566920588283 0.21288403739536893 0.20297091834650682 0.20795879523520217 0.2296659174119072 0.21425351753969257 0.24121398813239173 0.27894094605473174 0.2656857960459964 0.3275351994681777 0.2774665285193294 0.32901794353143476 0.2602434094739499 0.3291315248215286 0.2423904110496912 0.3243109804501436 0.23524578522792713 0.29059810341946074 0.2223800018922455 0.2558179425290531 0.2150316912463522
0 0.3356096269419673 0.21352573342114076 0.3278627767720713 0.21873418875569747 0.3052826160487273 0.21892116448107043 0.3075310824294307 0.22764641108424075 0.32819098881828546 0.2352282298060767 0.3340001350222286 0.24342850639992306 0.3378363606261312 0.23870419947755506 0.4158654721300494 0.2694339795828171 0.42051088544447734 0.25775159940251086 0.4205895674716439 0.2511784759406403 0.41916345536785354 0.24066850057038758 0.4066747428537391 0.2321592066213095 0.3391877563966704 0.20736082593062277
0 0.20903496259623888 0.24013507118502464 0.20400042221105408 0.2738697867026338 0.21195301963575852 0.28702174437980926 0.25946682262309206 0.29914660505207474 0.2915698903628759 0.304301970959533 0.3192767574361192 0.3065936911525418 0.3231129830400219 0.3018693842301738 0.32159502234267723 0.29275918783093585 0.32298591781237995 0.27693584775657104 0.2802488764321922 0.26724886140555215
0 0.33815568917103345 0.23921161406502855 0.33045262176537676 0.24912682090010285 0.3284056195744059 0.2695752692807146 0.3814530229850195 0.2940997434598706 0.4237920537931385 0.3098524386852866 0.4381878540753543 0.30541959369629973 0.44312197973683304 0.29471122109380515 0.4415470697088613 0.27572092870319376 0.41513496644669057 0.2698189293788848
0 0.33798975898654876 0.2739844249328695 0.3278851442109314 0.2775073501164646 0.3219624167168945 0.287160071946877 0.3244340799838701 0.3086057940805854 0.3467824776907903 0.3173249067687741 0.3982638545747441 0.33884571502022426 0.41947056945984895 0.3488421418880221 0.43383575354421333 0.3448758898893735 0.4391504401462972 0.33374174589367583 0.43599205396020213 0.3173877250565528 0.42395830134878354 0.3126928182244512 0.3807531334995121 0.2940181002656001
0 0.20400930571236608 0.2898564131655395 0.20213283414211614 0.30233195911326605 0.20432006812711673 0.3119903916971129 0.20163869191141726 0.3206107289307278 0.20804271244092554 0.32511908319900357 0.24363206104185842 0.3255093205869586 0.28352576171577754 0.33016298266037786 0.30266342434221183 0.3394478869550257 0.3140190201646625 0.3276079311396128 0.32243942668729014 0.31213443001761493 0.32096524875418475 0.3077309851188946 0.29182798651207525 0.305742571527683 0.25934435783168625 0.3010129770134277 0.2129416214683167 0.2880773951518915
0 0.3459907396117286 0.3186430425455183 0.330580004364179 0.3116735477807111 0.3218751685595764 0.3153597593528474 0.314430197303119 0.32671556675607155 0.3090848945031837 0.33831630374210736 0.3214162429629651 0.3599718446149265 0.34596932428634947 0.3727094524057679 0.3983342878429193 0.3915123459094592 0.4215837218539192 0.391873606368695 0.42851250081197784 0.37763659782917086 0.4280312077765064 0.36347552173048275 0.42048978749025856 0.34943119966976605 0.39992172969495815 0.34044960197691526
0 0.20090818622805845 0.32099567872679546 0.1963371718757212 0.3369182174172811 0.1981089456571894 0.358282296356719 0.2152519549870437 0.37109583658839657 0.25383772528350246 0.37418643330226004 0.3166921476213706 0.3782273482571033 0.3200164639919504 0.35980855822638547 0.30817069163271626 0.3415008114802045 0.30254095955080607 0.3413142589163787 0.2848030758953865 0.33219264101027174 0.2428709391606481 0.3263608633733645 0.20725097436186385 0.32643721897574773
0 0.3206551210817548 0.3608233874013324 0.31701147616627284 0.3787347628445768 0.3131271847330551 0.38956560023847714 0.32433430000248475 0.4068585178097111 0.3711482135043109 0.418901735287706 0.39791026150923525 0.42484455620915024 0.4243091982050182 0.4255732110426033 0.4323490437870408 0.4105254813138084 0.4295843851079386 0.3989190335743382 0.42248047509292297 0.39432903611179193 0.39923104108192314 0.39396777565255614 0.34584685949494365 0.3745758243671209
0 0.31618912188935977 0.3805194916116592 0.311027516276533 0.3893206706556656 0.3199074831380927 0.4044614650855998 0.3176985164565527 0.411256251954997 0.301141815322112 0.41637735334184883 0.29219204993469783 0.4237963088366909 0.21450431704338163 0.4147339142726639 0.20390095960082916 0.40973570083876504 0.19443928498009205 0.40346017322525735 0.19338056725051905 0.3873510819709458 0.1968273484125046 0.367065919978875 0.21592122827469956 0.37164407277300526 0.25342654814504584 0.37507879768580127
0 0.31880958308051666 0.4104455307657264 0.3703870916231006 0.419753278074112 0.39781841291568093 0.42624433518016486 0.4160724888694992 0.43824715422257166 0.4205694216309061 0.4556976474289123 0.4113572770292167 0.4724892843276543 0.4018607031455524 0.47749363167653464 0.3165090851765826 0.45625328701314394 0.310778620999806 0.441479886957427 0.29816744369428594 0.4348369649697019 0.2939111574506147 0.4244670098127054 0.3013386790756084 0.4187511398906752
0 0.19226093449640358 0.4097883671043163 0.187773202607469 0.44593769076788714 0.22399692523313047 0.45815603930283905 0.3070520109920818 0.47677766783459186 0.31696404507927844 0.46006767413012034 0.31173660663451275 0.44300213071984745 0.2977562665558293 0.43572932935324316 0.2867897978041354 0.42551694983135313 0.21371257896431994 0.4160520500494081
0 0.31839444024814456 0.45976436752832317 0.3080712290224913 0.47736672561633586 0.3099523010289775 0.491691088103565 0.362107234265663 0.502946850567574 0.41130952857106196 0.5162090052061922 0.41183428699961233 0.4974636423983923 0.416387851720486 0.4871810411891007 0.41305893491367 0.4787999227848629 0.4039909877999259 0.47727196826900803 0.35711584190239687 0.46616193677168954
0 0.19016158341104178 0.4471566279285104 0.18423457285192912 0.4676226317309726 0.18457595146453115 0.4892900172722077 0.19701659814933048 0.503905841692818 0.22712501259253443 0.5125898435373061 0.2610084202439382 0.5174827244401023 0.30327733515504235 0.518181979183289 0.3091737295163036 0.4981825683711649 0.3058316461430999 0.48462810547607144 0.2919431546579707 0.47595552513845235 0.24404879073003216 0.46425643585938975 0.2236163642925254 0.45858181069604204
0 0.41130952857106196 0.5162090052061922 0.4202069450640853 0.5257098621549323 0.4237458921907855 0.5416381115988526 0.412661559083922 0.5600920124732712 0.33940920918714945 0.5318001066892557 0.30566571595861514 0.5194009163439123 0.310923453230072 0.4983866763568412 0.3116101761491915 0.493294975060256 0.36143796097800707 0.5023986143829653
0 0.19561681917831575 0.503742555304277 0.18703444816511888 0.5055623949150603 0.18333845435524593 0.540393582801887 0.1919033757369792 0.5442136806722976 0.3028533088213583 0.5515141894829799 0.30774365171859774 0.5360990653799679 0.30828157671353595 0.5225270470630238 0.30166324279906753 0.5212848437271157 0.26120528399743465 0.5198565109889287 0.22767182108878453 0.5150044516832676
0 0.33126863151026065 0.5322609889261595 0.31509677438150085 0.5261430369477582 0.30926589548101824 0.5343959798071559 0.3061690590617864 0.554721963396362 0.309406127275048 0.5645028607716145 0.3138767269036793 0.5716066649962434 0.40789828141432444 0.600440673049886 0.4164105365305064 0.5835673929568735 0.42076295443280776 0.5817242871708055 0.4210121670806951 0.5671782612760496 0.4118698210048603 0.5614101482500155 0.3914680107652049 0.5552689300963293
0 0.30209218694014806 0.552365732269386 0.18942314633985202 0.5443945224826892 0.1831504741030615 0.5540064227159663 0.18233700332746033 0.5717777779459544 0.18437115632320378 0.5837691754814923 0.2459001986521479 0.5918869625579739 0.30563573450308446 0.5950938901482618 0.31179022501354503 0.5765350799042878 0.309572374830693 0.5673432403107791 0.3061690590617864 0.554721963396362
0 0.31591516296449845 0.5727847805597314 0.3086845050930012 0.5808744370305879 0.3034136012551566 0.5967153325268031 0.30892975204697304 0.6147548835148877 0.33859637315386903 0.624797842733255 0.39027889685639516 0.6378791555614818 0.4143638517106959 0.641629031744491 0.4183880575667831 0.6232918849080437 0.4071022602701869 0.6125720907986801 0.40579861295780234 0.6001957434670745 0.36187610599156 0.5870793197951469
0 0.32140529799469963 0.6180908329731098 0.3109201222784772 0.6220395295499079 0.3046125507787594 0.6429313047455733 0.3078934017562602 0.6574189536213434 0.35543782094144505 0.6690772213032705 0.41949087543175567 0.6817209180698783 0.42395687462415077 0.6620248138595516 0.41621430751933064 0.6564199872220584 0.4138914421765365 0.6434545821087087 0.3905676092034459 0.6388531631392936 0.3394012777993185 0.6286530514473667
0 0.29381201221155007 0.5979461143558423 0.3030899896451785 0.6070211999113796 0.30690019948746583 0.6295633944143054 0.300868173768411 0.6462558326969265 0.23278202992070135 0.6359626563038603 0.17944163109796113 0.6212774565189426 0.17843097919770318 0.5990618347930988 0.1843099239275009 0.5847023614621688 0.24551963771154278 0.5923127339511769
0 0.3075434570135065 0.6573781320242081 0.3011657696167738 0.663216466737644 0.29753957433275546 0.6754879046996943 0.2988870044093792 0.6925710035318176 0.3050154791582246 0.7012786947131374 0.3481943138747204 0.709606723690277 0.3919331236538541 0.7255227053042339 0.41238299972282455 0.7255573929863877 0.4189006015424266 0.7122127488304048 0.42129326541107526 0.702618404018978 0.4123388995874249 0.6832374510788645 0.3550572600008399 0.6695029926964735 0.3318996745833945 0.6677419532662231
0 0.18524091088932715 0.6249285704768127 0.1801299958415869 0.6306466597188622 0.17872316272651573 0.648478263875616 0.1800479741439342 0.6571570904879532 0.2524827854252332 0.6719210090082358 0.2974769467083348 0.6790639333477907 0.29635484625211417 0.6745130388008872 0.3006197652989259 0.6636448344838557 0.3051079540098407 0.6565912461662821 0.2995944931075575 0.6467923785522712 0.2554169278049533 0.6416389970240658 0.2333898212623664 0.6381223580620352
0 0.18335835153958635 0.6572275368762055 0.17775402762212433 0.670465211701677 0.17637062927781105 0.680722407067262 0.1787353063398298 0.6952053924904064 0.20108847606104507 0.700970067122015 0.2434272623736039 0.7052775236872812 0.277797047706682 0.7083396696548748 0.2953682416266381 0.7148093764729185 0.3025880748700426 0.6986030106109283 0.2979411686715929 0.6936409420059233 0.29758858154038625 0.6809712413475196 0.252165563564131 0.6731468616682661
0 0.181044059428839 0.6961061406610924 0.17390049574738164 0.7003242612043777 0.17221180604131264 0.7332772713395957 0.21738811958270698 0.7448614438105601 0.26317831814340076 0.7543072270274399 0.2903046223483489 0.7558929811430052 0.30053816982920833 0.7406695982633215 0.29623788551229213 0.7376422492619188 0.2962142376275666 0.7199594915479003 0.27888974814247136 0.7097299919381456 0.24379444295804242 0.7068989272249077 0.20147621534838867 0.7022781545936656
0 0.17661488387275426 0.7347380400111186 0.17126014045800603 0.7369548293196865 0.16977416171313486 0.7740357715203383 0.18048961379230472 0.7803371739580044 0.20734865485948695 0.7859960369312565 0.25137059185637667 0.7971298353168778 0.28034451636889623 0.8030354027249907 0.2845860006449501 0.7997416071991282 0.28663324273189905 0.7901932787771152 0.2797069834648714 0.7874910342650568 0.2763583647312619 0.7807861272835636 0.2763435581640625 0.7665772578991535 0.27510098155826435 0.7566451670229127 0.26333107038126236 0.755587902895217 0.2175408718205687 0.7461421196783373
0 0.28973185473485963 0.7574047382651378 0.276531462558061 0.7564963205801774 0.27816177845120277 0.7677364989280688 0.27740110644371496 0.7793291933691777 0.2815663211578218 0.7880236431620201 0.28872756747433137 0.7907532992779521 0.33868585681698476 0.8016324395624815 0.39408112438600673 0.8090415262745395 0.4024318994031578 0.8008599432890611 0.4040091673911429 0.7912567916593015 0.40239056888338015 0.7762294089158258 0.355774933024663 0.761320194557988 0.30156919415628247 0.74299986874452
0 0.3042445737469786 0.7029888789748195 0.2962094978961777 0.7153304416618359 0.2964929854795716 0.7229142390804043 0.296655417658364 0.7382950132866778 0.30360538715025487 0.7424905471815296 0.3563465482854844 0.7600991626452971 0.4022128505213861 0.7753435955353319 0.4083294878052969 0.7773589604450636 0.40888899577160986 0.7688320200200379 0.41576367891559396 0.7503665871890942 0.413595486583682 0.7357933176944144 0.4019871672330096 0.7281903107626215 0.39189291921657565 0.727273171007894 0.3477634724406618 0.709367275702669
0 0.17687803253848416 0.7786602055409295 0.17179588574564447 0.794292901400453 0.1689445915644871 0.8119886670299122 0.17384668871761644 0.8274339124210365 0.2172662733162382 0.8354284850210686 0.288632115000404 0.8451055491821347 0.2992158149840231 0.8229032686296097 0.28081135699728477 0.8148971386596645 0.2811949510837698 0.8038995067245014 0.2510115305150679 0.797674307861708
0 0.2887260174761356 0.7921581558392572 0.2853316087427669 0.8001003155471157 0.28136268321908964 0.8039190729383007 0.28148228553856425 0.8149754035148619 0.3000984996416709 0.8223301711573267 0.37128413956684614 0.8450567853049931 0.38741577387825216 0.8464878561355408 0.3966828602652145 0.8340475959999171 0.3970937507550001 0.8277855962813088 0.38229135178320184 0.8215517800975075 0.3799765570442195 0.8104647315886485 0.3382489684591459 0.8024421782795162
0 0.17666042190848125 0.8309171041287282 0.17103310764603197 0.8419791119773921 0.17058876200075057 0.8590542332116691 0.17138560373298012 0.8726684661752513 0.2154844806617553 0.8780380232515638 0.25151754043482744 0.8826920449126022 0.2892509600103217 0.8846148054856237 0.2988975346489722 0.8715427492363194 0.28955692284098217 0.8670728323433611 0.2863782239394983 0.8459694026382095 0.21701049321882138 0.8367507758898283
0 0.30991810431177264 0.8255038352968119 0.29600255109386 0.8285447353754467 0.2892166609581777 0.8452583795155096 0.28784864168217433 0.8505448691118901 0.2905993803137331 0.8664259503756043 0.29968726516646466 0.8702091018259419 0.3157856090522728 0.8783110799486495 0.3363608921972172 0.8826562440642078 0.3743717603619178 0.8880627835128946 0.4003378112443736 0.8858401950056901 0.40351904998442834 0.8795982050226415 0.39113403256977014 0.8727074023602758 0.3882547344868711 0.8476697049778451 0.37139822469619543 0.8466758796685484
0 0.4317341718489188 0.1715278521145653 0.4249525445195335 0.1845645726664615 0.4194144932323345 0.1918201549069222 0.4210625231272953 0.20057247170842643 0.4281522397026017 0.21670885689286268 0.4385086344769091 0.21692924584553064 0.44798291784115823 0.22494833964840336 0.5216111739470395 0.24308496206955713 0.5265564298844957 0.22604784044929327 0.5248378621498048 0.20708105613457564 0.48697460912034496 0.19706727906429786 0.4806339819360501 0.19961997028104914
0 0.523246789846669 0.18631963444413777 0.5195815983235089 0.20302085638640607 0.5253113108790358 0.2060609123983704 0.5271796935273594 0.2257793105058216 0.5457613603562232 0.2287374494862333 0.614260156983422 0.22697771619314253 0.6252046076604766 0.2198217770200416 0.6252878286155973 0.20349327137188067 0.62056076904316 0.18818475647331198 0.5636193777783286 0.18549524843433948 0.5512969793537671 0.18353078239632548
0 0.41438056222843006 0.21894558658943686 0.40782717518877076 0.22845838715624953 0.4111076474733568 0.23569256822526807 0.419232720055673 0.241383722853912 0.420772486417051 0.2510500436025907 0.44421849189904095 0.2672245547184417 0.47893018469693455 0.2833956278738796 0.5052518491067078 0.2738171513766916 0.5176845864898821 0.27711208648844304 0.5236569380255076 0.2704302225273704 0.5238063979320794 0.25911631563520493 0.5219282350467661 0.2425590115192295 0.4477829468191612 0.22495018315219503 0.43822604624518663 0.21698384698617
0 0.5274861708700157 0.22713265942634042 0.5217320966627228 0.24253613167244803 0.524463452624554 0.2581388837939846 0.530337823908866 0.26198637318890394 0.535354023057457 0.25782816829461747 0.5394679500631652 0.24934839879338322 0.5521728450188236 0.25451971851643584 0.5980644257071905 0.27199494293841664 0.6146062889182865 0.27893144882405424 0.6278748816114762 0.2604517632279927 0.6296547084826432 0.24537524758242957 0.6272739298706301 0.22744171469915378 0.6154541471727684 0.2268534774284401 0.5459060190850084 0.22954488286918837
0 0.4241902377823259 0.2561920819084798 0.41769571004602124 0.2678199050852034 0.4424753853869396 0.2757173645356622 0.4445987657226612 0.29757366509980576 0.4768071601240459 0.30370250042726643 0.4967103159859553 0.30760535187132193 0.514120131569762 0.3193864580546897 0.5208965971155404 0.30647392549779146 0.5259421369751005 0.2928324386290779 0.5252825038123161 0.27878895404909326 0.5190403952930998 0.27753376326130436 0.5054136677205789 0.27436306691425544 0.47891302481184844 0.28365714571927075 0.44341677847778127 0.2673945531767071
0 0.540004885560037 0.25020159186990115 0.5355158416713282 0.2583740838321813 0.5302520244834354 0.26329396241585984 0.5228185042451825 0.27718392681397847 0.5267069521558781 0.2781645594403899 0.526300093973015 0.29340123401342316 0.5922418898409698 0.30952607312485414 0.6158790546478 0.31676321780384187 0.6290227269676004 0.312235497400639 0.6279462775035469 0.2955081948263982 0.6155183412981591 0.28009191943952627 0.5985498815488042 0.2736326895511081
0 0.6172177035659315 0.31744641242209437 0.6275272384948007 0.3199666335284674 0.6278975542000149 0.33239525134254194 0.6244015609388225 0.35254196496845863 0.609279344893502 0.3571024047492381 0.5412119459823489 0.3462635217699889 0.5334448303979473 0.3411411625256903 0.5323807396411933 0.3362736823811787 0.5215440494524417 0.3297391742068121 0.5151008234899789 0.31950085728859695 0.5217914896103268 0.3078959139586547 0.5262314544326707 0.2944473053949879 0.5923522287995827 0.3108565421985916
0 0.4449395628354897 0.2984039783295423 0.43891573164460596 0.3058703958267884 0.42534546278654645 0.31087539222721056 0.43637829135934136 0.31743278024835875 0.44063465438635774 0.336902700826405 0.4872371700113508 0.3465552697334316 0.5285439492671723 0.355590082777359 0.5336066490118185 0.3416870780632541 0.5321846012571498 0.33625080253439726 0.5216715482961407 0.3308081254351583 0.5144952484527626 0.3196937355936437 0.49587428279452345 0.30829838602036963 0.47675568046878763 0.30448705396344
0 0.5339131263544749 0.34304042698377296 0.5287057678810435 0.35613599831492276 0.5268449427622328 0.3603987629123213 0.529149702185805 0.37647879103107734 0.5384172853022094 0.3828302604311924 0.6048615190154473 0.37924974175115844 0.6251176528160682 0.37476114229591445 0.623872005090047 0.3545883480380252 0.6087841088148986 0.3586257521280223 0.5411261465569184 0.3475711109969448
0 0.4396196426959686 0.3373113372832801 0.4339194487328273 0.3458695858556539 0.4224306829108044 0.3492727558061524 0.42915344609384765 0.36428703348175323 0.4443590609757054 0.36447967461157815 0.5182569090454252 0.40393176322677 0.5272986573039841 0.3775804616370002 0.526087329348135 0.35688463168832857 0.48620499843587556 0.34722542403569795
0 0.4445208795895766 0.365025590149142 0.42894014782471823 0.364525671480363 0.42945512225871746 0.3777617226773926 0.42200444213537835 0.39191320492090237 0.43047031183052303 0.39843467277928274 0.43399600156551743 0.4109678502964694 0.46846985656109913 0.4247395031498237 0.518843279371495 0.452224246022205 0.5282970427535365 0.440678102701812 0.530890763871846 0.41620982446894755 0.5180264508912096 0.40443191907077086
0 0.5381696672629077 0.3835919341205845 0.5259649874450556 0.38585751330239243 0.523836983812964 0.3972041395721346 0.5205590899986876 0.404990874924321 0.5315649784494066 0.41497087478233596 0.5303833469673597 0.4269549359767677 0.5388344573663116 0.42767725154297903 0.6073430342305001 0.4227564242584126 0.6156004068343018 0.4173951898402823 0.6219700141972171 0.41971933185641735 0.6325196096358753 0.3974967165685485 0.6335051027338788 0.3854897755273354 0.6257060679681984 0.37482978183625876 0.604665380631404 0.379226861904377
0 0.5383735410578805 0.42867756323098094 0.5316876761153191 0.42816116628580264 0.5297043312120124 0.44031522593849975 0.5203192073703153 0.4508152978773281 0.5219693126903062 0.46181208769974424 0.5285154979632856 0.4704812975456123 0.6080200051597869 0.45761997755177125 0.6197980884393801 0.4558316743671828 0.6248264684138541 0.44245170534386036 0.6214919380037 0.4209811613898104 0.6165296190992605 0.4182941426103631 0.607470533074199 0.42382537548675875
0 0.4315810810647488 0.41463893966274123 0.4398875327349156 0.4145538218459976 0.469560887439929 0.4261843714574684 0.5182033845641065 0.4529401600180343 0.5203144061925287 0.4629366381524485 0.5172793292397674 0.48208304009036346 0.5103189061358286 0.48575092867144415 0.4401207472408574 0.45015616898196686 0.41679246036557693 0.4382117030859378 0.40559781317891075 0.43110839952722596 0.4057963521518475 0.42507060923644713 0.42425052013701237 0.4269597969885126
0 0.5202335858263013 0.47320447366304924 0.5292657317292869 0.47109585262352044 0.6073972702374846 0.45807437370220927 0.6192096732872499 0.45576303482683844 0.6207763797707037 0.4620067437386503 0.6248683457135392 0.46590983235792777 0.626660709173422 0.48377472570085917 0.6201073221337627 0.49328752626767186 0.6002827639306039 0.5062590960093412 0.549301543375515 0.5061094881383321 0.5245611668639718 0.5066492392807358 0.5240192523078968 0.4968357999205731 0.5165438547699588 0.4872676373046243
0 0.4174106126547218 0.43945866960399127 0.42270249994902154 0.45607381052026574 0.41167898861667773 0.476231806042784 0.41751236439410416 0.4884851796072909 0.4261830709359272 0.4847313187055264 0.4776693819913851 0.5132023203291686 0.5156776251845963 0.5292089420927831 0.5218527760175271 0.5129103106197899 0.5239079056921861 0.4971522106308706 0.5142078541692103 0.4854689216858639 0.5085677605346021 0.4858321343573819 0.4404397796002653 0.4503141644057403
0 0.42668976176137263 0.4847904249763784 0.4174015401362565 0.49017414902544226 0.41181220748959124 0.5014354253794073 0.4117078145165476 0.5146980462472667 0.4211766854783701 0.526013988173217 0.4244861391740272 0.5417171162388225 0.4700156173880994 0.5637067934550988 0.5113616806498448 0.5794220182119915 0.5178535706895532 0.5699679238178819 0.5237119823157067 0.5468247552660047 0.5157758166363321 0.5316030524136212 0.4773717068755233 0.5138483549610031
0 0.5247630326214364 0.5074633459523354 0.5176822236348083 0.5297831610598218 0.5246810342634585 0.5476185555749695 0.5344506811017966 0.5504600972747367 0.558540660162024 0.5529298512565807 0.5853857418651738 0.5523171977563822 0.6000259140544942 0.5509615815229942 0.6082406907588149 0.5580466780328249 0.6174402529776529 0.5540141295182822 0.6256802952941969 0.552933066550134 0.6309719528250004 0.5423178248280034 0.6236311373773493 0.5258040527119509 0.6169142682977955 0.5192340688983067 0.6083257898774466 0.5100631028158422 0.5993826738319852 0.5062968388714624
0 0.5183263294427233 0.5713317961046396 0.521172940582962 0.576732038225097 0.5245854719738455 0.5918011641645885 0.5146263380779112 0.6063774499755389 0.4699249403614506 0.5894261234966777 0.42308181180441956 0.5746256778786129 0.4219624813415394 0.5672929549857401 0.41838128991665124 0.5639409936785509 0.41593175893349615 0.5585870715744347 0.42435468221947936 0.5430313453839518 0.4695549501459322 0.5645755536757782 0.5111318166241066 0.580362159709742
0 0.534839715914399 0.5513849081383605 0.5209990604621262 0.5580395108373271 0.5192247097936585 0.5698361155089868 0.5274096730806814 0.5883961628046913 0.552872483168567 0.5967013659613215 0.5940595594412356 0.5940370047040674 0.6198746296193989 0.5847780409163293 0.6312582840773824 0.5698344349531282 0.6266718822213755 0.5543616288598907 0.6175638786257112 0.555966629539438 0.6074880146545998 0.5601261912335281 0.5995662115029119 0.552800188377022 0.5855120759498285 0.5535614687475817 0.5580862751099271 0.5538299089895998
0 0.4265513131814056 0.576630878654019 0.4219129813665712 0.5832919613099438 0.41641343919691665 0.5847844019271173 0.408620876158815 0.599880167932667 0.4082536760462685 0.6115741725567986 0.41942907049027267 0.6211469362852626 0.4319346654545519 0.6287408992249702 0.49615257089763515 0.6501028273505024 0.5171109691924347 0.6538813887402002 0.5207291505538819 0.6292292989779904 0.5218806109856023 0.6208277356513822 0.5138321777637437 0.6062848099428564 0.46967429026452484 0.5901971238026745
0 0.528841663653865 0.5909639238125589 0.5149539382104832 0.6074826504107701 0.522312431154942 0.6203446154582782 0.5232754315626705 0.6300598192936534 0.5317605449215875 0.6318498599591574 0.5634772774537641 0.6302147391556644 0.59545456007786 0.6246088167813337 0.6018623825934434 0.618420894303667 0.6074512047775971 0.609469970737922 0.6185793491709362 0.6075671299306358 0.6131095069862627 0.599460166753287 0.6123971566754599 0.5889739626119149 0.5933770891749701 0.5952911252031681 0.553001543222597 0.5977834063883821
0 0.42639269696286186 0.6252943393637899 0.4175800137342557 0.6295580552628298 0.4144833712535136 0.6434844956007204 0.4175433233113531 0.6573353528822741 0.4261640732907269 0.6620451870898824 0.4582838836093837 0.6806088541874343 0.5040166730048817 0.7034063609477239 0.5192567998891972 0.7070362505661029 0.5294454214743316 0.6878516121632319 0.5285467273314234 0.6652569295524308 0.5175135099861724 0.6549739482145979 0.4959198560967056 0.651396669174816 0.4316655950105477 0.6296136414498168
0 0.5224981509568414 0.6304197012373275 0.5174027243111279 0.6536380926263918 0.5296938634142325 0.6659199176630577 0.5698927254780078 0.6732550418207066 0.6173582705371029 0.6666209944288203 0.6200708679177961 0.6494747171925913 0.6159795646695295 0.6452932499730051 0.606920671207315 0.6442365159969612 0.6013350558006771 0.6295618632605999 0.5900163488894543 0.6266539998191161 0.5631105176199381 0.6314529864647401 0.5310253446194757 0.6335311032346366
0 0.6182641956036412 0.6709600552487517 0.6183455217794132 0.6818175866655322 0.6245047052274556 0.6968237334572067 0.6068472903615096 0.6997911112358498 0.6055426797460783 0.7075765199876848 0.5856156315980333 0.7118666602437459 0.5287416066932848 0.7136989835170636 0.524795547836673 0.7103282186414969 0.5216814973960417 0.703350298489846 0.5302331513406111 0.6879435020741922 0.5296127158400448 0.6762293233579119 0.5335882341959292 0.6700784124049037 0.5709537147692917 0.6752309130417992 0.6166813263458679 0.6678649601060659
0 0.5211670269547666 0.705142389889018 0.5263611877361412 0.7136858904062757 0.5221001798142849 0.7272119192556327 0.5162513034173177 0.7286463303779156 0.5112296148205778 0.7386440007513609 0.4787037094278137 0.7292934879048104 0.45101737921564805 0.7157449628486043 0.4255145354940562 0.7021865584254462 0.4187523245053366 0.6963705934070327 0.414269566631807 0.6860579739683431 0.4149218719395227 0.6821652695924255 0.42118925215314884 0.6834255421242945 0.42611238521581174 0.6628329169561619 0.4583774399261232 0.6822072863977335 0.5033397288136467 0.7046503266249696 0.5205491803636609 0.708509941020749
0 0.5900933902542255 0.7131827570980472 0.6056290051391877 0.7274305739888535 0.6137008259606762 0.7344576528398202 0.6219645800313972 0.7325111815841386 0.6262602252714478 0.7396269366022302 0.6221025934994218 0.751577505719028 0.6232473192743542 0.7583257010932781 0.6205469520346286 0.7662128791230257 0.6033006314601276 0.7689636252350557 0.5859779839271921 0.7698533625146933 0.5577477237744786 0.7676186046862341 0.5161949733282334 0.7627714118830764 0.5108653879882948 0.750243317078941 0.5064761864315047 0.7415291298505503 0.5110154529957028 0.738883604895714 0.5169184277754619 0.7305762566435283 0.5229642366389988 0.7291648179989852 0.5277471245273445 0.7167580130712213
0 0.5045828520577164 0.7403463407421661 0.5097528939592091 0.7501800632476078 0.5101652416211289 0.7649971707972664 0.5005880633014395 0.7801258852992597 0.4550235265827696 0.7570879035374359 0.4187890088216164 0.739568984927856 0.4165320596144261 0.7359826818265606 0.40492104822089797 0.7272437360569587 0.4146357588395535 0.7269000714661958 0.4208430231173379 0.7124859267548773 0.42574497672983813 0.7053040188070326 0.4507017247639794 0.7174458912793084 0.4788841274670985 0.7310717168645372
0 0.514600034040106 0.7607145690824971 0.5103438840687975 0.7664949103714465 0.5056446161327872 0.7748081374095331 0.5077916890417921 0.7842892258922639 0.5129136444856424 0.7948557893655815 0.5280388292940026 0.800681642440881 0.5615182171166814 0.8053255152970037 0.5741116373548978 0.8075330076325793 0.5967563734152664 0.8042669486022606 0.6133792147194803 0.7999292010425826 0.6189132685902713 0.7957748298815263 0.616649343074141 0.779634057411056 0.6145984430804211 0.7686872869925733 0.6034375259605347 0.7699699248430086 0.5856329536721231 0.771216020339042 0.5575777434220497 0.7683125617032983 0.5159844507007936 0.7649375402363838
0 0.42965551977469923 0.7451443648334957 0.4178633271706308 0.74087137009949 0.4166922870818126 0.7513586294230262 0.4100071155219154 0.7686071673085012 0.40957589124211025 0.778858792052473 0.4073954386769293 0.7863308846719593 0.4895753867662416 0.8181308347653703 0.5027753040561589 0.8193486903537547 0.5167928095655474 0.8081064444612348 0.5180567203870421 0.799883565342629 0.5128899579937711 0.7976711782868424 0.5071959505356205 0.785095359551088 0.5043444390412055 0.777036280517622 0.500873029062492 0.7821042342621828 0.4561752716792482 0.7604714742087263
0 0.5214113630934394 0.8002748896186153 0.5176164805765575 0.8065928507554236 0.5024518315179906 0.8205986977460024 0.4923669395982994 0.8197442146996053 0.4940293799425375 0.8312058743942531 0.4943889146034232 0.8441252243267142 0.49904353025403236 0.8504630268088033 0.5234335554118206 0.8504107439086491 0.6026299090989261 0.8393672012199461 0.6072004522342807 0.8212281181653568 0.6061939724970584 0.8108087830173908 0.603081879865973 0.8030412420314876 0.5739594666471173 0.8089801893508924
0 0.48997076623658703 0.819464697359615 0.49385265400786404 0.8302194533155691 0.4946075681390952 0.8444726658422749 0.4885064502540367 0.8601796582879396 0.3976164228605628 0.8286514048968104 0.3833771137631041 0.8211955330547607 0.3802140780003408 0.8105246323008037 0.39421670250076885 0.8105483839649383 0.4037114579540825 0.8019979046760527 0.4050801877780733 0.7921775766496385 0.40774889054627617 0.7883037268293273
0 0.40631455389490445 0.8322415373072672 0.39795792646008976 0.8344860761669172 0.38843025893645694 0.8472178743501034 0.3923691726309506 0.8718224978492044 0.40519174151188114 0.8787911695056986 0.45984252522028174 0.8922488435198289 0.49901691828850947 0.8913456981411217 0.5030243715495246 0.874428670744781 0.5031950146926593 0.8644685840483719 0.49945987352487714 0.8514773996214862 0.4936042384542711 0.852404006913318 0.4888599021233836 0.8621525004453074
0 0.5228075741359833 0.8525912689115828 0.5021375918237592 0.8511458891323521 0.5035394510313268 0.8628990868745626 0.5049413102388945 0.8746522846167731 0.5014998795913596 0.8829430879109493 0.5129537186482992 0.8997320875938576 0.5516608253140045 0.8949112096344134 0.5692067667253231 0.8924508775404797 0.58710007721445 0.8810168798288208 0.6105045864355153 0.8702257719991393 0.6097677033656429 0.8630572381347879 0.6074583179450682 0.8540955932246351 0.6027856712331003 0.8406731120801919 0.5623383518126986 0.8462567972463275
0 0.6417936068230986 0.1974491813269101 0.6278067596824677 0.22915548704624533 0.6304802563323816 0.2458717146930839 0.632223189032238 0.25560014282131926 0.6400215718271379 0.23957630325051882 0.6517760119133249 0.24491627372406158 0.6868005314634913 0.25852705059037107 0.7254189345773701 0.2566818723417111 0.7283432834750615 0.24538119822475216 0.7261203390505401 0.23691970825150255 0.6991528212714337 0.22451337959462966 0.6796957864133788 0.20954353652692856 0.6577599556656875 0.20513258266538695
0 0.6399526543939177 0.24062660973889152 0.6174682516915093 0.28086677474397775 0.6279180811622648 0.2939921539693556 0.6320684820106607 0.30029720664342735 0.6598457796301049 0.3003624340619209 0.7026514526168665 0.29821194797952316 0.7165745601431988 0.2977194084445836 0.7288310619281092 0.289359449613801 0.7326441065340339 0.2826604129388666 0.7297760877254267 0.2598360055506648 0.7261894350853446 0.25703633887476457 0.6866971553136609 0.26010251032293014
0 0.7243066144143393 0.2978276052101673 0.7006132105179473 0.29903252969049504 0.6601707271300244 0.3014586855057738 0.6319823352191354 0.3016100897538932 0.6296143250045435 0.3135048345482587 0.6220102857667524 0.3144699167487877 0.6273595107728727 0.32065022766720686 0.6279627169151341 0.33262698300558047 0.6260648985921163 0.34642868158781837 0.6282213358912941 0.3498552707858175 0.6570866719934183 0.3484599008604525 0.6949173452410174 0.34652283270083206 0.7053818151606173 0.34430390545610506 0.7265371469656592 0.3303673476158167 0.7265271485309841 0.31237430244704023
0 0.7177737926110235 0.19727786292989838 0.7027675367530275 0.2236653942678476 0.7272027745685739 0.23513874868185125 0.7307666072638381 0.24826197468476666 0.7516043249011555 0.2575003157331602 0.7931402631937368 0.25735331546921936 0.8084928879817682 0.2464367235781153 0.8072850374255105 0.2181577915728992 0.7994271186957358 0.21860267095435493 0.7641824766040204 0.20586838276217337
0 0.7307666072638381 0.24826197468476666 0.7269158182607187 0.25507420239653217 0.7318940671088948 0.25701644063957424 0.733236973948339 0.2780496989467761 0.7726701989268041 0.2840111636077603 0.810503113893396 0.28842443183138305 0.8063733309261699 0.2579892948216929 0.7944027793219797 0.25886210772601265 0.7515452186303033 0.2584010994228409
0 0.8063313747481284 0.28975314904392785 0.81753767917878 0.2901527033129931 0.8176730418132948 0.31921420646618576 0.7982541810277561 0.3246642337166608 0.7288882223418435 0.31838794407957 0.7257085804071176 0.2994096240937297 0.7303531697192018 0.29087463736373875 0.7354833185920467 0.2801270955901141 0.7722732987723218 0.284872543116873
0 0.7978324211556365 0.32553614049830243 0.813137475728826 0.32654809230174264 0.8134074252816295 0.34011419707098955 0.8112597022976226 0.35958552903845903 0.798455170919151 0.36466581631710887 0.7573322960819583 0.3637358019521056 0.7246318722065651 0.3626281697236773 0.7224226961437306 0.3476757413391427 0.7174289563027108 0.3486400269521453 0.7103484244903429 0.3416268194813817 0.7266967445326642 0.33115937147589514 0.7286790272339401 0.3186293996494201
0 0.8064782427213288 0.36173468730810576 0.809388974381751 0.3748354368507382 0.8115981504445856 0.3897878652352729 0.7989303552213487 0.3972043226674369 0.7606713720625831 0.4012488250474276 0.7282696018674896 0.40442976729373764 0.7190627446501949 0.39446159771875206 0.7084779576075557 0.3878130199952809 0.7173176625503911 0.3768563836679611 0.7260531192562386 0.37632857513202006 0.7265710987165964 0.36401449333896524 0.7575697577165149 0.3645369087764596 0.7992430999323121 0.36591783929330085
0 0.633978284667213 0.3872432864114616 0.6330105633075725 0.3975713887235184 0.6286896749366438 0.4059615257891274 0.6321543967333363 0.4106194270213794 0.6435953503502116 0.4042199664469896 0.7119716445648292 0.4141296836346442 0.7245999063544873 0.41173575718202454 0.7238910442084836 0.4004386722467439 0.718649013426825 0.3963468517204283 0.7081649518635078 0.38816321066779697
0 0.6275991287430558 0.34987949996302214 0.6248731051613634 0.35432230901741724 0.6263711915686749 0.3735402788579732 0.6347004728734049 0.3851155112066307 0.7030795212640814 0.3868164280963871 0.7058196364070367 0.3821588626656444 0.710792570487488 0.38057496135267704 0.7158923286193043 0.37705825265258025 0.72585228834147 0.37367569365029785 0.7242314666466425 0.3637486142377453 0.7219683471672935 0.34876940567909287 0.7166873700835832 0.3501009731190117 0.7112976031988143 0.34319664326431565 0.7057851010265294 0.34558320383762275 0.6955734645461559 0.34785440346146584 0.6574891567817722 0.3494710148852243
0 0.6435897558153689 0.4045903399540425 0.6325357487627097 0.41154357518967294 0.6223125569117894 0.4215375485600417 0.6257217002064881 0.44136445728106893 0.6198350762955238 0.45480812028180123 0.6237261413631022 0.4605608991130073 0.6397466314615688 0.45418701182951254 0.6532803043852066 0.45655075503910864 0.715103827470821 0.4565011366951049 0.7233313280021052 0.45000320435615254 0.7307445011940641 0.44694286617281304 0.7311114053587993 0.43462161265210036 0.7285202975316012 0.41803020610682345 0.7244575999647872 0.41264991571199044 0.712039604524306 0.4157151980662303
0 0.6391495596042944 0.45431361728792036 0.6369822357854227 0.45818214675570984 0.6239799482219054 0.4611792705273456 0.6254516704377716 0.4656685551774234 0.6272485144399829 0.48314858369950536 0.6303051886538972 0.49488792886513205 0.6379648849245588 0.4948001702339266 0.6508814224765834 0.4998394910807383 0.6856796470458124 0.5011511905258691 0.7158674333019436 0.5009438011051058 0.729170938533042 0.49111289625239724 0.7334910186105844 0.4880842535924097 0.7324518870566075 0.46578624298197946 0.7276953757127504 0.46425011447043446 0.7258931682326514 0.46031104265209066 0.7156625601253805 0.4569588233597332 0.682527753785592 0.4572149479494994 0.6530831124174944 0.4573127715575058
0 0.728927096222495 0.40458822515192977 0.7251538987485667 0.4108700836536707 0.7295387004977555 0.4166098059006926 0.7320335015325771 0.4340792927935273 0.7537140781093505 0.43660836568575845 0.7820899193337103 0.4395450067059108 0.8018248031407733 0.44184711151806993 0.8075680113929913 0.4354216129497896 0.8184707956915274 0.4314652113319051 0.8164589528508857 0.4151723969017825 0.8145548400601486 0.4015062635093795 0.7985306577168643 0.39814323825947956 0.7607495427936661 0.40195179995212543
0 0.7536882617231506 0.4374632680778594 0.7321560450941464 0.433942191117106 0.7313837840108898 0.4457115038811203 0.7235264038902767 0.45009380835496304 0.7178405665241283 0.4559910647682139 0.7262990009590786 0.4597533581053181 0.7288367952182233 0.464338965310709 0.7329685752311219 0.4648209438591245 0.7332339415811545 0.47519733174308826 0.7826204273267847 0.4781827380838011 0.8014505388278664 0.47962231693789 0.8181442683816194 0.4732428548740806 0.8169796191934614 0.44484630311495144 0.8021920660441406 0.44236432923420504
0 0.7333724565029256 0.47597047258854325 0.7345275705043471 0.48720763378131027 0.7187541521423584 0.4997503144929225 0.7214445937767713 0.5106619187926408 0.7410095069205932 0.5124395410199506 0.7813506363704331 0.5090709124614845 0.8122591296661643 0.508134538965219 0.8157992202248547 0.4974450806683787 0.8125805148503643 0.48016366304265906 0.801556191575882 0.4808962796030902 0.7833059357088914 0.47927201418663995
0 0.6185515057661217 0.49537902136974604 0.6065365496856031 0.5025565972393548 0.6063722388168251 0.5050607063380812 0.6092363561801453 0.5104413625047642 0.6177582163292265 0.5190052793611227 0.6238315038803006 0.5245079625871633 0.6280079798870717 0.5358452427234508 0.6726171056382009 0.5395350007176001 0.7035021016203056 0.5360726100067711 0.7187426589754561 0.5287666502866474 0.7180734113536198 0.5072407336732648 0.7155849103551086 0.501903893738256 0.6858854215881934 0.5017196613801805 0.6507723577053038 0.500399271843085 0.6382314365180882 0.4954037672279474 0.630482007778871 0.49525676720824546
0 0.7413092066544206 0.5130465430199224 0.7216530135859006 0.5113028012516081 0.7191187449485393 0.5154006440603998 0.7186334595007158 0.529073625937939 0.7130334984741049 0.532813850973508 0.7148984845136599 0.5357773227238783 0.7190908582439868 0.5409344306239156 0.7217708608000356 0.5503085872571521 0.7577007014598712 0.5457129205566776 0.786431306929485 0.5441217374324088 0.8163422364061594 0.5465125264644879 0.8151746050243887 0.532921321098052 0.8146839459577683 0.5152902082490464 0.8044572816095921 0.5110767419283784 0.7813343268839332 0.5119491070936705
0 0.8169374939953482 0.546856556009288 0.8235747319197306 0.5492783510513112 0.826512941989805 0.5798261984055751 0.8087448041128725 0.5901101496174078 0.7601970775767883 0.5924101448847621 0.7278437853600314 0.5864393485673568 0.7177703592924611 0.5767519212586969 0.709934916472357 0.5706206600504812 0.7104202019201805 0.556947678172942 0.7215307195300966 0.5508297580525815 0.7574247984126099 0.5467791033324181 0.7865999246447793 0.5446905905976013
0 0.7065981385883664 0.5367312172597063 0.7181404843355481 0.5397252007388859 0.7178365092283088 0.5443578025715299 0.7100650856009306 0.5560824778327125 0.7033232491539798 0.5709477660948948 0.6298258450839771 0.5642963226535195 0.6270308674786174 0.5535357948846239 0.6316829560507624 0.542271019820685 0.6297566376278798 0.537103658964189 0.667344583380681 0.5417629429725433
0 0.70158092788108 0.5723920725567758 0.7121907806084843 0.5739043201607702 0.7198218439359717 0.5800117401841043 0.7220217493075682 0.6123956059148123 0.7073933288285027 0.6156318307959058 0.6996549801690484 0.6111594467135048 0.6321024622735895 0.6049268916435379 0.6207543048477073 0.6052506624159876 0.614385280253242 0.5987412775216316 0.6136162166853876 0.5884916675917067 0.6207975709869481 0.5857596900056564 0.6318671385561707 0.5708500546456746 0.6436700079159254 0.566735041195929 0.6634590569224176 0.5695926481097472
0 0.7213138327676157 0.5823825175844006 0.7222005581941796 0.6096705460132571 0.7346115631238386 0.6182576964048362 0.7467772385201874 0.6180292903719123 0.7658637446055238 0.6221779036818635 0.7997830506625423 0.6231141332956028 0.8161639835858248 0.6151396888858807 0.8155839200758986 0.5988711059876527 0.8118104965021222 0.5904677673906306 0.7603656952920829 0.5929789980499545 0.7281452590132979 0.588122066878053
0 0.6195714793866739 0.6075840104029798 0.6078580144702248 0.6103364939019479 0.6023270755442857 0.6193020151202348 0.5968778513443079 0.6238835993111518 0.6012924854559126 0.6287920424059151 0.6071250833905437 0.6434766070049368 0.6158955206843982 0.6447742839449975 0.6207546755585585 0.6491853974292128 0.6262090880219074 0.6539405404582279 0.6694225654073247 0.6576085005174501 0.7128250428506704 0.6552574876083691 0.7158649792784892 0.6308988367885426 0.7140561373588905 0.6208025269243657 0.7073218052738581 0.6167218547565277 0.699601337503065 0.6119769646839714 0.6326440771967949 0.6060884391588046
0 0.7187236053657238 0.6155805660136114 0.7144827772327849 0.6205777033039731 0.7167540208036003 0.6299041775674467 0.7148457686248044 0.6464316782274074 0.7197918264882974 0.6557955819041851 0.7675118438825979 0.6566941349640528 0.7951669092231453 0.6558012638858429 0.802757022509939 0.6531169686695558 0.8050536513313342 0.6432249765128536 0.8005469259670255 0.6240270160055955 0.7667783567366402 0.6239321455472042 0.7466520722995593 0.6199368323030011 0.7347086572844884 0.6199165735306509
0 0.6207444843872414 0.6524793104959605 0.6178066450280182 0.6658661981549215 0.6202924592627674 0.6719226005365287 0.619595104604983 0.6825503341525944 0.6244875198024926 0.6927317557998385 0.6694738919747609 0.6850736701969362 0.6985519240462805 0.6813262803363047 0.7094453695382901 0.6847937522411507 0.7195518705737841 0.6782841202062273 0.7199068015376084 0.6571819530398444 0.7148534583421486 0.6494530853039998 0.7129042561226592 0.6571888707243394 0.6688886402014635 0.6594683600787757 0.626528442563835 0.6553507527787686
0 0.7200575383642417 0.6580233121951924 0.7195518705737841 0.6782841202062273 0.7123782059895676 0.6840375048688698 0.7153621836528558 0.6887790596694625 0.7443483098270967 0.6927095199029486 0.7813690700506872 0.6934583553095995 0.7923799920459806 0.6919968782067647 0.8101737005289185 0.6844618280813686 0.8062493547730831 0.653249762822386 0.8022946208587224 0.6538868042702594 0.7949088870645451 0.6565949406714281 0.7672359408353367 0.6577603177397934
0 0.7900066514065697 0.6936421671041568 0.8044103100503845 0.6969699271716774 0.8045664204958146 0.7291153810535703 0.7662657406505409 0.729041016508097 0.7415971544272546 0.7283601222435593 0.7157661250855689 0.7234247498325184 0.7168876181632747 0.7188875127394003 0.7132751225874485 0.7080316202309787 0.714641759843039 0.6903425720557511 0.7444632848764077 0.6940958910386078
0 0.6984982813802971 0.6821437983067712 0.7093738459836456 0.6858837762017728 0.7138063609839113 0.6905197133063806 0.7120130838544263 0.7084335851020006 0.7152168204450193 0.7192417952406593 0.7018402475276591 0.7253699683174787 0.6307086797351488 0.7360191964087314 0.6244086772413551 0.7347351076970935 0.6227301898057555 0.7320679831217601 0.6145984615957562 0.7335907308227806 0.6066122819490188 0.7266181104592171 0.5986184125849374 0.716624083019061 0.6057486256744875 0.7083943032601372 0.6074934484013602 0.7006346766549162 0.6260050792401419 0.6978514342865716 0.6254200128222701 0.6942134916750238 0.669366606642794 0.6867087061378694
0 0.7088529841139253 0.7220691375662357 0.7240282077795674 0.7293311874203413 0.7283690022379803 0.7636123421256791 0.6853345190945999 0.7791866896715144 0.6289974880424765 0.7934838661902065 0.617281336316629 0.7805843023259021 0.6153754002363803 0.7688291153359105 0.6212231922502742 0.7675891265815041 0.6244880758687693 0.758633858319676 0.6233179430330257 0.7513579730965803 0.6273390122386597 0.7402941804681525 0.6639100634363234 0.7322036182654191 0.702195363846909 0.7262351686577081
0 0.7191154102394238 0.7257375919065927 0.7244727285421229 0.7288338578097933 0.7289463789385078 0.764228877660635 0.720112107807353 0.7670426317577886 0.7647996931357531 0.7733538752074626 0.7874602462101954 0.773251345642874 0.8122641898254266 0.7687307849095751 0.8088406943075286 0.7518559194328504 0.8100565947364858 0.7333255121022747 0.7970197587036871 0.7342760713661388 0.7913609667477215 0.7294970871522422 0.7650829151895073 0.7313743644950891 0.7540643034768698 0.7298144345213317 0.7447241791998318 0.7309216291229078
0 0.7884821436732785 0.7733705515672815 0.8062325860169754 0.7853264738522169 0.8050728297079746 0.7967240430689858 0.8060105109911232 0.8075425061641033 0.8046284943008444 0.8191887401861463 0.7573274270630943 0.8150439564292938 0.7241643065932146 0.811999202448955 0.7205108609766948 0.792351594700912 0.7195578002588577 0.7754903174526099 0.7338489853073344 0.7711163862411313 0.764781812247092 0.7736263811976181
0 0.7146015512240478 0.7694203268425799 0.7193534207662411 0.7754664762677282 0.7204750991993725 0.792896606681223 0.7239778079892591 0.8117028552739178 0.6754531506052076 0.8230670717710488 0.6206386818986793 0.829853286489794 0.6068812367006382 0.8103999906333342 0.6078085414570444 0.802544999288587 0.6133012171516885 0.8004398101939513 0.6199051947527215 0.7970912970729453 0.6190211561355561 0.7854553160073611 0.6283307068986432 0.7942298606060286 0.6862670121143774 0.7806684255466996
0 0.7814978498578415 0.8170396982748461 0.7907103064602787 0.8241553657476989 0.7932907134017049 0.8381859653984609 0.7912751758909421 0.856348501999355 0.7517380279186514 0.8594250034113401 0.703759988365751 0.8593201271370575 0.7015679580669242 0.8519250359895542 0.7089485035977301 0.8398801723684529 0.7068151188728324 0.8190369229638029 0.7236840240533369 0.8130415440398139 0.7574960447783887 0.8156128095944865
0 0.7044519694047384 0.8173882987944472 0.7080160105779526 0.838398436493268 0.6991588556501909 0.854115336867257 0.6538888907133172 0.8598181981693077 0.6095462305328498 0.8576660681266112 0.6037238237695356 0.8396875904608416 0.6090298155047986 0.8153186866845563 0.6203627788514181 0.8309194692655345 0.6751951284466076 0.8238607485566339
0 0.6137666763231548 0.8592567569697452 0.6112145267971325 0.8636271057686923 0.6107853854692652 0.870167249532425 0.5866534112612386 0.8832785430698341 0.608913080423217 0.9081171057186873 0.6637556211897235 0.8977644719430389 0.6865694125447717 0.8921879813904584 0.7028942013480979 0.8913463750945428 0.7014660463537542 0.8848641666570322 0.7026486864593621 0.8605634511634275 0.6994960910807796 0.8552530431976425 0.6537458436040282 0.8619982460905519
0 0.7034664637965431 0.8603252727976457 0.7020082688956683 0.884331048880794 0.7036364962848831 0.8898240796835841 0.7102407107317683 0.897925221277831 0.759329924165602 0.8967887246426184 0.8024273766402703 0.8960450935861819 0.8031658676973497 0.8794420860651652 0.8047169989327088 0.8629338742816488 0.7927986797521938 0.8520292065459153 0.7914491560810115 0.8565509844735862 0.75188380978473 0.8605141623698412
