0 0.3080841500515189 0.13409299321561696 0.3209749066680867 0.14369830548499363 0.32613522222857116 0.16592728942423082 0.3217356553566876 0.17901774640595333 0.2905495786130416 0.17890126038137869 0.20136089456922457 0.14560560972397876 0.2029460372160385 0.1299937927153063 0.20409617827687326 0.1162847506816193 0.2069849788578223 0.1102356219036138 0.21111922528727345 0.11625052855750158 0.22291073918011206 0.1150670466435908 0.2755129670005869 0.12456561870047785
0 0.2002285402712196 0.14577347636124247 0.19195989800972252 0.1710028140728229 0.1961120398992126 0.18351008090667487 0.2038499600767103 0.19398253805290963 0.28169655758394935 0.23001131915830367 0.29616007175977244 0.23482926998798512 0.30414385447648734 0.2301122800557227 0.313987776511541 0.2066260906457861 0.3113911317255666 0.1961129314904373 0.290408320750554 0.18226195865253061 0.2275706816815472 0.15620220038094224 0.2209536082011872 0.1580659391512181
0 0.3051583994747085 0.1810305075442008 0.29651047647534035 0.182102181733495 0.2964319141296941 0.1879270011880345 0.3165827162939661 0.2026763039598282 0.3556747360774477 0.22337852175632325 0.37892635694647275 0.23983102860000202 0.3912894980908872 0.24232478169415828 0.39771778370408634 0.2356136840833926 0.4036413270639904 0.23289155960898858 0.41055570892947674 0.23208441213292508 0.4093144612085459 0.2067910266362638 0.38883696082134483 0.19377206260909774 0.3673392320907586 0.18162505162243126 0.3368273167977938 0.17278197232340528 0.3225435516558859 0.18016833294329662
0 0.3317990540813506 0.12310709860034115 0.3240730144096806 0.12938259858053458 0.3210236415508366 0.14392543288135914 0.3257992217138658 0.15093797031769354 0.32685111323311933 0.16656301502676288 0.3283280479909889 0.17438194215980563 0.3369957536603977 0.17305930859365215 0.36779480183621027 0.18067396790176907 0.39011493220977495 0.19445861961652924 0.4102555588717684 0.20692291110320152 0.4115940149393533 0.2164985538742595 0.4205279341525364 0.20455649579985183 0.4253323358188521 0.203961121250244 0.42692569325889995 0.19099036433372185 0.41902951172107705 0.1825255822023617 0.36464026394748256 0.14344079766876563
0 0.315163561385793 0.20498664589435825 0.30422298515665 0.22910844254828536 0.3014206115060561 0.2381037936648173 0.3075233355653589 0.24276499869288382 0.31297379984783624 0.2605288451044102 0.33151822739719977 0.2618589837720935 0.3533234400151909 0.2773475973380939 0.39684399073421545 0.3022226687453082 0.4048379489532089 0.29979069009816717 0.4123237549118089 0.2724217929047744 0.394580241331834 0.2585173085007375 0.3780643899634129 0.23869530662562696 0.3547336384142252 0.2232466372893855 0.3357426799526557 0.21551062973328142
0 0.20371427581457857 0.19370915736944663 0.19370380778640567 0.190942492699247 0.1870382841423826 0.22035311851719477 0.18634712710783696 0.22912101174621735 0.19074018927647274 0.23178236283095707 0.19090045075318202 0.23623719734644735 0.20397330540762088 0.24557015725128517 0.2514706263152143 0.2658644622514616 0.28303322371286593 0.27744760387937967 0.2910066584339237 0.2768602330312812 0.30145612719915765 0.27730175501338744 0.3099338745151847 0.26382888308343083 0.30667020641864917 0.2435963015901564 0.296499476913767 0.2363748024044664 0.2829481289277196 0.2331119224274135 0.23919144204925746 0.21402373000988928 0.22016851264968906 0.20556169255706602
0 0.31139822857139665 0.26471600011167734 0.3027207271841128 0.277478974765835 0.29267076656139246 0.2784572473353268 0.2914600962016779 0.2840837687489884 0.30449269456206285 0.290683471402099 0.30923286264698435 0.3019172648551645 0.31772581069321104 0.30447126582242706 0.328934039449418 0.3050191196560018 0.352230025834967 0.3144209309298016 0.3892778779773264 0.3342737139478719 0.3981171682403323 0.33892196279204173 0.40270922078071847 0.33581501666116176 0.40610122149455125 0.3154922978926507 0.4053546074357521 0.3055000609727269 0.3975938364176314 0.3033896185195876 0.35327737991994657 0.27842679703497514 0.33808774306979117 0.2667514815998034 0.32165611858378995 0.26373497277982466
0 0.20260982704809882 0.24465735763191046 0.18783438858733797 0.24115325124916154 0.18199917176540092 0.2742614754744403 0.1869626431684458 0.2840358308121644 0.24800593586175546 0.30979227363852396 0.28466511984921483 0.3220971118160006 0.29041094531269984 0.3219466649360327 0.2980216591275352 0.3163235955978128 0.3061166873607384 0.3045566010772122 0.30538753999768986 0.29107516508522907 0.2915818006678632 0.2843621378439403 0.2730371899607449 0.27411802699466564 0.2638585571424328 0.27235391224960437 0.25415728465629506 0.2681274028101161
0 0.1862128858200654 0.28414903530014035 0.17789539654403508 0.3128751105678703 0.18098975071407958 0.3276567564784257 0.19043193523454194 0.3358550609282553 0.2267164149590391 0.3505052684344038 0.266653244434774 0.3614824773478307 0.29468546490367403 0.36421521695204834 0.2983378146549117 0.36054221835932654 0.30233773994104296 0.33539591923919526 0.2987659555121288 0.3295148706591657 0.2891373261014202 0.3236817723912431 0.26921552258611436 0.3176018663890529 0.25131266739807334 0.3115059769494937 0.24673807213931287 0.31265839861843653 0.24401861638407918 0.310184879280401
0 0.18127008759422164 0.3297884601843431 0.1778634510785913 0.33887639513147877 0.17255573338164543 0.3578610856098476 0.1753923867380558 0.36453586406296906 0.17820640402795818 0.37718580626760706 0.19841986245666016 0.3824098340999565 0.23395655398585413 0.38948232739739935 0.25867469083947414 0.3944408858790211 0.27171062631058596 0.39686556217858593 0.27177987359965555 0.39029909688159276 0.2781863027506618 0.38581638497841003 0.28168683125618804 0.38122535991909884 0.29711527437982993 0.38458315339625854 0.29858486698006453 0.3773161806712965 0.2937285957516166 0.3649778726767659 0.26729515306215457 0.36187135056569225 0.2443509208449648 0.3571613852710655 0.22598128388653543 0.3512989983074959 0.18998845907543438 0.3357929126315065
0 0.17891822948918112 0.3766877271672535 0.17024981695439367 0.3984895380685032 0.1744521919774344 0.4077470417421524 0.17751058341339843 0.4144528943436483 0.2161276329002919 0.41657656351229283 0.23318947744790663 0.41627734183409987 0.26751226855618176 0.42168513637760446 0.2789148026033207 0.427766827832522 0.2829886619919306 0.4358106542668434 0.2861269492054457 0.42728294671681005 0.289417727209445 0.42535277861214427 0.29142468795868304 0.4226448640717555 0.27217874717051976 0.4079910856601523 0.2722593124928434 0.398437038487401 0.25838303592607803 0.3952967640488619 0.23366489907245797 0.39033820556724014 0.2069511195028539 0.38509997975024896 0.20262156793492803 0.38598782479482785
0 0.17739405535699454 0.4159311482073403 0.16364629442465983 0.41400455100812916 0.1580023192260746 0.4514749601381493 0.16674399631856807 0.45718376181257425 0.19881478298677063 0.4655640475208318 0.2292748042975083 0.47162618463292566 0.2523821757936635 0.47426659451838377 0.2601197029667652 0.4756498404842254 0.28123009265739085 0.46665155707675804 0.28716907049323603 0.456722834670787 0.28338686601802215 0.44782313006662483 0.2827669239123769 0.435779580118469 0.2791365406828744 0.4277979019808964 0.26706879239707415 0.42162298808085574 0.2331661718366258 0.4165729926068382 0.21585928359817658 0.4171367909093952
0 0.4073281779078701 0.31772743886165766 0.4029832708251167 0.3355824086490283 0.39706416433848835 0.3414670422416319 0.41797113585659534 0.3583846971213241 0.4783525629669435 0.39090545866812326 0.4985378697686321 0.4010078490500511 0.5052210110448861 0.39075419908698894 0.5044980930779958 0.3733080513212556 0.49733133548985203 0.3577564250832035
0 0.3085068426902873 0.3363303515515528 0.29911654884496575 0.3596328861944182 0.29573999236001436 0.36709148207443937 0.298861730403841 0.3781856906636694 0.300036411109074 0.3850107663467146 0.3193759680882955 0.38772099214228534 0.34046927512232683 0.39353146830809277 0.36153333440218444 0.4033341199995158 0.3731762415475388 0.40953291573643996 0.3835622250974116 0.4045182385293735 0.4029085612015675 0.40171074986813204 0.4090676631445353 0.4014320874840136 0.41109525836982824 0.3956266718098371 0.40893877799225864 0.37952966651936837 0.40175379162025004 0.3747167943543234 0.37781600171997387 0.3778323352374862 0.3683651755804097 0.37460491834827625 0.34449223406252794 0.3606026572630688
0 0.3059631542436765 0.30439345836475 0.297539491285815 0.3171047854056835 0.2900064747306707 0.32213867694827414 0.29886339451812766 0.3292791386829371 0.3029207162231501 0.3357469896362176 0.30734175761561333 0.3394113302698713 0.3084261375530014 0.33651851376780345 0.3280268339546123 0.3485899753532388 0.3448487483741472 0.3597011249399276 0.3685508512374846 0.3740600424203835 0.37800167737704876 0.3772874593095934 0.40164230097582765 0.37432057261899376 0.4081808121105414 0.3782816533032575 0.411692107588884 0.3536542843646318 0.39706184792425214 0.3418987771653305 0.3890815900387564 0.3345005723856225 0.35178274356653677 0.3151914407188699 0.3288241958332734 0.3058844924474962
0 0.2832438360491535 0.38141175732390015 0.2779697363130326 0.3864760881852865 0.2726320299591837 0.3901386802031545 0.272605661349794 0.3970991103179528 0.27344081695110156 0.40859088630091533 0.2925835596636611 0.4219518563359119 0.33481983514842306 0.4427276057372809 0.3612306916310941 0.4522322340557375 0.3746716673563623 0.456205076304292 0.385039396408747 0.4527831115129001 0.39066720734498284 0.4498575869938872 0.3937833617689397 0.4368303059534792 0.3907819912846262 0.4241064087742732 0.37817409129818 0.4139826000639666 0.37329765044449026 0.4095850204097293 0.36212217433143046 0.40337615032571755 0.34007063618978217 0.39378601989612844 0.3191252192620378 0.38783296285801966 0.2980805176050909 0.38534805485161144
0 0.29201975869205254 0.4228755325091467 0.2864266132632274 0.4290189929723513 0.28345245214940856 0.4359912937710629 0.2835756552124344 0.4487085692837427 0.2873494352919473 0.4568574289527972 0.30850423458279974 0.4642093171233788 0.3407418915002345 0.4761374808994417 0.3905230054294435 0.4962063111698623 0.39404679142664645 0.48025050965288973 0.39932724283689447 0.46756224444883626 0.3927993909752255 0.46094042647582784 0.3749740047038299 0.4570995687912845 0.36046451637654264 0.45271627799255 0.334512408745962 0.44337236462194635
0 0.4257164849873019 0.2047127176982001 0.4368087180354787 0.20341269030166373 0.49812717104733595 0.22037894188587215 0.516345894959174 0.23187613770561208 0.5198686583222113 0.24150415537376757 0.5185477388461098 0.2546399573188007 0.5104051264345532 0.2565436403188354 0.4995587695553477 0.2637773865775544 0.4791195693853202 0.2605324603563694 0.4495847786346859 0.2423113755418532 0.4247910904581387 0.2327472525599509 0.4139438810771587 0.23274952589801653 0.4105699139903137 0.2248550493637428 0.41051691885423874 0.2164744765771818 0.4211250311911816 0.2050207699201214
0 0.2985259992830761 0.460709703027367 0.2885681266752263 0.4624661284766664 0.280958082186182 0.46673366878516265 0.269656436094182 0.471696145487247 0.2687582511441786 0.48078355471774636 0.2813199629271653 0.4852109422903385 0.2864142206358726 0.49901740209478174 0.3096251382842498 0.504452249047692 0.36617714945202195 0.5298341311943693 0.37625816595917105 0.5288223272124147 0.38155009517781285 0.533200753811523 0.38914933025871523 0.5175363261094486 0.3836942779594337 0.49446602496540254 0.3388997677507456 0.4767931954051468
0 0.1626869060261552 0.4573897165539309 0.1628742673125495 0.4673871248835016 0.1576027441914113 0.4744518890422558 0.15713098883558985 0.49281073197433817 0.16939404093301386 0.4960466127645535 0.19646730083083574 0.5011412168071433 0.27187280162476357 0.5138761084775783 0.2793104925513794 0.5040802105198572 0.28378623902407807 0.4947362853569277 0.28142401695343844 0.4855179150926771 0.26913537145052324 0.4805443343278537 0.25906408056406804 0.47631501971327966 0.19852818182947624 0.46674775975175004
0 0.15441158449753878 0.4961177446903026 0.151024944441274 0.513211430041336 0.14889577736982956 0.5302721901167213 0.17425070772741386 0.5409363769611492 0.2651587035180787 0.5597413722666453 0.271984650816082 0.5567241746672303 0.2785809019635979 0.5446814986082585 0.27335345837042946 0.5314001545394348 0.2738589593128743 0.5249874609416044 0.2644188217508579 0.5173901419623509 0.22457849234481975 0.5074148874135757 0.19713398995225456 0.5033596965743886 0.1695911802001745 0.4965718276937507
0 0.3903447221372215 0.544640568235815 0.3824757367900239 0.5345527293916221 0.37530872825157247 0.5277722245977875 0.36380835644482923 0.533220285638621 0.3097577176244327 0.5044665499682598 0.28600352113184985 0.5004958691454254 0.27941411188230514 0.5047067716298941 0.271588417307695 0.514116714633906 0.27431681473135255 0.5258697754301814 0.2734740573731752 0.5319243412248383 0.2858046533017362 0.548596694774366 0.3076089801415751 0.5563630519469595 0.33158226854369954 0.5644333651813193 0.3469430348762168 0.5704845350714715 0.38163411888378773 0.5785948813440536 0.38824774505857473 0.5704251434019739
0 0.15174834109108531 0.5323132889441106 0.14990783714637146 0.5401873847864594 0.14476765311813738 0.5667093189693809 0.156801617579789 0.5765277686671547 0.2164433573225692 0.58976511457436 0.2675283581211063 0.599363721154212 0.2725598640419886 0.5935632135128116 0.2737790026510324 0.566491788022922 0.2654124722361243 0.5604400976683748 0.21939158952726268 0.5523643736528533 0.18743538375410163 0.5438200524655631 0.17433896629671053 0.5436111383144905
0 0.2799363644107658 0.5502774278257555 0.27301634703921723 0.5606924947111717 0.2743822404078309 0.5665763251470709 0.2793050682213613 0.5814972440471918 0.35752128348590906 0.6066894235314061 0.3722679963586789 0.6014371928673237 0.38126764445746636 0.5917201644209611 0.39330069817188046 0.5938130654084718 0.3925534378972245 0.5839499184893234 0.3831235437393395 0.5797822149712145 0.3501039742232014 0.5731218806203624 0.3312124844858755 0.5651886320886769 0.30713007097265066 0.5573411350107899
0 0.14886442247674092 0.5766352615668159 0.1430865670284402 0.5802981709993312 0.14297879966832583 0.6087451462511158 0.1908257017319796 0.6207361767419494 0.2600087459817091 0.6405964457565321 0.2703579813647137 0.6331015526432034 0.2732935504739603 0.6229413114598841 0.27075288301330547 0.6164862482711545 0.26792599201141054 0.6059250629129528 0.2638772301587595 0.5992586569138509 0.21564991103643566 0.592093528477405
0 0.27700352754323154 0.5836143151398645 0.27295658718505533 0.5923990065612891 0.2682747076485249 0.601501319363097 0.27110250939765723 0.6197880534315621 0.2824381318378427 0.6307284415187842 0.29008910339965066 0.6265148264496507 0.37571989568519365 0.6620979027141191 0.3865609584759325 0.6522323271356708 0.3862412120186617 0.6330772660502045 0.373175585235589 0.6247406446843367 0.3667129616085065 0.610010541478376
0 0.1789357597881856 0.6206963368391748 0.16296535457018457 0.6143922494418307 0.15569571081428424 0.6215055111668393 0.15183988973268064 0.6356028002713332 0.15544574243078735 0.6556249740441508 0.20121301376720224 0.6669179660959309 0.2761893088023917 0.6790514720706003 0.2820142610094074 0.670922550526155 0.28274339370519186 0.6616729049219114 0.28061575547200046 0.6577153298845247 0.2820749316108067 0.6469415873863008 0.2747871602760348 0.6349420565879172 0.25964372426019816 0.6413584942035223
0 0.2578222586415933 0.6760709312795261 0.26755559317235256 0.695732000780236 0.25331883528618854 0.7177263415025908 0.13324099876725698 0.6858545148809622 0.13746093082313404 0.663269628619215 0.1420150939262037 0.648050401125273 0.1784801875381944 0.6612926043510781
0 0.2528424032156134 0.7160331703603126 0.2594001311073635 0.7295567980526764 0.2620368135799233 0.7425309344380718 0.2506097298640201 0.7636992167054998 0.22786150829785307 0.7621377085680447 0.1701082800057392 0.7442858034168239 0.12843595653345297 0.7274676565419522 0.1335598344772903 0.6972840272561652 0.1405278593547914 0.6901284969690821 0.14551226851695864 0.6887940014396118 0.2378728696447152 0.7163749618458581
0 0.23319554384437202 0.764105018198982 0.24256203515914532 0.7690770387261557 0.24483460665743173 0.7905387722688048 0.2181825565037086 0.7998150166375105 0.1835588775836693 0.7864242662796199 0.14612461374613178 0.766134025666393 0.1296623811203964 0.7622006207341684 0.1329131429507266 0.7325676970849994 0.170648114919426 0.7451746575500374
0 0.13294848736123233 0.7630677334215198 0.1254116583902009 0.7929132142107113 0.15363793802074432 0.8062206417741028 0.21293096212641038 0.8238817312311636 0.2447123547073956 0.8307751498382502 0.25137876070649745 0.8235773509890928 0.2542962022368726 0.7943043172823816 0.245834567557297 0.7894591024414312 0.21788093762530936 0.7997727480754359 0.18389219788362438 0.786064376337162 0.1463945312029752 0.7665784527329998
0 0.1501136157446209 0.8045069435156122 0.13177917775261594 0.8088497929302688 0.1291959672694334 0.8454884854047853 0.15569133180985223 0.8536741309792678 0.23303348111352057 0.8706117975624631 0.24714616555517355 0.8734027369890273 0.25627170859294696 0.8543515258142723 0.2546032855986966 0.8406998781060352 0.25036340446947297 0.8287208744238641 0.24458554902117224 0.8323837838563795 0.2125976418264553 0.8242416211736215
0 0.29259081153659305 0.6280569079621018 0.28279008980493375 0.6319328185689483 0.2777397780772567 0.6401798870891168 0.28273163109543775 0.6473639608045861 0.2806714778209564 0.6588091473058072 0.2835653357294258 0.6632289165930808 0.3443645105091503 0.6881149456074445 0.374576996854318 0.6985246264696543 0.39139464965294224 0.6996462884184386 0.39827605503518426 0.6799219332154739 0.39718921564509824 0.6643302900719591 0.3872295847449176 0.649656729814465 0.3771647281676443 0.6627592255811189
0 0.2895615433852293 0.665002012150807 0.28202787310073896 0.6697424348022306 0.27666491463720566 0.6826289541500974 0.27967489903724385 0.6963478972014636 0.3445431871491109 0.7136213202819626 0.3761992067665507 0.7272632658362984 0.38390681185893716 0.7300481616147471 0.3908814762237112 0.7259113043876538 0.3851562111136928 0.7141985084699755 0.39106526586526197 0.7041161342748149 0.3441542975397585 0.689359231679072
0 0.28124558494492435 0.6958861075790912 0.26620406363930427 0.6985515317278651 0.26039072220604254 0.7301272933236994 0.2628151177234971 0.7447870284620507 0.28210464045124334 0.7563549937797452 0.34111551233826265 0.770079948747258 0.3766306437684763 0.7736931951651719 0.3816457326162174 0.7457560389575605 0.38240372890768415 0.7393841763176106 0.37698454972039097 0.7270323710251123 0.34474294122036764 0.7143312175577615
0 0.27546188127255533 0.7530374204779453 0.25790406962870527 0.7519406945447872 0.2512765111802169 0.7646499941402064 0.24326358386461155 0.7689823022279962 0.24639433714681142 0.7909010170345442 0.25615188517799325 0.7936322377542542 0.35759938693426596 0.807508035237897 0.36055315061054416 0.7959886536488981 0.3661697927705748 0.7896157727429397 0.36477075057227115 0.7781682973209283 0.361495700243068 0.7742998153875279 0.3416213523322447 0.770150836648237 0.282530731556624 0.7574375616686885
0 0.28047246118318664 0.7997681142529754 0.2612239584490008 0.7974116006784265 0.2530120407616451 0.8075122059818362 0.25173605854402237 0.8236990857892624 0.25513264145489367 0.8422455339692633 0.2723706938448316 0.8409107853628592 0.3559914995305572 0.8311493455742166 0.3552577951034384 0.8177493980772562 0.350331546278447 0.8088761912627734
0 0.2629635114841555 0.8418836696704374 0.2578674937173372 0.847707647904866 0.2625261318381217 0.8738937046596126 0.27775453951574 0.8719533513820587 0.29777711366098875 0.8763890732276064 0.3715986259616037 0.8832031574612969 0.3772816653846507 0.8731343813395851 0.3658381167554634 0.8658264685803774 0.3518918984642457 0.8592543533937462 0.3458125004876994 0.8355854906694274 0.2732332550153106 0.8414404666349086
0 0.4135340254579993 0.23370189344181802 0.40358816125686736 0.23354323694029608 0.3965237715699226 0.23502353410547527 0.3912079416918652 0.24076309965005116 0.3899553429580409 0.2507775225632224 0.3948508954314957 0.2591832475849127 0.4149854501527246 0.2740475645255041 0.4540232693880069 0.2900170322225034 0.49496579099116517 0.30532706289244055 0.49912393937535815 0.2966461808194153 0.49908471423536155 0.27070260175459865 0.47975840570717293 0.2602745652936572 0.44991873814662775 0.2421974635859917 0.424998698195719 0.23222067407346125
0 0.5048043545580547 0.3156606432150108 0.5032160872224549 0.3416849338353547 0.4989733300354349 0.34850123876747324 0.4875691909643607 0.352152448103292 0.4342567582333331 0.3292419635605827 0.4075764667316377 0.31809213411578324 0.4057426064675401 0.30610124452778015 0.40482567633549127 0.30010579973377866 0.411911374549085 0.27485191347124455 0.417203820943344 0.27528480482092393 0.4537942097680905 0.289984932040928 0.4991617812105884 0.3108556717488322
0 0.4109442855361382 0.35469213972527935 0.4088132901578785 0.3787876528415659 0.41759254773277943 0.4025593975325655 0.46672068198628297 0.4168550447717556 0.4821763604596911 0.42056492125165984 0.5103018517846633 0.41925702517084634 0.5069725664677762 0.402733554558467 0.4983164511833157 0.40090292200549077 0.47803813729738065 0.39373812609193054
0 0.4873250827197343 0.4302914812136105 0.4663993874377341 0.41724683907918986 0.4175470884024579 0.4040141151563854 0.41083545531157384 0.4030735537385172 0.3831791674348083 0.4045200068784513 0.376115419870375 0.4131100193193528 0.39203317591759335 0.423856200818725 0.4079094366081411 0.43512878491346063 0.4832146581767338 0.4621807309618713 0.4898836037946446 0.45353539137874216
0 0.39818060247371434 0.4318022729703217 0.3901142599513888 0.4540514277459895 0.3986347728598481 0.4645973092538498 0.45234522402131483 0.4861519753891444 0.49079306169623094 0.4996449316056029 0.4983622109024269 0.49260074900963763 0.5007468373335174 0.486076922747249 0.5028981279058559 0.4617519285536646 0.4978226259153439 0.4579233777076704 0.48869450242706436 0.45508553420334646 0.4836447013388427 0.4627945031929477
0 0.4015498349066652 0.46608153852554746 0.39498401027543767 0.48045394490569304 0.39104726830908965 0.49465820809716016 0.3931964448124495 0.5107885060026945 0.4031461936259883 0.501987830756771 0.4825894620254712 0.5407548072452736 0.49969433788911105 0.5407372564211819 0.5030346237572557 0.5315469179300035 0.503200763799688 0.5192288571163052 0.5011986124291096 0.5063386440785758 0.4909643708048333 0.5008800767481375 0.47405791301134526 0.4958279222285473 0.4518508534616792 0.48654517579167095
0 0.40304466381316634 0.5032437113165604 0.3928706621952956 0.510875680057063 0.3869568511599989 0.5232218234498098 0.3871512966558065 0.5364239716845679 0.39359798839821897 0.5447382850902057 0.40427092613527493 0.5425285394029619 0.4822667752534898 0.5793968802639446 0.4920555746924556 0.5766515167483255 0.49842063267616316 0.5742497847737477 0.5011509925164285 0.5552817819446899 0.5000403085409553 0.5419512329836301 0.48250337670100646 0.5411404875921931
0 0.40448003841710395 0.5437929909512833 0.39512505253099506 0.5449522863007085 0.3891149409509721 0.5585200809996762 0.3870917073085435 0.5763520330067143 0.4009334294546094 0.592701843442218 0.4295468568092508 0.6057694429294908 0.4585619975351736 0.617658191352643 0.4917401060957668 0.6276600403106608 0.4990030469604084 0.6060335040544218 0.5002879764266025 0.597567545395077 0.4902882202994527 0.5834030065151748 0.4804342982941585 0.5791400788113413
0 0.48257344780290096 0.6255924605878759 0.4777021484684968 0.6585871848855167 0.42987991859574093 0.6496150409673077 0.3938326494539278 0.6460770036822695 0.3873454130597465 0.6311671791109587 0.3737825858390176 0.6232121373053247 0.3669851496281151 0.608637239212255 0.37265725376615744 0.6014857732531104 0.3813428486343514 0.5921078318623584 0.39295512194367377 0.5960055493890967 0.4000163853177206 0.5928327344314606 0.4279984592247822 0.6050788601507685 0.458226111833452 0.617639678979625
0 0.4843773368932252 0.6387107729505918 0.49523687320052373 0.6485573637095919 0.4975136495291896 0.6628771387004991 0.5019618245749038 0.6748524283437183 0.5001604782066356 0.6833031334784425 0.475591449857526 0.6745624889976286 0.40450253858264185 0.676330485949212 0.39791246729889923 0.6663254185367459 0.39863400667386556 0.6463714634231255 0.42869812428689646 0.6502062206464028 0.47733294369373525 0.6596706375976272
0 0.5041787483715106 0.6827310570693483 0.5096165278254289 0.6929530410439747 0.50848195374418 0.7181466797946813 0.46199157329742563 0.7282810581101434 0.39484675220285664 0.7268178001953961 0.3909144467529862 0.704698069756246 0.39138648641730905 0.6987098598852907 0.4027745246249147 0.6802506970420259 0.4469021640279988 0.6784883505839004 0.4764782193761687 0.6777139404878806 0.4989491814187709 0.6842685762744724
0 0.47404638379205066 0.7265648288828611 0.48769856602385875 0.7405867538368377 0.4964591884506312 0.741057663402469 0.500611491132125 0.7495859117158886 0.4933310781004735 0.7735398812984018 0.42809128583775286 0.7659108335892322 0.38573549032391685 0.7595967380295682 0.3817745299690448 0.7450409432064994 0.3832058239885328 0.7304840182847393 0.3914488816714241 0.7267200236480079 0.39419685009039407 0.727861916268813 0.46106097384726197 0.7292858375448671
0 0.38563492309263875 0.7594737949580043 0.37950084906686476 0.7577784770324351 0.37689271563973875 0.7749625718431052 0.36476605206823676 0.7724274585289163 0.36597425584987836 0.7809537254367337 0.4618674839427742 0.8021919250755595 0.4703068754655618 0.8011460926752271 0.4736664929441782 0.7929813905658696 0.4765265769588742 0.7911536797002703 0.4770136911028017 0.7717223923021881 0.428007503352873 0.7679189302891908
0 0.4629441267293801 0.8017856746670936 0.47160257859097876 0.8138630968827615 0.47318125067648764 0.8282911461641947 0.468278347196104 0.8454322192548472 0.42189333615203983 0.8428317813189178 0.35668102563176995 0.8272859992620184 0.35553797838890056 0.8179331682789283 0.35056679857601636 0.8094366917777819 0.35877783023372833 0.8086374222741971 0.3614083064658573 0.796470628838517 0.3668889432276721 0.7905531193165714 0.3704663731276082 0.7849260263563854 0.4160688817476601 0.7921524104621745
0 0.3631846343896501 0.8306112066116341 0.35737978704998996 0.8318275748248821 0.34866290887273776 0.8361880978067351 0.35286592827362057 0.8601204210661942 0.36764653350461063 0.8657440038132288 0.3795151078980086 0.8745117413288682 0.41541586612526316 0.8825876173815895 0.44945364336159704 0.885327783176474 0.4588826976603131 0.8719327226276855 0.4663899912925029 0.8587758118987402 0.46066313796397274 0.8493463787103464 0.4156294971540956 0.8460801906064215
0 0.5042909597213636 0.19791391149384852 0.5456602158562583 0.21586873003841175 0.5610679576424172 0.21615759015853064 0.6041538176903747 0.23902888458352944 0.6061995786758634 0.2486674009588581 0.6054100340418712 0.26164931070238956 0.5964527397554901 0.26257613723494383 0.5708578864732925 0.258054118041983 0.5459935623659767 0.25612829460051556 0.5194980489465476 0.2511683302970516 0.5203243993351033 0.24068539861224217 0.5170738238026986 0.2315014957892444 0.49899951088031125 0.22055193704060125 0.4979884334793889 0.212617057753932
0 0.6117916907288566 0.19552221335992911 0.6073745028831968 0.20113774350372107 0.6028357929215729 0.2082948812482203 0.5822699275021478 0.22598681797514195 0.6046162999705869 0.23909369637871028 0.6071974565058662 0.24787205998879544 0.6169699963285296 0.24550084354830515 0.6213385753278038 0.24050195644479608 0.6787981918169024 0.2678813945791229 0.6895443050463759 0.26502315868871135 0.6950294910334219 0.23399564030295852 0.6891387435066277 0.23161147936490037 0.6564587347634443 0.21019845033147033 0.6400406138159119 0.20789763160255062 0.6354762029519978 0.20351724951145442
0 0.6227746310148259 0.24007974879005567 0.6055433592496574 0.25699208200267737 0.6060308441926111 0.2626714929555852 0.6081502166872268 0.27730796544835795 0.6187018945311579 0.27691630171907805 0.6645869526835811 0.2998681453950204 0.7009661214289132 0.31587674811202865 0.7010008324648306 0.3006069641371453 0.6993675484340711 0.27980406124154356 0.6780558595501984 0.2684008199266345
0 0.6041323062253767 0.26302888881514475 0.6076148211374363 0.2781681182136014 0.607178737999063 0.29556374693188453 0.5897523326088032 0.30901973162776936 0.5496003923521953 0.2934175991097388 0.5262082314469165 0.28764562539438454 0.5067256584584435 0.3064245561696826 0.5003474259886954 0.2983609842787166 0.49952868925466953 0.27019077079731035 0.50730407693823 0.25756439494120853 0.51846406360153 0.25538761388626074 0.5462734123524685 0.2555440574578231 0.5708335820500997 0.2583624395621245 0.5964041309091045 0.2631927802752268
0 0.5266707137271287 0.2877104371895654 0.5063971996255662 0.307625436352658 0.5051812802263768 0.31711859168186224 0.5101609610032148 0.3340262699641592 0.5259714713709269 0.34403512669661523 0.5952347926181607 0.35810580315331153 0.6118841547057992 0.3604390277798217 0.615277763819166 0.3440813187704969 0.6163471584396498 0.3305151718842729 0.6103459936491648 0.32063407677004857 0.5894724826223114 0.30960396877046187 0.5670170893692792 0.3008459975464643 0.5490649968024047 0.29427775187498234
0 0.6093432281423209 0.27996897299503204 0.6072030424222559 0.29525542541174304 0.5949243540525377 0.30569207571532925 0.5963979137336721 0.31369176679717936 0.6112709582095892 0.32076370036041024 0.6180512610213416 0.3326243481858449 0.6249266868072192 0.32548294789710847 0.6854757579999999 0.33739723568494445 0.6942511182322094 0.34174428089238534 0.697107935316688 0.31440088329256716 0.6643557115434751 0.29983573949743 0.6186289812615794 0.2778412662795024
0 0.6248749411667962 0.3261905197604947 0.6178986805044298 0.3323611081513147 0.6138607685137903 0.3442105938475584 0.6140242063560362 0.36003485821605014 0.6211194841223819 0.36667252619181595 0.6492491585718901 0.37851527026483067 0.6909651141407946 0.3862424160708462 0.7011579649065951 0.3786414830092523 0.7097358194167205 0.37721001473460686 0.7148749801320797 0.36212885112120574 0.7140360423224401 0.3477148143385235 0.6963799881791504 0.3426069528544824 0.6855099520401489 0.3373214084173756
0 0.6027728421979751 0.35958677211219725 0.6046987836215149 0.3745293633385902 0.5897908354918739 0.3810933045977272 0.5228265737019092 0.3822432414675929 0.5064058732010421 0.3901000786143672 0.5052434305185254 0.37263092326372155 0.49767714055368345 0.3576503450751427 0.500555137970517 0.3497767616550185 0.5051956389686444 0.34102150509279555 0.5128482423013082 0.340589041658421 0.5260976161399112 0.3443269097265817
0 0.606751744980004 0.36005687780132095 0.6055450021075235 0.37536539978973965 0.5978483522736564 0.3788539697310931 0.6005733002476368 0.38532540196330506 0.6097768430116927 0.3916898110632567 0.6183863373400122 0.40076201952188556 0.6196954035697945 0.41312459233178367 0.6589140215377329 0.41532213736383533 0.6893066724759374 0.42084999097691494 0.6970530631521642 0.4191445135669644 0.6988623249591103 0.38895025766368296 0.6907191442130373 0.3860329587166156 0.648993755976082 0.3794244102540016 0.6216018737233945 0.36721259370289894
0 0.5215204892556763 0.3815529313228227 0.508015879404053 0.39051916381509927 0.5054614827125598 0.4022609485568082 0.5129007819497164 0.420056991690342 0.5358309881408719 0.4273036591684412 0.5724600130048316 0.42902406187234327 0.587358631133359 0.42894018807616924 0.6041094631687851 0.4201186277151065 0.6212120815268651 0.415689868229389 0.6188967974774761 0.4007836503089816 0.6103199092013699 0.3915151904050392 0.6007139359847249 0.3864460174856177 0.5897996592139462 0.3802627498332434
0 0.5107327181095153 0.4209941619769435 0.4818802519309419 0.42098405854913157 0.48080278851769687 0.42579706609507156 0.48787716441848855 0.4305114635479818 0.48947851853028485 0.4515226347674419 0.49752185374591107 0.4557523209194827 0.536658286689371 0.4581343593706055 0.557770825502266 0.4589212980831408 0.5727537584928508 0.45481598832260595 0.5827702537971409 0.44877368650621047 0.5879288155135468 0.43646609638888423 0.5841124089495562 0.4287955159449554 0.5721814893215934 0.42960553011862485 0.5367757582193535 0.4271258081482813
0 0.4981155324320953 0.4570765189877329 0.536609908216665 0.4587480799320245 0.5574439233463216 0.46011648689084145 0.5727779477292038 0.4545091280418964 0.5929692107696136 0.4492722075301268 0.5978160921348562 0.46453320091704553 0.5996710857631811 0.47937491420717815 0.5841083060304799 0.4967397206684965 0.570191089300142 0.4991328780053239 0.5343851934025421 0.4928740757210542 0.507591592035403 0.4903602482879557 0.5013894185040338 0.4863885806570139 0.5028400777548596 0.46208211385068837
0 0.5078459264822883 0.4900856403223836 0.4984707934065319 0.49094356968185476 0.4961707311619237 0.5024107464579917 0.5021185702464077 0.5066570220545056 0.5039127433186718 0.5193184610645343 0.5045071169352126 0.5265375090965398 0.51700683108265 0.5214637033080746 0.5643559238962075 0.5259274059462716 0.5841484120019704 0.5287011050480867 0.6019905393947095 0.5296502319101175 0.6048967224088567 0.5223012480437538 0.6028730990564171 0.515502406682343 0.5961608667705645 0.5002902550550349 0.5838781608199478 0.49670746835335905 0.5725167306418162 0.4991485408759883 0.5340824804829508 0.4937624042480453
0 0.5228082221803027 0.5235326084882921 0.507521524623355 0.5253670571302685 0.5023153433298068 0.5332026915627545 0.49942605106412663 0.540751210791878 0.5023542018797099 0.5589038072718252 0.5116585609760588 0.5660198265269928 0.5211537211516784 0.5707153777735734 0.5752912467411059 0.5737136428886647 0.5863380360624842 0.5703673153257776 0.5939203891270015 0.5585820634971702 0.6075471041485874 0.5574326890992648 0.6085733451380095 0.5502348854332603 0.5964846212238726 0.5289631305718564 0.5650267155533237 0.526390056755071
0 0.5759243030987033 0.5744141604304469 0.5846071883107382 0.57777227695322 0.5931360754283788 0.5918153415531971 0.5916566818756888 0.604761756739596 0.5353106206479963 0.6094074113932637 0.5021334496989848 0.6111819140133082 0.4992904873264378 0.6065008924799825 0.5009375170118319 0.5972487796662214 0.49039021014685463 0.5826169549462649 0.48820415426681407 0.5783338924536477 0.49811634920916725 0.5748285639913685 0.4997395287596525 0.5658790096786804 0.5108585536740995 0.5674372184927244 0.521058320612043 0.5719256117778668
0 0.5816324281232261 0.6060336003431961 0.5984135533183175 0.6356250796641468 0.5884392672761555 0.6461969806175796 0.4959389150333701 0.648576914310325 0.48556690405821834 0.6276891288659989 0.49070505288664057 0.627386327887825 0.49737210392967646 0.6109320910527146 0.5031892638604702 0.6117473019139735 0.5357620138470733 0.6105158303610124
0 0.5936705275347732 0.6468741209449292 0.606025668526265 0.66553558675839 0.6060868624840621 0.6862364200261929 0.5170615516519281 0.6952052070806469 0.5077185129949726 0.684866534395035 0.5024879826943696 0.672470624377859 0.4971535231035105 0.6506545781754843 0.5080227165396083 0.6487917700703361
0 0.5811763062466987 0.6944083889091694 0.5895069376554672 0.7140107555157506 0.5882598670109357 0.7262513468725683 0.49914740010807634 0.7434848230077206 0.49712005750299126 0.740567153222894 0.4877929493626627 0.740764953260924 0.47706873514347287 0.7264704953841569 0.5087359764605814 0.718492955727596 0.5097617861166845 0.6983206769035036 0.5678389336344666 0.6917868573794519
0 0.5688279068784359 0.732933743433749 0.5728239262395199 0.7395133073623645 0.5783628735992767 0.7515762157661167 0.5858545671984055 0.7567645455900157 0.5861789147741864 0.766968016700234 0.4809834973541567 0.7913532161892558 0.4793215522515044 0.7730616153475331 0.4945094272186597 0.7736851371967087 0.5026874950843875 0.7451095969049101
0 0.5687592094330483 0.7731799628648544 0.573768478745223 0.7776441854147557 0.5770311749927306 0.7935265538303978 0.5746828556234793 0.808998823104373 0.4729965148494106 0.8210842035855551 0.4658853065664378 0.8039100628861472 0.47405081472715316 0.7933914600397268 0.4826286692372785 0.7919599917650814
0 0.5587901477643871 0.810157641020488 0.5611577684618798 0.833815254639175 0.5597489453809098 0.8445282867120111 0.4669932969143867 0.8578652053070304 0.4632612738741902 0.8479366317630852 0.469944205291126 0.8454871651670758 0.4757437781601558 0.8256076537864782 0.5144174557670774 0.8182357661018713
0 0.5507453421134584 0.8477812053180044 0.5588102917955322 0.8564358764554051 0.5605468332638975 0.8845197256618077 0.5250461677250473 0.8945936132159898 0.47698671612871113 0.902907525297589 0.45583498774737646 0.8991908979182645 0.44728478075598693 0.8859535489289186 0.4608257984342133 0.8716735901177586 0.46771321762004686 0.8594709857231267
0 0.6929146744017551 0.27340944075614565 0.7285775849622701 0.2938303724156482 0.7760151267779216 0.30836117355516085 0.7746935323610031 0.3349094574054173 0.7640565113297353 0.34267269676634143 0.7247280613080234 0.3296210325432545 0.7026744709780762 0.3159056159957164 0.702298057914712 0.3011151722373852 0.7001678899958992 0.27922421784533674
0 0.7800609177921487 0.3483429085774005 0.7804388662513791 0.3761575758158613 0.7689581785437578 0.37831879161581566 0.7156462983219132 0.36330750374262744 0.7145873191242277 0.3473931946797357 0.6962679928520185 0.3417413094277542 0.697843831454394 0.31522865509840875 0.7021659826071622 0.31583435695389456 0.7251563832568876 0.33070926832690417
0 0.7684496901728439 0.3782475325739938 0.7839585854857183 0.38042093334956056 0.7828904675563235 0.4004927349806631 0.7296862435951448 0.390637589858436 0.7022148943444183 0.39021515359372577 0.6978118090716673 0.38411431674000296 0.70258823661605 0.3789571503917977 0.7111386275802287 0.37809897109820284 0.7153386098550898 0.3639498587162684
0 0.7018270394555454 0.3918744853091946 0.6986165440838958 0.3999929962819839 0.6978561146213244 0.4194224429394455 0.6927582536908101 0.42213540451489723 0.7053246427368002 0.4355495055305587 0.7101812367032325 0.4293753624405256 0.7224788689465242 0.43315516244881697 0.738403108986888 0.43984235100170377 0.7527079725731521 0.4442461794245584 0.7674678802489638 0.44939925138378684 0.773862916549513 0.4400133334255491 0.7853161144185179 0.43167899813280575 0.7885663091522257 0.41979594291907013 0.7866506860568114 0.401705162288879 0.7307032203369725 0.3907801079420797
0 0.7930938663966834 0.46018792923040763 0.7347635239684409 0.44036051445077856 0.7119075017200649 0.43030275358145403 0.7057796868263477 0.4362987490669324 0.6995846827319561 0.43988616930056823 0.6950235677089054 0.4553556211506955 0.7003245316373096 0.47289260881090095 0.7753678011050367 0.492662996718809 0.7920669832252132 0.48951941010069344
0 0.6926376202087693 0.4204048137576066 0.6970139833408371 0.4268446428586053 0.6977660417696323 0.4499134186352028 0.6449382308718177 0.4548487172713069 0.6099731667607986 0.45166243414288904 0.5941565829811009 0.4501313883409632 0.5901153981544727 0.44922232375911236 0.5865284897194589 0.44255039097357046 0.5885616755051813 0.4363233154007931 0.5883333857624745 0.4294365818925414 0.6052326000888084 0.42049449754982393 0.6225738812833148 0.4157272087371506 0.6590506655877677 0.4160407092446396
0 0.6999496539698117 0.47112638853269945 0.6987326450218263 0.47678236817365766 0.6958031159763169 0.4845975164200819 0.7004734226559 0.4873084308010453 0.7008765578599474 0.5017598823121004 0.7074739294604533 0.5061118018494551 0.7737125637785447 0.526704739530047 0.7857147170784549 0.5211892307782441 0.7866347116871925 0.49321371889706206 0.7742973800818425 0.4931984631297171 0.706627191992367 0.47446133132822615
0 0.7821965332399821 0.5299500967246744 0.7802061176080504 0.5584610750167647 0.7608308829298882 0.5629433276621506 0.7026875954864282 0.5407429671515899 0.702164594498273 0.5310730366233088 0.6912183496043156 0.5264544074777443 0.6887423292524875 0.5219945757804128 0.7000489391967014 0.5187807537177196 0.7013858139287945 0.5083432530939872 0.7061225421111189 0.5069506309867283
0 0.6974224924304164 0.4868808765501141 0.6832917066075597 0.4835296543899981 0.6767088476242952 0.48877640633910285 0.6723729515522187 0.48508414473722256 0.6373811653005163 0.4822368538560806 0.6037010670360899 0.4823152780786119 0.5930907681455053 0.4897395251922601 0.5904689275668195 0.49691231846504347 0.5967983100625601 0.49814204873509266 0.6038522611484798 0.5162674352889507 0.6150794723685773 0.52058270170815 0.6747596667502879 0.5265470638703763 0.6891973733420349 0.5227438193167865 0.7000886385587597 0.5150162094767733 0.7005421472524408 0.5027412295330174
0 0.6935110798175387 0.4517162920315596 0.7001771760145854 0.4715010103008863 0.6876940241823776 0.48311837950365616 0.6732692948120055 0.48349607206357564 0.6061495975493018 0.48060199028315465 0.599966802978352 0.4742517467830553 0.5977434914161145 0.45680332112650507 0.6007134875216154 0.4517357403791993 0.6453398306799989 0.45627594530223253
0 0.6877123752892846 0.5252776096904394 0.6994885419402874 0.5324117026505791 0.7028219738877773 0.545560117655275 0.6882376793712393 0.5544838754389149 0.6208240385610203 0.5553187083785293 0.6094494717181986 0.549611843449315 0.6006959777561298 0.5302200735072528 0.60749261386486 0.5222613835799406 0.6152268279913016 0.5219743002181647 0.6743985340020981 0.5278674033385692
0 0.7043604162218942 0.5423483427870702 0.7034778178814154 0.5470229752071115 0.6907801212258089 0.5548401706480242 0.690754934480992 0.5682033863754298 0.7049261873638402 0.5743021760346642 0.7446157701337419 0.5860335007895582 0.7769589936660752 0.5963925771907593 0.7800602973811925 0.5700936999868796 0.7734491808613784 0.5626552207031305 0.764430768586277 0.5661897084540221
0 0.7065722859586229 0.5762465439174204 0.691009946364382 0.5747511276364055 0.6919078250200351 0.5861872784428881 0.6814578589735498 0.5915775720728806 0.6881094425533554 0.6017636188557481 0.6947465135159194 0.6023509941521564 0.6971164130029479 0.6146789065786566 0.7320280328326008 0.6185431742016263 0.7573730526541802 0.6296352147746119 0.7787555186753146 0.6257769905437894 0.7809879689692614 0.6072393055063455 0.7788188693863234 0.595625007095308 0.7452983362680632 0.5871573660941188
0 0.5951737726470137 0.5591838809245441 0.5870161510082533 0.5695106541772292 0.5844504609285259 0.5781032758392151 0.5976248249011289 0.5972943565521246 0.6032167564601617 0.5955602049614253 0.6486420960939367 0.5968904673847615 0.6733368373800307 0.5950358094293434 0.6815823322913858 0.588917682610135 0.6920999997854862 0.5859155303816312 0.6906897011580271 0.5745276740029044 0.6899244131179294 0.568265807105394 0.6889945976761798 0.5561060187578588 0.6384690288126194 0.5582573473733426
0 0.6002572032168475 0.5985025217577271 0.5929072396913925 0.6039068810396999 0.5847053681037168 0.6094716102586545 0.5960780767862179 0.6328862962630913 0.6465282447711935 0.6396765758990287 0.6956553607760687 0.6339722039557315 0.6940462506911083 0.6038128702422092 0.6872415787116457 0.6022997595210082 0.6767444696289129 0.594394329681416 0.650116576456443 0.5968173440951385
0 0.6020090290416202 0.6348364757214011 0.5932288351025744 0.6450760023267277 0.6070475830373027 0.6640776308868692 0.6081188609683923 0.6717811562165868 0.6378602422675264 0.675109816673643 0.6639204056069279 0.6745655294292368 0.6767974923311326 0.67357255659093 0.6959202338443254 0.6572290265241308 0.6762365952649501 0.6407625637392832 0.6474568069624711 0.6412054809785949
0 0.6634399224212184 0.675337461398045 0.6794635280774649 0.6823388360473186 0.6823271220308266 0.6992457095705339 0.6792709828723238 0.7167217750523682 0.642223261371414 0.7182440762770308 0.6092051177944361 0.7138967027671406 0.5906046029149241 0.7129685783629238 0.5798108432090291 0.6901945366060995 0.5937149579154082 0.6921430450637799 0.6072906444437196 0.6876111522553954 0.6085887516358 0.6738052944648344 0.638330132934934 0.6771339549218904
0 0.6733294380986197 0.7175676658111142 0.6770773442943433 0.7312414003801649 0.6723722314786168 0.751004179552638 0.6236271328685543 0.7545240433107058 0.5865357880439652 0.7565997421356224 0.578813146391527 0.7507616561177998 0.5742245512771207 0.7397676629026596 0.5723231769456502 0.7319478087097968 0.5890553482990691 0.7272987515379524 0.591653442558938 0.715633360858784 0.6229347392060974 0.7180588016258364
0 0.6616576324027229 0.7511811793482996 0.6727125054254582 0.765319393869616 0.6804133354160568 0.7714341786875657 0.671634394727483 0.7923045885608612 0.5861369719892009 0.8015844821928549 0.5787415052643583 0.791595914173128 0.5747642633066996 0.7781697961884179 0.583959505445936 0.767988434014664 0.5887979947336449 0.7678272285773674 0.5894959679125155 0.7589728669733052 0.6243263592978969 0.7563005649746127
0 0.584050511844711 0.7987742886180634 0.5766457058520386 0.8022126740833612 0.575871078544111 0.8093777606708755 0.5605915758913586 0.8142303933532237 0.561609891230939 0.83591426976822 0.5659909622452501 0.8468791807675738 0.6160354212978651 0.8401843424869139 0.6659377912359039 0.832630325590087 0.6663067096114708 0.8119801210859753 0.6631377523923534 0.7989470307645373 0.6581677665083702 0.7954529873686109 0.614752859515264 0.8005590851375027 0.5901129606963875 0.804379716909596
0 0.6602037705622951 0.8335052985646193 0.6608406951322986 0.8626891247988294 0.6121722506512932 0.8678982635734452 0.5613082877165992 0.8716807027739044 0.5593078209689961 0.857132830730636 0.5549049382928453 0.8464446185314092 0.5616765794669302 0.8457150566358083 0.5619601310708464 0.8421179722341581 0.5663187637980818 0.8480441403996543 0.616341411188857 0.8416260009191213
0 0.6444469178500131 0.8657070713856984 0.6593462829836609 0.878985271790533 0.6581921447818646 0.9095966330992145 0.6532009738612777 0.9116947301373998 0.5603523343470685 0.915748099783397 0.5441411363768582 0.8924946192162567 0.5630027645732106 0.8847869163849654 0.562007514145942 0.8734572244378112 0.6124564288804455 0.8696166208057795
0 0.757791814192194 0.6320089673944588 0.782998328887063 0.6340812463360428 0.7835339536112844 0.6643324589768874 0.7677059565037059 0.6706318015030761 0.7112500196938751 0.6644236164639822 0.6973492172187052 0.6578518071465492 0.6789152802638405 0.6416405549747494 0.6972326494687087 0.6361767826246769 0.6973253376587887 0.6164779314515987 0.7318431443033844 0.6208285095701573
0 0.6982426170247602 0.6604105678278168 0.6894165174986786 0.6635540962178438 0.675717391936199 0.6752622537728042 0.681380825090828 0.6821398228788942 0.684954969409119 0.696998707025349 0.7303231191548569 0.7026264851082553 0.7788550254601904 0.7074808485378133 0.779318518700205 0.690024166095402 0.7805995168931819 0.6760890327242906 0.7691121916622088 0.6713155819730066 0.7461196576751324 0.6712570604107154 0.722974788887799 0.6685002742071058 0.7107371843414273 0.6662985966753191
0 0.6857247675318624 0.6988100781297276 0.6802733157876675 0.7170278894793533 0.6742689008881922 0.7191067095497949 0.6831638613340518 0.7359280277147185 0.7307270180743091 0.7438102602744262 0.7735391151792652 0.747132987311803 0.7752261403783658 0.7118394213694206 0.7408032023001359 0.7062853577633209 0.7025703112228787 0.7004407272830798
0 0.6833064367306365 0.7364347201940994 0.6753921656298116 0.7372724707465016 0.6730090567847746 0.7512965115089353 0.6669477207454799 0.7540974228719017 0.6753005676278745 0.7662190047623483 0.6818189080679405 0.7715128873233379 0.7339997633565147 0.7810156636665492 0.76561944542734 0.7827698970733414 0.7671660756061414 0.7654650043371155 0.7671167334937082 0.7498833021060408 0.7384136046158556 0.7458608748921224 0.7080478229032763 0.742092157313942
0 0.7492206016393509 0.782418628260623 0.7528234790745875 0.7992283874715076 0.7461446797128065 0.802916192371414 0.7122259077714952 0.8025432592348078 0.666943957376594 0.8027681063451909 0.6636175615189976 0.7940278427738985 0.6735555311008116 0.7929869791544868 0.6808501585028643 0.7745407564534874 0.6885459593540117 0.7741591018117374 0.7342279930098647 0.782751139917835
0 0.6695569311571952 0.8043510660981958 0.666783498454879 0.811749793806087 0.66709956274128 0.8332094195148154 0.6780160412918426 0.8313322589271924 0.7351843099905256 0.8354500649418055 0.7562767471799244 0.8364590891479948 0.7567499998236115 0.8211939788675213 0.7569283422704567 0.8027239114663481 0.7467719024389651 0.8042208709964122 0.7112473988027468 0.8033795562030193
0 0.6763154410305694 0.8320673627579468 0.662377781316996 0.8352246304782988 0.6611921967844568 0.8525801197832535 0.666182335664923 0.8703143565615766 0.710409882237983 0.8718885948094378 0.7355117689628135 0.8729727870766247 0.7536589198422943 0.8742991300255105 0.7567998870301161 0.8413995225199802 0.7455787388790394 0.8378801538249657 0.6990802904583674 0.8350142494903362
0 0.6587044599693817 0.8656160738712901 0.6530806095235135 0.8721286348343368 0.6623170968082905 0.8846174052441128 0.6617207875753635 0.9037589673690819 0.6681632331623366 0.9100156383201042 0.7158966082279812 0.9111077555808537 0.74604282950274 0.9060848862269176 0.7531769979830778 0.8966203509868146 0.7525757829035074 0.8741473403193248 0.7320915947269939 0.8746836918356418 0.7052224271973984 0.8728651225297956 0.6720067728353386 0.8728340796281548
