0 0.2633454693520563 0.18408639298252072 0.27729134513887 0.1905611704485529 0.28526828082515165 0.21125767364914494 0.2826404037596026 0.22516789286831995 0.25191294290700805 0.23227371705502145 0.15974293858403166 0.2201338387496553 0.1592707766720251 0.20439219081162494 0.15861803188076107 0.19062512673144794 0.16067512994820593 0.18399905120319884 0.16552992606925565 0.18896537209825867 0.17698816826243502 0.18506977006798866 0.23002830734184054 0.18224499613582798
0 0.15864964959393857 0.22056133012926712 0.15379239797595146 0.2473218237249798 0.1595103575702974 0.25867772790858373 0.1684946136776408 0.26719951724894425 0.24985079558527495 0.28465704715351203 0.2647220477676747 0.2860530519784919 0.2719702163561025 0.2795592312961243 0.27860583660273913 0.2541506777131957 0.2746794474890563 0.2443984405818673 0.2522115154167118 0.23561606432852275 0.1869345991298445 0.22450106769200553 0.18066077999496377 0.22786854908436624
0 0.266577127871164 0.2309882226750598 0.2582001569564514 0.2340458771513054 0.25888139011200384 0.23980039412090515 0.28064694847392896 0.24966008840962187 0.3218412494331272 0.2609967823378626 0.3468823368086366 0.27181586984505907 0.3593824308195039 0.2714092879863269 0.36483902892726844 0.2633118002516837 0.3703180613876339 0.25925954761825515 0.37702227848980663 0.256863769445157 0.37250577538693347 0.23224203451448222 0.3506438347094858 0.22416203197155715 0.32789072504200006 0.21717694993335593 0.2966906658483066 0.2155326681961748 0.28358587424027626 0.22611394645067426
0 0.2852693302675873 0.16777666563385343 0.2784779633504789 0.17574564361446646 0.2773689198231021 0.1907735636379773 0.28298523395276504 0.19657387048341804 0.2860560902810243 0.21171799026017632 0.28852889391724 0.21907617428205164 0.2968926629799389 0.21576679276631464 0.3282155081931824 0.21613483683668697 0.35199180537084324 0.22454226876507874 0.3734497517850264 0.23215402216772416 0.37601496838533804 0.2412742954660395 0.3832578738246053 0.22744518569971706 0.3879117465550012 0.22574648876846948 0.38779163608914397 0.21260387530685995 0.37891299479791035 0.2060959022824309 0.3202597907033998 0.18019769512968034
0 0.2795502437176738 0.2522639092770314 0.27191740894804767 0.27855232313815853 0.27032912939675063 0.28805985076220947 0.2769461966839879 0.2912372723966261 0.2846273508351753 0.3074692951458942 0.30306327897772734 0.3044856179519788 0.3265543985602471 0.31469034409551394 0.37265340743810166 0.3291111548428444 0.3802091879742714 0.3248652750465481 0.384016848378056 0.29617897748166194 0.3647320323551998 0.2865939051703572 0.3458855530024889 0.27089697403385143 0.3208972730350343 0.2610847946846207 0.30118732219404665 0.25786330823800824
0 0.16832538672121217 0.2669617049321558 0.15810668048713994 0.2665548048225387 0.1553727473076178 0.2970618918609686 0.1558339870123468 0.30585660530320063 0.1605069127699817 0.3074603948316582 0.16124491993632112 0.31181044491639176 0.17533465716379948 0.31797484633903084 0.22475343885112942 0.326963737618979 0.25734507305004917 0.33106318860434164 0.2651208764734434 0.32863864469383036 0.27546909644399914 0.32665408402004 0.28206339298496835 0.31142303479187977 0.27621429416088794 0.29225347169714927 0.26525758076047623 0.2874965215027985 0.25148716332857957 0.2874207678478586 0.20590926647334845 0.2787535932136751 0.1860732750783755 0.2748245091560174
0 0.28362103490418 0.31195763130136556 0.2767375647289364 0.32653581742908383 0.2669676920269294 0.3298261043037582 0.2665081908629051 0.3356474538167144 0.2802023145242486 0.33912944288301183 0.28633351462591894 0.34909507437161985 0.29503005891806644 0.3496438943903844 0.3061393598595845 0.3475883737620204 0.33030588341198774 0.35145360961974365 0.3693764451287619 0.3624270615734823 0.37868681666674486 0.3649581242117641 0.38280446896045406 0.3608351775000304 0.38349818525211743 0.3400358535043781 0.3814615636395334 0.33036828534334356 0.3735438403069918 0.3300867635793219 0.3266495890168726 0.3157638126595208 0.31017016894464655 0.30778274184470317 0.2935953193116181 0.3086164894358936
0 0.17387301361141816 0.31739160157348306 0.15886568599531958 0.31736170105762707 0.15743100633044954 0.35131796998637593 0.1635920456942211 0.359794633884942 0.22706237312797078 0.37102636975704684 0.26476715628242575 0.37465653580154773 0.2704060961264142 0.37317803838650354 0.27716885928961366 0.3658782806602452 0.2836084179881856 0.35241580402556144 0.281134577917711 0.33930800148671064 0.2666643000793235 0.3358934155145994 0.24706727029276426 0.3300985862006289 0.2377983300482317 0.3304864094723211 0.22769399744325486 0.32857025459249134
0 0.16286842215943875 0.36007971053869464 0.1584184672011315 0.39029512798336324 0.16339091558482133 0.40413576886144703 0.17375736757669824 0.41002336513162935 0.21139859090031105 0.4160500246912533 0.2521583194415056 0.4176138549219557 0.28012056893265885 0.41381475273730994 0.28323907415024047 0.4093519234083884 0.28390327482053324 0.3836615467596649 0.27961982879633074 0.3786968229983437 0.2693777997385009 0.3751816678674779 0.24896682973439188 0.3738066424672975 0.23054205407482542 0.37194842752363205 0.22618704413914203 0.37414250149160955 0.2231867614333089 0.3723361985184761
0 0.16394461836573432 0.40617018054699994 0.16177331382019128 0.4159087909723602 0.15901872496029357 0.43583396201818836 0.1626815805143308 0.44175056267377677 0.16710032611710762 0.4535567918663075 0.18768705387775997 0.45402141468356966 0.22360495739161024 0.4527586186168764 0.2485933536882135 0.45191883289340473 0.26174702447356996 0.45128845099343806 0.26096002869131874 0.4448057121716666 0.266685318723608 0.4389078164049927 0.269534748984111 0.43357605880450195 0.28516610542789944 0.43331067847694493 0.28566694918624613 0.42581385129388266 0.27927756210568283 0.41478736678725164 0.25284112137869424 0.4178481985973468 0.22963205593657848 0.41852208707542243 0.210778000430146 0.4170019015855206 0.17331253486307635 0.4100648394429784
0 0.1677364694540287 0.45290147011445486 0.1620391331330926 0.4763790679062863 0.16738332611885343 0.48452294961146974 0.17126859802970168 0.4904188131113836 0.2095755462236774 0.48356917861313403 0.22633921354050496 0.4793241585001406 0.2608448545797103 0.4767030096554215 0.27286621449202764 0.4800522675408913 0.27792577965395404 0.4870306658320909 0.2799057735761979 0.47790590284723433 0.2828951796375039 0.47524314152847474 0.28451898182443247 0.472111692858933 0.26365697868440297 0.4621365683287301 0.2624920378777821 0.45270901523848744 0.24841759593167023 0.452829235476323 0.22342919963506697 0.45366902119979463 0.19643905612716545 0.45469544132433676 0.19229090968153723 0.4565722229942253
0 0.17134636236348105 0.4919015888234564 0.15755654824120358 0.49318729247527576 0.156878318904225 0.5313951965724346 0.1662306825348111 0.5349933003259985 0.19890565789703285 0.5358208924489102 0.22969243233747605 0.534738495820316 0.25279262771230065 0.5319887213453384 0.260592753067439 0.5315594760391454 0.2802105268669982 0.5178101891761827 0.2847661998704379 0.5066572494687446 0.27988239246505475 0.49876844859462666 0.2777033632971432 0.48705140298776545 0.2730886308488385 0.4800315303852168 0.26040002186608846 0.4767444839667705 0.22635476640726082 0.47962071364255515 0.20938423560037822 0.48418302605363767
0 0.3849975975576345 0.3419529593327319 0.3830440616008275 0.36054265227186955 0.377981271566586 0.36770834113059436 0.4007739091648156 0.37952836881269514 0.4644733849552349 0.39757490054099015 0.48566772785039414 0.40285029059072053 0.4909139414708348 0.3912050628721407 0.4879298874271286 0.37419133914232083 0.47884662532336936 0.3605353029110881
0 0.29010035188826355 0.38315344501187787 0.28388754971314367 0.4082761050116701 0.2815336693951697 0.4164031652347682 0.28605284805173575 0.42660604903702465 0.2880985541836628 0.4330554615995103 0.3074972691644716 0.43124680787363195 0.3290268554164298 0.4320852574138403 0.3510475637570317 0.4368620041220113 0.36332089616896285 0.4402709334116918 0.3728960011225885 0.4329277642637004 0.39158278644295735 0.4256836529849244 0.3976120258765948 0.42398320167062337 0.398852742485119 0.41779653235067804 0.3946326121641311 0.4024433685906652 0.386929972019087 0.3993671611550203 0.3637616069329237 0.4079777080963279 0.3540340337822735 0.40698748123707446 0.3287001755477593 0.3987252696808336
0 0.2834359703081199 0.35229068747880027 0.27679575580074606 0.3667592391956694 0.2700327772633785 0.37346078074414946 0.27968508666381675 0.3784421121794204 0.2845231164339814 0.3838723065831576 0.28935422182870574 0.38645736994060237 0.2900453783628248 0.3833574343546229 0.31092043662313507 0.3907073363659588 0.3289338615221358 0.39775488957871324 0.35414592607495654 0.40640789354620505 0.36387349922560686 0.4073981204054585 0.3867685727813525 0.39900277244779686 0.3937236250717858 0.40138980802503604 0.3939742027792817 0.376323610743233 0.3780352178309386 0.36813405335217997 0.36921268441076327 0.36269592024558955 0.3299657445818125 0.3523159733015442 0.3061438878209705 0.34846603178802565
0 0.27109237505294975 0.43339912968733546 0.26655795961154494 0.43960763906079586 0.261778346833052 0.44445043205113555 0.26265887832599855 0.4513112227404461 0.2649779905053363 0.4624350484933666 0.2855699930164126 0.4711608988548179 0.3298703578395751 0.48184201491410167 0.3571178201075784 0.4850873171064989 0.3708720048223362 0.4858878017000255 0.3806365613117053 0.48011737456760645 0.38579786415311235 0.4759332831885467 0.38717005447994196 0.46238242976988553 0.3825571703888352 0.4505467471994124 0.3688223270327855 0.44349586036729427 0.36344724650313875 0.4402941365863044 0.3516329317518001 0.4367670612722483 0.3286674245195458 0.43242823902352395 0.3072649124093688 0.4314151336049064 0.2862163022475416 0.43384047572437084
0 0.2851350534615941 0.47220107965987435 0.2804269810150655 0.4795461931692177 0.2784060495873508 0.48710117926212537 0.2801836297072623 0.49959672546770156 0.2849613535614258 0.506748038936364 0.30675224540389895 0.5090902456116766 0.34005361780210575 0.5133731799429236 0.391692131606449 0.5216112532990708 0.3930843614839721 0.505081990903762 0.3966321203743597 0.4913639012723374 0.38934104128258157 0.4863540830332944 0.37128624422887463 0.486698704396989 0.3564263247873837 0.48574140057723886 0.3296515728389683 0.4825481571752825
0 0.3883879446495502 0.22639772437348168 0.39914235121236874 0.2225492525741473 0.4617388581432379 0.22506063184334568 0.48117814902838824 0.23216496181558163 0.48590130949229976 0.24083107967686201 0.4863112138035917 0.2540731529541898 0.478540234283776 0.2578331811408549 0.46880075307884583 0.2674682973482966 0.448249463642305 0.26900497533104756 0.41679032909762054 0.25789892652624796 0.3911277183604975 0.25422060908890776 0.3804455985343208 0.25673431207889835 0.37609474349092964 0.2497409480301578 0.3749511000759076 0.2414999649870089 0.38390636488375574 0.2277641600360133
0 0.2964698257116185 0.5079540683522118 0.2868919856227591 0.5119893649946599 0.27995334275744843 0.5179540322534082 0.26946968784127034 0.5254577981151131 0.26976865737831046 0.5346151067531383 0.28271613437115495 0.5360668078808931 0.28953109879733707 0.5484840384477165 0.31309720390394047 0.5484622731278869 0.37209570113579093 0.5603650092083987 0.38189179091205855 0.557034509941779 0.3876735531849565 0.5601211732490297 0.39311726431609606 0.5429352656369125 0.3847404997047584 0.5214784673937269 0.3383248777733403 0.5144454412480856
0 0.16226205130931115 0.5361354679332663 0.16374858996013325 0.5459376132383261 0.15947724068661395 0.554115568266423 0.1614036370690981 0.5723047250660618 0.17390181445201014 0.5726521700236193 0.20122727222964726 0.5714010792569426 0.27714573707979323 0.5664837955758537 0.283194652897106 0.5551146640187645 0.2863854860413375 0.5448764204498346 0.28285858653375046 0.5363450253538783 0.27010889324124276 0.5342922056532161 0.2596397983117198 0.5324589589097711 0.19877757295914283 0.5370529784561624
0 0.15915623914214683 0.5761911229715763 0.15804726524118967 0.5938092286650707 0.15817237242430043 0.6111037654354644 0.18453096687640996 0.6157354893841392 0.27650695581623375 0.6132067841504808 0.2828362534883606 0.6086550068166753 0.2877639011953447 0.5952680500785194 0.28088616332046945 0.5833987942075328 0.2805488201498443 0.5769664847447452 0.2702626540423425 0.5716702696912951 0.2297284501800969 0.5710708291387361 0.20217275907184928 0.5734314961969534 0.174164360692237 0.5731237619252384
0 0.3978244471951519 0.5693509632607442 0.38876120829297345 0.5612382946433503 0.3808200159925684 0.5562201849157461 0.37020389507843376 0.5642481691432868 0.31322963156263856 0.5484456605709117 0.28931918857343086 0.5500351338890199 0.28337829891377975 0.5557077151803497 0.27689700881494533 0.5667865901419157 0.28111462894302325 0.5777293872149526 0.2810731982003872 0.5838870949232704 0.2953878075285654 0.5974512439430834 0.3178723379772495 0.6000512372046591 0.3425324646506202 0.6024483871221434 0.35844794739522556 0.6048511340364805 0.3936682560241405 0.6048062078997263 0.3991174112773513 0.5952293277902587
0 0.16124742411181509 0.6124533987295083 0.16046037335296026 0.6206340029043325 0.15885239442434584 0.6479431207650538 0.17198225284880336 0.6548261714848159 0.23244188129607946 0.6540535064712439 0.28400087155066345 0.6516785322561566 0.2882005019047709 0.6448011982473902 0.2858754412815797 0.6178587802761428 0.276847868511762 0.6138361390427471 0.2304743953506324 0.6165383599770978 0.19789089679568944 0.6155226954245064 0.18496623517574928 0.6183491805160714
0 0.2898275633054612 0.600465133112089 0.2843690945856798 0.6123241696036449 0.28648052428954984 0.6178023649085315 0.29327180606915026 0.63135681475172 0.3735806733171177 0.6380567974301251 0.38741932027303816 0.6294700401956165 0.39501673528356923 0.6178169385894009 0.40713955120582546 0.6170920199091533 0.40511910537739776 0.6075517302006602 0.39528968690989635 0.605630655378582 0.36190434265726956 0.6067165572373078 0.34226666148512086 0.6032777962651313 0.3175280862709349 0.6011253432616116
0 0.16417964103375488 0.6567697372797042 0.15896660735342094 0.6617147509799874 0.16256530128111513 0.6897545042319523 0.21124696683582855 0.6904853275587822 0.28196548983171676 0.6940258617153633 0.2911813911764445 0.6842486650500197 0.2927491318701288 0.673563105791898 0.28940638038746425 0.667794352550254 0.2852469882682869 0.6580481279564206 0.28039152926569716 0.6524204131338052 0.23196373286523492 0.6565302538707357
0 0.2912809501183805 0.6339746005702401 0.2884395761201932 0.6435628245476445 0.28501427487688996 0.6536108525646399 0.2901807094982685 0.6709650465584831 0.3027689522033187 0.6791146786617971 0.3097549233818544 0.6731936415147195 0.39871899378306636 0.6884099561859127 0.4081105020546535 0.6761842198048829 0.4053009321765925 0.6573941983246538 0.39134807229159696 0.652209325344229 0.38306523875492554 0.6391993025920492
0 0.1995324712318287 0.6931989819151244 0.18298367238809332 0.6906883101208313 0.1767508745575077 0.6993766526041578 0.17478960848439595 0.7141525139496915 0.1809482906691467 0.7330356395800379 0.2274910099331105 0.7335605280215276 0.3029084674768049 0.7281503694418306 0.3075862462617568 0.7187962880335723 0.30709966371610864 0.7095183485780309 0.3044889298185398 0.7061135120006558 0.3045228072294447 0.6951656024895826 0.295782981024783 0.6850357158088745 0.2817052598534403 0.6948608467431292
0 0.2844322799708626 0.7294676494819976 0.29657832494675157 0.74657645542029 0.2854223132917664 0.7715329021031474 0.16301786546416858 0.7679470101297733 0.16423231901335555 0.7447281943564641 0.16673520080587462 0.7286857516273789 0.20437092105312116 0.73328397995888
0 0.28473260723237925 0.7699757627828386 0.29295197348048785 0.7817756195190783 0.29723830017679076 0.7939421761447919 0.28874169476910827 0.8174345876574578 0.26613570502164663 0.8211637186308051 0.20693491494004457 0.8169546811615879 0.16370535728108732 0.8100404704347287 0.16482039284002825 0.7791290622099925 0.1707506491666289 0.7704689274104716 0.17548553441611836 0.7680006611096801 0.2700350081142374 0.7737782713211979
0 0.27164491938194035 0.8218661463382428 0.2815166493751503 0.8245939985042812 0.28654978859537805 0.8452035095577707 0.26151074516798545 0.8605096001846165 0.22566911818179497 0.8553387370783012 0.18616104244610066 0.8440239397421676 0.16943663667550585 0.8439618076635603 0.16877873473624505 0.8140264228856183 0.20758230947372325 0.8177050431379366
0 0.17278574898219567 0.8440549118136778 0.16925038139137427 0.8751919815088596 0.1987809483195872 0.8817619833190546 0.2594732901582603 0.8854265936972633 0.2916696241578012 0.8848569112457403 0.29729733898041677 0.8762249841300251 0.29635805130002524 0.8467211957078687 0.2873939458187703 0.8439087204904134 0.2612082036640003 0.8605378078684223 0.22595050392292576 0.8549071407225156 0.18648473971294 0.8443991207303418
0 0.19508698298320382 0.8808903095087827 0.17759668221660851 0.8894121702769796 0.17982439814033208 0.9260923317433599 0.20698330538639842 0.928019123276434 0.28535634985735525 0.9267923709342663 0.2996181120703611 0.9262733871393589 0.3061238615272739 0.9053987614452135 0.30270284781721757 0.8923408044241223 0.29696728088955215 0.8815254522333773 0.2917542472092183 0.8864704659336605 0.2591919044171296 0.885858190053049
0 0.31241945968422724 0.6741330725985786 0.30327241654803305 0.6802192693722144 0.29937289671820433 0.6895103496280474 0.30522453825409357 0.695429512881535 0.30468626017123723 0.7071778104317126 0.3081117675374461 0.7108604159560347 0.37122832642804604 0.7212914823988634 0.4023375338024055 0.7245478925561833 0.4190457695809816 0.7217587075914498 0.4232538072005459 0.7007407516585186 0.42015288402888185 0.6856376175145923 0.40843353455229414 0.6734929439501225 0.4002280041466156 0.6887267087024296
0 0.3142478004348739 0.7112182668316578 0.30744595784616313 0.7176309492993949 0.3038427652231132 0.7315633840813104 0.3085937232920062 0.7443770011535987 0.37472614017920136 0.7463689887656685 0.4076779079669691 0.7524743356887397 0.41563111127679764 0.7534323738713945 0.4219610465288203 0.7477435144586733 0.4147973318105567 0.7375342380335135 0.4193035253137164 0.7262369089715571 0.37118335807263114 0.7225655357679098
0 0.3100804052566441 0.7435585648258182 0.29561453299237916 0.7496660722113422 0.29400181437266737 0.782108095232907 0.2982986050935157 0.7959837935695276 0.3188016437002543 0.8029098948746524 0.37870349291060296 0.802763496448779 0.4141496449342742 0.7980989990647399 0.41545011611508864 0.7694251229820405 0.4153667499878511 0.7629745636868336 0.4084212489492881 0.7520651175248494 0.3750153138134757 0.7470218518661107
0 0.31182773504108885 0.8011807270005994 0.2943938326635276 0.8041658387930607 0.2895221717555403 0.8182165401659326 0.2821952018642112 0.8243382710607355 0.2881330006315087 0.8451991252020491 0.29809801320859347 0.8456296786298574 0.39981142967192285 0.8358064398258569 0.40122007932530274 0.8237781759542454 0.4059214127035401 0.8162016871947717 0.40305275016541997 0.8052520461510445 0.3993236390811612 0.8022006105125555 0.37921088022457794 0.8027161898123966 0.3193622509801595 0.8038773628662197
0 0.32284821784552475 0.8460413724398409 0.30358523990312103 0.8481772828316911 0.29681354347571753 0.8600257499666851 0.2976650629306019 0.8762621440138828 0.3034254618114651 0.8937404160620303 0.32022779695454756 0.8884348034407349 0.40130692253395 0.8594608611598288 0.3988392073779442 0.8464343642238195 0.3928321871967778 0.8388365402004276
0 0.31109023552207277 0.8915709608815042 0.30683013012120747 0.8984863453982324 0.3148283638378427 0.9231959584176792 0.3295727136767838 0.9177592364770447 0.3498687911916242 0.9174917250573813 0.42345622882659284 0.907110326595573 0.4277416116424299 0.8958787185550051 0.415520161930545 0.8913313645654023 0.4009298911629714 0.8880880750980721 0.3918603117423769 0.8661863640887674 0.32114623752340926 0.8887567280969012
0 0.38016600220929475 0.25776710526158275 0.37035057522434023 0.25991363403395057 0.3635862976691917 0.26300706668627044 0.3590987260146485 0.26989021422830656 0.3591693967871086 0.28004251087177606 0.3650853039422344 0.287187062355241 0.3868498406968972 0.2971637852742642 0.42737438946341344 0.30385217931335 0.4696888213604681 0.30945015719532226 0.47265323361300476 0.29993841737431065 0.46923581297095057 0.2743980614024995 0.4488450073492194 0.26860308792300214 0.4171043795615107 0.2577094232014038 0.3912635925241187 0.25365396290577613
0 0.4807237205834863 0.31734881570102963 0.4825488855785045 0.3433454718418871 0.47925831460399226 0.35104055119101174 0.468502949415953 0.35727670107619963 0.4130166794127643 0.3470577539942516 0.3852896108159791 0.3422546275107718 0.38192196391578326 0.33087050180293476 0.3802381404656852 0.32517843894901627 0.3839272225055643 0.2986676578542664 0.38919564284253183 0.2978686077159586 0.4271446291702927 0.30387360118642887 0.4745410896998287 0.31392327265365394
0 0.3933729080929078 0.37751884266447533 0.39441239377970905 0.40174168207960353 0.40615421481432934 0.4231196111150599 0.45639779213694526 0.4258233940368123 0.47210182409320006 0.4258984419549218 0.499629690679052 0.4180984953349778 0.4941990317665624 0.40259688580685155 0.4854360078183566 0.4027982228688593 0.4645326517701638 0.40043733264103576
0 0.4784390752522678 0.43428514529856277 0.4561324045501635 0.42628362572549267 0.4062989029116792 0.4245627535492656 0.3995667395262558 0.4251904318466329 0.3725189932695522 0.4330181954343187 0.36668128990765125 0.44311318214067397 0.38375676059919195 0.450010652556337 0.40085992298032236 0.45743613578654313 0.47854422987361256 0.46664161599683185 0.4839859236246063 0.45658355154326297
0 0.3908456596442841 0.45641268679214164 0.385799506875914 0.48019143448577334 0.39556402887710373 0.48860433830460687 0.45126569396965954 0.4973959113404249 0.49088669304221755 0.5017820166368033 0.4974234427609786 0.4930923590478031 0.4989222034519449 0.48611552965306437 0.4978728179014598 0.46166199652922063 0.49237580853264074 0.45906674553514715 0.48301677198615783 0.45838545792926483 0.479047675035859 0.4671464953666884
0 0.39862810486252354 0.48939109184900126 0.39403383649322277 0.5050653403910685 0.39200681079687955 0.5199652863323863 0.3962240841073705 0.5353529279904291 0.4048765079654477 0.5243822804435481 0.4881617157255521 0.5441667277363007 0.505004444338911 0.5401891361847432 0.5070970696107855 0.5303650401806378 0.5056564290031417 0.5181956518350904 0.502005923307887 0.5059648300134413 0.4912162601078972 0.5029587337965647 0.4739086763276826 0.5018977003051127 0.4508300429096868 0.4978976002076844
0 0.4049400816465499 0.5256425886449865 0.39591460407196144 0.535514206418745 0.39169855109057594 0.5490420141641837 0.3936094392590764 0.5619985719608532 0.4010410152968645 0.5686939638996316 0.4112640183939609 0.564046674296792 0.4928765254614339 0.5822964527974341 0.5021590655129685 0.5773263879435843 0.5081146316782236 0.5734874360482092 0.5083331918734948 0.5541754371221461 0.5055032625325114 0.5413045668177919 0.4881271677476521 0.5445664801450877
0 0.41163463107069176 0.5652435000293308 0.40257275058433595 0.5685511514124392 0.398420963222187 0.5833043473878551 0.3987508315226679 0.6013338330890641 0.41451160289764816 0.6142304667309796 0.4443922016248353 0.6204746473300525 0.4745148817902801 0.62546487720171 0.5084915424646778 0.6276330181467129 0.5128275864802382 0.6046534423099054 0.5129904212605709 0.5960185997051882 0.5012978491253318 0.5843845045698756 0.4910384431164681 0.582467827782065
0 0.4991948727203678 0.6277192142828788 0.4986946846787844 0.6613405309160817 0.4504304846028906 0.6635770181167856 0.4144700741818169 0.6684387883631606 0.40613959558559787 0.6552574732332075 0.3917467843012496 0.6505635000286708 0.38315443804998983 0.6377838439350269 0.38780899090743715 0.6294277574169141 0.3951412852485791 0.6181813044002541 0.40708476569288043 0.619331206707992 0.41362553745810193 0.6145716932495996 0.44277738884811524 0.6201530579472659 0.47418168796721955 0.6255244139932463
0 0.5026798349589816 0.6402205739331199 0.514656772414676 0.6474032545998947 0.5187639115188495 0.6609783359517597 0.5247041242083084 0.6717418040494597 0.5240307314989614 0.6804811913368184 0.49869661415748573 0.6775618262189496 0.4289179602673551 0.6957622431844505 0.4211249856815152 0.6874349803860668 0.4192368372950397 0.6676171120234787 0.4493436373605363 0.6644328383523257 0.4984721936459348 0.6624930058620879
0 0.5279134500915839 0.678987452331822 0.534599889123974 0.687795127410897 0.5367636738657877 0.7128687071413643 0.4922994490060373 0.7336130812698852 0.4259841395647237 0.7477181546279108 0.4192307865095475 0.726844922830762 0.41891577353201803 0.720838395553186 0.4277267518587248 0.700022986095088 0.4709544720768556 0.688070501416847 0.4999803445107959 0.6804600855318944 0.5229635725677028 0.681712419527207
0 0.5039476047839048 0.7291318642548955 0.5192185409780552 0.7397798625740867 0.5279073993060918 0.7382152631391051 0.5331073052634175 0.7456525618060903 0.5290571704391354 0.7709282573738463 0.4638149395398787 0.7785201400921434 0.42128030034219033 0.7821086454378742 0.4154838254411987 0.7686910705747737 0.414997537274607 0.7540239092542215 0.42262515628218283 0.7484085755602887 0.4254800925657377 0.7488968806553779 0.4915138460409149 0.7348180583788132
0 0.42116524932287835 0.7820108545697447 0.41490357401348943 0.78176152003449 0.4145730540551119 0.7992884133215116 0.40230045839633494 0.7995995114487622 0.4046007348808475 0.807716508690589 0.5018031103662559 0.8064298066096848 0.5099780834007556 0.8034458828087531 0.5122233215089897 0.7946273655999964 0.5148019204250937 0.7921652239331212 0.512750978475836 0.772916359474603 0.46399395664859744 0.7805171275254873
0 0.5028104880474001 0.8057804519805737 0.5129103153387841 0.815669691832054 0.5163440571968143 0.8295130352508752 0.5137480269161476 0.8475288705983592 0.4677290374348637 0.8557075026763119 0.40148282589922146 0.8554965611577657 0.3991390675702042 0.8465504714539546 0.3931368629030976 0.8393340572761554 0.40111905677026927 0.8366458228934427 0.40212501402666745 0.8240548338498798 0.40675171404253696 0.8169582878126195 0.40954194391527765 0.8105883974613678 0.4553927842844294 0.8071466065297764
0 0.40832069237400903 0.8572654647239544 0.4027624488015613 0.8598073551204343 0.3947458972426455 0.8661198586407169 0.40200191657570145 0.8887154672546774 0.41729036487337956 0.8908314482594285 0.4301205051845896 0.896718042387982 0.466527621095521 0.8963590927463692 0.5004051566107552 0.8911768319471473 0.5079464414971775 0.875802155005173 0.5136261772914412 0.8611069568356976 0.5067582748159435 0.8531467214509436 0.4619834204908866 0.8603568336305253
0 0.4648832463257438 0.2015097881806006 0.5079623766441889 0.20961357143486592 0.5231736602367029 0.20633067474318956 0.5685836182054689 0.21887879470696636 0.5718535825877795 0.22789722347149552 0.5727667466380755 0.24086471281833596 0.564066240082629 0.24385134921283483 0.5382712998389364 0.2453240291591451 0.5135339088863041 0.249184322729929 0.48679495527886923 0.25043424159139205 0.48624349506046793 0.2399192435417783 0.48184622708259117 0.23162747352887372 0.4626204753940362 0.22502902518321985 0.46059135053460964 0.2174487902066925
0 0.5704393141595395 0.17426468393236658 0.5668205782546998 0.18081761704832844 0.5632829394408014 0.18891687340688057 0.5453336451573673 0.21110166326432311 0.5690475151782459 0.21883554292513097 0.5727327182787688 0.22688292596227058 0.5820479732024395 0.22228508865242838 0.5856991479436557 0.21635068483350262 0.645851615900406 0.2300104908576089 0.6560622259332543 0.22470762068705974 0.6574231756011014 0.1928814899562885 0.6513114178640581 0.1918974398775584 0.6163391417827763 0.17837615482248523 0.5998707992491901 0.17991159307764173 0.5948052480167715 0.17665456100469681
0 0.5870584000256105 0.21560240019096033 0.5722915068788629 0.23624736898148288 0.573511250351806 0.241727629091137 0.577504622397906 0.2556510404501196 0.5878449877762606 0.25282228746771485 0.6360221081635008 0.2648016320919612 0.673933494108645 0.2721441263523437 0.6719790001854768 0.25709828802954776 0.6676612397756114 0.23698958370020418 0.6451882092776169 0.23069389782739805
0 0.5716881012970741 0.2425191655155147 0.5770893836796938 0.2566220861775091 0.5789254650437912 0.2738544029308492 0.5635162613241955 0.29114071236950856 0.5219423578513995 0.2850720263093634 0.49815385689426245 0.2848037499948242 0.4814129632973359 0.30780820434323236 0.4740814620873494 0.30134389415484814 0.4696063841273539 0.2737912123701537 0.4756192358323375 0.25955641699874626 0.48632618167433944 0.2548288243433979 0.5137334185363163 0.2485441675419752 0.5382875192571247 0.2456332938076632 0.5640986789190054 0.24446987850987092
0 0.49861775386703955 0.2847604982129888 0.4812458924837004 0.30906688882822225 0.48128479747475983 0.3186973447141173 0.4883908163530406 0.3341952073822781 0.5052646443413337 0.3403913853400728 0.5753082105989193 0.33821169725309863 0.5920085016188941 0.33665463310702437 0.5932201894142242 0.3197597090687903 0.5925065350139402 0.30615206453399607 0.5853096657812127 0.2978105405635858 0.5633167516741835 0.2917808675574624 0.5400619019943292 0.28835506708498954 0.5215271191331873 0.286043072036753
0 0.5790260686617434 0.2579954022927578 0.5789092456256029 0.2735451382823311 0.5681763271019072 0.28666612822950227 0.5706693489341109 0.29420311142419425 0.5862374597267668 0.297724036999915 0.594459439414178 0.3078346452977628 0.6003003436737735 0.29920986538151567 0.66148120919403 0.2969241672038598 0.6706893943450657 0.29917340394325004 0.669941711585475 0.2715839725523904 0.6357901596771123 0.2648232579828789 0.5878936460308254 0.253750081413269
0 0.6003415355893844 0.2999186683532739 0.5942748935739509 0.3076107315757998 0.5918415577376704 0.32021509837033985 0.594063403594731 0.33576111569485495 0.6019153523597659 0.34065516650708777 0.6311600270424921 0.3458051037451039 0.673248577101898 0.34375632395795724 0.682296659430319 0.3339109062011565 0.6905577681631411 0.3305151467407942 0.6936547410456798 0.314473225365925 0.690951320171349 0.3004724102192295 0.6728982730345747 0.29953007079746125 0.6615050082997523 0.2968415749458563
0 0.5829246159383799 0.33792487553551603 0.5867673632861929 0.35219454026737207 0.5729407627150902 0.36211041121030735 0.5071436018610068 0.37874717399341046 0.49199561278743387 0.39028654775369476 0.48857571497724395 0.3733519295304193 0.4791733613811964 0.36035076993782705 0.48098221049098333 0.3519304585993494 0.4844119610915228 0.34223379466821263 0.4918919818187921 0.3400360871609798 0.5054268733814021 0.34064952911783947
0 0.5869042949937741 0.337466600306616 0.5877096079666104 0.3528219497155936 0.5805842253977327 0.35803953273115247 0.5841105895995775 0.3637817396999694 0.5940031859003991 0.3679185545528658 0.6036634120141345 0.37485957177887125 0.6065626442662156 0.38673124004224085 0.6454716430710828 0.379815077373068 0.676122487629361 0.37822211253556365 0.6835290784419532 0.3747490163270933 0.6813784703614522 0.34459457899617574 0.6729790650941389 0.34360699837120673 0.6310269074627736 0.3467595654487908 0.602460749683153 0.3410753410789639
0 0.5057674564482698 0.37836975012281443 0.49363573941460254 0.39032649991763463 0.49264935439076746 0.4024813223394918 0.5022933218013624 0.4182845759161338 0.5258189445878785 0.42011209887390594 0.5621155508549723 0.41332561357188746 0.5767769020982196 0.4097935234901084 0.5921243654454545 0.3972276471763931 0.6083903720907856 0.3889063858170141 0.604168934225183 0.374762686648851 0.5945152597750802 0.36762085016923063 0.5843950333962986 0.3648527690352084 0.5728412841440184 0.3612904314745982
0 0.5002802491568308 0.41970948226016036 0.47186480093927846 0.4263797698902605 0.471430534108415 0.43136912311442543 0.479011419238109 0.4343739616324281 0.4833248588774043 0.4546951629848022 0.49179685572713283 0.4569983100300634 0.5306489457922221 0.4502828662833478 0.5515432255559577 0.44616964444088936 0.5657638744589416 0.43865769154697015 0.574841270668119 0.4303880576638784 0.5783185692943185 0.41707308104019075 0.5735611557846519 0.4104026500090032 0.5619169867483252 0.4139627348489978 0.5267261988568208 0.4197182063404478
0 0.49255397353615143 0.45816493559156585 0.5306812308900376 0.45089846416191454 0.5513769465471261 0.44742236359656656 0.5657477319100339 0.43834989260768675 0.5849502080177468 0.4285176313101064 0.5917109871324372 0.442424573094289 0.5954707265891147 0.4566113190595395 0.5824059056980895 0.4773155795455561 0.5690117983195092 0.48289464520960035 0.5329347522277241 0.48502109962528106 0.506220814705702 0.4887490096134814 0.4995956114916737 0.4862736753798707 0.49785865171903565 0.462000605973572
0 0.5064355213612568 0.4884196872756543 0.49731455102511013 0.49143521579238514 0.49654287265682984 0.5032607158764152 0.5029533692153034 0.5060653724478529 0.5063692616251642 0.5181190492366634 0.5078947862723552 0.5250908078474625 0.5195438088284359 0.517200014458957 0.5667548979008994 0.510633125182519 0.5866079294846765 0.5087821129077625 0.6043026054837523 0.5055858165234822 0.6062075338056836 0.4976756090559613 0.6033291990295327 0.4914485887149911 0.59473776882805 0.4780216330584413 0.582175056493627 0.4773371029440998 0.5713041478152266 0.48237161228488024 0.5327523306699848 0.4859660198416748
0 0.525526509970393 0.5178942869979616 0.5107109631961353 0.5232402091408287 0.506604358224711 0.5321621945386813 0.5047420507569167 0.540264995248194 0.5099898403560916 0.5574638555948681 0.5200796081629127 0.5623175198593551 0.5300420459577884 0.5647433121167844 0.5837475833422019 0.5551615166317111 0.5941907343494088 0.549308354190691 0.6001230288058836 0.5359465977625696 0.6133930333299893 0.531659679302952 0.6134662692954767 0.524333619944464 0.5987908491602151 0.5061839440074565 0.5674757525778664 0.510933438287492
0 0.5844622548471732 0.5557048196275031 0.5934505756334296 0.5570015625560337 0.6036788042239318 0.5688565805094689 0.6039079770368146 0.5819488358847186 0.5490229711865919 0.5995697670733319 0.516580940372671 0.6089988513785457 0.5131715308425036 0.6050471787274007 0.513588579048862 0.5955542880254223 0.5012959172009117 0.5835867810890231 0.49858526292422245 0.5798749274327876 0.5078903489281211 0.5741278733350551 0.5083233133859727 0.5649384666339589 0.5194763504183936 0.5638986048697386 0.530105710963761 0.5659572481203131
0 0.5942016542162597 0.5855222818549443 0.6145817162565679 0.6107788510342126 0.6061358055327645 0.6234994965168973 0.5153506948492443 0.6472599638031796 0.5024159136181583 0.6290909518271205 0.5074365667919774 0.6276031108353458 0.5118593941678995 0.6098552224781826 0.517694348278611 0.6093111961597842 0.5496118629090808 0.6005568351911152
0 0.6113757793313777 0.6229551511467345 0.6259736151176837 0.6384725104050821 0.6287298758816153 0.6588446832086867 0.5422251197057246 0.688289324891338 0.5316775540461486 0.6802709220568944 0.5249120918649951 0.6692743631729131 0.5168174372015818 0.649024843981796 0.5272788982418386 0.6446737819402883
0 0.6052620525955731 0.6726600651157334 0.6160190594238093 0.6900358291100188 0.6163851018715284 0.7023791937727936 0.5308708748698505 0.7399831446621571 0.528494346123474 0.7375791933025032 0.5193346984258049 0.7399335020887952 0.5069117541970051 0.7283391961547446 0.5370589350448814 0.713150908255728 0.535442000754432 0.6930475850372839 0.5917858865126103 0.6731663744724736
0 0.598118646365791 0.7134591690022863 0.6029108541783089 0.7190135725973278 0.6099366790279799 0.729610780830266 0.6179902649818851 0.7329857296778558 0.6196385456123098 0.7429590906475482 0.519217117045694 0.7913298142082864 0.5151981932589392 0.7737008955356309 0.5302365353530075 0.7707984822726317 0.5345687921186971 0.7407635932044623
0 0.6032925045856073 0.7531098635090722 0.6088070749240305 0.7563464638373842 0.6140886617336083 0.7712321283790908 0.6137910671350691 0.7870130476221947 0.5152235235880515 0.8224583543768794 0.5059836568611096 0.8071915919439109 0.5126552104431541 0.7949422228274562 0.5209163191759761 0.791546463367094
0 0.598290725183613 0.79183391350088 0.603703452522321 0.814583937450962 0.6037112565021108 0.8254604005754468 0.5141017234638918 0.8600705005084825 0.5091333392124325 0.8511568429726418 0.5153957328266899 0.8471972841287819 0.5185181664591574 0.8262770068484703 0.5556442178571505 0.8100629631821737
0 0.5952680857403008 0.8307485124383186 0.6043376616183476 0.8374044145871785 0.6097053530472444 0.8646595440048364 0.5760560065493454 0.8827998877402145 0.5298094577734481 0.9021147410685361 0.5084950324952864 0.9033518563942193 0.49835074121345097 0.8922952496304898 0.5098262737881061 0.875097071422458 0.5150198375886212 0.8614852016204194
0 0.6604735887537548 0.23218615162384817 0.698254242745431 0.2440397775403492 0.7468635370627631 0.24736656624097098 0.7490195664677302 0.2738175119553559 0.7395551999630463 0.2839256093569962 0.6991244391868164 0.28017798080936834 0.6756196496310622 0.27177701995330544 0.6733227049237865 0.2572984275262808 0.6683739057889448 0.23623324562312342
0 0.7560549299905717 0.2858041632206299 0.7600496112722388 0.31310875641625757 0.7490248093967667 0.3178952724903739 0.6945678443389263 0.31545538760818803 0.6914523353390674 0.3000280390697068 0.6726752411154436 0.2987035088187602 0.6707742336065059 0.27222878594682176 0.6751096058390037 0.2718245742684124 0.6996879815833702 0.28115051407837854
0 0.7485147656047082 0.31794282680548086 0.7640711012624943 0.31649242019471807 0.7656332842762947 0.33650658836724795 0.7119538560329897 0.3391195870905408 0.6848448418395077 0.3450640348958212 0.6797140999243094 0.34007533377404614 0.6837463133980002 0.33389062578563977 0.6920550387579759 0.3310658044181404 0.6943484881792271 0.31615922315515294
0 0.684678984284304 0.34678795802690326 0.682574587028139 0.35552645947008094 0.6843561262016385 0.3748367920956459 0.6796890388587333 0.3786888500362193 0.6938115168658993 0.3889896533058786 0.6977902317350948 0.38178485773335497 0.7103933018495203 0.38265995218146837 0.726946530481541 0.3855585936292192 0.7416076086323659 0.38658350001161024 0.7568143963115797 0.3882409104683058 0.7618898919792704 0.3775169371609577 0.7720836584357118 0.3666574498972455 0.7737368722460312 0.35420240446985857 0.7694942784530643 0.336829989393357 0.7129739436171068 0.33902447846032685
0 0.7834561418340632 0.39293247632911626 0.7234297225416264 0.38691156141908517 0.6996110507436301 0.38229847601989203 0.6943572263942881 0.389622157380183 0.6887235500717611 0.3945894115350875 0.686246410227141 0.4108798867344512 0.6937507900639931 0.42692311117864024 0.7702288025211774 0.4290183064847546 0.7862648779764096 0.42205610128603993
0 0.6793448526218785 0.3770124812202443 0.6844934274052419 0.38234121153672507 0.6882384485325974 0.4048853960064727 0.636855964996568 0.42197698715679016 0.602007129581382 0.42693460371514674 0.5862314377638967 0.42908884587287455 0.582133254559263 0.4291292511990246 0.5777319125958225 0.42338916021517775 0.5789232194768609 0.4167859425704483 0.5778014964254707 0.41005669014899454 0.5932793912258667 0.39733776579783625 0.6097363461323319 0.388627860310486 0.6456997952141783 0.3804910952120106
0 0.6931515819311089 0.4252705195202187 0.6926896750018281 0.4311223473028763 0.6908224667735273 0.43949704239379467 0.6957748800070744 0.4410854515685127 0.698053991846185 0.4552240148008315 0.7051179117206268 0.4579823234939444 0.7730321769218063 0.46292611732511163 0.7841336720116565 0.4547155321463847 0.7813962673419705 0.42695202396828397 0.7692443806733905 0.42979347350438 0.7001620032010554 0.42700874062921446
0 0.7818099185957926 0.4641578691365273 0.7835629014176917 0.49269654433425353 0.7650657713429923 0.5015966670820317 0.7049145219733997 0.49319554780906044 0.7031400921846299 0.48379361614506805 0.6917586329458555 0.4817795483250702 0.6887393976715519 0.47796074672169003 0.6994556790464994 0.47217792022101013 0.6994129039254394 0.461589460870026 0.7038963008449757 0.4591212968658291
0 0.6927146172547229 0.4413707774591546 0.6783620596044228 0.4413421815033271 0.6725625257266921 0.44803335878931366 0.6678116357846788 0.44540108487292507 0.632980633237658 0.4506987306259873 0.5998224250121336 0.4585739469913744 0.5903402256392845 0.46834201519830904 0.5886923735706828 0.47601287474226256 0.59508575383958 0.475758474998131 0.6043931198168022 0.49197528853415146 0.6160117680834408 0.49362555000189 0.6755620616771372 0.4856814907714335 0.6892851071999406 0.4785932507959945 0.6990044956006538 0.4684613762368008 0.697852468554651 0.45626787954250214
0 0.6842829282732849 0.40764603489026857 0.6934244366953033 0.42558677155737096 0.6826439332324252 0.4399178822408006 0.6684875371319411 0.4436296074267361 0.6020106248674063 0.4563197774051588 0.5950947296800031 0.4514975163862582 0.5906327797273373 0.4348289368567215 0.5928976727969882 0.42915069816589524 0.6374373402612871 0.423289549620506
0 0.6881526606651153 0.4814323701414076 0.7006790375651627 0.48573153369413147 0.7056742259197699 0.4979084022198335 0.6924736953154723 0.5100733029583046 0.6261929446007538 0.5265037940784901 0.6142479429654254 0.5235171929894821 0.6031019251115028 0.5064467319722191 0.6087587960439127 0.4970353211285869 0.6163381214521306 0.49496188962315935 0.6753783712537684 0.48706538470780986
0 0.7067710067182651 0.49438922448500894 0.7065106230805182 0.4991971875259958 0.6950239142757652 0.5098355313827697 0.6967394837183218 0.5230015613460784 0.7114897262099724 0.525726613701998 0.7521041774095711 0.5280903483132495 0.7853051607561556 0.5308035912988464 0.7849342846233935 0.5041862054815872 0.7774548470394363 0.4983914111936763 0.7690337627287523 0.5039602432763749
0 0.7133640438230029 0.5272603195726522 0.6978433739015468 0.5293907845728265 0.7002170118232007 0.5404453078952405 0.6906278152413611 0.5481732009339407 0.6985049376666684 0.5566644516219438 0.7051176740952647 0.5557062163308473 0.7090571091294244 0.5672981350973518 0.7439416102809409 0.5630205769284066 0.7703461667755602 0.5680759491414762 0.790901304886659 0.559325638327976 0.7906855628256655 0.5405527011465016 0.7870368154238652 0.5296170636118548 0.7529227417021542 0.5290391044247061
0 0.601435748988553 0.5362490752120548 0.594746978969943 0.5483077030837876 0.5933393373073399 0.5573638200576155 0.6088129252335058 0.5732130727380209 0.6140940535895125 0.570210561840116 0.6590025284782903 0.5610032446584164 0.6830805576748509 0.5534591673616863 0.6904039838113081 0.5455249017491263 0.7003708756054339 0.5401331939005631 0.6974988922022757 0.5292448723641027 0.6959297092754407 0.5232553251265083 0.6934303760040115 0.5114955522962367 0.6439525847820561 0.5253124280076985
0 0.6115626585723918 0.5737934062694785 0.6050282003637456 0.5808174048865803 0.5976756624510531 0.5881965801043644 0.611925032300815 0.6086224108987427 0.6624930886366591 0.6036287579512262 0.7101309380168745 0.586636602677697 0.7046184389255038 0.5573080157228296 0.6977200835139155 0.5573933844052316 0.6863528764910362 0.5520384609589571 0.6604450848764597 0.5605898445052634
0 0.6180198638964746 0.609169764014411 0.6107066171837416 0.6212866154386149 0.6267901259159128 0.6368000993691615 0.6288484060794182 0.6441385568920487 0.6585714608349276 0.6405305986321134 0.6841648258702459 0.6339608471691703 0.6967169597695697 0.6300015162950524 0.713420665711052 0.6094787755526648 0.6918915373891861 0.5978198459630106 0.6636066625674526 0.6049194446840482
0 0.6837921757385168 0.6348322984629814 0.7004841787817562 0.638017346603515 0.7055061541415192 0.6540043562329351 0.7047724597967228 0.6719225116723554 0.6684858350563319 0.6819993781546163 0.6354031261559314 0.6853627716329527 0.6169643195589887 0.6887553415405788 0.6033685381795852 0.6688263775885058 0.617315184348332 0.6675260515833262 0.630094409498208 0.6599198174415172 0.629574773990365 0.6460231497212939 0.6592978287458743 0.6424151914613586
0 0.699031345980281 0.6741312026797434 0.7045031273767549 0.6867294463880369 0.7024433237387306 0.7072813635597139 0.6548971861516149 0.7220337494033156 0.6186396731874594 0.7326657062803527 0.61027402606586 0.728704344106876 0.60432332685644 0.7189397759249333 0.6014324111007705 0.7116789498053403 0.6173049079450262 0.7032265075064016 0.6183442759402938 0.6911368012121293 0.6494662194296195 0.6862828072068772
0 0.691914555267346 0.7099364351360443 0.7046427863190193 0.7213003136707368 0.7130229893287365 0.7255392210416011 0.7070955019566394 0.7481251585632543 0.624105554645021 0.7770593652974661 0.6155215692016563 0.7689348251631697 0.609856184795259 0.7566335345030876 0.6175857493040741 0.744477867377237 0.6223297362946639 0.7431988512161308 0.6218639478748982 0.734317404899715 0.6558171570724849 0.7236213891843493
0 0.6216848037735109 0.7747749448800335 0.61484029545 0.7798755349662428 0.6150105896430186 0.7871111179491542 0.60059520508505 0.7954277052923279 0.6044220741446443 0.816546383430497 0.6101646144560234 0.8263303594632635 0.658576875875932 0.8081503919968881 0.7067373107334466 0.7891571967891724 0.7044112216244922 0.7687352992874023 0.6995930286983767 0.7566339224214139 0.694243497366175 0.7543436667181234 0.652153158792478 0.769424084032476 0.6283851797107824 0.7788915698600986
0 0.7012043558150458 0.7913464799457368 0.7056323927518585 0.8199394705625581 0.6583817493914899 0.8363377197396641 0.6087831346001995 0.8518392744862774 0.6049184008355828 0.8379755871818434 0.5991904164123214 0.8284691563464648 0.6057641658209272 0.8261828339357825 0.6055749392753974 0.8225747463697387 0.6106391558045762 0.8274017245511681 0.6590659731126024 0.8094993022821809
0 0.6898807194769379 0.8267072338263454 0.7062830312527608 0.8363340450592734 0.7091331323339516 0.8667475696670112 0.7044910365601855 0.8699694022098335 0.6135808716992851 0.8954585214636976 0.5945875148589332 0.8763117068304255 0.6121587711281458 0.8643540515054187 0.6097031055210695 0.8534269142673111 0.658885402516278 0.8379641752223449
0 0.771067714747361 0.5703166828879637 0.7961611714416518 0.5665213921332412 0.8006284597832433 0.5961890072036001 0.7858613275296744 0.6060573190340681 0.7294545532417925 0.6130147443361093 0.7149090481571938 0.6097612409262118 0.6946438733275055 0.5980643001806397 0.711971379951414 0.5884424977668244 0.7094971577933646 0.5690214562257451 0.7440571638655029 0.5653140003257956
0 0.7161221183097772 0.6120742786188943 0.707839508049914 0.617213564547355 0.6958733281539384 0.6319156198003751 0.7023464290398218 0.6373774433824101 0.7078014376905062 0.6511830628274957 0.7532132833562356 0.6462212136124837 0.8016400944766469 0.639765192235687 0.7998230553922057 0.6224664030158754 0.7992697344576646 0.6084463849636723 0.7873352517407222 0.6064051244453538 0.7646844043868681 0.6116709741261587 0.7415321249872963 0.6143148220824609 0.7291936991833283 0.614979976617506
0 0.7087954468185536 0.6527886830797557 0.7057994321821552 0.6719919044878057 0.7001569753245473 0.6754293502172941 0.7111075447683376 0.6899356565328721 0.7589746617738329 0.6866857996126744 0.8015690860466992 0.6800457234343926 0.7986339839853536 0.6448977475942175 0.7640106679165696 0.6473980366505091 0.7255974382895927 0.6504942950567482
0 0.7113139437935446 0.6904016406045631 0.7036290136465848 0.6930590621826195 0.703108546421163 0.7074218095981868 0.6975040755615425 0.7115835554338701 0.707308691885336 0.7215870410724093 0.71441745888211 0.7252913004102345 0.7670431745751872 0.7225682276548864 0.7984109472020359 0.7169748767544798 0.7976803582768868 0.6995747915400351 0.7956024651339815 0.6842412346016203 0.7668115359127425 0.6869255784593968 0.7364162554512237 0.6902447330465863
0 0.7822154908072882 0.7204257836238286 0.7879528704791545 0.7361459873529945 0.7818558225372046 0.7413241146609205 0.7484037835870759 0.7488100911317143 0.7038390509848916 0.7595156931989671 0.6994248924236304 0.7516783773090819 0.7090763238639672 0.7483523796700684 0.713857764767194 0.7284974648668335 0.7213869438862635 0.7263397926920127 0.7674939586235885 0.7242244959044629
0 0.7066184863797674 0.7604696200560421 0.7048507700397157 0.7683980798447183 0.707956851272715 0.7894585069696021 0.7184630098484788 0.7850823625268015 0.7752990512220446 0.7759013889088596 0.7962024583070575 0.7720115327294342 0.7946804522431273 0.7568687611624346 0.7924506151082723 0.7386380037992408 0.7826434326400449 0.7424637508414896 0.7475490564516492 0.7498602379355012
0 0.7168839826068573 0.7862000399936774 0.7035692576016186 0.7925363406699537 0.7046619965798651 0.809902660552854 0.7118859624621081 0.8262121030620374 0.7556466159261821 0.8175223812734976 0.7805083495966075 0.8127782397096213 0.7985525422548291 0.8098828062887454 0.7973610734263836 0.7767557867752046 0.7858520507591842 0.7758879277689994 0.7396867739526609 0.783831390737651
0 0.7039098063305781 0.8233165571592677 0.6992195655670894 0.8310322728628355 0.7099422190229553 0.8411927785412453 0.7118478921027003 0.860181601342178 0.7190073070967908 0.8648515941549295 0.7661577380679729 0.8548753682417923 0.7951918114208995 0.8429490257091276 0.8009849713789503 0.8319764975516439 0.797466092095537 0.8099841022833786 0.7773629571126937 0.8152550280121046 0.7506651491781231 0.8196851294962397 0.7179500723335183 0.8273450086726762
