0 0.24424611706247756 0.4226511239786453 0.2449240440265429 0.42720101060766585 0.24973112973385597 0.4341797713928668 0.2578281662446915 0.4354923744054098 0.27060180596660827 0.42780337009436425 0.28484374087491215 0.41995375300165794 0.2997227813578671 0.41506660415333746 0.3028982863211357 0.41585630418166025 0.3044790227657796 0.4064353053602973 0.31487554407473867 0.40446421456513254 0.3054407014724886 0.3875101490685062 0.2953476265919203 0.38851907258497603 0.27851751568181127 0.3975255454198768 0.26883773814433454 0.40282941298997565 0.24971910224187238 0.4173526019605392
0 0.31527173047689827 0.4035112289791524 0.30436056776153114 0.40728210668383563 0.30353338731378937 0.4160142441873249 0.3161229659086071 0.4284334303403184 0.3194597518475357 0.43276827566845905 0.3409267122655247 0.4277669242297077 0.37100535060075723 0.4222783888939808 0.37234917703690423 0.41455099271969437 0.37341527207514014 0.40692978080784975 0.3705114847637909 0.3976203118009212 0.3441598050236548 0.3980771221626447 0.32757155018182127 0.39920942996226016
0 0.36001728402002514 0.37398033991704627 0.3607480598654883 0.39694481436302925 0.3679710807931761 0.396988551778263 0.37023375336587977 0.3977264960633631 0.3744057380805391 0.40454731684289946 0.3786493426640408 0.40052033319809893 0.4105148289729861 0.39635241920290415 0.42055197610520545 0.3913126759009118 0.4294741884817855 0.3810886131712441 0.42513490904547435 0.3623090623757262 0.41104623678484137 0.36248571181336514 0.4010459018780419 0.36350381702254975 0.3891810853826956 0.3656355205993755
0 0.42915363111246274 0.37680285081033 0.4287654630382922 0.38897394935119517 0.4348019293414984 0.3946811717630905 0.4411855714242319 0.40132730579954695 0.46155180006579144 0.39607590405410814 0.4749625453623591 0.3913493679874485 0.4905951418422161 0.3857733578212543 0.4893985643077483 0.37741420162430955 0.491024131305801 0.37518967766502387 0.4974487656831778 0.36872580153605394 0.49128582604773413 0.3526472674928119 0.45894852430379235 0.36300691502088106 0.4374447516603836 0.3720299045524403
0 0.49768768027367194 0.3698367271276986 0.4909719703001951 0.375508860510765 0.4896406067699058 0.37713919862944034 0.4915340900863381 0.38516157738603213 0.49875527106271933 0.3898014465311272 0.5033983693927565 0.39183875745645286 0.5161438676927916 0.38853565733534356 0.5335084987958156 0.3848121231748343 0.5445661075982896 0.3814815560952441 0.5535347351900224 0.3762584913453721 0.5605035130628316 0.3695573801945072 0.5598522617848707 0.359490212049951 0.5542448301861141 0.34436573210595517 0.5202525854416574 0.3575861555460122
0 0.5540781932661726 0.3287309387844774 0.5530437985853642 0.3419094828337572 0.562049852936895 0.35797722022783846 0.5682677437456269 0.3571698018776302 0.5761473149860801 0.3507932626579728 0.5910458386922303 0.34576994508010644 0.6015926240708452 0.3424104153495075 0.6072334037215525 0.3420479066121249 0.6107406364156096 0.33958567456981587 0.6189538898656818 0.3339786168941912 0.6183700480912822 0.3250069979174031 0.6149635729527374 0.3130777904461015 0.5828101498542417 0.31998857412368503 0.565045548807433 0.32341649900399577
0 0.5685340164516848 0.35684373425389526 0.5619629649838687 0.36070161182175403 0.5609480487525252 0.3700602151093504 0.5641283298533379 0.3762450301126223 0.5667064124996819 0.3788475883323917 0.5696114467392702 0.3728030995065803 0.5794051015150163 0.3721984197134334 0.5842459412781543 0.37124469241565367 0.5864240539807136 0.3735516413552246 0.5939950303079915 0.37043278698786225 0.6062971146877286 0.36819627338351224 0.615957072225748 0.3669699166864316 0.630143665766751 0.3602004103858551 0.628670752612964 0.35022312157938057 0.6271978394591772 0.34024583277290626 0.6193800688753064 0.3398708140023201 0.607167115987387 0.3425217788759593 0.6017034775509197 0.34214376872031776 0.5904241617882966 0.34600762905828747 0.5760810272519145 0.3512671349218071
0 0.24925309378710825 0.4344242836966546 0.2427962061552475 0.43689292734305357 0.24298229939741767 0.44900562088646184 0.2461119929578569 0.4585595028360325 0.25342699599653834 0.4650798340289965 0.27332905176485867 0.45639569226415966 0.29252258370286177 0.4494158316001762 0.30345141676754445 0.447745879731533 0.309731173441826 0.44570330636034744 0.31547415987261507 0.4374156855236289 0.31937462585319587 0.43305764499638416 0.3153610699617784 0.4281418671866046 0.3036417474508541 0.4161384611310955 0.29899267106045296 0.41576583962855307 0.285368579509496 0.41989965525848 0.27036394196357144 0.42886147069330544 0.25904793023189976 0.434979631036632
0 0.32051041493000515 0.433340098551488 0.3146579235022158 0.4373694065786308 0.3109363809361324 0.4438091295943865 0.31274956954834665 0.448491122736618 0.3166865371945943 0.4455525198125652 0.31853622747247523 0.4516539505579887 0.3232253904423795 0.4584615151911717 0.3473181330596966 0.4542670809609011 0.3755979776121741 0.4495468487377485 0.38527793168921076 0.43832062497697705 0.383711292452073 0.43103593123846734 0.3719937623980669 0.42154027794668275 0.340485474029659 0.427494831993035
0 0.37918312832748435 0.40123252145655225 0.3737214004805204 0.40582912653646025 0.3714970787340776 0.4217301736117904 0.3847046597800516 0.4306561399082522 0.40368635155172683 0.4251906646800145 0.4241563018584518 0.4166477496927296 0.43451544792781166 0.41232881828281015 0.4375613834154082 0.40399730844365106 0.4347147408957122 0.39326016350099424 0.42945947584432154 0.38881912485398357 0.4208022209332575 0.3910539838328344 0.4102659439063184 0.3957989855179671
0 0.4480629512335987 0.40034062191905084 0.43788093612181817 0.40423348305375684 0.43462136801097556 0.4115716255649373 0.4364016398713594 0.41984968663142547 0.44027277401394616 0.4241032195558861 0.4445622111184342 0.4178047233176823 0.467519164658942 0.413327835532308 0.4901182713704549 0.4046875827699117 0.5031397591742587 0.40150085552296527 0.5016060366889513 0.3906200938601989 0.4982698803329387 0.3901038556375469 0.49205595716231804 0.3849542931602192 0.47527463266984593 0.39065355305600513 0.46175825365897105 0.3965379287317834
0 0.5027783274314273 0.3923219850184947 0.5028567081335154 0.40268411851605146 0.5050277435747246 0.411529476635305 0.5095140345034509 0.4191259793507729 0.5141505578548657 0.4152085426793275 0.5279846971152324 0.40705258884993056 0.5539163752689215 0.3939130687827377 0.5679988563612828 0.38566216712078694 0.5667882714962218 0.38003308559557497 0.5639105046816135 0.3753997613408991 0.5606072650774314 0.3712874551939904 0.5536554862384995 0.3764537472692213 0.5443262091627851 0.3818123249521173 0.5346755869237424 0.38442697526118336 0.5152319206968263 0.3889940309939964
0 0.5694799450686597 0.3725537163068426 0.5665746388729757 0.37903971826759636 0.567856434612452 0.3849999222354679 0.5740356485743242 0.391237799873328 0.5781240002539935 0.4015002056532159 0.6001587973409379 0.39773423164071625 0.6167300741240003 0.3960571099444004 0.6219781693477183 0.39046713753651385 0.6328705007467341 0.3873777480646788 0.6327227016271488 0.3791922448881868 0.6317203720145793 0.36703327239978045 0.6251557718426365 0.3677513560003279 0.6165679353490695 0.367809584658114 0.6055313897443049 0.3677289764809056 0.5945678474708737 0.37048724351008105 0.5865149887638809 0.37428276686967576 0.5842416181533442 0.3712101069957437 0.5792382798477845 0.371689626043628
0 0.622332431262877 0.38961499698608715 0.6364897081434899 0.38671072329424455 0.639549983286432 0.3984412355648799 0.6407623606084112 0.40657806985381634 0.6354412620533596 0.40932916705531913 0.6148270975408857 0.41470208439356065 0.5829974640091498 0.4179127110660828 0.578381304370579 0.41394402163928357 0.5785548504143219 0.4085024458366216 0.5778756584219988 0.40159515348576963 0.6003359282985173 0.39730816136550295 0.6175463104943997 0.39610338888939856
0 0.5850207003307737 0.41857256600884435 0.578605691735334 0.42998390554960814 0.5782220979821816 0.4394476195517401 0.5812440790025386 0.4472509414554593 0.5954378575488185 0.44576610536680866 0.6222240661954916 0.43660005461153006 0.646561565730967 0.4272951670212571 0.643820843294435 0.41580082936072743 0.6417557279363897 0.40619827852360113 0.6157145447857004 0.41507948578121817
0 0.5686379617741028 0.3861345163409984 0.5735389649103348 0.39142769553843565 0.578052789379578 0.40116908321055633 0.5785548504143219 0.4085024458366216 0.5757919659674685 0.4156506926826946 0.5657870818132673 0.4191174835421872 0.5216552390495538 0.43885707294314846 0.5160110028742558 0.43635649000709686 0.5104673094113674 0.4255754560619995 0.5117726779765346 0.4202741562178746 0.5139022160228711 0.41530349051188137 0.5275592243256585 0.4075736069576978 0.5544130589329107 0.39372317311763005
0 0.509751885874532 0.44344388323669487 0.5215328948680895 0.4374883726818089 0.5713414424447019 0.4160263601017115 0.5758217313831483 0.4229428382217337 0.5790918445625404 0.4330415724386607 0.5771031067979467 0.4403916555441332 0.573498873495464 0.4446984228366751 0.5593647021041771 0.45174973439118365 0.5322716890200218 0.46174203334197617 0.5178278699073104 0.46671515343620235 0.5148533370357664 0.4643744827193312 0.5092084253758723 0.45408540941056486 0.5075183480562424 0.44814183730570695
0 0.5221241492216393 0.46690305091105033 0.5219113911528778 0.4735741287058814 0.5278622881087095 0.48081744458472575 0.5371609601627897 0.48000803226203814 0.5529078802728505 0.47215707485280706 0.570610825288493 0.46191084230489515 0.5769881539882197 0.4570929898166287 0.5795747949311117 0.44933126389108596 0.5763251584098984 0.44251956819224275 0.5591109907190583 0.4518467351498467 0.5334133902530567 0.4613055299279923 0.5229748481786849 0.465113420109766
0 0.5280628099766378 0.4823882132747704 0.5252774783785608 0.49114114495537065 0.5312320377598793 0.5035084097244193 0.5510792933481992 0.500679517212747 0.5668439432973233 0.49227263665394655 0.5831141848039418 0.48110978013271793 0.5884598537305012 0.4785168410512241 0.5914988967136972 0.46966690861196075 0.5891372500403999 0.462515710257797 0.5838942977227343 0.45664916155167107 0.5782389810747505 0.4571639091728825 0.5701584232481891 0.4629990488186157 0.552999276287283 0.47322042077261406 0.5377775087865233 0.48032145351494965
0 0.5085157970756551 0.42341507704258435 0.510911072214336 0.4268924546525075 0.5178627472970665 0.4394276395364732 0.5093093107720227 0.443063947177843 0.5066853789382603 0.44937554495742216 0.48767567049978133 0.45737566593013473 0.45670698288896094 0.4723276560817015 0.45318498953719355 0.46488789706853967 0.44923381762241615 0.4656663447548355 0.44841308470526714 0.458658205921675 0.4491678096160216 0.4494002930878283 0.46792289106301 0.4402161856512277 0.48912552155949796 0.4315606991532916
0 0.5070295707314398 0.449060902896015 0.5089183387062547 0.45401326924581537 0.5152525495588799 0.46495404565431836 0.5181543318614267 0.4669564345243644 0.5198062026838144 0.4701688912607076 0.5059630335685168 0.47857333020251663 0.4894363338576643 0.4859902258147552 0.47802023713368746 0.4916362471771447 0.461890918733205 0.4970707312792682 0.459060055786912 0.4928446498109453 0.4552161785128871 0.4915685458223767 0.4573326875764118 0.48545094956012375 0.45812104095254985 0.4725192159820364 0.48733147870660165 0.4576903079915419
0 0.4614030570147742 0.4992707840921273 0.464080760654098 0.517467084464431 0.4679778274453133 0.5170754190042919 0.4729325243061048 0.5254318019907703 0.48853211206542746 0.5143423064427869 0.5147148274307448 0.498840497184129 0.5250778721170041 0.490851363487877 0.5276635974535244 0.4818086503397832 0.5214580735062021 0.4733813479970508 0.5216903926267706 0.4687163214977527 0.5193146785398967 0.4672449951833624 0.519842577968313 0.4703380321841202 0.5059089284449546 0.4789601124286733 0.48994375662790196 0.485796224297429 0.4772591029783309 0.49192724945313393 0.46123799482497263 0.4965881691029441
0 0.5245527195077028 0.49160128815477244 0.530851470682201 0.503653910862414 0.5311256587254984 0.5068439486218349 0.5254767513221168 0.5163256068009038 0.5072859445880434 0.5287718921616748 0.4829360608612353 0.5470508755511876 0.4733686944020878 0.5523561734497607 0.47081110389272063 0.5500391425183077 0.46794478126830075 0.546924907349123 0.4641149714078524 0.5399689313207809 0.47364504697612947 0.5332135052762442 0.4733503822746534 0.5267364289987394 0.4891841203672881 0.5135438813965599 0.5150412893848609 0.49908177827229117
0 0.5318672318290482 0.5045468950503128 0.5264188462935948 0.5155993219194264 0.5351382606148118 0.5159266164897908 0.5415583738436393 0.5202448154827944 0.5543717143985131 0.5166272643928601 0.5767719824643414 0.5097104666998855 0.5859242377740553 0.5069435034609966 0.5932390834134014 0.4949944299784974 0.5926011425251174 0.4901129829849507 0.5868293751726639 0.479872410055516 0.5828968487033216 0.4813759218147937 0.5671881350905028 0.4919579945925394 0.5507714768395181 0.5011633001975667
0 0.5814422379724207 0.4478398666693386 0.5787202145873898 0.45612972608346763 0.5838273635278519 0.4560411928826291 0.5889798150759431 0.46194178271248837 0.5919792112916034 0.46866554411815825 0.6098400579114874 0.4628724506775923 0.6259815682870556 0.4620861997485362 0.636746844949209 0.45797034186948365 0.6469148042152948 0.45035471735348803 0.6481001149425432 0.44430933487478996 0.6435768153044239 0.4290549786255054 0.6221687017092793 0.43641140738863826 0.5960238663827873 0.44557881361855434
0 0.5920615284491845 0.46904830951059034 0.5886429172463434 0.47843296833990795 0.5874344372116758 0.4807590717614468 0.5934512189143678 0.49067869821184323 0.6096498051256786 0.4836570634508192 0.6301766353020605 0.47725892951171284 0.6441419210377788 0.473576571101308 0.6547034768203986 0.471402669908416 0.6513948732602045 0.46251882073931555 0.6509379848646702 0.454615870746457 0.6374033101954382 0.45813359484169963 0.6260227268658463 0.4622775824447523 0.6096553623105349 0.46273594608643026
0 0.6552776249090468 0.47118315748819994 0.6591043367293561 0.4875323131526729 0.6492867433865945 0.49749940812831533 0.6299113174091379 0.5078068224778508 0.6131164498089692 0.5127781256855523 0.6034973973096931 0.5135560885569317 0.5995956203822699 0.5069702130853699 0.5978489708016965 0.5024600362052387 0.5944040822698075 0.5037771107265355 0.5935778026723681 0.495601151551353 0.5966301306949328 0.4902917887905729 0.6095474266823071 0.4839033242520893 0.6308531618340802 0.47679315629022656
0 0.6551306027164479 0.4950580231248838 0.6580888403533177 0.5015904018343376 0.6616243341004645 0.5122515733744366 0.6479461224090703 0.5158241755747334 0.632873699074846 0.5201369415217865 0.6184798742870609 0.5268828044145943 0.6064037391468683 0.5335710265164558 0.6047995905812474 0.5275565364476502 0.6023954397472352 0.5214336715116824 0.6027586149058828 0.5130100701922836 0.612685838742483 0.5129427600007144 0.6297677803869758 0.5078617005829048
0 0.6059119082158012 0.5341733043291041 0.6047687920745528 0.5418595045876389 0.6045671432094386 0.5467003314410405 0.6083824589504423 0.547105701185688 0.6137797899568573 0.5512557170256028 0.6150747311779445 0.5551101193309779 0.6263318387711649 0.5503919836392771 0.6437831716175628 0.5455839334037916 0.659265108725273 0.5402861242516581 0.6652103104912882 0.5361490433633361 0.6698436177720546 0.5331348916142026 0.6674986147882043 0.5236755130135077 0.6657478211787924 0.5133675957988947 0.6613794546421405 0.5140021473643812 0.6571746864134411 0.5139527946311117 0.6478437439656988 0.5160704363760035 0.6327301620526842 0.5201918196268406 0.6188081069101754 0.5269644309007023
0 0.6701538611237978 0.5367444144612538 0.6702634916176367 0.5466441992453269 0.6737166682072023 0.556922605392994 0.6592204649760455 0.5639147290870717 0.6375263133437865 0.5728303491439333 0.6268222565462143 0.5765085635254997 0.6142491104389066 0.5765518880219072 0.6105942849842266 0.5711143087276417 0.6136877715855817 0.5659963286630777 0.6159010107753837 0.5632860785061605 0.6152393654931066 0.5558756501158421 0.6261471431702123 0.5502554790481152 0.6439879285043058 0.5450914118012514
0 0.6709694035003331 0.5585943155827228 0.6735793472282978 0.5656740939997709 0.6778325260862549 0.5760608750145998 0.6720730559284019 0.5817838955777043 0.6588275273179129 0.5880907336300798 0.6446183981310802 0.5949731011140497 0.6312905523630102 0.6008971737739932 0.6201147259201613 0.6045486397745056 0.6169738646967581 0.6007786266411308 0.6123132440797342 0.5942757589986232 0.6159798427625279 0.5874888314302225 0.6157086859751559 0.5811718211121465 0.6157477725395273 0.5784643336411216 0.6270280494401668 0.5774654770065798 0.6364603343240712 0.5736521393767976
0 0.5402674556072978 0.5207468772747472 0.5392277539166306 0.5296362518156322 0.5355642632554656 0.5407714846348943 0.5419694614386437 0.5488856589902923 0.5442480645218651 0.5515355056703709 0.5583970098513265 0.5465402167675076 0.5773618860480874 0.5357684105394319 0.5893778373309085 0.5309672670186769 0.6024978181906067 0.5211874107104123 0.6025950165979304 0.5136939744910398 0.6001908657639181 0.5075711095550722 0.5979925078238586 0.5024051581001846 0.5945476192919695 0.5037222326214815 0.5875755250706104 0.505973616271643
0 0.5437562335907979 0.5521377834830191 0.5409550010698149 0.5643931827555774 0.5431332977240839 0.5701881604041671 0.5475258695753646 0.57472232297946 0.5552979660651151 0.5725793141964606 0.5705941715646632 0.5656955653695445 0.5837784803105711 0.5598263708146551 0.5954641269558584 0.5520447306405512 0.6038463500769995 0.5426264167154492 0.6057061153218486 0.5332163908480239 0.6026624525057688 0.5219529414952765 0.5896649113752327 0.5308575108085688 0.5776489600924115 0.5356586543293239 0.5589099380753936 0.5467583478447776
0 0.5486541044668706 0.57491232433273 0.5554626003802772 0.5733448449813248 0.5708200257444062 0.5660234526569227 0.5839220173327331 0.5597714927096011 0.5955052855346489 0.5522361133367674 0.6035212254755137 0.5468930954802026 0.6078695307263752 0.546887570108418 0.6137586926638573 0.5504353081356846 0.6146852786902489 0.5554661363423562 0.6157374124674313 0.5639699828049167 0.6079262294133095 0.5688204790589412 0.6042585947233062 0.5741579715437214 0.5851512175115927 0.5864340909604717 0.5617567549135988 0.5982780922515202 0.5593166255368441 0.5992110200374388 0.5534686221781525 0.5958546647063884 0.54749507106867 0.5890252911194488 0.546998060101555 0.5823803935139947 0.5491089208479855 0.5799164041583477
0 0.47556861382753784 0.5511302938080292 0.4739346656861507 0.5611216110855096 0.4784358040365546 0.5694878268462943 0.4839686854246389 0.5738570351650834 0.49916142035152855 0.5666074220346786 0.5162780660249814 0.5557402103041255 0.5312524280023573 0.542449762228637 0.5348541906788244 0.5403522016508958 0.5393776089225832 0.5299766702215322 0.5400129058672261 0.5203671644409172 0.5335529629380596 0.5167126513512416 0.5261328666268752 0.51738802943581 0.5076614234696302 0.5294937258761572 0.48348623374583105 0.5477429181008586
0 0.5348541906788244 0.5403522016508958 0.5437463799092437 0.5528036697628386 0.5406878466196656 0.5662216798920346 0.5274226264218661 0.5748958781706303 0.507276935317244 0.5905237203369098 0.4953298167797738 0.5965324461025023 0.4863419560090739 0.5999687495742901 0.4798453172564446 0.5948872486814055 0.4769889389950088 0.5916562668881584 0.47944526718088004 0.584232566594447 0.4833977701706044 0.573715057181268 0.49987551491688753 0.5674151674829905 0.5173832007095874 0.5545971784685475
0 0.5403665941648172 0.5659842490340027 0.5485428868386141 0.5751068798234642 0.549115604083912 0.5777699496814493 0.5433787656764221 0.5875286414109337 0.521982958584606 0.6011126560741252 0.4906014231907325 0.6197190989218083 0.4850879452552564 0.6157864613464659 0.4811881316449259 0.6123351651389518 0.4888713081611172 0.6084824370033336 0.49135248567600015 0.6053372371977573 0.48625503449632923 0.6001472521852816 0.4953522690761094 0.5964860839499985 0.5076199803635035 0.5903314190088755 0.5273675994800453 0.5749102955744366
0 0.5435461116542305 0.5875787735114405 0.5474991147817513 0.5893623002702467 0.5537942035307627 0.596290974087684 0.5599596897680994 0.5994251866167996 0.561483789291556 0.6014051565099233 0.5589130469749839 0.6060489848407946 0.544814335261824 0.6119884500961648 0.5393800171399472 0.6173610049255047 0.5228383344091464 0.6291767853549657 0.5104083077510659 0.6364917969745586 0.500912776254544 0.6408543894974058 0.494982355956891 0.6368981121366454 0.4933836746516937 0.6320178859515945 0.49036544164467716 0.6192601765309022 0.5221475373216727 0.6010684274320874
0 0.5450680466469429 0.6118914493375017 0.5501086458839365 0.6136252549084807 0.5517250570281973 0.6179495579439626 0.5565911046936715 0.6290855566782872 0.5524253434973889 0.6339731077143119 0.5483323328701037 0.6391989405971618 0.5362128695398194 0.6498731308995881 0.5288038810669257 0.6569158967946273 0.5188745929755351 0.6630917599041768 0.5113555630427736 0.6683461158064271 0.5046695022279943 0.6723667640569623 0.5001913464911723 0.6713331619650514 0.4910504117759197 0.6645772914965138 0.4912295413792978 0.6615800344459233 0.49800608260213786 0.6573417448926441 0.4966415516302525 0.6503584666533971 0.4966919943283277 0.6448477355370362 0.5008409412919185 0.6417970948731319 0.5102450767740079 0.6363711564304775 0.5236358438490016 0.629054924002389 0.5397605842176255 0.6172155037875101
0 0.5591985556127428 0.5997161888927888 0.5850566402366875 0.586535072991071 0.6044982740572916 0.5741597069865539 0.6078292349228485 0.5679438891571422 0.6141720195508199 0.5655188701905653 0.6108224132398279 0.5710096239469952 0.6142520949707909 0.576105049817799 0.6159235268449856 0.581323557849675 0.615873999753282 0.5881152761885869 0.6119992408329888 0.5943559546119124 0.5916696171644686 0.6070708232717502 0.5553375307880255 0.6251716756543803 0.5494548063693324 0.6118617055096055 0.5506496971195577 0.609757432646914 0.558659335589865 0.6061459855994576 0.5618466265301708 0.6018155785214978
0 0.5553011555035268 0.6250025347309676 0.5569716717713498 0.6289400555402925 0.552280757965766 0.6345775312432127 0.5527545522706202 0.6380573504701271 0.5587558919245271 0.6397899352326106 0.5609338309625878 0.6435334545246095 0.5628898558681696 0.6411381793859287 0.5678213292516673 0.6423645621866702 0.5792383415820157 0.6379995280468317 0.5876649224145 0.6344117207847935 0.6014735474580425 0.6284001153646739 0.60931903934492 0.6233870405505857 0.6101324474110954 0.6201472816033375 0.6125781652478515 0.6181139280968999 0.617977939297973 0.6151342067892493 0.6201467222723163 0.6060678538557375 0.6170435024954694 0.6012137090730957 0.6127249153102184 0.5951767986350617 0.5922497905037036 0.6072151036012493
0 0.5023683699228612 0.6737956940344992 0.5002164011812096 0.6810251365958907 0.5022916236103762 0.6932281436755093 0.5082602504052713 0.6999155364047844 0.5184282668618325 0.6980415573537945 0.534678947316644 0.6848726495370329 0.5509482732168909 0.6724288057932531 0.5615268227910268 0.6616115559698235 0.5627553420066357 0.6558334623628913 0.5644344320498048 0.6464051877971363 0.563398194244779 0.6422251650911536 0.5605896391694081 0.6438480965860167 0.5585562856629704 0.6395001537651172 0.5528086573941823 0.6376705682439705 0.5488938607639036 0.638618156853679 0.5363947459623126 0.650718835516651 0.5289130069204215 0.6574233195648649
0 0.5679481849442266 0.6423160618073386 0.5640156584748844 0.6438195735666162 0.5645249124578655 0.6461875464943921 0.561962410598639 0.6623602598282233 0.5672035317035611 0.6656648340892469 0.573929630228326 0.6669372756523287 0.5966554446418986 0.6589807718249652 0.6120590885651516 0.6527254436996922 0.6204315642740736 0.6495244186638107 0.6285830414568889 0.6414655864198006 0.6258921860103601 0.6302301453098215 0.6221883162360996 0.6219446816795967 0.6165516450335509 0.6231844933737901 0.6123440149145395 0.6202169801510958 0.609735981707097 0.6234106803360037 0.6012021062338602 0.6290530392729062 0.5881723451847378 0.6342177192674673
0 0.3318660274158157 0.8635009668352017 0.3306389979867247 0.8703282161528576 0.33757640863537947 0.886197343113683 0.3537225106992733 0.8783656087450894 0.3811449381840602 0.867051949007243 0.40509218626925825 0.8578962651538404 0.40128187124102793 0.8507834086327678 0.39872812682216846 0.8398728496485174 0.3938034160760474 0.84396722133495 0.38554016981189876 0.8498908861220899 0.3596208250242846 0.8575890352388399
0 0.40011857580814103 0.8318773601375721 0.3949755114020181 0.8368845347043853 0.3956628790672631 0.8410447771817529 0.39867319271904805 0.8396174123356087 0.40147344922570954 0.8507101631619406 0.40607408636302705 0.8528213761261191 0.424168274958976 0.8511558381677631 0.4484719033382169 0.8426932207822596 0.46680845576452856 0.8354062182699374 0.4651590499184364 0.8258085467506583 0.4539912099513043 0.8278667946137125 0.43378966352385795 0.8303380327511677 0.42182597043771974 0.8296597156430524 0.4070703173597985 0.8294959605007008
0 0.47152222999125165 0.8043013622061097 0.46657212632229006 0.8111698434341116 0.4657296356150419 0.8197851539421288 0.4702033081381565 0.8357669146141546 0.4772099837929343 0.8336409522901921 0.492508064139661 0.8266863199015523 0.5089810053173178 0.8165181051463793 0.5198432508360883 0.8082185717322873 0.5239988841385235 0.8005480776651318 0.5299899702618135 0.794663801118365 0.5326665310374367 0.7859001559987203 0.528967466967927 0.7812327262354809 0.5198815919094517 0.7852593834610051 0.5106281490366558 0.7846506244837713 0.49393547144651734 0.7937970899873089
0 0.5330104464254843 0.784227719441357 0.5479775394010088 0.7738059110432486 0.5590837374620585 0.7636244582948267 0.5684584650057934 0.7563520960986372 0.5733867263516697 0.7529590995866721 0.5797945256901669 0.7523532982499156 0.5828347902948829 0.7553820009104739 0.5861551097032849 0.7575509475295243 0.5877805053790163 0.771857280722389 0.5845546035721888 0.7780665527129459 0.573585255352137 0.7897243157652523 0.5513128060358717 0.8057035615963648 0.5337157898729661 0.8135371396349317 0.5229311058751972 0.8154488965563312 0.5201336148734952 0.8082252499940311 0.5241526042943693 0.800883438710612 0.529870402654537 0.7956565277313169
0 0.31822200455082567 0.848260879221313 0.3271328946543763 0.8675220930508071 0.33055175719836494 0.8631741277214386 0.35983917868428655 0.8566762323584592 0.38540352593033755 0.8502195689058257 0.3939400599576086 0.8436385385512137 0.3953346572010204 0.8414467054363163 0.3947839334173365 0.8369577801752125 0.39582076761422563 0.8321383284603998 0.3918188746013138 0.8250987174101544 0.371401740018825 0.8323518626920222 0.3507930274516546 0.8396782534447172 0.3396815043401227 0.8439264907526961 0.3287066251101519 0.8478460452769391 0.32328474193098766 0.8457723768831605
0 0.32677425223357914 0.8253638744010203 0.31903080582035476 0.8308123654627698 0.3194758096552371 0.8405940724941038 0.32333967603410807 0.8460278141960694 0.3290348469763946 0.8474441170223758 0.3394899263554411 0.8439997362235233 0.3504098714822914 0.8398247443863718 0.39255702811224 0.823710740804383 0.3935080042732493 0.8136717527901675 0.3936109587170913 0.8045098667559055 0.3859450738248685 0.8035705813249625 0.37997661511945957 0.8028116440661283
0 0.39780028145724555 0.8056725759392761 0.39255011434984133 0.8140379801443037 0.39211893803975645 0.8236017944331288 0.39664201365607243 0.8321007838899996 0.39973541983877786 0.8320238510792265 0.4073436051229208 0.8288385949332288 0.42182597043771974 0.8296597156430524 0.4338713733022987 0.8297539126545229 0.45418278793598593 0.8277935491428853 0.46537740357843826 0.8248957438702774 0.4674847614099357 0.8240900436911781 0.4650999675578767 0.8197494530417018 0.4672567284825756 0.8114609816474475 0.4666229121679712 0.8056216243509727 0.45572974271644123 0.8089570587785708 0.4490162167377073 0.7999133374654281 0.42547336928727375 0.8003447644395592
0 0.515354001229887 0.7708363783111785 0.5107914532402789 0.78076764471251 0.5117281501268193 0.7851231783813394 0.5197619933028595 0.7852767564269425 0.5289715869558334 0.7805152420397262 0.5325377590193953 0.7858501541287625 0.5331496637100726 0.7826391589550609 0.5480797310359402 0.772465417334646 0.5776415848074482 0.7472702293514581 0.5749110280947342 0.742360100645489 0.5717127434046062 0.7361402733694712 0.5512809493391648 0.7484174746649245
0 0.5620735532249389 0.7241960990421981 0.5666423058731099 0.7229455152845273 0.5695447915464357 0.7277899108756517 0.5716141437323388 0.7356817961411733 0.5507651624573298 0.7486146740094591 0.5211250156706271 0.7673895262208608 0.5105399903327599 0.7726769055268368 0.5016390567633856 0.7624351738830649 0.5041637276095767 0.754275392431313 0.5105971875088405 0.749582920310175 0.5266383625452855 0.7471712523012087 0.5531357291365567 0.7310864940715994
0 0.4494521866843426 0.7905745130964457 0.4491878627100265 0.7988624516266539 0.4557058202830478 0.8092709979209634 0.47196574225281296 0.8035505623538365 0.49441386587288605 0.7937275981235595 0.5111377930249273 0.7841084515402846 0.5105449540596103 0.7796214516417656 0.5150354136925867 0.7719505321123088 0.509949633230868 0.7716621786857821 0.5012458990060286 0.762337401498606 0.456180204668696 0.785521336131469
0 0.5084495423077428 0.7352706992728671 0.5129258999422094 0.7422423209305599 0.5119726191937339 0.7490570553914155 0.5103759587120952 0.7494194148108712 0.5038931989766977 0.7538826483178602 0.5011232698815505 0.7626323732275998 0.4517593515289261 0.7874596357315865 0.4490035244322889 0.7815668194541767 0.44587856903050516 0.7748227818350161 0.4465372916938909 0.7683687522179992 0.44857268697388275 0.7631249942109548 0.44969913761468244 0.7579806631639864 0.45569138085216804 0.7546973165729729 0.4861721067165689 0.7432917938595671
0 0.44278057669402854 0.7370575253128248 0.4430320396015474 0.7451482644984981 0.4400383998462298 0.7502622108514693 0.44370317158205913 0.7560556001688031 0.45598593893725775 0.754336611729134 0.48651596463779223 0.7431603276298772 0.5088667295173105 0.7346150227000346 0.5093282528361615 0.7272440386264222 0.506224845023163 0.7162742789925055 0.49035932174246755 0.7238286234728236 0.4660174976922409 0.7309023789089304
0 0.509300500588813 0.7227890779975171 0.5095001817967731 0.7271783055115771 0.5090398994096347 0.736285426113922 0.5129992292305536 0.7417181105874171 0.5222415388577262 0.7483561029440345 0.5263438044601959 0.7475319571450477 0.5533076580971685 0.7310207609567545 0.5621961823494169 0.7239011273132042 0.5657801792066264 0.7198019078012877 0.5713780237550423 0.714684652297083 0.5743691816469347 0.7060984328866472 0.5761100188418369 0.7012153797234418 0.5737941674752652 0.6921773013871754 0.5698841374904801 0.6869738555278291 0.563816083101225 0.6873091394045211 0.5455737884827394 0.7037109811790376 0.5152243782648047 0.7269744878645751
0 0.5088419108830586 0.6998922921253903 0.5086521571287994 0.709392156841188 0.5057583579774617 0.7167007169511891 0.5091526010804119 0.7221013621550703 0.5152736781009385 0.7272037264787241 0.5457950172794849 0.7038744866783415 0.5649209861532393 0.6863905303723087 0.5714265344091347 0.6794377113792959 0.5694520591003613 0.6667958937558752 0.5619555503949414 0.662219394350981 0.5510544193831992 0.6720932005155519 0.5343822739307167 0.68541385877044 0.5183485444845473 0.6982423459517996
0 0.38200732572475 0.7832472012648265 0.3797589260002982 0.8031467771992481 0.408284705296302 0.8039365666870913 0.42517070706685817 0.7999285830095076 0.4491434094990216 0.7994671451444066 0.4497561597087315 0.7899848975897287 0.4460016124021188 0.7753724038666828 0.40422675160991545 0.7793760990496196 0.3836484173978458 0.7804437728424146
0 0.3081347013064625 0.8011547397836468 0.3136729523228285 0.8240612522812608 0.3183895446089623 0.8279699563303167 0.37946232231846694 0.8027161782314867 0.3819532740971817 0.7829958673625669 0.37742518223774263 0.7790150944767532 0.3722761769310626 0.77309571920962 0.33955886039732597 0.786964435153517
0 0.3827422798772899 0.756310276067135 0.38010599498274067 0.7611261897604087 0.37144041751313694 0.7720552562085948 0.37799068351782683 0.77879888796648 0.38397136662366693 0.7800483012666395 0.4267704872604906 0.7770130002479703 0.44608200957367694 0.7747976672254059 0.4462305590604968 0.7565169190388557 0.4434016921204873 0.7556944766008883 0.4400309483652065 0.7504552201509918 0.4101620416175267 0.7548029330426548
0 0.3046422489001601 0.7763780656359017 0.30953460146488376 0.8000755212850658 0.3399899128782836 0.7870716313822612 0.3705519670072316 0.772666934294643 0.3810748426602042 0.7599397750330835 0.3763845959180603 0.7552050004404908 0.3723929387155385 0.7480271416092746 0.3469217566469368 0.7623894550937678
0 0.37542848838870163 0.7365305947309503 0.37328138922144394 0.7474154635232265 0.3759535434371025 0.7550978042117465 0.3827422798772899 0.756310276067135 0.41029649041665306 0.7544795303036375 0.4395458442566805 0.7500966900199879 0.4431786829122717 0.7451717660451852 0.4427948793609397 0.7357985287720362 0.43821273587393234 0.7315664219839627 0.4082634319546944 0.7364888715169028
0 0.4400605102801818 0.7164440042452589 0.4375391313387116 0.7312799606897166 0.44365698432285516 0.7360129212295244 0.4663601537769581 0.7305968741559884 0.49016661970765113 0.7236710096161098 0.5062958986922513 0.716144351306891 0.5088767714196438 0.7091736287220248 0.5091125207759644 0.699835518840862 0.5019967534911903 0.6933080935932501 0.4600679010538132 0.7079786370054052 0.4419968450955203 0.7121676998012756
0 0.43306286531947213 0.6867514763866347 0.43067049301877447 0.6936501301347433 0.4314839885114756 0.7012270886473037 0.4368214942448504 0.7070743950776791 0.44194279346795207 0.711916365899016 0.46125295524154986 0.7077975578871186 0.4958025849542541 0.6948602946627179 0.5027507551979693 0.6930198182462193 0.5007217783547759 0.6807395844274833 0.502440546120253 0.6735544693851286 0.4906095470889336 0.6650218150777935 0.47230138123473175 0.6766455127654937
0 0.29996610284570957 0.7536859455957762 0.30475035215529667 0.776880733440421 0.34662515296510554 0.7619588561260061 0.3739272876730863 0.7466245203716765 0.3751055391628805 0.7369260663067253 0.3697139818019374 0.7308274259740902 0.3664499807622046 0.7241873623393799 0.32627304433223686 0.7403640951123083 0.30472994406146914 0.7483286086004274
0 0.37029222323012645 0.7107503990269514 0.3676545777959887 0.7136628377308923 0.3675005861508148 0.7243296859601106 0.3698220850570739 0.7313300937786095 0.37518593633443853 0.7363513296654483 0.4078587250177265 0.735555604744622 0.4373506309120168 0.7313520295264743 0.43970985497078213 0.7157620713752376 0.4419968450955203 0.7121676998012756 0.4369836491275552 0.7078283967844582 0.43199543816399155 0.7007595482347707 0.39989223237955335 0.707049491613323
0 0.29552978776634503 0.7273661406424868 0.2980647721037003 0.7315649340913583 0.2988573642107656 0.7475818631047871 0.30386783909955367 0.7481142161429388 0.32603049227797387 0.7401848300468065 0.3672843796405417 0.7233243503510721 0.36795118147782 0.7140934366986538 0.3700496711758634 0.7105711339614494 0.35983749989241554 0.7057715467432377 0.3538568167865753 0.7045221334430781 0.3203037408349131 0.7173503863859502 0.2986248312254305 0.7237348276237537
0 0.29041047381288065 0.6985728765519422 0.29231440943566384 0.7074259600066588 0.29360042596205 0.7214709854487334 0.3007991149283412 0.7226832867661827 0.32173369462859214 0.7163313261640999 0.3545068396713863 0.7028101230627715 0.3581028790388486 0.6987922222839945 0.3577040036502651 0.6900244726888357 0.35972932983101796 0.6856159593106833 0.3645021646701311 0.6801569986923751 0.35769243574537357 0.6738402926575807 0.322006823384024 0.6864927332901455 0.3026413043126407 0.6909232807728528
0 0.36432398554720274 0.6597415832334496 0.3621370058219379 0.6668549383401832 0.3668894083686085 0.6785835312425963 0.3881875581444257 0.6773786422876373 0.4063206802414804 0.6756048797801618 0.42422952639925793 0.6734677039685324 0.43323014411568056 0.664452572792756 0.4370198372249889 0.6567264567959312 0.43472528900283036 0.6506657523398093 0.42513770378022014 0.6487148927533882 0.4241545620504153 0.6464477373748719 0.3909841941768793 0.653513216599792 0.3707668392807108 0.6562871661836186
0 0.3665307959665673 0.6803725367517245 0.3591081056189377 0.6861838498605404 0.3573773914455579 0.6908101047084974 0.35781157214715875 0.7031985322516912 0.3612492630857924 0.7065095246389975 0.37064154200871496 0.7098565737247156 0.4002815234672985 0.7071142740183901 0.4308020358323181 0.7004011472839777 0.43053446634875403 0.6922439551684544 0.4326894458766848 0.6861339735511871 0.42925010238020955 0.6805109554451304 0.4234218626274152 0.6741493790701018 0.3879585990895623 0.6774661795576504
0 0.4378700204919326 0.6560710289760613 0.43323014411568056 0.664452572792756 0.4277047791594676 0.6698688664812856 0.4251878821138123 0.6731438021701797 0.4298393263949558 0.6809464383847398 0.43360528209613824 0.6857838244711348 0.47217301413655105 0.6773155455155511 0.4909106987644873 0.6642047857076977 0.49126765860868693 0.6601037544798188 0.49866000131682414 0.65760784057922 0.49593953518227296 0.6507188371736576 0.4964918013261602 0.6452216164464816 0.49089086807038756 0.636460477082689 0.46092757952278024 0.6446124602461777 0.441991283479473 0.6544953581158269
0 0.28803209450195427 0.6667746104497447 0.2869275622141798 0.677769051904097 0.2889964564971582 0.6885413450677333 0.30012275470914385 0.6918861907429962 0.3057154251757082 0.6890872015130349 0.3231516186583407 0.6860550469400803 0.35779008889521735 0.6731421979079321 0.3610628211736558 0.6745339805863182 0.36230196448213314 0.6687741480491032 0.3607566412613912 0.6581320590852585 0.35734929796224996 0.6515056674897352 0.32237925784714117 0.658268071385293 0.2900910734378829 0.6636747493008769
0 0.3591070546594388 0.6389399619960597 0.35698903300236706 0.6509826472801127 0.36144351842598127 0.6578694472752195 0.36491320956194895 0.6601770661730592 0.37122475739043753 0.6561120916435925 0.39131080638158644 0.6527275845801302 0.42546266342708566 0.6456172350149759 0.4319982126369126 0.6345286460592441 0.42675754434102287 0.6262905269050743 0.42394107761446953 0.6224116439679113 0.41432644986805023 0.6284002350272089 0.38216957136381147 0.6344174704224282 0.36355492985168647 0.6365786591161638
0 0.2840913183714124 0.6363110848698151 0.2814707640887668 0.6460408068693736 0.28548756052129753 0.6549784518542094 0.29462068451051787 0.6633564358060413 0.326976677834768 0.6579681103839349 0.3572566436597272 0.6502314940708603 0.3590108767896537 0.637690977562997 0.3548588217910717 0.6329943957810603 0.3501925621314982 0.6344293211678544 0.34510655669717155 0.6290424764790625 0.31710375996100515 0.6303226689182208 0.2934914669735852 0.6313207024947771 0.2854024686425226 0.6326677838503038
0 0.349105890533953 0.613548921858543 0.34569362941991355 0.6281197975904887 0.35057325448601356 0.6349819971625589 0.3548926364325845 0.6319341299803355 0.3594253837856819 0.6371833877569762 0.36343519517991285 0.6363485528996701 0.3818262241669551 0.6342047378372212 0.4143547832179191 0.6284013233325617 0.41445622714245745 0.625220525930387 0.4190869259009434 0.6224027463837823 0.42250267953413256 0.6127181105729077 0.4188327608146044 0.6053934073835009 0.4171694940517668 0.6000944067259765 0.412535302774131 0.5980259463515102 0.3922781191751744 0.6012323555607838 0.3759613714278483 0.6032813415536653
0 0.4228798793694981 0.6083845466465408 0.4250287749305394 0.6159416658176661 0.4240645023724319 0.6211979086326066 0.42759392374718397 0.6254343151433062 0.4515834165699695 0.620102717640383 0.47263405325989477 0.6144982746592577 0.4893280008425865 0.6081157247400092 0.4911585945534132 0.6056702764333738 0.4867984129270297 0.6000059295741799 0.47465705726234875 0.5910325117850598 0.4513595736059935 0.5971468729183057
0 0.4310860379612734 0.6258447475336596 0.42884093725441846 0.6287977856463156 0.43247529507285887 0.6347396346759117 0.42494653986132536 0.6459967827857316 0.42557091974473005 0.6489000780175042 0.4345262392285117 0.6503637911702825 0.43777990469243666 0.6557529642051744 0.461073895829642 0.6447523631508575 0.4909037937574852 0.6361404824839926 0.4933552748325668 0.6317120894880586 0.490546438487033 0.6198688209253503 0.48518467714187924 0.6156347427607504 0.48027298369384136 0.612275928949941
0 0.28054618066048587 0.6100865987142956 0.27954983972044034 0.6188462272904965 0.2828052514439403 0.6266785202859241 0.29805453644904545 0.630623454549622 0.34503718115457105 0.6287198881199767 0.34824131564080874 0.6131812473107735 0.34273556443172914 0.6009726325463954 0.3127296082580222 0.6051133623747424 0.2898431390785453 0.6058338937808966
0 0.27659177473225594 0.5916990622464033 0.2725195728337241 0.6019837885867659 0.27421840049764956 0.608665643404101 0.2797189129280043 0.6135448982868723 0.2809606876565141 0.6095790089082751 0.2829994079951424 0.6081013256788971 0.2905689628864884 0.6055563916104945 0.3130409250699371 0.6053434500103608 0.3413871069999562 0.6007899594455607 0.33432477173130215 0.5874309065030904 0.30228184147854176 0.5954924395213509
0 0.4184025374824018 0.5839129175447014 0.416265865738385 0.5934576380973251 0.4137788237622157 0.5965031769334486 0.4173420597784806 0.5996793176434232 0.4198005258918619 0.6050234044896315 0.42315563528032524 0.6072317801223487 0.45080631552476425 0.5970092860061547 0.4745183061771477 0.5903873350668881 0.4797681460403134 0.5831434908704493 0.4827000171348739 0.5736438565065093 0.47834158176806535 0.5704226296078507 0.45079234544816477 0.5774643263218703
0 0.4607959188188431 0.5460597996521782 0.4689222243105683 0.5485386924169978 0.4739726688438072 0.552542682945979 0.47401346852361975 0.5612548969873965 0.4738478878352056 0.5714424659120918 0.45072296990556426 0.5771417379627845 0.41854128856760286 0.5845580942628731 0.4128682104105342 0.580093928462655 0.40622911343578294 0.5784428855168418 0.4072627615364911 0.5735092310609872 0.40726965719577124 0.5633388509755495 0.41289513208795103 0.5592225797817326 0.4402647255686343 0.5528620953461797
0 0.3422854965346132 0.6000973681926054 0.34848325691012316 0.6130887465873062 0.37606456161196156 0.6025436641120263 0.3922781191751744 0.6012323555607838 0.4130191853127597 0.5978409449045755 0.4163352412809855 0.5937802264564109 0.418368722840889 0.5849731833454264 0.41255689359861925 0.5798638408270366 0.4064016791624968 0.5780277964342887 0.37367197852203093 0.5926359257038329
0 0.3384646029128595 0.5750256485612781 0.3350505955392452 0.5871534043326884 0.34180161399598447 0.6002823696395402 0.3741558610606597 0.5924509242568982 0.4052951630000382 0.5777526226099865 0.4072627615364911 0.5735092310609872 0.40680570860107534 0.5628614868650548 0.4025469708992303 0.5540163426036863 0.39663195147284724 0.5496446775269354 0.3717475616345547 0.5605551062038849
0 0.26931258153792553 0.5651566444239978 0.26962913712856523 0.572716091941223 0.267111773030033 0.5817081364991422 0.2733719239098438 0.5852496234107866 0.2764530236470549 0.5910538855282317 0.3033189820983998 0.5954450249865672 0.3342553961887016 0.5871083181440045 0.33930784883217874 0.5730512937851073 0.3358621469355524 0.5617070251152918 0.3269458808720083 0.566512406043395 0.3074127748214198 0.5669981931217309 0.2905410227332895 0.5664664722419258
0 0.34332152660448534 0.550127288646386 0.3365185952008949 0.5611069345858039 0.3398468749861452 0.5741480558613882 0.3722314441731833 0.5603701047569503 0.3972190241955893 0.5487219986383617 0.40465157426130927 0.547975007812323 0.40886252724504213 0.5383354581901323 0.4045361602601714 0.5316108455302133 0.39641334728759603 0.5340181926864648 0.3892530606135534 0.5287261770672401 0.3564522381709121 0.540568598017163
0 0.4086544006172405 0.5373676931128746 0.40465157426130927 0.547975007812323 0.40223565408731543 0.5537862549680678 0.40704764987038977 0.5627689861415873 0.41299124515956087 0.5587510255360068 0.4409905493765774 0.5525845931757775 0.4611410502722708 0.5452296214870719 0.46331852169610016 0.5443971149758656 0.4641440431690067 0.5384956954427532 0.4736473819552928 0.5327676356260763 0.47315826063793925 0.5256232771914043 0.46793175785883667 0.5171481358239053 0.4638170100209174 0.5162775281623149 0.43443892624976505 0.5282077931435054
0 0.26886117543829813 0.5408369044743707 0.26443676907311325 0.5491562749554459 0.26518487554180986 0.5627472090726783 0.26947299693529986 0.5646287622820004 0.3278278599202336 0.5665510045541243 0.33623325234879403 0.5608519696861816 0.342687238310038 0.5511352795406477 0.3378810086564328 0.5417884198359532 0.3272751862733937 0.5394226330817675 0.3045299368711618 0.5412838417596888
0 0.33671510035657337 0.5175870482548374 0.33273929432924587 0.5222138880598074 0.32747994316013673 0.5389301114792274 0.3375116174545277 0.5415154106536292 0.34369096145796274 0.549301697721649 0.3572214920983565 0.5399862332919244 0.3890666497325397 0.528432320163631 0.3906825715262744 0.5222223033697707 0.3943533142379065 0.521233116135852 0.4033127934693246 0.5159435950413952 0.4009065706208932 0.5069218599381865 0.39327801115330485 0.5090099906161322 0.38876196356565257 0.5039016799521909 0.37616979217976404 0.506023465725921 0.35242289164402674 0.512617126390082
0 0.4020790721128184 0.511651549238534 0.4038869415579728 0.5157240826211791 0.39468154686102114 0.52131474262196 0.39191422086836136 0.5236154790053911 0.3920619019193618 0.529358341234819 0.3965167296424331 0.5349042953962463 0.4051901708367367 0.531173965595518 0.40839432393914016 0.5374052053986478 0.4347439161523752 0.5277452775661916 0.4639843100946415 0.5163587614389525 0.4611191268362568 0.4965352061756443 0.459557172856636 0.4921615338866751 0.4557418571156322 0.49175616414202733 0.4285722013482155 0.5019367433010238 0.40704061201669933 0.5087190239755085
0 0.3890587388236712 0.4886685467121759 0.3884537922283284 0.5031910272723809 0.3936062437764195 0.50909161710224 0.40074193630573113 0.5061563291533223 0.4022627317065614 0.5103386187460756 0.40708177059548983 0.5089104066717245 0.45307587355913437 0.4923612046405679 0.45741899877394787 0.485108503850681 0.4569389410709945 0.47348627480066324 0.45326094630889513 0.4643294164492387 0.4487078841712907 0.46482746342356335 0.41838144992351856 0.477664795977369
0 0.25733148103814496 0.5169862091318997 0.25840735088849404 0.5239737131820438 0.25810771429566015 0.5384590930123235 0.26790370813720776 0.5428240834020285 0.2684656477033891 0.5404749583422249 0.3043124724486366 0.5414251342108416 0.32753199510465114 0.5392350911433038 0.332845348776115 0.5212676921169458 0.328007945622832 0.5151491830802433 0.3144518419000208 0.5136446384281138 0.3027561882877071 0.5128516466562024 0.26816795271567206 0.518249974863552 0.2625894492275201 0.5200982176711658
0 0.3152784786637785 0.5070680372084443 0.314831773854174 0.5129302387045551 0.3282754896637489 0.5149046083686453 0.3332949004290602 0.519388392069103 0.3364075343152536 0.5174869207666842 0.3515087939173549 0.5122824401638373 0.38843317102634495 0.5028606637901886 0.3888176323372325 0.4887697092224885 0.38641995901239556 0.48556012967926554 0.3815274294687471 0.48117012119164393 0.3737788753255714 0.48285203588038134 0.3464620790485843 0.4893119997213767 0.33362805299548126 0.4926536578442755 0.3313201863645441 0.4968085810981013 0.319235801176332 0.5041321917214878
0 0.25674152565766906 0.4998529520876333 0.2570850947948943 0.5074050053103543 0.25733148103814496 0.5169862091318997 0.2620964176492955 0.5202867170446183 0.268266559031317 0.5182122749888615 0.302784463193725 0.512983121743729 0.3081947406674401 0.5123374791350898 0.3154894728926597 0.5065605123217932 0.3313201863645441 0.4968085810981013 0.33344391025094766 0.49130120709431924 0.3336092894220438 0.4861157054470766 0.3225444833638683 0.4808129629290107 0.3196240801331186 0.47566895694757955 0.3151570976014084 0.4752425254969906 0.26075468627142306 0.49618433141366297
0 0.32306462551816384 0.4594135809024075 0.3205574111234313 0.4606567278194132 0.3197989706367951 0.46407697799066466 0.317718014964836 0.4702794273067701 0.31984956767042627 0.4757250322857251 0.32276997090117604 0.4808690382671563 0.3343698650411854 0.4856826313620262 0.3340768929375913 0.48977863243436565 0.3511393440983405 0.48823518092324747 0.3736519941039087 0.4827582606675453 0.381102594167644 0.47820226951667827 0.39141922509938976 0.46957703262917616 0.39348937050458693 0.460196191675274 0.391755172508863 0.455518677140623 0.3865339228119299 0.4490185803277673 0.3758712236698694 0.44999501285878846
0 0.2533039264906171 0.46584887095413635 0.24800521930471464 0.4676379001486215 0.2500516906922219 0.47632790198831865 0.25228876686914536 0.4892076210005276 0.2598921773193943 0.49648348575403545 0.28582219056073743 0.48656973688787547 0.3159491718674782 0.47552499422629096 0.31819615546580243 0.469456078409397 0.3220107294266416 0.45828842903697703 0.31846547928976776 0.4525395569205615 0.3170078368462642 0.44741339916112693 0.31192030260270953 0.4493585017867659 0.30999443986574465 0.4453585997198533 0.29184659660681017 0.45016571819231627 0.27294936397319247 0.4564434015264201
0 0.3839022785415121 0.43059982755800946 0.3852669876417588 0.43694556919513144 0.37521489685664305 0.4488403166831372 0.38764405609643054 0.44882452300679515 0.3922681081494265 0.45463456100156474 0.3978274162636195 0.4565348663793188 0.41585583539773724 0.448694869366043 0.4362059723719559 0.4409144588634872 0.43901884770990096 0.4391285884042704 0.4396887647399049 0.4249006362871289 0.4367311590213091 0.42105838701900417 0.43447351469145407 0.4122123117481533 0.40460594978727815 0.42528916775000547
0 0.3979444713369848 0.45625330245618834 0.39360869551956473 0.4600422826841298 0.3910829118914699 0.4697699501340861 0.3807002240391896 0.47847574565012524 0.3816631554076721 0.48047569668358153 0.3890324557111903 0.4883146892833503 0.4185970988554871 0.4779585649600035 0.44562766669160964 0.4657295594628113 0.4466076126358466 0.4587242030589946 0.44676698854080066 0.45203257288511955 0.4445346504667796 0.44578173880079724 0.4429117094896938 0.4390611050553794 0.4368624284033823 0.44066347787953375 0.41587877260212003 0.44797566808862826
0 0.4444539696468848 0.41785589122817135 0.4398353811032703 0.4254005280686572 0.439295727452763 0.4390137261010365 0.44357616529495314 0.43876411634390067 0.4473169494866359 0.45212770461914403 0.4508164981155274 0.44824704910001123 0.46786414447573627 0.4396488935593805 0.5082552189286186 0.42351282893749226 0.508893679257195 0.42003258625456236 0.5046981733753589 0.41100360437095396 0.5024025966215447 0.4019416869279893 0.489906371155256 0.40510126261114393 0.4678456448521165 0.413766830905789
0 0.5870186994959359 0.7610239236321745 0.6148440593335358 0.746788266662755 0.6379040876442861 0.7337543072587769 0.639307892042384 0.7385514712332882 0.6365151744267391 0.7497907816290518 0.6365592846611867 0.7599454956298737 0.6302484538864009 0.7643429960220177 0.5884398769380103 0.7901269990089372 0.5779093410379628 0.7857181415423891 0.5847947913933973 0.7775036828837488 0.5879471044515088 0.7709645913658463
0 0.5853590889293249 0.7420595426214268 0.6168575124337217 0.7280321409044989 0.6358183774712837 0.720162668621338 0.6387883823654114 0.7335402609916265 0.6141070436549554 0.7468219605079859 0.5878783442989942 0.7606952580579499 0.586217266925835 0.7568647620200718 0.5798440774122411 0.7519990670031879 0.5726888094906808 0.75205243020492 0.5847023565601985 0.7436035324399827 0.5779307199105631 0.746884308260063
0 0.6989289797097235 0.7233264211964703 0.7021455623460098 0.740495763103445 0.66029767159547 0.7577642546453033 0.6420344972352567 0.764112309894811 0.6365659601652975 0.7608102321373793 0.6371706744467696 0.7497933371915316 0.6396286961421651 0.7385437119865393 0.6415426625431059 0.7352741397280821 0.6681800166723352 0.7319103219537966
0 0.6413069513027202 0.7131584133436032 0.6365050854428307 0.7195940794011105 0.6386976788310665 0.7325551380109793 0.6457512103010686 0.7338237107076168 0.669122430162979 0.7318672380205506 0.6988029014402668 0.7227401716258601 0.7072991925658877 0.7207607140306633 0.7048382861637712 0.7059988806191445 0.7050856824072624 0.7005114461911303 0.6968352007599923 0.6947834915019008 0.6923607201358599 0.697763112505334 0.6530839464054865 0.7081799084652044
0 0.5710211241703417 0.7198867216375208 0.5694716162505147 0.7276167337319971 0.5713781533847619 0.7359287640233753 0.5775117748996502 0.7467486077393345 0.5853776746779877 0.7418379022910863 0.6171750060876576 0.7276189468696658 0.629195834518531 0.7218984585675869 0.6366563362190887 0.7114469799387267 0.6361504363761212 0.7068820037998736 0.635958145441655 0.7015626737311349 0.6331883904264594 0.6942151278187373 0.6305494739761426 0.6941137650461849 0.6289305798610246 0.6926707409297093 0.6116445120891008 0.7035622303514469 0.6053644000933764 0.7075494196671066 0.6027592313555052 0.7123916433544376 0.5894668688328331 0.7201559650588191 0.577714957454652 0.723354788067374
0 0.5772853685146591 0.6936997537577443 0.5763008326596761 0.7007379221353495 0.5711593920019139 0.7155513022275312 0.5699979283048615 0.7167884272686207 0.571900498526257 0.7195505129189695 0.5784528904487138 0.7229140430459892 0.5864464552616486 0.7208095650247627 0.5957559728017274 0.7160750382847382 0.6022889699953833 0.7120561169666532 0.6051284000294302 0.7070051961863152 0.6110787466416863 0.7031440851401122 0.6284747362080997 0.6922105696285556 0.6348623898506023 0.6848513874384595 0.637292065508915 0.677895155553638 0.6313822544958574 0.67254120429907 0.6284072256015095 0.6636860083703278 0.6004303977270278 0.6829474218246693
0 0.6372290263741867 0.6776020307683329 0.6348785463255695 0.6854796630988887 0.6296992390398802 0.6912665693727712 0.6335027927175307 0.6945707628170572 0.6405126150580531 0.7006144421016419 0.6559016662865738 0.6947307895269962 0.6811367963593826 0.6853999397437739 0.6945456685219528 0.6780527789294567 0.6984082944214799 0.6761001525180187 0.6962164944158142 0.6642490828363558 0.6949686946659333 0.6545749070778584 0.6876346606199351 0.6564272285601712 0.6683837768744576 0.6653734964744608 0.6510945355722523 0.671825030183375
0 0.6405910172851783 0.7004258536191704 0.6359266258742907 0.7014161113384824 0.6365464144245994 0.7114890060285456 0.6331938195665522 0.7176876300023481 0.630284045668983 0.7183244488610461 0.6320920571882861 0.7206468473334372 0.6364735658754666 0.719447517008458 0.6414791188493676 0.7122995231108836 0.6533353095618295 0.7082424186782191 0.6925175245901105 0.697385935540391 0.6937873233165115 0.6938868065530709 0.6925426970969119 0.688652586507397 0.6899612661033311 0.6810744260227088 0.6813881595157255 0.6854624499567886 0.6560746272157917 0.6949818882224825
0 0.5733831846908735 0.6667513745823825 0.5698818975481666 0.6701117380302103 0.5715904477609047 0.679567143866977 0.5676895707447854 0.6840911444869894 0.5697793895375486 0.686757966309945 0.5768347607029697 0.6938803191352632 0.6006092081280232 0.6830577934957213 0.6288821115458525 0.6634393441413023 0.6313406562923325 0.6617773305859023 0.6307778158610603 0.6546276600358611 0.6319765854812974 0.6511367485193075 0.6295578356138959 0.6484512769722479 0.6254370365342206 0.6454056820001384 0.6207922066102028 0.6494920709651459 0.6122568752962187 0.6526109511108052
0 0.6360510886814297 0.6494345461821602 0.6305055562921178 0.6538652981816538 0.6311691971084744 0.6619872931069427 0.6284104182068962 0.6637640943405049 0.6313625892526447 0.6724552121007045 0.6383010057397489 0.6760120545130537 0.6516547931617638 0.6716285836852519 0.6689256118931305 0.6653142982751585 0.6884106903881905 0.6556984879230883 0.6944279161164585 0.650942985724392 0.6951262954781989 0.647643387004775 0.6924603712944708 0.6392760563325982 0.6911948175011483 0.6293624628943632 0.6882329931626318 0.6271734415081592 0.6822275877272868 0.6284586081367652 0.6709754393909579 0.6320385652174327 0.6532203846943272 0.6411373494621838
0 0.6203355378144522 0.6052132903747541 0.618159316505561 0.6153288841219661 0.6122174996635743 0.6189720379717968 0.612605068877304 0.6204062856113407 0.6163158799512559 0.6233128390917372 0.6230220894032396 0.6221203087032318 0.6247798950045993 0.6258790443194301 0.626858156485337 0.6248734783481643 0.6420021401825022 0.6187670365750441 0.6528111435086481 0.6134740151551964 0.6653834213944648 0.6049749645284385 0.6740625448962204 0.6015512046473944 0.6773718748234889 0.5981760566859627 0.6751829890526337 0.5905733224950852 0.6717640902070781 0.5868166976225475 0.6701734685118841 0.5830995381137594 0.6309886307378101 0.6010348283293455
0 0.6248847147496499 0.6263664441766159 0.6257023087610448 0.6301681630626647 0.6286878245942851 0.641475136168154 0.6257021166618856 0.6445155645266439 0.6269884972534749 0.6464501326175499 0.6341682424588897 0.6500348244106852 0.6533010375254493 0.641137410923536 0.6712113992192803 0.6320743965879664 0.6788239997510952 0.6273704764840631 0.6880407983243018 0.616145504563166 0.6817176010119708 0.5977805081504525 0.6778626807245238 0.5978829131904311 0.6740103988666527 0.601676636550845 0.665122163560711 0.6048638603816047 0.6526649235514925 0.6135299190192235 0.6421693240886681 0.6188086126824541
