0 0.11002666606634592 0.20994890619954357 0.11514190482046477 0.2354026807638326 0.21917701414893953 0.21107276234328207 0.21874437863697105 0.18795800673339502 0.2260731335921523 0.17651340045020739 0.2051882259798028 0.18638203046691973 0.1834704524275383 0.18611713971853194
0 0.22903098339715822 0.17625905288756505 0.21818289831569992 0.18815860433159579 0.21869615877433068 0.21766367856477578 0.22499337972830602 0.2250425829195072 0.23327593804339564 0.2333169753363593 0.2791373654103167 0.2249561693621154 0.31319690433587105 0.2087759161318624 0.33202665133511783 0.20365347624796096 0.3467676804975074 0.23208741026613045 0.34426908267776224 0.20168684797082978 0.34894088422523867 0.1919938701070072 0.3410585563380955 0.17073824284536832 0.32877581252212 0.16950971181085303 0.2932117916100601 0.17820356075749155 0.2337942115859708 0.1849883904652602
0 0.33724623720382657 0.1367950760064612 0.331733662327126 0.16925536424821075 0.3417704848580172 0.17128628567552906 0.3503244287917508 0.18989479645568208 0.35210820378620944 0.17481448795957022 0.4522856684231398 0.1911799024927451 0.4598454965236337 0.18687425526121193 0.4512404384218951 0.1530385883511877
0 0.4621986592286727 0.13869251802387197 0.46848797279333876 0.1789722535216307 0.48327722181836863 0.17770051570841947 0.5220596764594044 0.16705444074421502 0.5515467478681279 0.14608864967627486 0.5741052947496166 0.1235862300467357 0.5796689837943223 0.10635309793485719 0.56417571363868 0.07417596177488044 0.5575480855087465 0.07413661407000431 0.5538084839318307 0.07948459699741732 0.5146553096415053 0.0942750692998305
0 0.5805313605128946 0.10764978119337927 0.5741052947496166 0.1235862300467357 0.5604498080618029 0.1364887694817701 0.5707472145166641 0.1368218124541647 0.5784682925104826 0.14529680246921753 0.585858963328343 0.16111134913412553 0.6124284974053915 0.14359506494047425 0.6825732250909456 0.11532520585373544 0.6736672705919059 0.07999225808698836 0.6084146159044669 0.0936761015433345 0.5932546472301476 0.09909223669475442
0 0.6773478506115074 0.09231795017273144 0.6820117447696746 0.11552580345193612 0.6947566348762758 0.1310322525897604 0.7090542268320228 0.12431943417981832 0.7432750156509017 0.12091981819615134 0.7817270631159793 0.1176132998818021 0.7785971617229748 0.09305501337963373 0.7562077721241198 0.09543723911273168 0.7350514788931263 0.09497175076614317 0.7203025423414277 0.09943864789100083 0.7002692097529764 0.09857196434801081 0.6934508209510611 0.09458881690312666
0 0.11019871765434447 0.23476154026435422 0.11502386170583617 0.270750030790145 0.12364762889155806 0.28371686337536656 0.15124078958050335 0.2802778996868233 0.1844084410088283 0.27163780070462623 0.21476869083079791 0.2640006897134329 0.21374506421890116 0.24992336920832467 0.2321529774008535 0.2337181705327608 0.22330893876449276 0.22564437571410942 0.21701171781051748 0.21826547135937802 0.2156576840226625 0.2115277075041251
0 0.2334263862420462 0.23406561576472074 0.21385519994422064 0.24747685032503966 0.21461824263214735 0.26325204928507145 0.2190510636450017 0.27932094351262177 0.23942560510408517 0.2848800672239811 0.24413771912489268 0.2783822486718051 0.31692069113416854 0.2692295954905039 0.3251816460599103 0.25343999427090674 0.3444519359604348 0.23853147885386497 0.33202665133511783 0.20365347624796096 0.3134978007331722 0.2102731969885853 0.27898691721166613 0.22420752893375404
0 0.3514769002129501 0.18065676375270256 0.3482102466213338 0.21231466160164916 0.3584486315188807 0.23032137958720003 0.37626555360090475 0.22315361601641495 0.4445271722613548 0.22444258112729767 0.45453448401358876 0.2353103400611941 0.46976427593989634 0.22425252671484255 0.4677868459680912 0.1904562075096946 0.45329903538101984 0.19131895776342123 0.35210521837180503 0.17423956836073703
0 0.47641083984926125 0.17939113612070234 0.4677281128713665 0.19003000558414138 0.469449212565814 0.21547101349817266 0.47895395131845625 0.22499557720822114 0.5238609249427705 0.21218193073719868 0.5639077307346203 0.1920604591286904 0.5751146225445951 0.18353452438256088 0.5757490411055404 0.173832996602351 0.5814988235391471 0.16467264329527617 0.5851339975993692 0.16186655471269798 0.5781959216640742 0.14582622278055993 0.569918298794543 0.13758595676497065 0.5632773482668187 0.13909718788564676 0.5469125945989154 0.15571065109804047 0.5434252064959909 0.15523387089154594 0.5352211922961618 0.1618256288097025 0.5240517775032287 0.16732344235216268 0.48279079662207536 0.17818848708462717
0 0.5877807137987967 0.16069223728291027 0.581471020122166 0.16722588914471395 0.5774806715474992 0.17132613802485805 0.5753691251735186 0.18277905945648265 0.5799487938201322 0.19558592850631953 0.5874227253810911 0.20682385008017815 0.6061852849247862 0.1963761446768658 0.6227556731478383 0.19099104208188508 0.6297477845657334 0.1938422705568202 0.6500076249661513 0.18285963822497253 0.6717916212055128 0.17347218517235394 0.6762225126814573 0.15958586075906958 0.6905397784896423 0.14698181734474222 0.6894364916995384 0.14149178753675828 0.693453715256426 0.13952164486437857 0.6936936605595029 0.128737382093423 0.6829976947046766 0.11544102093105539 0.6123783480058413 0.14334551813102037
0 0.6961939294072295 0.13319339135396394 0.6906400772887428 0.14748091096364982 0.6774457721230998 0.15968375918157576 0.6806750075467498 0.1697635299822345 0.6958752886944001 0.16754255414246108 0.705453565499557 0.15930622307254527 0.7100994568332675 0.16246074832137572 0.728394598493464 0.1596690122434393 0.7619168962835317 0.15678640653349377 0.77172264566911 0.15167836890915765 0.7808603795729891 0.15322811337238215 0.7924643062125916 0.14908242967623356 0.7950504715998532 0.1379948701313826 0.7911388184349388 0.11853021899398512 0.7823019809283607 0.11847775538748355 0.7436126239566425 0.12160159275844595 0.7098163047514946 0.12511702381943288 0.6951909414162257 0.1282024551648877
0 0.7805863581579089 0.15386093872342363 0.8023238055626114 0.148234604467426 0.8042635588575218 0.16786882064658504 0.8046988301659267 0.18001663254212966 0.8002141887255407 0.1896427445398853 0.789613250076942 0.19877936442511013 0.7808032875525847 0.20085700702637296 0.7718196024122473 0.20406656859758474 0.7642597743117534 0.20837221582911794 0.7464589255172761 0.20563808878944276 0.739593987880702 0.20541606014117966 0.717602192913357 0.20578399474383324 0.7083910351925983 0.20586526286946547 0.7042341651317341 0.21911876193170832 0.6961118919415141 0.20864739744102498 0.6924349124868039 0.20033237096135684 0.690154915089716 0.19098332393424564 0.6798260683192878 0.16953189982759453 0.6953272458642393 0.16880820484454398 0.7055538642986574 0.1598053166914529 0.7105740758465486 0.1628261102081495 0.7621174938817323 0.15778459377130907 0.7718963682850899 0.15054644993920854
0 0.5722958680503204 0.20741381333109485 0.5674585097851017 0.24123765069743355 0.5929732354436148 0.2444254365400118 0.5925182902827719 0.23816884964885263 0.6134336734422334 0.2344409914459794 0.6377985634759838 0.23589986627719486 0.662577121428791 0.22544255936750557 0.6845079653019117 0.21279308113717357 0.6918868696566431 0.20159802166343974 0.6909035555180776 0.190715860469978 0.6798260683192878 0.16953189982759453 0.6723665390178941 0.17433664067803542 0.649733603551071 0.18349246357601398 0.6294737631506532 0.1944750959078616 0.6229293957638182 0.189859123111936 0.6060849861256857 0.19587705105795816 0.5879976431934726 0.2076883055858596
0 0.47523223151884786 0.22550857591054854 0.4713690567255022 0.23223802461736462 0.4671656378299792 0.24925264247622855 0.4736831302345934 0.2517385090643898 0.47863711909538764 0.26441164638209286 0.4845259437231788 0.26177284504904397 0.49144463132419447 0.2662550861128357 0.5215639710746321 0.2544246285721807 0.567732531200182 0.24060482534639208 0.5718212490370393 0.20704845144432107 0.5883719634076534 0.20755457385372575 0.5790998545926704 0.19535429835167953 0.5760443417850005 0.18414260858107176 0.5639192472974581 0.1916840491870676 0.5228246486842411 0.21278485834508146
0 0.5681337263965835 0.24260119982202255 0.5924986164303339 0.24406007465323798 0.5879477523028509 0.2633385304520001 0.5800620823597448 0.2939720092598807 0.5771606183156167 0.2875196255237092 0.5157917770424165 0.3035604045892712 0.4869081694562768 0.3015762043358974 0.4779907070030364 0.29513342210610266 0.4806968450418366 0.2786537311757741 0.4793857595237491 0.2641441829178252 0.48469966633915884 0.2606409260790949 0.4910703111100137 0.2663888178449696 0.521089352061351 0.2540592666854069
0 0.3607079902950754 0.23058404229827925 0.34985270408383445 0.23446226253016023 0.3448128186835051 0.23733269401784898 0.32500792344393026 0.2545719132408558 0.32903954926038315 0.2686444329927756 0.3337123155763144 0.2739290644493703 0.3638657314387555 0.27225004432862926 0.3664662990855825 0.2772051472080779 0.37383273071765843 0.2799226439508791 0.3841865229333975 0.27354895562446 0.40819676660540516 0.2692503371834239 0.4516913352672485 0.25210644366704343 0.45497239111843013 0.23649120824239622 0.4442030014467242 0.22482585966888535 0.3755536250809831 0.22260557318625426
0 0.24542456545719576 0.2797947470076472 0.23924204556188616 0.288957598696123 0.24372861653918204 0.30928670533920194 0.25377624076474714 0.3233496235847448 0.2735221144470077 0.3237840793748941 0.3225115136700234 0.310026341261984 0.3372568496568307 0.3015487785310514 0.34757849529747625 0.31497887142555286 0.3561144364067532 0.3135340541753316 0.3541353354069666 0.30568228800494335 0.35666775082978674 0.2903345160445638 0.37243574866003587 0.2809566644983221 0.3666668966837832 0.2782033344458932 0.36366513384055477 0.271251857090814 0.33381261437541476 0.27442815806827797 0.3207776295661865 0.2694564248919554
0 0.3729837914901966 0.2796910137962392 0.3569417722448671 0.28970169069352236 0.354409356822047 0.30504946265390187 0.35641533280405435 0.31503133503205444 0.3612152729013068 0.32294516631532116 0.38071400015070767 0.3261425536642763 0.42274536406783153 0.3196850244963452 0.45650760716097605 0.3060181560154442 0.46324537101622904 0.3036109848370353 0.4664477314576583 0.31156064942992967 0.4752504928522329 0.30146167561651727 0.4805231224258566 0.27978565014572315 0.4784633964794077 0.26554356535204193 0.4736831302345934 0.2517385090643898 0.4672659366290796 0.24975173609513615 0.4516913352672485 0.25210644366704343 0.40839736420360595 0.27024852442123914 0.3852091847768393 0.27264866680915095
0 0.22425149267912903 0.330153311626696 0.22365162942143663 0.3571139685540848 0.22957453016123125 0.36462660464095004 0.24921290391460876 0.35654063560004196 0.2552164296010656 0.3704435903102003 0.2816463171741376 0.36421066250641204 0.31865746954337015 0.3547323398217843 0.3419924966038961 0.34907017225615916 0.35120892591752767 0.32705501670184206 0.3462549370567333 0.31438187938413903 0.33705625205863 0.3005505912932362 0.32213719345584263 0.31016007299411785 0.2742707548753691 0.32351661591062647 0.25557441801877123 0.32431197751293234 0.23086208275306086 0.3251169406216151
0 0.3508286298133444 0.3157603577364121 0.3512593797178191 0.32466571198804295 0.34915441204236003 0.3344769908767094 0.34997950058507493 0.3494017490339678 0.36800617922041456 0.3498464642986989 0.3732912037929984 0.35991651208596537 0.3776698680266637 0.3587145358803294 0.41425702371018125 0.3514411217990235 0.449811686728608 0.3430871023995301 0.4652613583330877 0.3361179869406114 0.46804576948632354 0.32968766482519013 0.4697430710751166 0.31784781187257655 0.46610203829762276 0.3119012304994181 0.4627643159927826 0.304759177166879 0.42347889913692405 0.32024398421393235 0.3845913919983487 0.3268897552955687 0.37948842375693775 0.33124945923831867 0.36252089268354065 0.32390368960841415 0.3552570327616701 0.313453502035099
0 0.1109756823901813 0.2873891130855057 0.11437244742322694 0.31466456079965255 0.12645153977835755 0.3332792834330147 0.1409524299951504 0.3406059779841586 0.15093760769730208 0.3384283246541326 0.19530550338936586 0.3128492527222259 0.21129064047592694 0.3120022880434817 0.21954720291327223 0.2986296993531567 0.23770292183035452 0.29561755340421625 0.2353577911462345 0.2839480242528502 0.21904226444222064 0.27796449041281784 0.21484758750015992 0.2648711798882508 0.15143753335081467 0.28127172846570536 0.12485070314278834 0.28382175268340853
0 0.12048649016466789 0.3347155368660455 0.11992359260581864 0.3578468074836387 0.12950171351297524 0.37179621286842046 0.16594343638514653 0.36642022814561526 0.19907692185545633 0.3601416022016359 0.22345826046224165 0.3569898171698164 0.2239862482503711 0.3310916044679108 0.23049799374193491 0.3245960606573221 0.24917485281104385 0.32417714340868525 0.24361685999234933 0.30948633812690834 0.23854509755496167 0.29462181946112254 0.21977286321856582 0.297159371618996 0.2109346951326267 0.3128243086025664 0.19627796415197973 0.3125018259542081 0.15142383807860904 0.33825461127012374 0.14143866037645736 0.3404322646001497
0 0.12074956664945075 0.3749230537805804 0.1238951156513553 0.4113213483067495 0.12853175915913084 0.4110545422008212 0.1464456160899445 0.4275847042260767 0.17990013713283487 0.41771711563870007 0.24589718395256877 0.3934437882384156 0.2481886967762244 0.3815074529811214 0.25524713814566224 0.3699526187929749 0.24871668456435392 0.3556092402792157 0.22965832442609718 0.3645026971647989 0.22394449084354856 0.3568161037858076
0 0.254891192802362 0.3707746393520596 0.24805841173821774 0.38085914580604546 0.246643984409889 0.3945666892045585 0.253651314327632 0.3983168931721348 0.258201936612993 0.4105881831376171 0.2716954562964523 0.4154953623724662 0.3096469817642392 0.39429319934191165 0.348710607077519 0.383811377880589 0.35351244539402094 0.3869598210340491 0.3586957847796707 0.38163372455056305 0.37062588400705 0.37876121768450144 0.3736897530138733 0.3602952643154888 0.3681666699658984 0.34837140111802434 0.34118898464385217 0.3489765038104999
0 0.13130265472799063 0.4274359349617274 0.1339270635778685 0.4612410007875929 0.14347027471430535 0.4724234640880621 0.19657411558891846 0.4617895314840308 0.22435906686485219 0.4574217527641491 0.23708707800124662 0.44036710870850765 0.2564664737120838 0.4278846891795272 0.26589560149148905 0.42034686506488533 0.2586881669942999 0.4104144697536081 0.253651314327632 0.3983168931721348 0.24505500822796167 0.3944395221815093 0.18038636751414172 0.4175434022546913 0.14608967074664425 0.4284067247851615 0.1399594263242282 0.42642772895880404
0 0.2347862111327187 0.4418839828036279 0.23365790960625077 0.44923562147443125 0.24076996883615298 0.461286651694945 0.27211437354508927 0.44869866738421554 0.29814515383036916 0.4407884723818963 0.3576048994326919 0.43066320787006185 0.3557110893591592 0.4160530232503745 0.35825381821395574 0.39499384118105824 0.35338216035601433 0.3863115138589732 0.34760786127689847 0.3835104974735309 0.3091607513829323 0.39446691272592055
0 0.14201158357038457 0.47294460424008883 0.14282135593304157 0.5080928307770657 0.15855527698846156 0.5163687129103436 0.2147766047303623 0.5108746913459596 0.25608063141560283 0.5037615727830657 0.2715446283501372 0.5003213794040179 0.2743572813258195 0.4909782728470273 0.27126535018437925 0.4781858427295184 0.267096228968166 0.45744001312708993 0.25668528638127464 0.4549058028475758 0.24063968379814632 0.4606383445198691 0.22594804304677962 0.4575489197871983
0 0.2672520697320201 0.4504358012243044 0.27197724087097974 0.4765418016113488 0.2777004284984007 0.49464785615251405 0.28314433796006366 0.4906183740191798 0.29731483855940377 0.4911145700515469 0.3585636649231002 0.4872986639064624 0.36286991881342295 0.4802013592817576 0.3757026592619766 0.4714475414790535 0.3954124445902666 0.4657956204688498 0.4042157029054859 0.44736374140096696 0.3935953016942761 0.42822787861557815 0.35822141485200554 0.43113780166112886 0.29814515383036916 0.4407884723818963
0 0.37355946797586664 0.3596469571404129 0.3711121143883569 0.37858750430049254 0.3582095543983637 0.38180743793457195 0.3576023930239224 0.3917523053056788 0.3746204563696645 0.3856723368653678 0.4208566064094137 0.3823559686310098 0.45123790440060835 0.380534872250472 0.4671183121750102 0.37138708131879045 0.4744117678946139 0.3687813805586571 0.4722922975157876 0.3556415236731305 0.474132489728856 0.3466458438841576 0.4663085398123533 0.33623885478181353 0.4505235073052384 0.34326801080425856 0.41460292458509374 0.3512372242273672
0 0.4863811181200464 0.3012734718103158 0.4676182378285228 0.31423048513036317 0.47096138500110396 0.31790006843584995 0.46769741141483456 0.330183830461162 0.4647195636304259 0.33611168775876427 0.4735159743095425 0.34617125009309063 0.5012311060440368 0.33626958720458405 0.5363095130395742 0.3292961077245691 0.5866867221609198 0.315467185606118 0.5813892994182385 0.30207299467449283 0.576673482324151 0.28638645544962227 0.5170578959579741 0.30351593186424225
0 0.591353262621876 0.24014551645573604 0.5889757285758057 0.2646199477844407 0.5844880781957815 0.28637398338979253 0.5946733604773793 0.29037852140346737 0.5983188351327965 0.26962021974120914 0.6294724893071588 0.2612695052489528 0.682185475067752 0.24869065111969382 0.7016346903200287 0.24174211575933832 0.704351968028424 0.23451764411158424 0.7005481462003833 0.22336925511224495 0.7046636495561323 0.22050922030601314 0.6914818114003811 0.20159361726559288 0.6853004555262702 0.21491965959495818 0.6624825373755647 0.22585113072768837 0.6368426122043049 0.23570624725523523 0.6139804302380075 0.233451315141479
0 0.8106618726810401 0.18263970259207582 0.8220035186237227 0.21055098542146897 0.8118718542025893 0.23015231181645426 0.805474192068057 0.25536814304215416 0.7600546620270676 0.26534129641127985 0.7322348009804142 0.2669421330468491 0.71595418404712 0.26372554129112913 0.7093539109243722 0.24384827860874517 0.7022512057393423 0.2422167095504054 0.7042216829904173 0.23386933693650844 0.7016508920010038 0.22367013551930306 0.7047590248234191 0.21839058539677667 0.7077624283336752 0.20481020902131286 0.7187549765691605 0.20505207100758152 0.768143523246917 0.20964255589718359 0.7898586955970018 0.1984102043573953
0 0.5987463571383558 0.2719550564987015 0.5954291372187359 0.2906643912089561 0.5833695818677644 0.3111490456843587 0.5963071304197815 0.3227030950878643 0.6001050672327951 0.3139321357224298 0.665983987473336 0.2971359437197249 0.7135274639207063 0.28217231935033377 0.7193383511000573 0.27335621001476834 0.7092463789977923 0.24326132788349666 0.7034264183949152 0.24197055989175342 0.6816044422941341 0.24909279312640634 0.6288051627230227 0.26054207165960624
0 0.7156825064044559 0.2652262065071922 0.7202816380397927 0.2730192060497911 0.7141254838774405 0.2826326753276687 0.7195167369115741 0.2968827564509923 0.72327416903997 0.3130645614239176 0.7724018882849342 0.3110151002159759 0.8127534096209486 0.308057024951399 0.8142517806162939 0.2953895658146651 0.8258826283985219 0.28786422447084287 0.8228743817677988 0.2653486899295506 0.8197488320737353 0.2523111747557434 0.807797506362578 0.2532109325363522 0.7598749004546083 0.26628798302627255 0.7328896352393544 0.2678407945627747
0 0.5998523142590622 0.31267441980278254 0.5945989423518275 0.3469036494540428 0.5916856409468791 0.36007661453824263 0.6014141992190905 0.37075510195720923 0.6064329649996445 0.35548191104091903 0.6668710540979076 0.33928152492594177 0.7114335041851332 0.3321229979971843 0.7222045056133681 0.3127727074290712 0.7193903604247077 0.2962538984911687 0.7136538404075727 0.28280117731015736 0.6662028779694708 0.2957097258175891
0 0.7235269220137028 0.3143222773435648 0.7112146136889984 0.33354921589932013 0.7236375828700234 0.3324809561362227 0.7307981067202877 0.3555350486970769 0.8068433662253095 0.3465649083090669 0.8229469691560078 0.3462037085480199 0.8321270855796292 0.3415759529786003 0.8255216457849748 0.30619140524598937 0.8130986766039497 0.3072596650090868 0.7724018882849342 0.3110151002159759
0 0.8165289885963966 0.3444525845789417 0.8248087539814066 0.35295264412359106 0.827589036692469 0.3667875192397105 0.8238926873122496 0.3836102800704943 0.7906496805018493 0.3867247594195249 0.7461458819462937 0.3891442766645398 0.7287537250928586 0.3906398403328762 0.721189282727923 0.3731221173980768 0.7343614374066207 0.3657201280666124 0.7312697501901554 0.35536654671458817 0.8085110496086455 0.3473171182812482
0 0.6047652816163085 0.35472970106873775 0.5980969792994707 0.3894644366674638 0.6159112015146294 0.40264625802768994 0.678396103456828 0.38908465576436485 0.707924614039957 0.38257918259150075 0.7215345497109242 0.37232475745576465 0.7343614374066207 0.3657201280666124 0.7238564733661583 0.3310547382340869 0.6662730341411734 0.33882116894860675
0 0.8242379542952509 0.382812920128182 0.8352798555442711 0.38493410013433355 0.8401474557838866 0.3764549947637453 0.846287894315693 0.38437134631870196 0.8504583183822862 0.4051236589928811 0.8437718692183962 0.41964463993698997 0.8155905640896739 0.4202767395188221 0.7860281910289468 0.4240982788699032 0.7332875629895055 0.43080854771936056 0.7287809453634371 0.4209604723148022 0.7327391211409153 0.4155023047309743 0.7282820816229909 0.39080834231536493 0.8059363729796787 0.38732942158327877 0.8205325314915055 0.3895288036316571
0 0.47344279091099 0.3477260737824241 0.47560933803477223 0.3786304137540428 0.48080648962684314 0.38688376927397666 0.4936085882684676 0.3877020833903501 0.5162136123445195 0.37693005440911326 0.5776536399141882 0.35565365464541626 0.5867503157520673 0.3631878522652647 0.5945064283425592 0.3489587253160023 0.5939241240163708 0.33096854850583307 0.5866124346251682 0.31470854149068084 0.5359863443848587 0.32942546183535654 0.5016150226161861 0.3369870968732833
0 0.3586990204528453 0.3920635785279387 0.3553514350703027 0.41501886671891547 0.35900660635885473 0.43122659167300254 0.39449318591372984 0.42757061128759855 0.4033013942467526 0.445652337760506 0.4183358058328701 0.4471803536074572 0.4392055289209489 0.4381321749607468 0.45941249649175125 0.4356893549205927 0.46086417993926826 0.42508713517331215 0.4723891115900122 0.40717108612608266 0.47835773993291103 0.4071615602221183 0.48337746013644406 0.39846889315124145 0.4807902249722487 0.38559463570603364 0.47518582501229606 0.377513311759764 0.4736203436640557 0.3717040255114217 0.46718083346546063 0.3713510663938626 0.4503233656209067 0.38055794902056084 0.421421987617805 0.3813305485834304 0.3752117788546674 0.3851027083455489
0 0.48421971480305975 0.3986986994463961 0.49201139940439503 0.3879542750687821 0.5161239687459722 0.37721682413685825 0.5778713644033785 0.3556873193074981 0.5869247731343564 0.37102786958820455 0.5867933706371247 0.39018055177602834 0.5314854851783133 0.4120630157229477 0.5148536987915002 0.4243735595633705 0.49306887536021665 0.4348101018849731 0.4858599561715952 0.4326091665022125 0.4747187718440115 0.4365895282932823 0.45927917965081366 0.4251226863308956 0.4716463659681733 0.40743644357882064 0.47984323117658884 0.4066308453166423
0 0.5859511159705091 0.3899507454808737 0.5945655362982458 0.38528096480434004 0.6015097361486978 0.39606791378522727 0.6078445072182486 0.4176868888085497 0.591498873453525 0.44528593242244124 0.5464242164070658 0.472534569377048 0.5135710543247877 0.4853333035196736 0.497150660539769 0.48483116632609097 0.48839577894312136 0.4709761072890624 0.4855438244407566 0.4666878634419813 0.4864446359280149 0.4493831575193589 0.4923527931065653 0.43718879305565056 0.5154240896919733 0.42523120833278677 0.5312864670887597 0.4110726882271624
0 0.8045025680936804 0.8067001543134006 0.8063309049418922 0.8294932112307286 0.8129404322485586 0.8478705600955591 0.8216546758642134 0.8525342752860067 0.8294531883613474 0.8478038814742125 0.8944582413955272 0.8278202355951105 0.9398736951858804 0.8167795330900184 0.93563575152263 0.7787604471028445 0.9154775198271548 0.760686992267741 0.9156728802748363 0.7761712258549509 0.8200639076245051 0.7986635000047881
0 0.7906751465359159 0.8072188394276735 0.8028395052865755 0.8145384544873614 0.8065024297606584 0.8521148904963285 0.6860484538315488 0.8912604439752266 0.6744503898243586 0.8746653276174872 0.6710479459471844 0.8577345363914669 0.6727968391436022 0.8519250406476971 0.6825396052848358 0.856869384679343 0.7214193763634478 0.8423308957814152
0 0.5632507789172783 0.8800446411600062 0.6198735758194583 0.8546305878382334 0.6494076883897192 0.839542473852173 0.6680513341485907 0.8549166153852182 0.6723846203275028 0.8643859186588321 0.6737864148570485 0.8761987121219338 0.6729532527791513 0.8914023168679451 0.6307774424929042 0.9064702826097161 0.600336323249821 0.921882438869793 0.5532934921158061 0.9393373082338702 0.5401808421720122 0.9200428785740723 0.5437350242683769 0.9038671470060109 0.5531370784802571 0.899860032013622 0.559996024229955 0.8928729748779759
0 0.5581616633265836 0.8827269197743375 0.5608294184289625 0.8930072881731971 0.5535704867257695 0.898810216261453 0.5430528088202695 0.9033702110556286 0.5410084499018408 0.9201483980066641 0.5303403237976902 0.9239597523724781 0.5263401382968044 0.9310056137548148 0.5117013374704251 0.9330259919963876 0.4765483486809858 0.940770602916464 0.4529956859662575 0.9403588645343168 0.44112397427290245 0.9381810954732392 0.43643056933607816 0.9238100797006127 0.43974833709569955 0.9073793379815371 0.45674319493248255 0.9021100504638765 0.4675420388377185 0.8822907761609965 0.48573860927192314 0.8757031787992055 0.528561561887176 0.8612064017643108 0.5424884341936336 0.8586379806925774 0.5521653387699094 0.8768452962763291
0 0.3490134514098272 0.9294859397827452 0.3465360439231464 0.942493477013271 0.3515430800391045 0.974647480695003 0.3798943278062116 0.9727618178895355 0.3918189655044606 0.9723807374985028 0.42765943544040785 0.9697590244822681 0.45969439055524774 0.9626781174674908 0.46722580807061315 0.9585327077720166 0.47816165028326124 0.9405636717040817 0.45351847135856177 0.9391849779418094 0.4418178656785884 0.937061530445004 0.43610306580410274 0.923101604679342 0.43856263943893314 0.9154343145750934 0.3862290025929276 0.921039081848899
0 0.4384973630106876 0.842722966896614 0.4372862845834343 0.8547931905373712 0.4313426741244719 0.863220309321521 0.4409539071559401 0.8820918448841599 0.4528785448541891 0.8817107644931271 0.47319506043720516 0.8778466571078217 0.4853437301537298 0.8749610488289505 0.5289574834751685 0.8603491511031258 0.5415785787229191 0.8543853746901485 0.548061171554308 0.8414016159287566 0.5613186951531849 0.8386047501048192 0.5640688576474912 0.826954460269596 0.5590635706081564 0.8219541080176853 0.5515499869446413 0.8207592705868821 0.5423933455925489 0.8041498140164144 0.4878128609209627 0.8275287254007554 0.48480777727088137 0.8324815207143983 0.4604860763431572 0.8363218496305701
0 0.5664862359357963 0.8226965296500545 0.5643172511604416 0.8263808200233281 0.5615670886661354 0.8380311098585512 0.5489216319237097 0.842063998629958 0.5413301852099686 0.8549590149364166 0.5527110619695901 0.8790170911845995 0.5576010691783747 0.8816341399965052 0.5935859590057482 0.8634441013998725 0.6210458572659542 0.8516940334837854 0.6491600177291366 0.8377706290304605 0.6677312510786744 0.8306508686011815 0.6684455424800265 0.8197279254529596 0.6704748859301561 0.8117294439981104 0.6665897589821994 0.7942064523070079 0.6627176873198918 0.7912257301516016 0.6527314747358972 0.783155913289351 0.6491987149224152 0.7800539666861109
0 0.3383016412154547 0.9449504479628418 0.34703935859187207 0.9486173312885834 0.35197331022380535 0.9749786720456036 0.35982620573614604 0.9760522850285733 0.35172666578747813 1.0027059637216926 0.33450615219041846 1.0020696915917897 0.2796463848683822 1.0168202208129797 0.23037308230463238 1.0286051028241314 0.22545218595834826 1.0167860316028072 0.22255410541936904 0.9896973441587856 0.23376270263964266 0.9730855554861534 0.27975163890286114 0.9576250866254942
0 0.21895781825426486 0.9410377013068875 0.22611600529372716 0.9748476617416229 0.27993347557461146 0.9585299182223626 0.33925301992073154 0.9460652464624774 0.34508787819196846 0.9425259590061709 0.3477049270038743 0.9338326128572204 0.3424268849569141 0.9274750132100071 0.33445870961402324 0.9240180967870325 0.32966439930731495 0.9019709471115877 0.2665523954257366 0.924518694408626
0 0.34658604732545084 0.8721654327747963 0.3452596890676476 0.881852352975549 0.33146318309634437 0.8892058587767289 0.3278525602326364 0.9001937659107506 0.3352282516475498 0.9242280636897998 0.34378413235221683 0.9269901154186729 0.3625859253628548 0.9246369618694036 0.3864773961058781 0.920465441602631 0.43853827794425826 0.9135034269335228 0.4392103739990851 0.9059898432700079 0.45730918181739677 0.901948250974835 0.46434859087306235 0.8790676051099231 0.4521090028206625 0.8815007975903599 0.4409539071559401 0.8820918448841599 0.4320212978221233 0.862977860425854
0 0.21674313997913836 0.8938240483052254 0.2104358561766752 0.900441503895638 0.21721253602078655 0.937782048262914 0.27774968643698433 0.9205182876301192 0.32787692172731137 0.9021246535523212 0.3311904280887189 0.887848611381426 0.3423877190999667 0.8838482046029194 0.34380499569364514 0.874613700200601 0.33416462260130075 0.8736937936583646 0.31672007698596555 0.8755620494162999 0.3116904284519559 0.8686308095228187 0.3114111458015058 0.8600024273596679 0.2973418848225772 0.8659986857655451 0.2791099633218651 0.8729972217469903 0.26630703140236406 0.8780561665630993 0.2357689650080519 0.8889663668681179
0 0.31192576667925725 0.8535148997408548 0.3115995101160807 0.8681783937243844 0.3168775521630409 0.8745359933715977 0.334752327963077 0.8729989289642632 0.42235656323510395 0.8601270662420472 0.43240280501747425 0.8594472764933134 0.43746812125518464 0.85569802213424 0.43720667245658507 0.8417293928448117 0.4287773777914939 0.8287392626618179 0.4269833725686657 0.8216218343347034 0.3700568450161758 0.8278976878334765 0.32971440270961944 0.8316429028731128 0.32692204486878784 0.8467025521930429
0 0.20162963996249827 0.8430604525573164 0.19653312918343308 0.853634610226941 0.19817438225962097 0.8618015967181568 0.19852030837523416 0.8831237160825856 0.20079607406008015 0.8928146830002986 0.21403130564261652 0.8933382000251937 0.2668944824403938 0.8770780109040168 0.2989479404739295 0.8634380758761521 0.3118871150179451 0.8526880092319916 0.3258110414076735 0.8468381344825606 0.33149219571830424 0.82773942154406 0.30706740706500785 0.8303382132528943 0.3048678122005127 0.8144926883043467 0.2915285293423501 0.8118180077849018 0.27848530352270795 0.8204169109345124 0.24469832480427528 0.8368645106874023 0.22526168253297618 0.8446838891282585 0.2058631256718526 0.849425988553698
0 0.15860410852905427 0.5161611834189569 0.15061015141265244 0.5190171492238488 0.14611406562291918 0.5286201502194927 0.14741462891906315 0.5521456164673747 0.16205433552083842 0.5589104094327548 0.2139156474017383 0.5483788515039111 0.27430640998745726 0.5376559801423095 0.27920219363301046 0.5279101808564209 0.27493925259861507 0.5003023317899208 0.25631025678061026 0.5035306720043669 0.21505528658639966 0.5114153353357046
0 0.28324681652609596 0.49048000713092915 0.27845813159822613 0.5007587368912445 0.27649602867601064 0.5123123988077994 0.2805867876209239 0.526273126746589 0.2969477630476056 0.550129957580178 0.3435919951299019 0.5477454075139425 0.37341253091086934 0.5405187151726479 0.39446072153673706 0.5301429551273059 0.40556617045495863 0.519321042436602 0.40620670240808776 0.4905325443615937 0.4023665272554263 0.48847734783698965 0.3685700205892004 0.49084139299130175 0.35859858186664045 0.4881207201579881
0 0.3753495054541993 0.4712835215023832 0.36269496980055355 0.47866051745258864 0.3682089246357203 0.490240373999333 0.4017526319642394 0.4875542851783807 0.40559280711690077 0.48960948170298463 0.41791272828652515 0.49548947469630744 0.447490369617212 0.48492240121820757 0.4867104641754372 0.46691205887276066 0.4862845162342277 0.44888720305286234 0.48914410438548905 0.4408446546680817 0.4864983499434419 0.4316095635808843 0.4747730842836588 0.43614964333050793 0.46388931552944107 0.4291556196925175 0.45996367902196333 0.43582380148789596 0.44043878420987487 0.4382357791917648 0.41779101689888654 0.4473801845307818 0.40556973021657133 0.44683178857085776 0.39551235417803093 0.4662220038125033
0 0.6147710808367962 0.4040433433068584 0.6069032772261425 0.4147480253721347 0.5983381992445477 0.4378461066030798 0.6083022065383066 0.4579676693605292 0.6253512068323412 0.44762614775396403 0.6786167438786965 0.4407404912655298 0.7185882291446091 0.42888891240773935 0.7336794012126961 0.4156035693493942 0.7291252935778685 0.3929420212476424 0.7212024604643531 0.37391286024651404 0.7079775964124889 0.3828881495626309 0.6775817051202906 0.3925331268933019
0 0.7332403389600712 0.43154800431815343 0.7305852363631824 0.4409975820320424 0.7393050383127927 0.46399251395097746 0.7415515853936315 0.4729053296038505 0.7507327820770127 0.47326849006256166 0.7536989360099385 0.46310057005830113 0.77565776023713 0.4613275812801874 0.782972648904288 0.4660007954811268 0.815781779185917 0.461565794412411 0.829356375565822 0.4633954160933927 0.8458219541797862 0.4660138323550403 0.8481660054406379 0.4572825969315228 0.8563835413793326 0.45738282586334517 0.8602605168392241 0.45174721547943514 0.8520712973519633 0.4200617237857493 0.8445897167762138 0.4190913489757278 0.8157185754276262 0.42272665645653923 0.7859671192886479 0.42424761271500294
0 0.727450200236524 0.42086512026735456 0.7324210376428305 0.4342695698918115 0.7300355088528593 0.43995390248094973 0.6764252263007196 0.4615615186790611 0.6361508639541988 0.4832367347166901 0.6285330982064326 0.4883871576955892 0.6186077719046775 0.47978884822561 0.6150031667888194 0.4731828630316786 0.59933455701095 0.4745302176878375 0.5994402354463917 0.46599146150091403 0.6109654833906244 0.4576233865361075 0.6260871621952864 0.4467560018757651 0.6795804046233829 0.4410034227924183 0.7195518898892954 0.429151843934628
0 0.7536155900556427 0.4649519897537602 0.7460893445176012 0.4773562879266678 0.7492913780876975 0.4774267402169623 0.7594912650186267 0.5077866752689665 0.7604325932821672 0.5147369432873196 0.7692804061483651 0.5225057825278666 0.8057998199812939 0.5161380104661587 0.848495595572674 0.5087780655799522 0.8560605221027194 0.5078970206945147 0.8722373818617923 0.5045464427550691 0.8725320846869717 0.48561751068576325 0.869905298541517 0.46348182563778867 0.8618016152936929 0.46394813540851015 0.8517706105564962 0.46388858212545414 0.8453137041985828 0.46801705563832696 0.8286204202028771 0.4642655619715917 0.8164038818579912 0.46012910983166816 0.7837391110038079 0.4675486080009306 0.7748079521833142 0.4616311884558426
0 0.874953497931831 0.49993278183718565 0.8802130541930286 0.5193062256627358 0.8843950970186694 0.5378501992588534 0.8640830496813885 0.5432853517791185 0.826722002050073 0.5590620259059489 0.7863561194938276 0.5734833667495696 0.7748532040307408 0.5751641052229116 0.7643057750569116 0.568002480333675 0.7796551592433149 0.5582681730784201 0.7782279134797168 0.5466337918518892 0.7690832075031987 0.5237906635207817 0.8054887686452568 0.51685635275653 0.849148204981323 0.5097593393972123 0.8562048815301649 0.5108815177950612 0.8655527701221377 0.5075418388628543 0.8720401832166259 0.5058313237479842
0 0.15618283368959401 0.5639139708850602 0.1593007186374698 0.601408279110294 0.17653032762772464 0.6089946419420027 0.21924711656761736 0.6042034292387897 0.2571306423075722 0.5900145724364799 0.2745880242363519 0.5791970141662759 0.28802287820783556 0.5776690862919426 0.29704068991990884 0.5541616569092113 0.2883886046584113 0.5428564633715729 0.2812986862431913 0.5368825510532783 0.21452537943256667 0.548959576542667 0.16014841841225885 0.5592253207646678
0 0.2977111112461248 0.5526133851765661 0.2865264637452437 0.5775493270566437 0.28625700546582145 0.5835349849070112 0.3014424742855854 0.5931604019446328 0.317469194135459 0.5874346064231749 0.32924384680658525 0.5895029905279595 0.3449195039781683 0.5848256982253189 0.3693769848956938 0.5819772715568654 0.3819858457308017 0.5787813127145882 0.40623081160353625 0.5773175636210238 0.4143744960936569 0.5665555858053497 0.41240255705153106 0.546974416208761 0.3878552567075314 0.5518180621606702 0.37837717830965806 0.5388448376550881 0.3437559397743093 0.547287555077628
0 0.4068965121210019 0.5024807957962397 0.4059654416644181 0.5198272276387752 0.3937904200679469 0.530066333590797 0.378835084591083 0.5386812434973322 0.3888937648886983 0.552101415553725 0.41261507209632214 0.5455897386338718 0.41637695092325044 0.5520982683478914 0.4243169295176346 0.5525334703666295 0.45152184812370993 0.5487034787516402 0.4717595439328823 0.539510116526923 0.4794693891843663 0.5217049916015043 0.4795832756536288 0.5125030310505478 0.48708941500937636 0.5058950859595411 0.4981361089982066 0.49736784589792044 0.49647531357640046 0.48421928170250966 0.4867189677500503 0.4674192127877719 0.44807520125740546 0.48515156060618253
0 0.4971786110944593 0.485276770961887 0.49871671089794856 0.4978147934487311 0.48767001690911826 0.5063420335103518 0.4795832756536288 0.5125030310505478 0.4806305929838502 0.5225988867031256 0.4838447461028794 0.5312662298583569 0.4983750514901612 0.5254206751016002 0.5031249440083044 0.5099817926976062 0.5447045961915018 0.4970899436252713 0.5614915567940655 0.4878206570877124 0.578098878543681 0.48254180911706507 0.59000444186073 0.47828836101541056 0.5931440334470189 0.47193167992707424 0.5962178726496222 0.4603634768546931 0.5964544547372016 0.4517720580123033 0.5894872319402986 0.4464086874025753 0.5467880612985149 0.47082490462483423 0.5133937789463356 0.4853730391330404
0 0.16358505355304898 0.6112091772007846 0.1635511349259715 0.6490433228831608 0.1824925692618345 0.6510043604154666 0.22565825854672195 0.6414015184653188 0.26629128971275406 0.6336733036947079 0.2711682416358897 0.6217480829709175 0.28810947258249925 0.6137559729376699 0.2984576094333712 0.5964818015638366 0.28758657498529994 0.5858187143588137 0.2742981622489236 0.5794135577733328 0.2597142803922434 0.591897343798023 0.21931180888731144 0.6043921654486436
0 0.18106876502533154 0.6529677300499371 0.17247721661696375 0.6608861725736187 0.17676343368874514 0.6966919846357246 0.18812472751989284 0.6989366565803636 0.2374889484195179 0.6876041903676464 0.29990449475159453 0.6706391390925526 0.3019516720535744 0.6573004105114258 0.30284144531572477 0.6376959620499222 0.3008897920839487 0.6339197919098121 0.27315061117329276 0.6370414776627485 0.26903014599803465 0.63463439575361 0.22497963484907052 0.6416439673609858
0 0.2879654417054842 0.6144361628557092 0.2705805362741135 0.622442947665019 0.27269675413120664 0.6362490847953679 0.2998718565374716 0.6342834652533127 0.3058219946392587 0.633127481237011 0.31320246462037327 0.6372792623540868 0.3602645870622432 0.6325880302009158 0.3824351370664632 0.6270917445317407 0.39274760621363436 0.6204980674104618 0.39331095008073563 0.61787231507479 0.3967219024208429 0.6113198234701771 0.40058091879750135 0.5997582760898876 0.3925396589705858 0.5905086967422015 0.3812383943378137 0.5795144181865782 0.3692471997983645 0.5813739704207471 0.34449526868593944 0.5848831079863182 0.3272021779473962 0.5908886054293349 0.31641472629963274 0.591086636704735 0.3000388888469495 0.593492375884664
0 0.1762205015709966 0.701497045943408 0.17717594654664798 0.7414248161795326 0.1916942059232829 0.7465194185765099 0.21939864987099517 0.7426191022567258 0.2429664748569238 0.7330567430383188 0.2780222836149373 0.7231028780670821 0.3039777918993153 0.7158290441519218 0.30644950588953423 0.6929550490974546 0.3072947616180448 0.6843707674767986 0.30006381385639813 0.6761014662358692 0.2894144266473383 0.6753365805514475 0.25896949173871275 0.6847855252788474 0.23034804952520554 0.6915838227494081 0.20988121250462544 0.6963255501267174
0 0.3092645538822316 0.681382255837624 0.3038850416890887 0.716433373771471 0.30883540486996947 0.7229470801835803 0.3221899268595433 0.723316707455839 0.34265010471463786 0.7260028702619343 0.3654615795112969 0.7201378879059442 0.38275568602924426 0.7145304918998535 0.3990830895935408 0.7158371869460161 0.40354766387386043 0.7156701310845147 0.41509585617027256 0.708117200385494 0.429270781544429 0.701910600987835 0.42930613772482823 0.6967572309923825 0.4338099128565327 0.6957193802741188 0.4343625694469066 0.6878108274181342 0.4386234501283305 0.683432595563065 0.4350538362643776 0.6709992599024336 0.4302287649796228 0.6704383191974169 0.4209639717584765 0.6680363794031633 0.4127701657141646 0.6709637443531774 0.40528684984225194 0.6784924174809417 0.39672870212251915 0.6764092107257479 0.36652281699318845 0.6849159614512628 0.3572188229206572 0.6833848165137715 0.33985297386542557 0.6833059120499829
0 0.30341613975552684 0.6394898195652936 0.30009917003679737 0.6709480962404167 0.30151630571061017 0.6758681374572267 0.3097713504557351 0.681772388021806 0.32277972394833065 0.6825512788215229 0.3330007162866566 0.6811844426082375 0.35756497141763555 0.6829755529863135 0.3659089217020015 0.6839928987926539 0.37746095866939927 0.6807225432323231 0.3975280978341593 0.6761236141452587 0.40599349534366547 0.6788111505200014 0.4123704678583445 0.6711065426434221 0.4200182764777679 0.6686598403659882 0.4295756688370509 0.6703860513955705 0.4334578593355971 0.6598599877413175 0.43058438713658664 0.6508907001644603 0.4281354651373242 0.6397705593466199 0.42451999125650086 0.6356359087261553 0.4035530168279028 0.6325596137358779 0.3999728991274786 0.6232715931199605 0.3944803831926951 0.6215211245191216 0.3828642930299844 0.6276703298869531 0.3609449641551923 0.6326453860429049 0.3130624376540508 0.6363291258366367 0.3057856298755337 0.6363585096358743
0 0.1917702524433081 0.7463796588120566 0.18193533715517252 0.7566982233785176 0.18806433212775286 0.7956619131741997 0.2027630748948966 0.7962433191008861 0.2387113543241422 0.7840483203924462 0.30532750466467684 0.7563601548554253 0.3073476274183716 0.7494816313018248 0.30646009415161535 0.7378091522593221 0.31439204031596324 0.730114706723548 0.3118000917418605 0.7232637061834885 0.3086092883496749 0.7231075013436125 0.3035067913880034 0.7158572642581644 0.2789405732581106 0.7230137173000702 0.2451545746954718 0.7350842920071878 0.23816975087016862 0.7366076023894896 0.22668245375536644 0.7423318297397427 0.2196813498927564 0.7425647873231102
0 0.2087964141583059 0.7960320682339274 0.195758777663527 0.8097631507997071 0.197562042048804 0.8308297388444514 0.2056373151801537 0.848035342614538 0.23274227954937982 0.8389997560777598 0.26735824682115616 0.8250124507400841 0.27861879226775277 0.819369233958335 0.2919038226908931 0.8117065692611147 0.3043100442929756 0.8020895767976501 0.3259404085506529 0.7924175383071032 0.3344104516067056 0.7777259615135382 0.3212219325533164 0.7749847932507811 0.30629643811796703 0.7744843978925987 0.3050725551447067 0.7587195354641904 0.25440169731940193 0.7774705739243336
0 0.3312451589025328 0.7241315872105013 0.3142529357833106 0.7305608386834002 0.3059609019749561 0.7374669604534269 0.30744460204654567 0.7502019351573779 0.3051915606607567 0.7563845921625408 0.30775080530142257 0.7744715495032887 0.32160292140542174 0.7738248433482222 0.3355762949134959 0.7777955092278223 0.3689342022868254 0.7751992630373156 0.3940936687214869 0.771946889121502 0.418746560494839 0.7634977740555119 0.41849086001962943 0.758211404191246 0.43438116723565623 0.7543269184916842 0.4382066752736115 0.7479409881167828 0.434071430891939 0.7447576755075516 0.43505208939105955 0.7375955376995481 0.42640110965958977 0.7360255419439312 0.4209934823912489 0.7318627485318595 0.4184799142411408 0.7273830370944007 0.4150924661286582 0.7185548397645448 0.40480179820945483 0.7168536184638664 0.3850271207978555 0.7174651628401074 0.36709862246980113 0.7245874280841647 0.34538417310497027 0.7262505010879229
0 0.33751606686672736 0.7767439806003047 0.3263036026060209 0.7918637688058521 0.3039938119993039 0.8012683487331236 0.3041379076486577 0.8126893437194344 0.3071808887053541 0.8291694192587139 0.33135487035178535 0.827703184572548 0.33813329966559086 0.8306592078704819 0.3723782726683544 0.8284630733673061 0.4246681751141376 0.8183860470763832 0.4294563296950442 0.8034103545201899 0.4355397054078981 0.7962177657184815 0.4230091817699654 0.7967508272178992 0.417842776109505 0.7817464079350264 0.4079818087378244 0.7741554317130133 0.3947118482086518 0.7710090051496333 0.36945396261519436 0.7764476299824251
0 0.43496585931216225 0.7966425160943528 0.4299490410516463 0.802783290887429 0.4248873622611614 0.8154627501908642 0.42760025798757667 0.823552772269163 0.4305982585535285 0.8290043472150795 0.4375770136358626 0.8420929819207771 0.4696629438385853 0.8313545228487778 0.4821559043280391 0.8272535878046278 0.5427910875700029 0.8030541343107984 0.5507694951302362 0.7994789841176354 0.5565652342978495 0.7945094071064501 0.5578100092700079 0.7871796646002487 0.5587417174001292 0.7701777840240638 0.5502646155876436 0.7645094842882713 0.5394423017901313 0.7647522260631684 0.5306303564234487 0.7628272529554355 0.4823025062607231 0.7833544595461431
0 0.5592670665492333 0.7714395742696581 0.5567508617080653 0.7940807189654221 0.5497552080982626 0.7998413539724497 0.5423518884017938 0.8035734149155299 0.5511602626894334 0.8203568278943075 0.5590076597388028 0.8215392913611775 0.5674980889997143 0.8232167612552898 0.6322486083479671 0.7870383139901637 0.6518366998765445 0.774966984947632 0.6550785158311067 0.7694603574004808 0.6604301776458195 0.7595762559793452 0.6651934241483421 0.7535260736499726 0.6656095394987425 0.7461300128575573 0.6551438459675871 0.729213963306352 0.6330018312259585 0.7407482418129177 0.6019532718730182 0.7580011112177866 0.5934131038974464 0.7574285208193516
0 0.5641236051907367 0.7374535830485227 0.5518162721114984 0.7411258299516446 0.5473114755516607 0.7525192248319956 0.5325230417918405 0.7614263218911579 0.5407781049278759 0.7646373594219752 0.552107562241375 0.7642134327196709 0.5591991222014556 0.7711014785923337 0.5934131038974464 0.7574285208193516 0.6139342106617938 0.7486475560863616 0.633051569940619 0.7396433623172404 0.6546864411662607 0.728290268738082 0.6541646630961995 0.7121700386214429 0.6505369577671314 0.702232627406604 0.6453198775423252 0.692500675296662 0.6424941769381634 0.6906112420513978 0.5953577919538928 0.7197720255026256
0 0.4422342471808213 0.7367913341541256 0.43918293682116627 0.7473030785749306 0.43425226854154525 0.7552249242183331 0.4183087808695046 0.7583843947629786 0.41946383478172505 0.7641320212774954 0.41376757304343237 0.7668918392973264 0.4228756867246829 0.7973382201877678 0.43653702857478305 0.7949940818164544 0.4820489345027297 0.7834450520098466 0.5309336668961024 0.7616317809960548 0.547125848141445 0.7529479129730237 0.5465543313567235 0.7379325623520617 0.5437188743831786 0.7251755190774333 0.5382664280334963 0.7169771346041967 0.5319719946136304 0.7127032616864263 0.5127369522723673 0.7224742392739002 0.4856860459632778 0.7285148987258251
0 0.5374788640081647 0.6634173850148767 0.546165499830985 0.6756468307621891 0.5475195666981815 0.6895376459692955 0.545592360339275 0.701406396812244 0.5327956869526401 0.710450298409086 0.5130696545300341 0.7219698215495995 0.48603454988552186 0.7281147487418257 0.4432444657100141 0.7357357324975737 0.42663922083769035 0.7365572544961639 0.42018041395711236 0.731837193112808 0.41861141978052463 0.7276062151744723 0.4153097977861164 0.7195221550050578 0.4156124160995534 0.7079143785306385 0.429962035095194 0.7018294483215243 0.42922725769235237 0.6969809983975118 0.4339213396199457 0.6953039644485729 0.4340646244928732 0.6888640729360591 0.44808267600532486 0.6787449448868101 0.48164822996687884 0.6741001333216831 0.5177880766861349 0.6643829600432686 0.5297109879977241 0.6617204892895765
0 0.4360204712810104 0.6258754837903671 0.43138313545760987 0.6409485159004275 0.4307970953637301 0.6523381141865364 0.4342783995669533 0.661316285199302 0.43895328496155234 0.6714652059130928 0.4488292017750252 0.680075412106782 0.48130491411683113 0.6735839181855888 0.5310521542627509 0.6612413367327369 0.535849975761972 0.6588883701287573 0.5422167914377809 0.6607663814631134 0.5501279523211489 0.6560233856758998 0.5589931181174729 0.6512589917985768 0.5637427939139479 0.645090005542773 0.5587801865381827 0.629932917386023 0.5401909892027599 0.6292271920664404 0.5369214643435157 0.6236871449982422 0.5260476971150638 0.6160723064974868 0.5213097696854477 0.6187233100492501 0.49609068366207854 0.6219833910122575
0 0.4014269654994145 0.5979857382658874 0.3985179572931111 0.6121218633523778 0.4000035606663764 0.623090769751011 0.4044549183501377 0.6333195492242752 0.41472544468181666 0.633164028992545 0.4258622849224059 0.6349350498763541 0.4322291005982148 0.6368130612107101 0.4356333099289398 0.6263332382570973 0.47113897085156997 0.6241896436129674 0.4968650063662197 0.621067882078797 0.5235129496586614 0.615380709353301 0.5269696048928559 0.6135068953061612 0.5292679240362508 0.5999083834458742 0.5266603819080734 0.5845487815899588 0.5132166221226426 0.5867962940571395 0.5001471230871126 0.5742160842936439 0.4645698197280187 0.5795796246940305 0.432944372727541 0.5867256531801549 0.41157340349116023 0.5924441548839411
0 0.541237828815275 0.5831739818760199 0.5325523452277658 0.5888324865966941 0.5298786130991592 0.5993707702196707 0.5291888334336515 0.6114363011608204 0.5306861851737755 0.6188872248554128 0.536578148493468 0.6231709298621481 0.5415920495373916 0.6290460764573844 0.5580497093360645 0.6298744567166591 0.5691384038739076 0.6278294579486439 0.5943210925613893 0.6172353746297715 0.6140631735515774 0.6069878580398661 0.6297539588122446 0.6004237752739121 0.6473527538988242 0.5938168963277392 0.6533120594542572 0.5900906663235689 0.6524210965763182 0.5773121401481242 0.6581846713553541 0.5714197927499947 0.6531386731762665 0.5630006330535421 0.646640320994389 0.5640445305276591 0.6390478269920401 0.5584517563910614 0.6292639013833362 0.5526836002463722 0.6063442867386731 0.5602331198170792 0.5822631880377981 0.5691559027879771 0.5761723459762965 0.5758040416006206 0.5556633904481028 0.5786590951652973
0 0.6292470093209641 0.6002854558450749 0.6477998093204996 0.5936571788087927 0.6544105014754517 0.6015173271889324 0.6607099749155202 0.6114052735341939 0.6612415733758293 0.6223955780229365 0.6280964301368213 0.6470145986905361 0.5985993727076812 0.6671359334503064 0.5759995771793481 0.6822376335651886 0.5514318777554981 0.6970840929125063 0.5478190370462062 0.6910278307082138 0.5463890275418227 0.6755669720027159 0.5380018620670273 0.6648277109943218 0.5364168193228575 0.6593247265053782 0.5424403191486186 0.6606865227036401 0.5500680582515439 0.6557253487281162 0.5593203853999386 0.650503200384063 0.5638026879835528 0.6453880424905566 0.5591673478902535 0.6294751629192927 0.5686314543826271 0.6276911385198067 0.5938740371397138 0.617395092148718 0.6146738626144858 0.6064502448136625
0 0.42439208002198964 0.5534792487967394 0.41879666108649527 0.5587661430042655 0.4132463709360098 0.5630505611815677 0.4146928639748385 0.5677943286899582 0.4062628659274656 0.5773817640367847 0.38753251348778406 0.5811144152456572 0.38724522249597526 0.5858200354163762 0.3930509530340305 0.5926230252848845 0.40023710348389374 0.5989328386192799 0.41118577914808263 0.5920621943447221 0.4324920302110877 0.5864229101264183 0.46355590428702276 0.5802566221709768 0.4901868015754686 0.5753452999264916 0.4975446150448542 0.5677848410157869 0.5024905267491969 0.5568118749829912 0.5044620469263776 0.5482166941180663 0.4961573971542468 0.5265248330122355 0.48293663214029836 0.5319057261361317 0.47656841184012405 0.5308930285575851 0.47426004582586895 0.5402661215613512 0.45229662137047033 0.5487704660679632
0 0.6482112945083527 0.6352782482895626 0.655283002945201 0.650834909787358 0.6616975379896557 0.6692566315734618 0.6537276799128855 0.6786796747422507 0.6342873591345595 0.6948309943832333 0.5954760308059136 0.7188892615320223 0.5637638354580983 0.7377809778999757 0.5524738878965783 0.740499350251273 0.5471943704561464 0.7387689122472304 0.5441901824664592 0.7250469092181699 0.5380310878095744 0.7177125954778768 0.5330388613609514 0.7112765373031152 0.5461319061811148 0.7003519401563136 0.5526641233395697 0.696045497603338 0.5765253286838864 0.6822601603028753 0.6284913488994599 0.6475840559876863
0 0.5024930393493967 0.5102463637288548 0.4976611249594189 0.5261470561680978 0.49949071211644097 0.5341716213235568 0.507346511486432 0.548432168118559 0.5262260046986909 0.5419764486285942 0.5517999601355131 0.5342861233015729 0.5937158660326007 0.5204681076134351 0.609410844639273 0.5154393794022862 0.6093275392993319 0.5128656774265826 0.6168568622153721 0.5093078880643344 0.6172432789701409 0.5036736326505707 0.6255386904899047 0.49637086071523084 0.6264490681749484 0.4879459479835035 0.6179104855411748 0.48000408573729675 0.6155424042016897 0.47361827497199765 0.5990338430615422 0.47459856138170675 0.5894260604092173 0.47860963909805926 0.5615857563982263 0.48797747415440834 0.5444777173342372 0.49785014708861675
0 0.5042162357164103 0.5501290555174709 0.5249572333226941 0.5421404631930182 0.5299132020765506 0.5441304253584457 0.5519084378066431 0.5348259155417648 0.5830417340943509 0.5245708814467914 0.609060239294694 0.5158539124172222 0.6174970891631514 0.5157324541688016 0.6195833372458105 0.5239545969969366 0.6224356739321933 0.5284317572519801 0.6275146536093681 0.5321134145854034 0.6310150055899045 0.5516905721271532 0.5822167486303698 0.5679674150275715 0.5777528235697854 0.5727442335341273 0.5656472037488437 0.57620133357162 0.5558224657542588 0.5791328268075883 0.5406950478344253 0.584826606484185 0.5293991163737716 0.5879944327319976 0.5256431469081587 0.5844186569542462 0.5127675443103061 0.5872830239737109 0.5000536147785877 0.574758119916789 0.4985785271393317 0.5706567373375134
0 0.6359737854241494 0.4824389644361177 0.6296875451984614 0.4872914822612388 0.624951068378925 0.49568650373862183 0.617831985932866 0.5019537076462985 0.6166737588875182 0.5086979635354693 0.6141378151240869 0.5099763490518835 0.6151851340760189 0.5151878791056703 0.6181212968690638 0.5145112692451448 0.6190850989475493 0.5234764377219714 0.6237293762248292 0.528520038553172 0.6279734344724954 0.5329618637284838 0.6384288987412129 0.5266198256161703 0.6478046398968544 0.5176844948444028 0.6597213377571021 0.513054688681806 0.6785850713753406 0.5040810453320274 0.6896365228540735 0.5034841626463188 0.7089191840530848 0.49659513131805477 0.7235438723648318 0.4887635729185491 0.7369679035877377 0.47912668755137733 0.7404202064449866 0.4726799775293678 0.7387956088341984 0.463206128414602 0.7299994728515087 0.44028208009950615 0.6760277326336711 0.46217098620938857
0 0.6397092039797063 0.5247759265541225 0.6300457430792257 0.5385098255108979 0.6315241174538515 0.5522614822423013 0.6407248574796849 0.557542271844056 0.6464354155208211 0.5646411765324387 0.6518169880669353 0.5615761395201608 0.662081025927632 0.563621083588803 0.6744716594580549 0.5591943365912208 0.7055906981821947 0.5435070295762389 0.739107924041255 0.5269629328197896 0.7609555103787631 0.5163015761939583 0.7593203325985977 0.5060330988896048 0.7501539185766777 0.47960589883161303 0.7403182755867149 0.47969267666067794 0.7236667613748682 0.48849765551332935 0.7095205330156253 0.49697877509894 0.6890288436511173 0.5037285574269875 0.6783938049495142 0.5041009318365416 0.6595296040232002 0.5125540411915624 0.6491374597718778 0.5162667967379219
0 0.6618668284922651 0.5625552226399495 0.6583556388346253 0.570663967816006 0.6528172628829714 0.5772121842553338 0.6544524406631368 0.5874806615596875 0.65160485098454 0.5924963594928764 0.6552385180438058 0.6020508453460071 0.6616987671087261 0.6128802633553773 0.6744393938071129 0.6123268279690269 0.7103051021132378 0.5989420513725868 0.7587966490580949 0.5759057586379892 0.7640980070538994 0.5677158047173037 0.7799442490596747 0.5574977787896939 0.7781920083673405 0.5470136848645675 0.768667790346236 0.5226491321340538 0.7629704659415104 0.517327461285523 0.741613209893859 0.5266390735527486 0.7050054999059214 0.5448584871055816 0.6754852526050619 0.5599746009595851
0 0.6739212966106206 0.796436124104598 0.6715059532049954 0.812173700955752 0.6680213819924767 0.820855947227826 0.6679871901937566 0.8310944899940682 0.6632824322114927 0.833705004240259 0.6668495787894231 0.8445162449474722 0.6733846169263048 0.8510133287401063 0.6823475135357442 0.8557133561330463 0.7213800765592788 0.8417683644788158 0.791585725602522 0.8059951415902525 0.7989393613186742 0.8061569389189976 0.7952896393753324 0.7758522112324969 0.7897708646462253 0.7657382201079952 0.7810227297646501 0.7586373004639547 0.7322958287502446 0.7746512463338403 0.7043862946817241 0.7832278633214691
0 0.7996099040664817 0.7557154071134132 0.793905978575803 0.7568235573083507 0.7905723663261358 0.7645222050272276 0.7955277545360229 0.7753023078240059 0.8004785619134825 0.8051422024553655 0.8210578136986773 0.7982547769816003 0.9157009406648549 0.7765277038289423 0.91475306085452 0.7596675256283257 0.9110053443474455 0.7410186344059704 0.876218404884154 0.7483336472478714 0.8434702497698779 0.7553851056517672 0.8251211906287369 0.7577570955938174
0 0.6666514636902297 0.7446479177999358 0.6651185206288875 0.7526329144892981 0.6598332802280437 0.7610288117908862 0.6552857387420975 0.76962598770961 0.6523412006159723 0.7757911334667984 0.6541714807705902 0.7848987315056232 0.6634830021713853 0.791333539477387 0.6676944339329084 0.7949421034312998 0.6827674260559286 0.7918812072844928 0.704949681200944 0.7825617516491925 0.733184486627994 0.7738689263977783 0.781673272481709 0.7584048839363842 0.7852045505598804 0.7534246153495285 0.7826132180575385 0.7422647498509592 0.7786444822891334 0.719046490653974 0.7658825814745395 0.7110553861880419 0.7179571821400444 0.7258533169771595 0.6822878423324696 0.7409209099808525
0 0.6558332567923071 0.7029592514652504 0.6550380126458628 0.7111455267717482 0.6556606210976681 0.7281219132361499 0.666500504727378 0.7456315163531327 0.6830893440123801 0.7397048949000848 0.717631910781515 0.7259695252409447 0.7650577263618026 0.7104204124262005 0.7715631535323919 0.7080962471504954 0.7824418097932491 0.6963075156666547 0.7770848323928874 0.6731203943801044 0.7749930836447527 0.662711710907162 0.7667912393830374 0.6600639509739663 0.7511377648414372 0.6689102301761706 0.7129129610312795 0.6886094669753637 0.6681827300505326 0.710632869050262
0 0.7798288005591197 0.709326713385788 0.7791440660433407 0.7197976726796007 0.7857445836462741 0.750907514834643 0.8006267647329413 0.7560662557684649 0.8256812843372572 0.7571436297335277 0.8440336362890979 0.7547189939794907 0.876781791403374 0.7476675355755952 0.9109181881496067 0.7405849392612643 0.9244690755771785 0.7334195081949687 0.9251475525594911 0.7159782886754259 0.9224160994601912 0.6937124901212027 0.8934419184172047 0.6761739846951699 0.8513578175810941 0.6873328963151691 0.8197095721282173 0.6978676843360078 0.8013316394657821 0.70473908687637
0 0.6635316057792413 0.6141398682448352 0.6617424299374457 0.6232041783318348 0.6538279877888251 0.6287398037505659 0.6508016649436651 0.6361398291104178 0.6525355080754786 0.6436445893482521 0.6551115716891986 0.6508484531887851 0.6653996236020683 0.6616159133235813 0.6676895462078158 0.6629040775541025 0.6923768627425758 0.6498715992868466 0.7198729310955254 0.6373401326308649 0.7437593280453736 0.6236911061796779 0.7607125231969912 0.6137226597480927 0.7691719782775495 0.6052842523870154 0.77645475506474 0.5999742992662603 0.7761947977762632 0.591942970333149 0.7719564262827228 0.5787132711572845 0.7682862861696245 0.5728029723946095 0.7651239087269719 0.5694193350776545 0.7596535262300816 0.5758871604669459 0.7100381036850867 0.5996309716170484 0.6750859536859619 0.6121181721050443
0 0.6622825976919132 0.6618268302322285 0.6618957724414609 0.6688856467214482 0.6533537155669131 0.6791589432449893 0.6482067243394875 0.6861130248562265 0.6528359717189829 0.6967959063497057 0.6567579678495525 0.7017135364318233 0.6678731230668296 0.7109819154274507 0.7124352227203847 0.6890434826611549 0.7504136955646696 0.669156256813307 0.7633925271467265 0.6585014389458026 0.7707579057279066 0.6513565966625837 0.7743222255985106 0.6488796022321867 0.7775288692091489 0.6390079832892744 0.7752872634068898 0.6289765616057202 0.7704817458974187 0.6252772725021355 0.764502515365571 0.6123686259602377 0.7201399042904961 0.637545648692175 0.6915084585411737 0.6522881250072469 0.6681821917007624 0.664232554257955
0 0.7646002343370597 0.6117319215396412 0.7712675483048315 0.624695635944199 0.7762272028602852 0.6280389607878228 0.7809309507627648 0.6278629555051697 0.8104046169939938 0.6128195827927968 0.8362726624576241 0.6011706490920529 0.863152182626643 0.5900630394759144 0.8726684639450872 0.585760510425045 0.8809214145406716 0.5819093259701273 0.8835719786773759 0.5782543030345283 0.8904336452236132 0.5730947981124236 0.8910048418750465 0.568076386846978 0.8848674236617132 0.5510117057582069 0.8783280630204287 0.5398076564167877 0.8645704449374528 0.5432182979704278 0.8557009461579377 0.5484933394651886 0.8264902024861767 0.5592302294320378 0.7722233994776933 0.5789187872185947 0.7763489348222459 0.5915870060731883 0.7769887014546815 0.6003853313888808 0.7687508680365962 0.605434700585666
0 0.8915771238909915 0.579907786067002 0.8938600305902453 0.5890217631693243 0.8961801875509914 0.5927062968835806 0.9028998689577543 0.6014387526419395 0.9050588729660237 0.6133050634879574 0.8946893046236764 0.6212223030010947 0.8454123905256452 0.6466505551150105 0.7868105824166446 0.6705959286317688 0.774981160043948 0.6633881110965809 0.7703710804774544 0.6584154131518034 0.7716001262098132 0.6510557002652827 0.774111670478034 0.6489548263315119 0.7773183140886724 0.6390832073885998 0.7797653390113936 0.6276775956805251 0.8105023359654825 0.6121828783722004 0.8366373546240834 0.6007394607327666 0.8623099621447363 0.5903639358732155 0.8719803805091633 0.5857054425623853 0.8806433748037046 0.5850176239737838
0 0.8888652965023232 0.6248075026847055 0.9014764706469296 0.6269216848551223 0.9036203574777 0.6375898109592729 0.9083996912676755 0.6434047293859569 0.9115218531778451 0.6645556217696134 0.9061491896524435 0.6703867427383084 0.8927864980909255 0.6757625654163973 0.8507429586120847 0.6877743113771214 0.8007134417326301 0.7038427578540736 0.7911256251621928 0.7066663620024399 0.7808305573428295 0.7037247147394449 0.7807136705583388 0.6986512356113396 0.7829582416315889 0.6963448456162585 0.7769970935482313 0.672296572137593 0.7809371721272911 0.666074575282943 0.7872881107320918 0.6707262205937538 0.8452018354051687 0.6467257792143358
