0 0.3075164687676021 0.26251131978631886 0.3063973632545104 0.2669035885007667 0.30794338630076223 0.2761520964325607 0.3144633994848124 0.28268686832706397 0.3284090725994243 0.2845437550785017 0.3436865564388248 0.28724041053844 0.358404864299121 0.29292737580568856 0.36085879475653415 0.29572827940043117 0.36576062723229474 0.28862327938853677 0.3755034378450263 0.29384727889273127 0.37369039903200496 0.27287473240706084 0.3645711934644581 0.2670197692157537 0.3466184625547062 0.2635995295491996 0.33624657896548227 0.2617396285782291 0.31424315872428354 0.261571321902391
0 0.37620391492867306 0.29328609343393847 0.36534049169308336 0.289277660843847 0.3613495808480167 0.29628846011937976 0.36759528092669713 0.31543684321874527 0.36885945531874725 0.321415453353677 0.38932589517229244 0.3313954628997904 0.4174329608327459 0.34669467742630417 0.4214945222300837 0.3408984403250301 0.42527574208298624 0.33500900722723864 0.42625203938176914 0.32501091236392854 0.40325951140877325 0.3078387352484689 0.3884690458864394 0.2977605060066168
0 0.42602878440170755 0.2975419623385657 0.41804997693110707 0.31791696449032103 0.42428889501583866 0.32277018948813446 0.4259716978373338 0.3249177163674111 0.4270269347921031 0.33360604358025664 0.4322121230318318 0.33294764316556946 0.4613714114275217 0.3505817813042389 0.4719537395637929 0.3529086669976406 0.4835146256634965 0.35000251052824943 0.48679903098585087 0.3308460895101299 0.47453163936343495 0.32160662423693415 0.4654893058343501 0.31582143927394696 0.4544146844968299 0.30975767106125196
0 0.48484417572363553 0.3460772265362328 0.4799438503576413 0.35635892834847205 0.4830313751208458 0.3653258388110254 0.4860674710694893 0.37533732111204215 0.5056744181069016 0.3843669595560539 0.5190609152424093 0.38921415611480176 0.5346901447333995 0.39480692064568856 0.5367885617648069 0.3867699606686205 0.5390305405654062 0.385927177740587 0.5470183906946051 0.38461238639090106 0.5477105786745367 0.3665793410302114 0.5158207860514143 0.3539928578011442 0.49381435159068277 0.3474711475246164
0 0.5468086997024411 0.38573375256864245 0.5388656742423117 0.3861688241897138 0.5371013028089058 0.3866931627303852 0.5357327154288563 0.3949030687433292 0.5402464906703166 0.40373543394413797 0.5435035401794008 0.40859519584756904 0.5557801280365385 0.41423162609813496 0.5722146650092936 0.4225833716586241 0.583039797792193 0.42707075516034027 0.5927655064049177 0.4285265334624951 0.6013135617576756 0.4273690528874692 0.604524749660923 0.41821646201147344 0.6053402514254146 0.40137999042844036 0.5709444451550356 0.3901677164800126
0 0.611058987115091 0.3877287709491603 0.6052212210254915 0.3984521284268567 0.6069952913590001 0.41837123342582205 0.6126829246386478 0.4218172491622147 0.621898035711181 0.42154805170339893 0.6366842798112916 0.4271300802071232 0.6470778875264092 0.4312518323680654 0.6520988867775904 0.43469841035953655 0.656059576403493 0.4349042099902562 0.665275109167335 0.4355238579027289 0.6681338444752098 0.42736498010615603 0.6696572032696081 0.4147629999632972 0.6392199781685877 0.39931229878914626 0.6225499105438391 0.39043790145322094
0 0.613035798925329 0.4217123814540804 0.605898397336678 0.42067270045399213 0.6015099778647729 0.42810087782409556 0.6019448764630253 0.4355772721351779 0.6032016021954015 0.4395498754325556 0.6079841189554278 0.4362518840495706 0.6166924277095488 0.44225731917138106 0.6212423656567435 0.44465859361197974 0.6222635607371264 0.4481085451339213 0.6299897889557605 0.45045485557259995 0.6414823991497438 0.45671936756181486 0.6503080515385529 0.4620972832000548 0.6651325668009419 0.46569244780001195 0.667598469894622 0.4560699201301863 0.6700643729883022 0.44644739246036086 0.6634346171006813 0.4409107696222234 0.6518637778169059 0.4350646039553889 0.6472738819421977 0.43109481193340327 0.6360567603277212 0.4269214693010115 0.6216629267504964 0.42191424529925126
0 0.3074377029130362 0.27604515966801374 0.30092013282706365 0.27387847602411236 0.2965390342234775 0.28449243850240646 0.29566672262178945 0.2948528053491184 0.2995565768846864 0.3053762464957676 0.32004881592940027 0.3111235962962337 0.33928834992505275 0.31787454760501704 0.34937922894352846 0.32371421557346325 0.3555836227672357 0.32613179959444394 0.3636650527236578 0.3227831670334385 0.36867722054715457 0.32160930387984293 0.3670447958643457 0.3146764114896023 0.36139684212555834 0.296468275239642 0.35751035693078986 0.2930461912921765 0.3441613666829536 0.2875434529416164 0.3278062886055456 0.2853015210749197 0.31571202484764777 0.28305599553555255
0 0.36955492265784834 0.3226111085518249 0.36297552589577353 0.3221989307111436 0.35733767936137184 0.3252948660587344 0.3571521993330652 0.33055838346839433 0.36166368942511284 0.3306381237820277 0.3609775316653571 0.33715524465891655 0.36248562918233584 0.34617687721576035 0.3849234691721239 0.3586062190293878 0.4111846200533267 0.3733716077140273 0.42377754010179647 0.37010271546665524 0.4251525508758108 0.3627495594722246 0.4185657421638531 0.3467143957933391 0.38904580623966395 0.33086566528674893
0 0.43240732437962986 0.33392027339862934 0.4259536024106366 0.3342598982710183 0.4180643906187782 0.34654772782073123 0.4261552539659604 0.36308289541744015 0.4446434344576264 0.3710041162071486 0.46557452455768705 0.37725236834360576 0.47616540749398617 0.38041816140498624 0.48192758119421797 0.37523348589079214 0.4834887458101646 0.36403708392653833 0.48060294226466876 0.35668752160477823 0.47226746746758064 0.35285146298029607 0.46136340826901623 0.3499365702959949
0 0.4923934631510612 0.3790677476789391 0.4821157564770274 0.37565105424047923 0.4765410842459794 0.3798330266645236 0.4749785720027813 0.3881888857491039 0.47673599766504604 0.39445330941257817 0.48281269525479464 0.39185827640097837 0.5043728331338888 0.40328581354262377 0.527184328434793 0.41086920629627843 0.5396562903855613 0.41679041141469336 0.542408333374467 0.4063449137453423 0.5397127265526578 0.4036737340927794 0.5362623971587334 0.395071466721958 0.5195921213781828 0.38881962091283045 0.5056799529091696 0.38490472039288237
0 0.5427853577537117 0.40860032188455325 0.5389674373713026 0.4176264465322352 0.5375305999211861 0.42673410832988573 0.5385671533159303 0.43630373328054933 0.5440515390752874 0.4360021491729708 0.5590907378002804 0.4381616454715312 0.5864755498693344 0.4440702727355994 0.6017654243668649 0.4463131030204637 0.6028279326922396 0.4406311188429491 0.6020732101201245 0.4347000311246904 0.6007546355132066 0.42893650979720715 0.5927968589089889 0.42877613075177273 0.5827080013313904 0.4271972771028368 0.5733698234441527 0.42302788253313905 0.554818468649133 0.4140206246669771
0 0.6079637538679407 0.43594824408291366 0.6030154341614233 0.4396284157527995 0.6018904253463206 0.4456446342936973 0.6049025774985239 0.4551662707683645 0.6045947917452643 0.46677934266413773 0.625089726044481 0.4782077782239507 0.6400697933478746 0.4878028660850781 0.6467110167860517 0.48646053812253953 0.6573025735359764 0.49104660262375677 0.6602441394349432 0.48385921618376626 0.6639357112106449 0.47266101738317734 0.6579813193458494 0.4689064959086638 0.6505221990322035 0.4632316990764902 0.640994498234905 0.4558041932774319 0.6304654419747081 0.45088389441283133 0.6220681405015177 0.4488023415915691 0.6212515912533004 0.4446257596765304 0.6167387535340014 0.4417054764832236
0 0.6473373693105824 0.4859587373683809 0.6606870333720443 0.4928817471587777 0.6589383672869139 0.5050808522131811 0.6569370039883689 0.5129358089617705 0.6512971360130901 0.5117709299898511 0.6314299018656555 0.5026812365555529 0.6026606456318272 0.484241965128201 0.6001511926519503 0.477727539505815 0.6023420788605561 0.4731306939865863 0.6043441159727269 0.46669600867783384 0.6254029023067462 0.47795687784687146 0.640759320175759 0.488387102407373
0 0.6041653740806774 0.48616224048586104 0.5943305613437447 0.49176807802241274 0.5904494666579821 0.4997081655936411 0.5901403332774711 0.5084806946097409 0.602989319607484 0.5166573078673667 0.6296241257998029 0.5265767474920334 0.6541903515084688 0.5347434781498154 0.6561271928764087 0.5229619414450991 0.6579397070785185 0.513269144906986 0.6320569282038119 0.5035997072412309
0 0.6021417749324838 0.4471482397198379 0.604401225953449 0.45499960279575663 0.6046572922349922 0.46644510830075453 0.6023420788605561 0.4731306939865863 0.5972687581745829 0.4774793343832386 0.5873042277628145 0.4738117405676994 0.5416825847882577 0.46148549794006355 0.5377322514765099 0.4555571054763077 0.5369741598362663 0.4425246605588653 0.5400926296165496 0.4388038459308862 0.5438008633027499 0.4359188151866669 0.5585268857654776 0.4383292118623066 0.5869769014144092 0.4442369407082072
0 0.5296539246883907 0.4575222233932668 0.5420898942171067 0.4602186059559343 0.5932736164615954 0.47483765622963686 0.5945599812035761 0.48381436127859295 0.5936049569588323 0.49474019710944694 0.5891263783686765 0.49977973062231723 0.5843899830328574 0.5011066783041913 0.5695051897136191 0.49779051231286986 0.5422948400111292 0.4883820883236945 0.5279212056965191 0.4830597239195577 0.5262229361841968 0.4790496217024902 0.5251927017753968 0.46637574839576884 0.5259578914215592 0.4601017457506507
0 0.5315714311714135 0.4860866341156356 0.5288855231059442 0.4917221182440738 0.5313229075904313 0.5019622784400094 0.5396793234317331 0.5074604215091459 0.5562606653068715 0.5111592396887626 0.575434202617684 0.5140877053529497 0.5827638259630307 0.5141668751729093 0.5879145699521227 0.5091694506394383 0.5876546880587524 0.5011039247739154 0.5692490939243782 0.4977053765106459 0.5434472710627133 0.4887651994337025 0.5329792696296696 0.48510390101635864
0 0.5309075263633048 0.5034562852743428 0.5252130090611815 0.5091796587352809 0.525732084465353 0.5238597304548177 0.5439811466921178 0.5346413414006804 0.5607863142393785 0.5378705359029273 0.579062827905279 0.5390500462478214 0.5846646651514606 0.5403682744171553 0.5906152782428249 0.5347300367584412 0.5912517316117979 0.5269624862007023 0.5889111574786663 0.5183866044435482 0.5838204792371129 0.515062177861399 0.5746343335154117 0.5147285184781928 0.5559410618572469 0.5121410549446143 0.540095737232713 0.5081428846920757
0 0.5360942427100214 0.43935270922244074 0.5368645952254512 0.44396105666363933 0.5381842281144639 0.459451295269442 0.5294131194286047 0.4568981390461478 0.5247738786354255 0.4606148551725578 0.5053109428444001 0.4548700242092896 0.47288427634472774 0.44717303577713435 0.472624050260073 0.43838201990585696 0.4689103171247952 0.43642206076785484 0.4708275936312572 0.4298056792269902 0.47495292188953203 0.42229124146736 0.4946393391613954 0.4268409587475039 0.5162471632351346 0.4334801745558366
0 0.5251899482451209 0.46057182834973326 0.5249685319119899 0.46611988206738414 0.5263513282701018 0.4798176796093567 0.5281134496340921 0.4834863207741029 0.5283393404539214 0.4873696371312597 0.5131991397280111 0.48541931534922317 0.4961052620831065 0.480824735559404 0.4841013742971862 0.47810360234022514 0.4680950432783443 0.47205712469547173 0.46722822460284363 0.4665099888212461 0.46437786823022154 0.46284226549992513 0.46850491744491884 0.45895527776906714 0.4740370515875964 0.44828163689289663 0.5048948732347047 0.45491305103211427
0 0.4668475228318271 0.4736371851754546 0.4623428695676737 0.4911807793123111 0.46586470295666305 0.4934396316015226 0.46702195268623004 0.5039796027920926 0.484690152804862 0.5047755431052663 0.5131782279232807 0.508805726059526 0.525148813018229 0.5087956297818477 0.5307791342774 0.5026882273674765 0.5285652312737508 0.4912529534884165 0.5305158104711848 0.48736780144440917 0.5290101290877197 0.4845097860876413 0.5283074145280875 0.48754036765742037 0.5130072399817227 0.4857182085004324 0.4966174536615883 0.480995007163852 0.4833330869294635 0.4778481949335532 0.4677105554031984 0.47120393098638136
0 0.5244127957676248 0.5090949818547695 0.5253479407814917 0.5237320267514817 0.5243891304326184 0.5266774725190368 0.515941411300513 0.5311228911031899 0.4955203535431833 0.5297744859189857 0.4675781168855029 0.5293712940717855 0.45730304777260106 0.5275875725204957 0.455956996018306 0.5238759045329248 0.45464252599856053 0.5192680160134389 0.45393430437837645 0.5106907574911468 0.4647208766871911 0.5111937706353756 0.4668945931741785 0.5053880149024895 0.4855542179500868 0.5045187589334564 0.5133704718608536 0.5092323229140713
0 0.5258927466683765 0.525182547841278 0.5170296463091446 0.5311219732597646 0.5244581451535537 0.5372183615530323 0.5283988016825144 0.5452381070654547 0.5408520617691019 0.550647442958666 0.5628450621005561 0.559590832487598 0.5718087589152727 0.5632960755711919 0.5826245036196454 0.5578244381432246 0.5839025732268586 0.5531716871140633 0.5827442909234383 0.5404552459062298 0.5787748061902039 0.5391356409717581 0.5612023838490738 0.5378275090801026 0.5435331511565884 0.5348550987496656
0 0.590091097024172 0.509122824785811 0.5846250583427415 0.514487371375561 0.589081179016407 0.5178154653348646 0.5913306117626251 0.5263604937235623 0.5914067545542757 0.5341830393869645 0.6090471115004049 0.5410733043808602 0.6233209136394932 0.5511533980195941 0.6341873634123303 0.5547658116460703 0.6458489336349044 0.5549491268602583 0.6491424612655915 0.5505038792096115 0.6509455524635329 0.5342776860872737 0.6296469214568599 0.5263764645471808 0.6035670525501384 0.5168857810114384
0 0.5913345062817461 0.5345694020455544 0.5848546550734297 0.540417680862366 0.582935791880364 0.5416264921608033 0.5844266177650221 0.5542283284646935 0.6010881179647937 0.558946471859758 0.6212641745838743 0.5670900787825977 0.6347393512060165 0.5732112533438267 0.6447011397645863 0.5783696368738782 0.6451672484688192 0.5684702621032518 0.6477351777589142 0.5613215143809088 0.6346946591276854 0.5553448363647387 0.6232847895032284 0.5513465793488889 0.6089383496396985 0.5408319575365456
0 0.6452806837524709 0.5785622989339569 0.6424637800276436 0.5952722242833564 0.6302238341729212 0.5973589195056872 0.6095789426862229 0.5933684515280794 0.5931699219883926 0.5864771479957515 0.584547842086916 0.5807381819393831 0.5836385074497032 0.5724334618565677 0.5838171808714664 0.5673631010490973 0.5803399169441585 0.5662071286886248 0.5826903225128408 0.5585756872776527 0.5873247271563574 0.5560125295972864 0.6009071078315578 0.5590914876740333 0.6220247287049948 0.5671377250284012
0 0.6362002841850036 0.5991405242921993 0.6363125511129191 0.6067698886263068 0.635376439185332 0.6183597298455675 0.622191034557132 0.6123348863143779 0.6075206458229556 0.6060215689622862 0.5925255293143086 0.6022677744060477 0.5795592062151698 0.6000091878922839 0.5804254065816998 0.5937310543248085 0.5806394252359036 0.5868257305236445 0.5841127946440905 0.5797727945621248 0.592735263997479 0.5863326514506925 0.6094340566892518 0.5933202860130598
0 0.5789074139547556 0.6002028884907951 0.5750351212400079 0.6060972557457617 0.5730451781301491 0.6101551021993865 0.5761973248310741 0.6130497065235129 0.5793152946552949 0.6202419463379302 0.5789913457846484 0.6244432507981817 0.5905095878178998 0.627861963826147 0.6074259042310852 0.6353322920771435 0.6228203334982053 0.6410655461721343 0.6295204345913192 0.6414461968693465 0.6346633033059275 0.6419247364042465 0.6361797381252233 0.6321693389094629 0.6385289753381691 0.6220752250018932 0.6345079021073293 0.6197125184198479 0.630884973279226 0.6168665988799572 0.6220100244238961 0.612479902128653 0.6073757598259846 0.6059734034472665 0.592779177171986 0.602557286765382
0 0.6335784108622482 0.6452575037864953 0.6299609343609145 0.6539040558973938 0.629097070705857 0.6651075344580648 0.6139209440639739 0.6614987557161014 0.5917899001155629 0.6547571414209941 0.5811405846122264 0.6508065306509477 0.5702356739916519 0.642461953360571 0.5691095945368505 0.6353163212535249 0.5737078750441023 0.6329463449024536 0.5766409402159661 0.6320746922091539 0.5788468492395894 0.6252159761153613 0.5904008259571933 0.6276206169818326 0.607787924497557 0.635042260448593
0 0.6260909783576395 0.6647237681455557 0.6256963390221119 0.672594998593194 0.6254846570793807 0.684425667387553 0.6183506768991776 0.6855423018096802 0.6045146483662996 0.6821738313735993 0.5896282937183588 0.6786613836616754 0.5758645134580105 0.6749065505670045 0.5648166641000253 0.6706182619226042 0.5635103534158121 0.6652594272942319 0.5619127129300083 0.6565206983070232 0.5676331783729405 0.6530874457410056 0.5697672285759463 0.6474359831380021 0.5708163863352729 0.6451172879172473 0.5809599639309027 0.651772437297422 0.5905585638672641 0.6547581799594263
0 0.5270925605236518 0.5448122931739944 0.5228586369943444 0.5518175828897106 0.5155102487080253 0.5590186502808024 0.5180144976676573 0.5703158635254321 0.5189941333178391 0.5741297667886616 0.5331207127484834 0.5792363499191804 0.5535842046500337 0.582550942878864 0.565790752531876 0.5864036648112225 0.5808204353691395 0.5866807147093693 0.5837146502413538 0.5802560075199702 0.5839286688955576 0.5733506837188064 0.5839620668684377 0.5674112665641169 0.5804848029411297 0.5662552942036445 0.5736025233590435 0.5635569868241098
0 0.5183423410574249 0.5743234673871725 0.511320627805137 0.5830694661434074 0.5110339714264915 0.5895402617709616 0.5131377392719142 0.5963953429802412 0.5206722005663268 0.5997208405934641 0.5365005089205361 0.6039568095691156 0.5501194031839133 0.6076634771487667 0.5631575851036694 0.6087148101717412 0.5739486709886802 0.6061464597992136 0.5790880346360794 0.5992369818443207 0.5806759388240805 0.5874534400265489 0.5660805245258185 0.5864999958412619 0.553873976643976 0.5826472739089034 0.5334831224668675 0.5797672091228292
0 0.514043568841918 0.5973120455732638 0.5205277040212677 0.6004935659106436 0.5365731466449777 0.604391337742725 0.5502642891808844 0.6077116426637863 0.5631214609674047 0.6089079915010362 0.5720671002876158 0.6096247622649538 0.5758349151126901 0.6125188473198641 0.5796046771973251 0.6195173865357704 0.5785205636574702 0.6244919355824177 0.5762427958132295 0.6325579051669991 0.5676591767594904 0.6315511027745312 0.5624813522643538 0.6337284170655237 0.5413303334180368 0.6316215968658453 0.5166286340161459 0.6262824944676862 0.5141655720676362 0.6254636807123517 0.5103596858467364 0.6186583228257403 0.5077474539302222 0.6087615444011946 0.5098088664087865 0.6026755536245815 0.5125609214474143 0.6019489167455571
0 0.459667938746969 0.527992542559074 0.4545061541690062 0.5355559783777176 0.4552669234161101 0.5458020926603683 0.45842008613477125 0.553274525650922 0.47429598545832263 0.5571246664636421 0.49319463983806716 0.5591244821523141 0.5111467357442467 0.5575975244761803 0.5150525389371228 0.5581821588475244 0.5228607583341713 0.5522122972144375 0.5270145062949092 0.54431375238704 0.5227904740198818 0.536842222593474 0.5161112153341557 0.5324803862977464 0.49557484015029113 0.5306499315074267 0.4677950646239095 0.5303374024233641
0 0.5150525389371228 0.5581821588475244 0.5180841001639458 0.5748935727004916 0.5104035788384023 0.5844748881475602 0.49566273680584005 0.5831434840824209 0.47235561572008833 0.583247131668338 0.45975583540251785 0.5804860951340683 0.45068350584749384 0.5774701140552826 0.4469628144833381 0.5687383126909383 0.4457007365185848 0.5640359482045308 0.45061186673772274 0.559244387284009 0.4579789007653001 0.5527709589408035 0.474611504949511 0.558300257585244 0.49458035148788104 0.5588713440017732
0 0.5102144026232374 0.58405509868963 0.5138742932414739 0.597406390485181 0.513371629728343 0.600094488131114 0.5047438725314938 0.604721204138222 0.481120554556813 0.6022214345273821 0.44696593162807696 0.5974140631116232 0.44366585876350306 0.5903326471105154 0.4415827571847503 0.5847438611786029 0.4496813562803888 0.5865294184167433 0.45300956896666733 0.5854597138283918 0.45054129113019975 0.57756675417588 0.45979266546870684 0.5804609125297829 0.4727248144428043 0.5833092905305851 0.49560967554990326 0.5831192852924934
0 0.5048699988618071 0.6048761837960115 0.507624577456927 0.6090560986958142 0.5104780315511095 0.6192532320689251 0.5146421695609081 0.6260778638982233 0.5152195897561959 0.6288086344733678 0.511251825979384 0.6311164795676683 0.49681468400439055 0.6268610662216072 0.4900937183975967 0.6278909564391225 0.4713372832703329 0.6270959339693741 0.45782943505737006 0.6251442354221997 0.4479700913628792 0.6225919970423308 0.44431780074027794 0.6152121468117263 0.4447633869368159 0.6099199594224599 0.4469336615109585 0.5968593036320294 0.4812796696647998 0.602292850557847
0 0.4970707797936315 0.6269462020238312 0.5007858896940472 0.6318081211848511 0.5005641291696317 0.6366306848967477 0.5006022505385865 0.649518774474167 0.4951617638779971 0.6509743437028024 0.4896574253657398 0.652771373983759 0.47515884087806975 0.6539358517303 0.466101431433558 0.6550957402597147 0.45518646703883836 0.6538246692086195 0.4467044126419075 0.653362388278652 0.43940637103111024 0.6523869979267773 0.43591577518538593 0.6485064350998965 0.43053294493334376 0.6365617231726307 0.43181204711441046 0.6340854421607327 0.43927006254566214 0.6349326698875588 0.44070707339947635 0.6279752862160856 0.44281728222608024 0.6232364815412752 0.4475543659444683 0.62336051387091 0.45773331308858367 0.6249309369949271 0.4720736447122217 0.6275220719022068 0.49047786208145805 0.6280186601424584
0 0.5138738821931854 0.6258224564915512 0.5412105588338734 0.6316459983530665 0.5626882698652852 0.6338897062257605 0.5679038982798986 0.6307272906572315 0.5743062930109216 0.6328556857128311 0.5693464161942646 0.6353777470778296 0.5704058229986226 0.6420769698123548 0.5698963849504167 0.6477106182539424 0.5673065988537339 0.6535594008096531 0.5616107047864727 0.6563808142475734 0.5392366584927175 0.6538391310670956 0.500984329074741 0.6452935381429764 0.5008809790889802 0.6298449495948604 0.5027048871569317 0.6288191896727588 0.5109957301901432 0.6310313437654442 0.5153799077679349 0.6294059618540736
0 0.501016255000575 0.6451228076168157 0.500986394222448 0.649646478177503 0.4948098903112543 0.6514013994790602 0.49391527600533347 0.6547308742000484 0.4984628693164244 0.6602322297211736 0.49894520011677923 0.6649261718863088 0.5015373955524535 0.6641558193708792 0.5053482832303712 0.6685055469534174 0.5168725937462126 0.6723366580534965 0.5255156545374513 0.6748472463756787 0.5397286266490379 0.6788467933933552 0.5484029249835417 0.6797356711778679 0.5503222666377108 0.67747222967153 0.5532028279797443 0.6773417724379183 0.5589965649722145 0.6783611074560426 0.564274668473358 0.6719552708121747 0.5634075056065729 0.6656826449321946 0.5619313408099506 0.6575754690089851 0.5396849982195314 0.6543508637238648
0 0.43687768325581955 0.6520903993841314 0.4323029826968774 0.6569166344697291 0.42952405038418195 0.6688682302226847 0.43218526054079154 0.6786387667412503 0.441693763242393 0.6837945309146405 0.46070560577632863 0.6832237091751039 0.47946169671230787 0.6832932416390979 0.49267945806248886 0.6809775948756823 0.495910172014843 0.6767926318370404 0.500899909609627 0.6697468999113547 0.5015700098608564 0.6654360688562274 0.4985291305070838 0.6649691987091334 0.498398673273472 0.6598482007677404 0.4941071757516219 0.6544319810488392 0.49036151669051015 0.6526427524369977 0.47499921124889977 0.6547895043611032 0.46600565365605606 0.6556079318381965
0 0.5054763311249917 0.6685481148545293 0.5015068463917574 0.6672285099200576 0.5010598834300815 0.6696187372863062 0.49277592422255984 0.6819163833087094 0.49607565289584926 0.6882723093040628 0.5014234595004969 0.6938583417056994 0.5240882810396028 0.7021183502082762 0.5397739760349669 0.7069701730916179 0.5482251370799172 0.7097796545650094 0.5583065854901081 0.7082348192387361 0.5601895267317448 0.696710738183751 0.56008893027626 0.6870660696816707 0.5547425004367502 0.6843819973030519 0.5522114033224681 0.6790069687201249 0.5487551427415691 0.6800341054073643 0.5392487051876745 0.6792312812685011 0.5260278461159332 0.6750175179801267
0 0.2180788459396994 0.7027117565233665 0.21445598878879452 0.7078063082510324 0.21451304003670474 0.7261743157674244 0.23143287498435572 0.7301559028911265 0.25942401622131017 0.7386396044715696 0.28359632285884595 0.7466753817223027 0.28296381444337915 0.7379752572627597 0.284843666520968 0.7268239397336708 0.2790433525261248 0.7270866291292429 0.2696657970484676 0.7267078424756438 0.24433218009416474 0.7160950719811273
0 0.289046139232091 0.7208266086921483 0.28271442434053407 0.7217342394641101 0.28174961127136344 0.7257953602455768 0.2848918811844724 0.7265661017962038 0.28315719289647945 0.7380395434807655 0.2863497566694235 0.7429349989654216 0.3026443603887655 0.7535553931798172 0.3268654014888884 0.7624289704609574 0.34547794765002027 0.7683426094520532 0.3476486471058836 0.7589311782017841 0.3372051710403027 0.7532684464937195 0.31878340433685765 0.7419409038812591 0.3086769111167249 0.733377668643051 0.29595954888019693 0.7233987504778266
0 0.3612245169020022 0.7445475300708687 0.35436192091281415 0.7471957401870938 0.3504015611173785 0.7540951574770288 0.3482827149185984 0.7709182165649494 0.35514790990319994 0.7737481962880945 0.3710044232583407 0.7779240281967015 0.3890834893264281 0.7801000566926906 0.4016027949181115 0.7801539469290425 0.40807811420201634 0.7762815264089316 0.4154731506860835 0.7751796508520652 0.4210774872324129 0.7693744853991168 0.4196242899392059 0.7628663299407655 0.4102456948633834 0.7602962673514182 0.4024602628795368 0.7536001046971544 0.3845740554654671 0.7503927244512972
0 0.42200249040422577 0.7681553897795877 0.4388725512911243 0.7691079009371345 0.45230884573211294 0.7676946362502702 0.4631547337621162 0.7676464042053386 0.46869510697612077 0.7679934905949422 0.4744715994868962 0.7717407174733292 0.47596878237109763 0.776390493987693 0.47803090834530826 0.7804824031315111 0.47407366734436873 0.7939556482286907 0.4689514774330833 0.7971824343069684 0.4550800820669459 0.7999654544481976 0.42979935796789165 0.7989555877270806 0.4116223031755474 0.7940083212024035 0.40156558401616715 0.7884741619303505 0.4018517532026974 0.7803533064983038 0.40808547936999745 0.7766744376976543 0.4149973296208553 0.7759596655797102
0 0.21197780838401054 0.6804174382505117 0.2124719103979565 0.7030387321369447 0.21706321921161087 0.7015525254029301 0.24486358099087852 0.7154501306047379 0.26942420393186295 0.7269013941951048 0.27928494564272943 0.7268930774097817 0.28131463970165843 0.7259246257470323 0.28252104588743376 0.7216699532461042 0.285226265034507 0.71818740842669 0.2844003781659399 0.7094229977491412 0.2639986914643183 0.7020929827655854 0.24340362630959655 0.694698681564024 0.23218767602977985 0.6909700809196838 0.22121331886656798 0.6870479285558826 0.2172954559447271 0.6816374902617359
0 0.22797064894434144 0.6662895488607324 0.21922144348948952 0.6658457829236838 0.21593868797852894 0.6746136589284507 0.21724724128122264 0.6818953281992032 0.22164829043627293 0.6869186630544272 0.23199429757667966 0.690905794701678 0.24301686940339595 0.6945701091280122 0.2855601290854589 0.7087130770893023 0.29014831910461714 0.7006530425480436 0.29367318753126515 0.6927872527916895 0.28738656850871647 0.6868632178189397 0.2825023331204568 0.6822269864026381
0 0.29686523150512656 0.6965870703084714 0.28918142683911574 0.7003316114580143 0.2852215868427627 0.7083266667158236 0.28595156418340373 0.7187023912361806 0.2886593823258905 0.7206980362561367 0.29644273511340624 0.7230116470389042 0.3086769111167249 0.733377668643051 0.3190732121169667 0.7414895142243308 0.337398549493403 0.7533327327117254 0.3481800480025973 0.7582862368253949 0.3503072109867005 0.7589933852234593 0.34986964042158203 0.7536444608855444 0.35484562694510624 0.7479042747160455 0.3564864849015038 0.742424698745788 0.345801935518401 0.7380511567250584 0.34337924696427913 0.7257433803373076 0.32282875787948284 0.7104217754231605
0 0.4117333132481277 0.7447871847063778 0.40405780588264206 0.7503462150419432 0.4032356840562209 0.7547426824372149 0.4101356045695909 0.7602315803768643 0.4198969145268043 0.7622477170590324 0.42098471809472665 0.769245334497469 0.42271876629168603 0.7668724675660658 0.4394637369837551 0.7680151270884926 0.4745132488265372 0.7659033567562661 0.4739898156115912 0.759830689419236 0.4735524550499122 0.7523119711976349 0.4512540518585529 0.7493231433632449
0 0.46968373685513826 0.7355418860165415 0.4741093616211884 0.7375046838116193 0.4748063396017372 0.7436350439083981 0.4736389941895355 0.7518491851560274 0.4507334175617444 0.7491500650839983 0.4180237278932847 0.7456494661935688 0.4068740598112487 0.74317178743341 0.4030062745891873 0.7283682319382443 0.4082526217225897 0.7229847678091588 0.41558383847500735 0.7232099410118792 0.4303802790664838 0.7318154919415835 0.45935945600401734 0.7355505937618583
0 0.3472588671517203 0.7179463678233778 0.3439219789263051 0.7249477171526646 0.34566349090496473 0.7383070877086837 0.36189015973200667 0.7441929931666832 0.38501441664063724 0.7506514723495129 0.40310494237407346 0.753470331813698 0.4042741537317003 0.7491892499379245 0.4110396006720727 0.7455396785103462 0.40674331812910125 0.7418994368098933 0.4027024546277933 0.7280214533979429 0.35498044300515513 0.7180555335247919
0 0.41909100606153143 0.7093834305415939 0.4203532873677692 0.7184052704257073 0.4169721965998299 0.72367148308987 0.4154535632792161 0.7229208552313265 0.4081656160966102 0.7224642890078026 0.4024856402923788 0.7281951536589979 0.35042500952967015 0.7167869147921255 0.35024819935957346 0.7098463681316295 0.35007092270312057 0.7019225566281694 0.35306165437004255 0.6967723514653127 0.35679076764190004 0.6935880540065754 0.359695426655555 0.6898838997282902 0.3661161164965031 0.6910352669960339 0.39679027043839077 0.7014782784923845
0 0.3615499538348241 0.6671515568751979 0.3587336999062174 0.674325984483731 0.35422340194596913 0.6767590321021165 0.3552246663742683 0.6842194355821607 0.36650647559752036 0.6909192594947279 0.3971373599695964 0.7015936640118823 0.4196981794979632 0.7090937227792331 0.4228619894441318 0.7030179455331614 0.42428801930249077 0.6914489164747817 0.40771519391695576 0.6874141551832121 0.3839818976264684 0.6773123243908877
0 0.4245085655287554 0.6991413349574379 0.4230355342097346 0.7030756382929102 0.4192217477436789 0.7106557811651105 0.42061337127299525 0.7180001771438486 0.4261281990660366 0.7299103869062545 0.42998991996546654 0.7319314994428896 0.4595330007696202 0.7356082865216073 0.4699005511905528 0.7353681857554867 0.47454159083294845 0.7342074887606177 0.4813084372323897 0.7335077118619312 0.4871186882324123 0.7280659329912885 0.4904574424032524 0.7249976430338574 0.4918411356645123 0.7156265366822092 0.4904062425653843 0.7085135337242748 0.4850254218589843 0.7047585284861327 0.46307644063061193 0.7068014103860598 0.4280692653849289 0.7067152580115547
0 0.4326977098957055 0.6790064102566604 0.4289709290556294 0.6871070319302172 0.42372411543587074 0.6915072312163387 0.4246383742381903 0.6984471558950265 0.42802599581511724 0.7069466510323585 0.46320671582640316 0.7070904961666126 0.4863267743578273 0.7046995917627671 0.4945680515353581 0.7030153060575001 0.49759878736759794 0.6907508539730923 0.49282280766584846 0.6817898167577696 0.47967947396798327 0.6830733630538366 0.46024572562496113 0.6834946278627124 0.4415494259141619 0.6839152706897798
0 0.29159764614286093 0.6666374889960168 0.2821881338882156 0.682372094130129 0.30659601236336187 0.7020732580875789 0.32272271274410647 0.7098595769185421 0.3436567212471378 0.7254417616265391 0.3477432213279251 0.7176383944990216 0.34997137312683024 0.7024805721844812 0.31229189674762237 0.6780979667271118 0.29407015888010546 0.665303709879914
0 0.2209067498078397 0.6328974559937053 0.21711307369394245 0.6564272450729887 0.21973199841463203 0.6629566769327688 0.28209274217780433 0.6818014486973166 0.2916450862736183 0.6663837930334489 0.28921643352485465 0.6599176146813451 0.2869770298502238 0.6513586151210212 0.2534422341093898 0.6415577310904819
0 0.3023354820587117 0.6437993969100014 0.2982464247334412 0.646212577247777 0.2866434145882325 0.6499003747851518 0.2897872494406326 0.6601073752043746 0.29449814295471477 0.6651765209326989 0.3327015065678398 0.6910806202336143 0.35025652536027085 0.702036433767022 0.3572404535595323 0.6863038744284964 0.3550989988397959 0.6837057070907265 0.35414457028678614 0.6769212154046541 0.32664694592565335 0.6607738407187422
0 0.2271734501078782 0.6091119251562673 0.22252380584476228 0.6328960921299808 0.2537753379224844 0.6419379340684027 0.2856446145978453 0.6498378032093376 0.29953037695726914 0.6458310104061317 0.2972440446007776 0.638603744166324 0.29647886512190064 0.6297264312720313 0.269034306829388 0.6251837715609835
0 0.3034189333326811 0.6217938294017124 0.2974776651122879 0.6297890028478457 0.296910940787683 0.6382235411884031 0.3023354820587117 0.6437993969100014 0.32688465802833666 0.6605833982638507 0.35385890660444896 0.6762873164641651 0.358851883658592 0.67444409962734 0.36203446401050676 0.6660707689988722 0.3596532513925005 0.6593508946842005 0.331870474797927 0.6436476584157482
0 0.3669243776207891 0.647486346360009 0.3591773157382372 0.6586537422360352 0.36270067163669595 0.666831174954714 0.3843932107829481 0.6772761869036746 0.40760741425571145 0.6871491895560986 0.4243982764670588 0.6913837649111101 0.42924739878223994 0.6870675238881437 0.43295335491917536 0.6791376497452734 0.42923870415099735 0.6687408888030214 0.3874257990091415 0.6534933837936854 0.3702049069275983 0.6450738479540955
0 0.3719989372651345 0.6171067662913902 0.3673400869218793 0.6214862608220332 0.36520323524221254 0.6285904297057986 0.3676329108887694 0.637212682773799 0.37025234705835564 0.6448201519915275 0.38851999070994 0.6541266008023122 0.4232923214416378 0.665955688669671 0.42999979203870126 0.6689939028337272 0.43284773423083145 0.6570062571534935 0.4370306489198234 0.6519296101746853 0.4299844485718024 0.6366527820952761 0.40977022521247725 0.6345137556759336
0 0.2316333338479647 0.5863425420328255 0.22707856984636354 0.6096193170814032 0.2689389151189767 0.6246131261281712 0.2983336332615065 0.6295346249534156 0.3029909492580718 0.6219210183489274 0.30060871374227227 0.613045069318359 0.30027202978690126 0.6051186048347995 0.25941150740246854 0.5923434420797425 0.23776794273366364 0.584878846242059
0 0.30863837061378163 0.5960433482351314 0.3052619381476645 0.5968071638502841 0.30112850938501645 0.6059422642983178 0.3005138334807576 0.6135524612434949 0.3032761014915124 0.6214768799314678 0.3318699633490304 0.6425696210577999 0.3589870437663112 0.6585904887283588 0.36687642604113513 0.6466620049646284 0.3702049069275983 0.6450738479540955 0.36749059049649735 0.6379737706615031 0.36582149128874786 0.62852649426626 0.33566057076954786 0.6125716078308262
0 0.23766129914752654 0.5605913789343825 0.23828211243854502 0.5659176302845857 0.23296216895806682 0.5803170924388706 0.2371017351074744 0.5841184402862172 0.25926867556129995 0.5920264926094982 0.3013182699080458 0.6049274804480459 0.30535732985807584 0.5973778092830965 0.30849553877261304 0.595726398764887 0.3014513842201786 0.5847617201172713 0.2967404907060964 0.5796925743889468 0.2628720797032712 0.5684334500225383 0.24170342779093634 0.5595099319171234
0 0.24402531724783244 0.5322428048051204 0.24235426756881417 0.5411790903939173 0.23820110600957317 0.5541997835744771 0.2439807405342806 0.5600487932899568 0.26449260359802906 0.568504220511549 0.2979454309299989 0.5786432784979325 0.3025664051672715 0.5775610339319347 0.30550887504599844 0.569702023122784 0.3089160514862872 0.5672343559982158 0.31509655793689223 0.5656886473172441 0.3115679244582144 0.555678400139702 0.27591861236646986 0.5428453269064778 0.2574861255871647 0.5337719475315869
0 0.3225980310871094 0.5478895928190488 0.3180365429224434 0.55259195256411 0.3177540219184651 0.5659174803326926 0.33665059403603814 0.5790727824061704 0.35301949936231586 0.5896254070791193 0.36933045601677955 0.5997137893057464 0.38050589379987 0.5979068685000234 0.3866851578038871 0.59374231784706 0.3869707849243351 0.5869638950084565 0.3793992649055143 0.5788826775656594 0.3793980224589264 0.5762638355936677 0.34802208651822397 0.5602691415100024 0.3294731124868814 0.5491932157209678
0 0.31677257740226217 0.5672277296164138 0.30816509658098334 0.5673120141662409 0.30493140857216283 0.5701646589400328 0.30066175976088444 0.5811828057064488 0.30239726529886096 0.5863420031846819 0.3092760740383967 0.5955021520025756 0.3359734133391018 0.6128872384311629 0.3649223749091305 0.6274205083836836 0.36774959998240786 0.620177793132381 0.3719071101047065 0.6163230468537919 0.3710371830541894 0.6091604746636902 0.36837537050955893 0.5997656947462708 0.3364194832018451 0.5789959525358708
0 0.387667223543384 0.5937414895493346 0.38050589379987 0.5979068685000234 0.3736896772494106 0.598913939791172 0.3702818795858279 0.6000721859297443 0.3713841599171259 0.6099304299621376 0.3728315534414786 0.6166303663349907 0.4094077937631711 0.6350084429933972 0.4305516395870101 0.6361459816888376 0.43239866259067244 0.6328323576932476 0.43973658688212447 0.6355990613217618 0.43996397037655377 0.6278193652760865 0.4425037046595013 0.6234268099053999 0.44093858143652326 0.6121054851464113 0.41193261868706377 0.5991897839588106 0.3918272185588585 0.5951244272147291
0 0.25388993013305894 0.5031191123570354 0.24881046156716402 0.5119042230984089 0.24656256663760412 0.5226125654904504 0.2549439064110415 0.5329268189582902 0.2608369220713166 0.5342312701579344 0.277074166537435 0.5432294762579762 0.31191428009785704 0.5551389344521536 0.31422663088637515 0.5585260751271423 0.31745969767190174 0.5543640093673546 0.3201121918671229 0.5441174744948365 0.3196462428589732 0.5361072888382621 0.28682539828709386 0.5186503423257268 0.25683550612825556 0.5018072064778639
0 0.3258806443725393 0.5263969064623915 0.31953037683022967 0.5354141634101145 0.320805524369702 0.5443479641057356 0.3229450079500458 0.5486595481174962 0.32993533415526743 0.5493468754615672 0.3485995529920595 0.5598065056927536 0.3808423098668093 0.5764166670365418 0.3906604823686022 0.5711707001153058 0.3892112251743677 0.560542500784465 0.388226674541695 0.555305645138207 0.3776544410181285 0.5540821652974889 0.34754930405384077 0.5378553250074739 0.3306181058618493 0.5273172083105372
0 0.26190093998585595 0.47410974122895144 0.2559828276552544 0.48078889146389897 0.2561098585383432 0.49120698335912727 0.2608776319469841 0.504551279620059 0.29091936616375436 0.521455515136824 0.32004381691129663 0.5349420527536745 0.32626572105642204 0.5252511356345709 0.3244311541179661 0.5184157398347413 0.3198519576920731 0.5165475818991913 0.31746741454045746 0.508491767262905 0.2927362090252411 0.4909319152795046 0.2719131008653256 0.4760547090523523 0.26440266731113304 0.471828650173161
0 0.3267410222240197 0.49774017792446773 0.31832183901543615 0.508084085721026 0.31997439344409584 0.5172800082536774 0.3248580381318079 0.5175200658108916 0.3268150408222866 0.5250878879652071 0.3306007024255647 0.5270381073669692 0.3473317313784976 0.5374421950532343 0.37767857030438196 0.554101996697484 0.37895922234590723 0.5514149746259348 0.3840261924380059 0.5520618384619683 0.3906160602864947 0.545951866912143 0.39018458114158683 0.5371618753952505 0.39073127511827077 0.5314639617026055 0.3874936203862668 0.526583161619839 0.3687479813269673 0.5158552043840272 0.3538488935233098 0.5067518464743104
0 0.39256781139861213 0.542450357019896 0.3915948898553816 0.550427611242211 0.38878871426828554 0.5543368026763372 0.3902566303979683 0.5603585859185288 0.4130314896700012 0.5717342822534341 0.4333635419272353 0.5809144500510016 0.4502143808430103 0.5865162980684714 0.4527167646155826 0.5856188735185013 0.451064866634218 0.5778066174916704 0.4439151758631422 0.5619411726177339 0.42144607774751863 0.5517047089161335
0 0.393126977873904 0.5630421069378372 0.3900752743354672 0.564102779157171 0.3909945271465806 0.5716714765745468 0.38025300333333567 0.5764012826707924 0.3797049964620614 0.5793318633517969 0.38691163820173013 0.586569689115144 0.3877084552608208 0.5934059601780338 0.412006868736539 0.599408487632901 0.4410697733844224 0.6118369788195982 0.4448534656458151 0.6096361987038993 0.44686216772652537 0.597507069701063 0.4438065255043177 0.5902657428854747 0.4408124293817689 0.5840824625000398
0 0.26866494297659915 0.44903524487646057 0.264517225695614 0.4559570784578031 0.26439938507465727 0.46491031764405943 0.2761263029297407 0.4784929209360849 0.3175283041928213 0.508166147187238 0.3261301563584962 0.4968453791636782 0.3259402664811581 0.48260190782665596 0.29840157248425525 0.46618391426574113 0.2783111094945909 0.45155026664804393
0 0.27213565316133587 0.4304749005634331 0.2647522504902321 0.4366669335794702 0.26371778284734265 0.44358614137163216 0.26665164576482275 0.45147870833855447 0.2692142627424637 0.4488719972070969 0.2715339775579445 0.44895143288412825 0.279043754664842 0.4517938252574991 0.2985848978886418 0.46659072054456 0.3248409705021339 0.48154473665956304 0.32373445360286296 0.4652672339284465 0.29296138711043196 0.4508867728138668
0 0.3978671804961484 0.5182724099543149 0.3924374982790475 0.5251139325955659 0.3891415796838604 0.526093418611748 0.39103637982738493 0.53121952783009 0.3911614413685883 0.5374866202078574 0.39323891046920423 0.5416358691991979 0.4210185372863817 0.5512167164341629 0.44403695516786984 0.5612899324663997 0.4512998914288362 0.5585164726133375 0.45740132916382437 0.552244128657209 0.4548347735024125 0.5465488407537444 0.42833579872676036 0.5342809714472304
0 0.44877584489552386 0.5137529024712367 0.45488384710346347 0.5213172235733115 0.4577561639212847 0.5281517441100806 0.4545244172149371 0.5357239425796975 0.4505606817856336 0.544436248945679 0.42839668837912415 0.5339553513715632 0.39774540119142077 0.5189236501056492 0.3945064335648265 0.5112755170112422 0.38937594803118347 0.5054196072275947 0.3921212339659157 0.5018360358691357 0.3959410983140673 0.4930328254551901 0.40235650417672786 0.4932183466272652 0.4284444490855849 0.5059564011794896
0 0.3258787203814991 0.48154386139650285 0.32637437141524656 0.49692656536683 0.3542148878847877 0.5061817925261278 0.3687479813269673 0.5158552043840272 0.38798205049976753 0.5267455340261425 0.3923766086266837 0.5254395526712331 0.3974402964823066 0.5191680839781647 0.3943231081604399 0.5108687107324233 0.3896810527402976 0.5051751733550793 0.35585825205131527 0.4960063839772945
0 0.33197162430165017 0.4572838528647099 0.324467098773114 0.4655107925379017 0.32539029026799837 0.48138148899019945 0.35634668216481596 0.496168756383598 0.38882597181802375 0.5041991883911381 0.3921212339659157 0.5018360358691357 0.3957183185864461 0.4923101169455162 0.3953470726466069 0.4818108388471362 0.3918638899632623 0.4740815195495773 0.3662219654517695 0.4669406347244655
0 0.275785093619393 0.4026356969884822 0.2732244459836376 0.4093934076374008 0.26767232801451396 0.4155025039241657 0.271765720116087 0.42274295547669366 0.2722574324660635 0.4298236604120988 0.2938773576850696 0.4515371377021409 0.32379534325522674 0.46494161385277927 0.3334422797304823 0.4561361754186757 0.3347123151053164 0.4440146159655087 0.3251885843393475 0.4422320205484113 0.30809024813034647 0.4296306537986881 0.29367827754559933 0.41792233528363404
0 0.34551472857092524 0.4389591897935958 0.3355058499279313 0.44393255449929664 0.33349780429451614 0.45744535000795333 0.3667103955652702 0.4671030071307689 0.39271831443824096 0.4736738380076983 0.3994352131698186 0.47798195835310153 0.4066968365361947 0.4724411654883989 0.40547182256867204 0.4637332354377181 0.3975345050006377 0.4604028505823765 0.39331802069974686 0.45104630616954217 0.36047076734317557 0.43943492859272354
0 0.40687950549328616 0.4714643052613972 0.3994352131698186 0.47798195835310153 0.39516374724222036 0.4814040325683173 0.3959625336431965 0.4923913031486679 0.4026165733805249 0.49287404405227725 0.42917709425583594 0.5061999597889447 0.44938605431375217 0.513264034726206 0.4515839898245054 0.5139947105545716 0.45451194471632916 0.509434278969111 0.46489009995727676 0.5108091928443294 0.467145642883918 0.5042959160679261 0.4657975367170774 0.49347189315693907 0.46256053843236866 0.489974759579993 0.4326445222040969 0.48072128294681554
0 0.2845140669508026 0.38127324697892223 0.2775626547114837 0.38552842891557115 0.2731139336241483 0.3977972607680527 0.27612197323192633 0.4022854812415579 0.32593792615919276 0.44285343387140125 0.33535434760658195 0.4435215198510832 0.34458742220926264 0.4394092766518449 0.3439301776220789 0.42811050559956687 0.335632436043161 0.418991125915146 0.3152365189911949 0.40543948031048194
0 0.35199598575883595 0.40637423080398755 0.34681777181178725 0.40773065426278093 0.33599445630963287 0.4187010942865956 0.3437126539006661 0.4276278119109378 0.3461442651358564 0.43849049698195786 0.3613553475582679 0.4394434218980286 0.39326678048010055 0.45066754470526343 0.39699496610170126 0.44636679359967557 0.4005448677534508 0.4479572941337575 0.4102875747829592 0.449349420646383 0.41158687533275434 0.4399322202951695 0.40419730003531296 0.43665488819696646 0.40220190459868455 0.42922026299980215 0.3905010946245488 0.42266300245731525 0.36746305275039765 0.41254201307258787
0 0.4108286579231064 0.44480991904256123 0.4108671187708438 0.4495420827064616 0.40079851561112834 0.44824680649309173 0.39753916485714536 0.44839441865344765 0.3955134870629339 0.4534663372685666 0.3972917482300616 0.4612391596093009 0.40620204231783197 0.46379089336691176 0.40664020537595447 0.471323407401764 0.43308209454914764 0.48052405930895586 0.4626749620675296 0.4901566430436765 0.4676274738030111 0.47107881842007043 0.4679149090854807 0.4662498044569145 0.46476276238455577 0.4633552001327881 0.4374154330932708 0.45405873646477285 0.4162251744953921 0.44557797093679546
0 0.408171344476349 0.4162258328067285 0.4022015151467724 0.428399372167603 0.4044509478929905 0.4369444005563006 0.4117313718778134 0.43915949497799 0.4114800607316085 0.443795327611851 0.4161890503591273 0.4457711522660903 0.46222706271160435 0.46210185820384403 0.46870808227565713 0.45871625188363013 0.47265067600337374 0.4483310678090777 0.47289926098619384 0.4379489993498222 0.4687694258946476 0.43534494592346235 0.43769196372220137 0.42624477920003895
0 0.2834730694558254 0.3529314759809838 0.28178448605858947 0.35970007856435443 0.276092975720937 0.37204502775228754 0.2829396838468938 0.38235588287807865 0.28430725968402476 0.3806961072770765 0.31499520460768643 0.4054168668808597 0.33592516724187005 0.41899991571966644 0.34726444113553334 0.4069819275038844 0.3453695680052067 0.39845820780929336 0.33419384204946395 0.38811783143754724 0.32436248082180386 0.3796339780098708 0.29238381706658484 0.3612502436607115 0.2868596002778899 0.35913186655903234
0 0.3373759559439563 0.3829734188865921 0.3347907726698046 0.3877524310979242 0.34569298345812116 0.3984247625898709 0.3483585018052382 0.40565410702308274 0.351767173561769 0.4060824738280832 0.3667969282324 0.41164276781391534 0.40230754296782023 0.4280995215315529 0.40792460419270865 0.416152704452944 0.40705175051213216 0.4117746781498213 0.40446094882142486 0.40471113291427946 0.39711978608255905 0.4010020109996071 0.37104026011631075 0.3883853062754466 0.35867254572540513 0.38272324973190425 0.3551157783742825 0.38478294106653393 0.34190403982840445 0.3830691171216709
0 0.2893871245008338 0.3377003365440963 0.28685264414310685 0.34446965257718837 0.2834730694558254 0.3529314759809838 0.28636193514123487 0.35896642408622315 0.2924833500939159 0.3612833321552735 0.3243376644508825 0.37976668871297886 0.32926521816288223 0.382814397461275 0.33774900413871356 0.3826745522609536 0.3551157783742825 0.38478294106653393 0.35902024246194997 0.38142923119538574 0.36110802814309206 0.37704870781823835 0.3535141534530388 0.3650798607157484 0.35291401230895214 0.35867808537144336 0.34920540375220066 0.35533079654778726 0.29423835629455086 0.3371986582527586
0 0.3619893780322141 0.3468942136916189 0.3593518865797646 0.3462993342392271 0.3574124640368598 0.34875573078373817 0.3532843850672543 0.35273990567586483 0.35308826199269283 0.3588769730636751 0.3536884031367795 0.3652787484079802 0.3619291087326617 0.377180705071625 0.3601393870462217 0.38053263131846987 0.37549469751893116 0.39057093054083153 0.3970450694261494 0.4008362118019373 0.4052059750363573 0.40185767443502624 0.4173749033375307 0.401265754131288 0.42268551720567243 0.3945218044931454 0.42293772563667753 0.38931482608241735 0.42085352706445256 0.3802047439841374 0.4112531965353847 0.3739418932663763
0 0.2991616067192 0.30596020567210624 0.29390190574106134 0.30397707894537407 0.29241545126087415 0.31286715555582345 0.28952292143071257 0.32551270353195083 0.29337921875346273 0.3368827275431543 0.3195529247657428 0.34558384467254943 0.34978543441481336 0.3561034711538493 0.3540072227241844 0.35234562494853944 0.36149860919354326 0.3452172061986925 0.36058415955589607 0.3378750368115195 0.36124411332997547 0.33246389233904 0.35610876594781926 0.330756711130108 0.35594088316849803 0.32600878583620196 0.33842172045518903 0.31807331037973335 0.31970210568296287 0.310911788534903
0 0.42548148856120616 0.36249920666589025 0.4242837081968749 0.36890458619632166 0.41111781190781505 0.37250434583579195 0.4218877021857813 0.38077677427071893 0.4237134844840588 0.38889111613980615 0.4278153720217571 0.3942430342813514 0.446368439861955 0.39947234379167224 0.4669098293905798 0.4063010686274 0.47001555231312525 0.4066297096671468 0.4759311995234646 0.39475455304320967 0.47481068131232923 0.389455330423611 0.4761727821965339 0.3802893082953615 0.44540289123964244 0.37170248785847915
0 0.4280223311601073 0.39407722948670804 0.4228465715716292 0.39446806540692886 0.4170113034915026 0.4012086167860948 0.40475495873334916 0.40182626496161716 0.40483890012300977 0.4042002276085703 0.40828127916905965 0.41590186120906036 0.4377685578070972 0.42664295655649 0.4657635932933449 0.43407270569031703 0.4692392600268209 0.42865918637820566 0.47188664492446536 0.4229703152582021 0.4722974462241488 0.4160687087636567 0.47341217576368144 0.4091665085592033 0.4675724548592451 0.40652135007371376 0.44665800454267285 0.3988647886845853
0 0.48269976742425647 0.3918304281302874 0.47587071360067634 0.3952852162673999 0.47029841056794974 0.40671482248985047 0.4740989821375326 0.40935227932726503 0.4723272506743889 0.42341934238713025 0.47681319450846266 0.4223916285434859 0.4948011976588734 0.42631050499308243 0.5358319184544262 0.4392636460820081 0.5376899323243807 0.43667530772630675 0.5374423858553368 0.42605897612356847 0.5388525771113084 0.41668074090842094 0.5268456875249014 0.4110861967376865 0.504490950009955 0.40388364815031846
0 0.47747643300569914 0.7840658151915764 0.5069122728580362 0.7902876145082313 0.5317705779636261 0.7943732267596579 0.5311873717438815 0.7994635622264364 0.5245540659447254 0.8073352788064229 0.5207842487780158 0.8161589259222651 0.5136698463610126 0.81576005245849 0.46779355550753493 0.8102172694241557 0.46032716545258534 0.799378729589762 0.46937056237387836 0.7968550999499989 0.4745527048820978 0.7932936226165649
0 0.4831508109736553 0.7665357724248144 0.5156895215514717 0.7753866351917965 0.535061164457914 0.7812120489719095 0.5326166670067345 0.794777387068804 0.5062613633654366 0.7898254504484322 0.47834415683371323 0.7843542789903206 0.47834205764511006 0.7799295871969831 0.47464734925453667 0.7714669786962315 0.46843069426293205 0.7667430139701853 0.4820030678765459 0.7674350852514507 0.4749083675802338 0.7657618960226716
0 0.5885301420288633 0.826025673898889 0.5848772810901437 0.8430391485807808 0.5421602602771836 0.8300955071073738 0.5239633666089288 0.8234176346445992 0.5204657537438442 0.8169122600414188 0.5251207872783231 0.807774492001805 0.5314681059614611 0.7996707119214915 0.534351739083587 0.798115156886786 0.5586817961144589 0.812960241326706
0 0.5424410045556352 0.7788052351877575 0.5358690919638402 0.7811774415772392 0.5329075365595216 0.7938637765188153 0.5385403592376973 0.7996647470139853 0.5595141066131929 0.8135512052064492 0.5886407986336275 0.8254339146981451 0.5967410991845623 0.8293838482187379 0.6001455792533131 0.8149591212098511 0.6024176185954828 0.8103717944225837 0.5974204749039504 0.7999109190518046 0.5924281031384233 0.7995083594516724 0.5545071208242751 0.7823450535587105
0 0.47904857712277465 0.7377749030065314 0.4748079093654107 0.7434362845720243 0.4733420075976604 0.7519057387175483 0.4745964382532677 0.765365079250472 0.48325002182802346 0.7663562167673447 0.5161194268843831 0.7752404610968959 0.5286749527933332 0.7783002585258263 0.5390552412768158 0.774222680326495 0.5403289852131054 0.7699320284606003 0.542157205154717 0.765197159533647 0.5425138566664475 0.7569874947745746 0.5402664990217156 0.7551404344050017 0.5394056296356646 0.7528114761184482 0.5203511472804876 0.7507197374614399 0.5134172147602065 0.7499860033680162 0.5093452385693159 0.7524427129334709 0.4949220943092265 0.7503052377575051 0.4835450818844902 0.7452408921596699
0 0.49429368481538266 0.7192724864707696 0.49080173861242893 0.7247113618452327 0.4807941028561885 0.7341124982158019 0.4793243238985591 0.7344095707976751 0.47993621592389063 0.7380699872859027 0.48434942998665775 0.7453511511039337 0.4920612394394166 0.7488576628844689 0.5018989656536109 0.75096378747943 0.5090638026804513 0.7518386309845949 0.5134169165148311 0.7493573586323508 0.5200179844846937 0.7499804361210103 0.5391834216900104 0.75210906031294 0.5474749853362799 0.7499942573469071 0.5521877331361436 0.745589767592245 0.5490774183877335 0.7370132357864604 0.549821666261514 0.7273610585604491 0.51836999255953 0.7253907133417163
0 0.5522430614385256 0.7452938879918728 0.5472533738813762 0.7505491310127298 0.5405978723452576 0.7521078673314386 0.5426527739131534 0.7575050852449753 0.5464570784043421 0.767412279931433 0.5619907574238733 0.7725762548204287 0.5873440898034388 0.7813189219178008 0.6017116990376914 0.7838953421152927 0.6057890660962869 0.784779401971905 0.6083350627419892 0.7730548745617881 0.6108822523691928 0.7638449260943333 0.6038361720172711 0.7605597275233263 0.5838095671805281 0.7554735003091778 0.5664173198598164 0.7495345315263323
0 0.5465956974056727 0.7673012256661683 0.542184869305908 0.7650492197334611 0.5389442864266764 0.7741857947915737 0.5337163701208345 0.7773188973826958 0.530957624934259 0.7759305494268912 0.5316525094131637 0.7791471465145609 0.5358967561150313 0.7810295017770533 0.5429121898620088 0.7781761927915918 0.5547013663733631 0.7825667644287392 0.5927053411410844 0.7992862509211432 0.595117192466086 0.7971024488112729 0.5960021470588241 0.7917397304696551 0.5966083724220247 0.7834558969802393 0.5875383353525266 0.7815406327878295 0.5620463839716308 0.7729090199557221
0 0.5010199366845083 0.6933330496315669 0.4967275967800449 0.6939090183148634 0.4946614674791299 0.7032366734477536 0.4895867086536272 0.7045539882340078 0.4903964866338577 0.7082567362085631 0.4938357349867464 0.7191284554669518 0.5184834575326085 0.7256055049467026 0.5503254286390995 0.7274640317014702 0.5530778459291671 0.7276637155720463 0.5552715382736737 0.7210966922928398 0.5576187950367918 0.7188726539839654 0.5565311480363692 0.7149344674914705 0.5541045294640199 0.7095497054895352 0.5485495928916845 0.7099920688602976 0.5399881990894353 0.7070028774218082
0 0.5617857441923375 0.7201148389843693 0.5553216402658739 0.7202549611809251 0.5528506219748437 0.7277312423265379 0.5497951489000666 0.7274308113978929 0.5490926348619267 0.7369256541960066 0.5537676638971649 0.744631581073762 0.5669761846017927 0.7497379089281475 0.5843010093960972 0.7557834565105056 0.6047815112495794 0.7604459727976792 0.6117758949150759 0.760339070904701 0.6136180587036784 0.7579471208323784 0.6144470496380727 0.7489235171192563 0.6170686454425379 0.7394943908300725 0.615324513343662 0.7356240931411815 0.6096417421909007 0.732733476466087 0.5985546119792389 0.7283323780181837 0.5797662394745928 0.7243754531866046
0 0.5647586488348457 0.6713410741565872 0.5590806382418845 0.6786506211101084 0.5525686912184032 0.6778444736659658 0.552366493138389 0.6793449480329484 0.5544901922419273 0.6843359712337311 0.560745138886134 0.6877740159238229 0.5608579173357516 0.6922010468544665 0.5630348318130018 0.6927157088319943 0.5784398220741644 0.6975233642611852 0.5897855765766402 0.7001454754662526 0.603860632594229 0.7011666003059746 0.6126608839847234 0.7039876196070362 0.6167925282567789 0.7032708756824174 0.6177479228948151 0.6952274575543268 0.6161958039687963 0.6896948590851837 0.6162122199887432 0.6854152900571915 0.5755514212023782 0.6748244818254197
0 0.560765918951339 0.6926930273426241 0.5600483315529208 0.6965304751502527 0.5583937491933489 0.7083129449883406 0.5546678896411766 0.7089555612302466 0.5550564648783385 0.7114885334033815 0.5599300471965014 0.7193794643645841 0.5798360638272246 0.7244292749677784 0.5987455224208885 0.7285207154475332 0.607102197909267 0.7295220681613905 0.6192935440855645 0.7259454897032643 0.6207043682347119 0.7058254713945571 0.6173275074462269 0.703344209902356 0.6125686872346172 0.7040614828021576 0.603676040728323 0.7008962094031815 0.5896379824301929 0.7000964096612327 0.5785690165437292 0.6976708261638368
