0 0.10267224939091713 0.22827209493120973 0.10845061502090053 0.2534723380663964 0.21178552254093935 0.2243162101681706 0.2107481305759456 0.2012356671250258 0.21777286280219327 0.1894570061075739 0.19715898537681475 0.20029145477398722 0.17544750829005373 0.20103731121185006
0 0.2207222533135737 0.1890651768605728 0.2101922428597282 0.20146226969875067 0.2114774748346363 0.23092548686233028 0.2179639997278987 0.23800686973200913 0.22645809163040037 0.24589081212375982 0.27207274051450747 0.23540104501572892 0.3056880192685152 0.21764576733667318 0.32437221776427505 0.21165024964699977 0.3398485145798678 0.2393809231492989 0.33655571559572034 0.20911514646364757 0.340970961171175 0.1992106819364429 0.3325370769650619 0.1783347887300978 0.3202296591286595 0.17767855485323272 0.2849148610717155 0.18802199631605707 0.22571106698847754 0.19756755107304938
0 0.327838630613229 0.1445896965100557 0.3231790496400399 0.1772867256062316 0.3332629166115729 0.17884936977799615 0.34229872045923976 0.19704850697202214 0.34368668744369324 0.18189438119300694 0.4442314852237729 0.19358830222881165 0.4516740093902285 0.1889334989534177 0.44218855744806956 0.1555188600799279
0 0.4527645998272514 0.14067161380315585 0.4601043889841617 0.1806341534703566 0.4748513415410637 0.17867500723535132 0.5133315139650182 0.16623076670855474 0.5422518509793728 0.14390563549886295 0.5642076634638682 0.12036721449202877 0.5693168925315495 0.10288568707531653 0.5529908360644886 0.0714490954649017 0.5463662153952169 0.07171817291100561 0.5427688733169462 0.07723691160891999 0.5040266851120252 0.09384027539128185
0 0.5702126841083542 0.10414145174483795 0.5642076634638682 0.12036721449202877 0.550898214428936 0.1338973201988308 0.5611980652560992 0.13375099455362416 0.5691362694423835 0.14186153951909972 0.5769363778526585 0.15732254480035798 0.6030312443605897 0.1385805798978846 0.6723932888828016 0.10706392112206231 0.6625679330800553 0.07216691500532628 0.5977131979839709 0.0888788023767555 0.5827042296461025 0.09499707186732616
0 0.6665688913274818 0.08431383142546996 0.6718374011665842 0.10729052369578713 0.6849804028834026 0.12219447305676812 0.6990935796444665 0.11482043889667604 0.7332045384183029 0.10983050945848986 0.771546615066248 0.10473672924747605 0.7677758164455039 0.08033904563436119 0.7454624197171891 0.08376165808454313 0.7243068303466454 0.08428091194868115 0.7096837977947007 0.0894313952439038 0.6896399838565918 0.08949744396059216 0.6827214912520692 0.08583400072485547
0 0.10349365750028083 0.2530616077913257 0.10925784735921207 0.28880364830251243 0.11821576312725812 0.30136129499772685 0.1457021012318227 0.29664044300564446 0.17862339649360365 0.2864622282160963 0.20876525317429778 0.27741702629517234 0.2073737815776645 0.26339591338478135 0.22534631619796563 0.2463440172712095 0.21629633657924663 0.23868667745318364 0.20980981168598428 0.23160529458350476 0.20828024431334163 0.22493464198889654
0 0.226628043560694 0.24663199574538294 0.20741981350300104 0.2609457599461872 0.20859530124400416 0.2766758426735492 0.21344601914289874 0.29252867720180853 0.23395365694655207 0.29713633278858387 0.23849282252696385 0.29042320532159666 0.3109918898740817 0.2778893422338024 0.31883452559751335 0.26172495538706025 0.3377028517946191 0.24592882394300988 0.32437221776427505 0.21165024964699977 0.3060279231291025 0.2191281345799195 0.27190278858421385 0.2346598613941058
0 0.3432086878070966 0.18776247426554346 0.34077265769877685 0.21955309306682005 0.35147612469509576 0.23707242253967153 0.36909457968375736 0.22907995655885352 0.4373483533857143 0.227191741619887 0.4476340284418252 0.23758721335068056 0.46256510870007306 0.22582745336129828 0.45970427742718584 0.19214373704170465 0.44524787458510284 0.1936801181283674 0.3436686555444398 0.18131995073893972
0 0.46803339373745617 0.18068410880054334 0.45963442443455516 0.1917205277542029 0.46202038446042437 0.21706595034279128 0.47176863504287164 0.22614243114763133 0.5163128601926279 0.21124694936659782 0.5558085986283798 0.18927425072602508 0.5667855003789954 0.18023202323728973 0.5671655986417138 0.1705068841810428 0.5726721096731904 0.16108455842958916 0.5762316209741681 0.1581110249135206 0.5688779218937429 0.14240331146250096 0.5603896556759309 0.13455324502371022 0.5537923065399701 0.13637257665127808 0.537872372966289 0.15373741494632384 0.5343746297440375 0.15342320263424672 0.5263481499832902 0.1603926996536018 0.5153294424902585 0.16640690668291103 0.4743779851284334 0.1791853160119599
0 0.5788459875501474 0.15681426409514954 0.572711153439627 0.16363754267765426 0.5688305581442004 0.1679209753395301 0.5670200739625214 0.17946517583515406 0.5719321677618646 0.19205113911195437 0.5796956947608378 0.20293443291447347 0.5981733599150025 0.1916200201244377 0.614592700877574 0.18546713370959114 0.6216551827191832 0.18799126373401384 0.6416152151165941 0.17607257741404514 0.6631402280938894 0.16567717560428852 0.6672049510906619 0.1515931291880357 0.6811835891286739 0.13833054332192432 0.6799372749731873 0.13289519676335462 0.6839004836052522 0.13073932214162376 0.6838580087328732 0.1199504635584158 0.6728205313370443 0.10715991394678677 0.6029745937171586 0.1383335186906769
0 0.6864733888447436 0.12428741417263718 0.6812968904155363 0.13882466573633975 0.6684300278099591 0.15163404645500153 0.6719211302665047 0.1615574120102757 0.6870540186093304 0.1586304795799224 0.6964108777302924 0.14995346314065325 0.7011365074201699 0.1528898810455598 0.7193474315363505 0.14924852396975616 0.752773857331995 0.1448077925037441 0.76243993236332 0.1392465789334508 0.7716126637829362 0.1403701762485586 0.7831010099180948 0.13568705639157855 0.7853953871974478 0.12448590992788677 0.7809766370098135 0.1052151357656852 0.7721438094507843 0.1055739056938237 0.7335597862540022 0.11049615888887139 0.6998760699344087 0.11558208115178203 0.6853403759761194 0.1193461900284829
0 0.7713553732589872 0.14101536704545725 0.7929323116226963 0.13438095890157506 0.7953848014694103 0.15391295256177728 0.7961377720131881 0.16603311000574816 0.7919078223431393 0.17586204034171124 0.781552489076605 0.18548638434284537 0.7728022748542139 0.18797271231112878 0.7639080713947364 0.1915983534907262 0.7564655472282807 0.19625315676612023 0.7386039774867221 0.19434901616783673 0.7317374102686134 0.19444656659797452 0.7097686426579032 0.19583761383273598 0.7005652232880626 0.19634745214335766 0.6967577908152393 0.2097863077627118 0.6883663814815053 0.19969927313957458 0.6844739992639238 0.1915604115925131 0.6819506830027262 0.18232315410110322 0.671066645358019 0.16136542636082676 0.686539437561432 0.15992086117371973 0.6965241790171549 0.15044758555506865 0.7016204005178439 0.153232935077492 0.7530004599057198 0.14579603733257493 0.7625839216004068 0.13810726572213664
0 0.5645934943682365 0.20422792971909728 0.5606444090664462 0.23825625767603628 0.586227030934599 0.24025483349363097 0.5856085991138732 0.23402322775567944 0.6064136659057349 0.2293243920024932 0.630801899004815 0.22964861492739272 0.6552916464686027 0.2180446660577702 0.6768780353463466 0.20438239299655458 0.6839594182160256 0.19285079318631046 0.6826918666243494 0.18202101733613674 0.671066645358019 0.16136542636082676 0.6637374224784257 0.16651435205063617 0.641357924592645 0.17671776821094384 0.6213978921952341 0.1886364545309124 0.6147366901146607 0.18432782049827715 0.5980600586281402 0.1911258977100223 0.5802928891453744 0.2037716093608211
0 0.46806260996179794 0.22682829887550884 0.46437792928987176 0.233733411991945 0.46062242220346217 0.25093326127717364 0.46720101094739747 0.2531143372696641 0.4724836965575521 0.26554923216398124 0.4782998642436748 0.26263801562983413 0.4853316581350598 0.2667955812799862 0.5151229922370719 0.2535707974700141 0.5609016995903954 0.23761106687913758 0.5641096012705625 0.20388487568716507 0.5806634809561859 0.20362054097833784 0.5710776828533791 0.19185915346250537 0.5677305696339203 0.1807964746959171 0.5558102557875015 0.18889753418683933 0.5152929966081433 0.211897730380429
0 0.5613549047378451 0.23958755653679928 0.5857431378369252 0.2399117794616988 0.5816996522763421 0.25939025516955555 0.5746206058147829 0.29037201410607055 0.5715520205554628 0.2840585738341875 0.5106404248593137 0.30294523685541724 0.4817224766938568 0.30230627648017155 0.47264180912491344 0.2962823722878752 0.4749149489680768 0.2796867965325795 0.4732248801791753 0.26524709539901475 0.47844385348076157 0.26149870241851997 0.48496106632424824 0.26694664966246945 0.514639099139398 0.2532277434380819
0 0.3537409822282842 0.23722979126484464 0.34299381971474874 0.24161077435685818 0.3380321369371116 0.24471397654045415 0.31869053636042666 0.26286426859837436 0.3230880491118715 0.27674061346897194 0.3278962921383871 0.2818045894140235 0.3579873916367273 0.2787234733903605 0.36071607303546027 0.28355454641899724 0.3681491466878811 0.2859276080609366 0.3783298027671045 0.27907601289684597 0.40221290533232107 0.2736627524982093 0.4452322433366873 0.25450538450442556 0.4481025775643871 0.23874698519547752 0.43703441221833395 0.22758987120957797 0.3683687400372464 0.2285653755109552
0 0.2398158565580112 0.2917749628158426 0.23387693707099133 0.30121992185290763 0.23889288164316208 0.3213278724614568 0.2493024767042301 0.3349146812524677 0.26904769345007085 0.33443004431260553 0.3176471460528001 0.31840107987317734 0.3321616025748999 0.3092425417048725 0.3428284881599171 0.3221841596989848 0.35132141185835886 0.3203430225276001 0.3491379994577486 0.31258813227943655 0.35126715006382525 0.2971318697354549 0.36678008073149726 0.287026004005285 0.36094267560918514 0.28454279124782805 0.3577607890630025 0.27773522856152966 0.3280095934252495 0.2822987118284389 0.3148524159373789 0.27793655984345805
0 0.3672946617793956 0.28573562241148764 0.3515244405877743 0.2964866789385563 0.3493952899816977 0.31194294148253787 0.3516613157189461 0.32182538977084635 0.35666547336896226 0.3295110461704582 0.37623601292749187 0.3317991580676396 0.41807274908493997 0.32338973139009797 0.4514567000082054 0.3081601413408781 0.4581273526028136 0.30544091045618005 0.4615358417227211 0.3132367179713093 0.47006890388542194 0.3027342802568617 0.47477095973099004 0.2808261097438936 0.4723397073204655 0.2666885453752953 0.46720101094739747 0.2531143372696641 0.46073572349032454 0.25142738369158907 0.4452322433366873 0.25450538450442556 0.4024395079060459 0.2746509973270402 0.3793282769126768 0.2781286853349808
0 0.21997379826370245 0.34308808980276817 0.2200799854446499 0.3700602362607877 0.22619591852710075 0.37729268751294986 0.24561068192638902 0.3682978184125081 0.25197445501875415 0.381912943785105 0.27822509768592685 0.3744539598802549 0.31496561234268594 0.36325918368028987 0.33813821923650367 0.3565146244208903 0.3467727957639123 0.3340840149119207 0.3414901101537575 0.3216491200176036 0.33193500000117504 0.3082542968760417 0.31727655424198853 0.3185521482556606 0.26978887707169397 0.3341279075476391 0.2511247478080637 0.33579277496578114 0.22644853623481015 0.3377471784635097
0 0.3460970978908505 0.32281393253773955 0.34676067968012647 0.3316938179483471 0.3449138008155177 0.3415970698209379 0.3461290366476567 0.3564743426522794 0.3641563741716225 0.3560799576596989 0.3697017589496926 0.3658979447824123 0.3740462945459455 0.3644929498842256 0.41042078345471267 0.35552146881141583 0.44573512422871947 0.34551808532846245 0.46099297034421044 0.3378343009154284 0.46360737405530666 0.33127832991468403 0.46499373801202304 0.3193667095189854 0.46119927373055203 0.31359317759107735 0.4576766441259117 0.3066107881092188 0.4188204678639035 0.32391421726489444 0.3801306004934335 0.33236547915855214 0.37514485444742807 0.3369599819852076 0.35799538678828136 0.33040823159267974 0.3504624220985457 0.3203024167318006
0 0.10564765578329283 0.3056209670794155 0.10975627614702721 0.3327217388076797 0.12231524358383189 0.3507630495298771 0.1369990737143515 0.35741051582958866 0.14692116946212974 0.3547695521654129 0.1905925148785128 0.3271415060071343 0.20654574527070502 0.3255512262909995 0.21444725557212185 0.31180258398898125 0.2325130727325816 0.30794743902132976 0.22986392511810771 0.2963941438059258 0.21340172065249152 0.2911734598669142 0.2088668865336798 0.278283314918826 0.1459247382442886 0.2976245113594691 0.11942084993620561 0.30141013816221823
0 0.11639142110865913 0.3524759976752203 0.11643431872877635 0.37561937046973787 0.12637172532388946 0.3891145827883055 0.16265053451227973 0.38204614258719155 0.19559949529440673 0.3742295521232765 0.21988348466498076 0.36994515847865994 0.21973327487562233 0.34403815359075834 0.2260710351804252 0.33724355783620824 0.24472555181076805 0.3359558118053132 0.23878641848826038 0.321532583967913 0.2333286724663945 0.3069131229738853 0.21463429313782217 0.31032265136397535 0.2062115328375339 0.32638930918181625 0.1915552894797965 0.32674903969387886 0.14740255676277159 0.3545733190087852 0.1374804610149934 0.35721428267296096
0 0.11770675391233648 0.392646779607604 0.12180309835062353 0.42887653050683744 0.1264299337913415 0.4283941315655664 0.1447655488358483 0.4440806444082314 0.1779414098819051 0.4326623389601154 0.24326290790172328 0.4053327799245597 0.24524059572796741 0.39329708576788475 0.25199229386240035 0.3814208424041278 0.245090385938609 0.36739008087998304 0.22627641851534802 0.3771649563476582 0.2203648719656226 0.3697489253220323
0 0.2516580814292293 0.3822589252949446 0.24509342086049662 0.3926552360336955 0.24403864493730665 0.4064202462363102 0.25113986635224556 0.4098420959644798 0.25600891290422834 0.42189415802175123 0.2696226562642231 0.42617045854133395 0.3069961040740329 0.4032152257784105 0.3457615751620914 0.390922055075768 0.3506428976395214 0.39384513796207016 0.3556836709098695 0.38828109141159234 0.36753131586021504 0.38485519512090577 0.37010997908178955 0.36625792073001806 0.3642781579285231 0.3545983249860021 0.3373327450180279 0.3564584025861839
0 0.129627918177469 0.44463660807692174 0.13313556314587294 0.47829896003939876 0.1429656575717448 0.4890305402645822 0.19575880984942812 0.47593202247231575 0.223412510324495 0.4702739967313054 0.23568636902991785 0.4526374736604428 0.25472723671710856 0.4392608832085667 0.2639533208257624 0.43128888851425046 0.2564903002048702 0.42169792486512353 0.25113986635224556 0.4098420959644798 0.24244730816791038 0.4063670959720042 0.1784227971825469 0.43246610580348777 0.14443133640267725 0.44491872729904824 0.13825302689079244 0.44322619361681825
0 0.23342660739417942 0.4542604891777704 0.23249141956567804 0.4616601523027999 0.23991457748834072 0.473372898311122 0.2709104022951182 0.4593340436619435 0.29671827896407676 0.45021738582905385 0.35587677831934517 0.4373314690940114 0.3536017058362718 0.42281830862859565 0.3555916695879632 0.4016536353009515 0.35049572277205066 0.39320328822788103 0.34465162569333696 0.39067267165483427 0.30651471677339104 0.40341145893503816
0 0.1415214956698193 0.48961923973446536 0.14325076630312672 0.5247083740576421 0.1591917207698716 0.5322470735124765 0.21523499605735918 0.5241402707014012 0.2563276782521678 0.5151094989340103 0.27169220917447684 0.5109518202811191 0.2742585964706041 0.5014835250612005 0.2708337118205468 0.48884276353404604 0.2661241160614821 0.4683035720399946 0.25565318354205036 0.4662553544082189 0.23976740262086993 0.4727310485769329 0.22500384709389126 0.47032714699561134
0 0.26609652928869987 0.4612963752282204 0.27150213668688894 0.48716659775241244 0.2776957570461086 0.5049953074173857 0.28303088005139826 0.5007149603352862 0.2972057361084939 0.5005514629798512 0.3583173714391118 0.4938878104300721 0.36243523280640577 0.48659444783365463 0.3750310280195524 0.4772488210429446 0.39458086978016715 0.4706831942462149 0.40289631791121416 0.45185290433498987 0.39178151237633485 0.4332228941429093 0.35650534048745774 0.4377770856715728 0.29671827896407676 0.45021738582905385
0 0.36996280421431876 0.36561607099582893 0.3680127031608569 0.384658961964278 0.3552022836092277 0.38847732456822 0.35485579525060934 0.398444386630006 0.3717043507730734 0.3915762261480366 0.4178255303127829 0.38611038700113703 0.4481406543277709 0.3828766773045613 0.4637719482122393 0.3729955013082742 0.4709927577218667 0.3700520039588587 0.4685306476730932 0.35701877611844884 0.4701342603679367 0.3479429472117857 0.4620426775789319 0.3379063669850973 0.44645124639269307 0.34566576062218957 0.41076113667418584 0.35530159976005987
0 0.48118782251347625 0.30202825347289275 0.4627755169943981 0.31585046050233034 0.46621267756990264 0.3193622428585156 0.4632722151423749 0.33179040332844606 0.46045134080953565 0.3378532167207913 0.4695056981998242 0.3474973306342242 0.49694477433640855 0.33631204070644555 0.5318192843211028 0.3277105176160197 0.5818038381913943 0.3115458340451294 0.576159054603828 0.29840630567610754 0.5710355210151332 0.28294876179126294 0.5119046084326471 0.30284187533807955
0 0.584496019663882 0.23605290226923156 0.5827605429489024 0.26062305742444897 0.5788450299946438 0.2825726633786039 0.5891289249483753 0.2861008136353856 0.5922288381688211 0.26518552372867515 0.6231449375791396 0.25539023379788667 0.6754965652544105 0.24036616680305292 0.6947520572800838 0.23251684053794505 0.6972785818779814 0.22517032767722153 0.6931852723615821 0.2142057319317007 0.697223408332417 0.2111559340536732 0.6835544914268579 0.19286523991054202 0.677725705195479 0.20647079932023857 0.6552078142345543 0.2184573897751245 0.629841462168008 0.22949959681058144 0.6069341852283477 0.22830987653273574
0 0.8021658398723361 0.16837710590883548 0.8142311440830519 0.19574362895862976 0.8046187089175502 0.21580446807392697 0.7988849589299654 0.24130263874797686 0.7537541407643218 0.2533832083933953 0.7259931281200137 0.2562776020410215 0.7096382358236386 0.253820550195394 0.7025217035613649 0.23426252448448112 0.6953806194481964 0.23296245711550648 0.6971314070105107 0.22452847794303246 0.6942952218303367 0.2144551153526344 0.6972632710306466 0.20903415169447825 0.6999093837232327 0.19532229175616958 0.7109015662415359 0.19505249387212256 0.7603801809602908 0.19734200179979836 0.7817881224524612 0.1851060279239788
0 0.5927172132103151 0.2674990444296023 0.5898917238252119 0.28635134099285575 0.578375692928009 0.3073846799865018 0.5916077831568027 0.3183296723979181 0.5951738298187379 0.3093873279529028 0.6605729844154973 0.2895358461902826 0.7076958314420949 0.2723690127238864 0.713272420451967 0.2632878778733191 0.702398873926654 0.2336809350605783 0.6965486733215724 0.23266177163097865 0.6749264123454872 0.240795100837543 0.6224589772127134 0.2546942958239915
0 0.7094060030252236 0.2553329431307465 0.7142063118152122 0.26290718554946135 0.708305536745164 0.272801260804121 0.7140664960679965 0.2867917918063991 0.718245191907232 0.3027888959407195 0.7672893399995173 0.29845463964144975 0.807538853775539 0.2936207026419901 0.80870474604248 0.2808912369876173 0.8201315356574337 0.27282926556664966 0.8165357859516686 0.25046742860514287 0.8130708882196664 0.23758329568163958 0.8011503937534914 0.23903863235711517 0.753599267862554 0.25433768309702104 0.7266710855975751 0.25714524493521856
0 0.5948883105758447 0.30814213946857594 0.590534076046342 0.34259497097871355 0.5879673467345333 0.35589547511887293 0.5979694840092515 0.366114761775372 0.6025854224862798 0.3506173383412415 0.6625626553422976 0.33161447587551196 0.7069105874487585 0.3223867002881099 0.7171685409225402 0.30254699402241386 0.7139237364465499 0.28616919756423564 0.7078385910635415 0.27299160696604985 0.6607544108542266 0.2881003115440269
0 0.7185307111501253 0.30403408442504637 0.7067291610100291 0.3238222349343656 0.7191166011578267 0.3221765520969612 0.7268761951809123 0.34488340248952737 0.8026403399298485 0.3323801380908949 0.8187246787133442 0.3312698148464787 0.8277780731029023 0.3262177031235745 0.8202504799835126 0.29116207940049327 0.807863039835715 0.2928077622378978 0.7672893399995173 0.29845463964144975
0 0.8122647728051933 0.3298184033366444 0.8207619802308799 0.3379280053483476 0.8239026919027062 0.35162507867594317 0.820648923653263 0.36860959251270625 0.787507687905744 0.37326906021381556 0.7430943298124018 0.37775798378221587 0.7257519136054851 0.38006193975458213 0.717733559509105 0.36290688178511 0.7307039457903731 0.35489646612051917 0.7273431408625349 0.3446930563275985 0.8043266962176095 0.33305428808943516
0 0.6008990661985187 0.3499431883427013 0.5951439946241484 0.3849670583386254 0.6132923940947785 0.3973119065034991 0.6753842621028973 0.3808509767628001 0.7047245064105543 0.37297542633812 0.7180577455692809 0.36209394138101764 0.7307039457903731 0.35489646612051917 0.719298027596556 0.32074101745070543 0.6619529500392284 0.3311822277952774
0 0.820973109713439 0.36779665210861395 0.8320638056205328 0.3694027308875787 0.8367065032671599 0.3607022883608691 0.8430504087234627 0.36832808653596083 0.8477614762312022 0.3888736965273542 0.841459181466413 0.40369696996294446 0.8133115885952955 0.4056400356406728 0.7838672514834746 0.4108348629347704 0.7313343903638192 0.4199952059022171 0.7265727483911133 0.410362834595083 0.7303856474786592 0.40472380752281384 0.7252849679238624 0.38025228591651095 0.802800894947441 0.3731620235354205 0.8174457298687863 0.3746808676652101
0 0.4694732563057849 0.3490546125853448 0.47244739306079675 0.3798393112624572 0.47785740715385455 0.3878458017614066 0.4906731261659921 0.38806790165049243 0.5129824260797118 0.3762505627473243 0.5738281243120933 0.35212815593873525 0.5831164634795782 0.3592344713844173 0.5904954092290593 0.3446530998671327 0.5894425735397353 0.3267009783571468 0.5817097386862485 0.3107911088720015 0.5314996983270223 0.3278548308256441 0.4973472375816928 0.33701124862744947
0 0.3559599021028278 0.39870444123924315 0.353215201982246 0.42180151774891095 0.3572923777219011 0.43782928454376485 0.39266164590477304 0.43252424626128577 0.40193777088033167 0.4501850884514134 0.4170030191471362 0.4510125822756314 0.4376231963031574 0.44099879175875284 0.4577539144428375 0.4376171758210914 0.4589272044641894 0.4269538639640323 0.4699761696169807 0.408512443137618 0.47594091269581945 0.4082251868696816 0.4807300477421008 0.39930423419179545 0.4778074098227206 0.3865582103364811 0.4719948983079867 0.378742596964972 0.47027831473398485 0.37300969559171815 0.46383348873934355 0.37295659904057227 0.44722727668613 0.38294229594107404 0.41836372712354125 0.3850592829189208 0.3722804032289086 0.3909794288210338
0 0.48157780442296055 0.39949470814321736 0.4890835112882083 0.3883942611505613 0.5129003431789985 0.37654132913799526 0.57404659732923 0.35215166879309123 0.583496024081176 0.3670615948141836 0.5838660158574387 0.38620872421353186 0.5291645877018483 0.41065148110958183 0.51286515678805 0.4237284469982012 0.49136677663834816 0.435172337491547 0.4841046402756682 0.4333081930610901 0.4730744273239538 0.4378045590909059 0.45734410025321537 0.42706314774793164 0.4692408220868664 0.40881220087293907 0.477411607756048 0.40762567139903955
0 0.583018259176579 0.38601825026210995 0.5915052020857143 0.3809504623780288 0.5987275160350349 0.39140770813467407 0.6056242966438633 0.4127187396998003 0.5900110147462814 0.44106157657758643 0.5456770387496771 0.470391058192073 0.5131788919610818 0.4847107407873453 0.49675535778479407 0.4849729941205125 0.4876431584850843 0.4715337631596488 0.48468069815234466 0.4673808406305227 0.48512801674412076 0.4500447591104854 0.4907133919461584 0.43758290084150003 0.5134576488545979 0.4245590315040266 0.5289397694003575 0.40967101773609604
0 0.8123448341246695 0.7923440057047024 0.8147686568605181 0.8150381003265305 0.8218551779913144 0.8330966953050464 0.8306861841098923 0.8373520725311034 0.8383561296914948 0.832261674799171 0.9027985190161476 0.8092653442385155 0.9478973207186339 0.7961180654580143 0.9426668234716266 0.758319342471984 0.9220478057681776 0.7411949136846835 0.9226483411768162 0.7566606240534292 0.8276863377149986 0.783588136551895
0 0.7985394122455901 0.7935058015874304 0.8108879489587981 0.8002549177379178 0.8155321911067003 0.8376380175698764 0.696176212571085 0.8823647688162608 0.6841508428846652 0.866319450550454 0.6803073146149478 0.8495572978768231 0.6819030810747192 0.8436699604644379 0.6917693285247315 0.8481579356888659 0.7302448756382842 0.8318191239888216
0 0.5731597732774658 0.8768699010994018 0.6290828738490946 0.848836519847216 0.658204069347735 0.8323832962468525 0.677238770252647 0.8468805337966921 0.6818172721494796 0.8561424292843208 0.6835274081535577 0.8678827974814007 0.6830927022307619 0.8831159098517755 0.6413369826241277 0.9001372493319529 0.6113178146608285 0.916956523243718 0.5647605153653464 0.9365897877463771 0.5511508288803898 0.9179172782431092 0.554279452197162 0.9015860149385292 0.5635708942093037 0.8971438383590394 0.5702427780914742 0.8898418725437174
0 0.5681439654687277 0.8797873558391088 0.571079180209056 0.889937323968108 0.5639765599031875 0.8960744944867481 0.5535846452253514 0.9011211270091434 0.5519806943852679 0.9179842226051296 0.5414188277771381 0.9222896715059014 0.5376055018432374 0.929517380020787 0.523028501216629 0.9322177098774155 0.4880996389456088 0.9415933651448919 0.46455054677990215 0.9422778456823062 0.45262906472942344 0.9406538256100929 0.44756236297489876 0.9265099608988047 0.4504480411777107 0.909934843776992 0.46729462459452487 0.9038779501868698 0.47756812811219423 0.8835682502940476 0.49558118581304134 0.8761379310520914 0.5379986041758538 0.8596573190706266 0.5518497651559511 0.8564424081661 0.5619973444360526 0.8741883402126761
0 0.36034706069012223 0.9362501146254109 0.3582116297501583 0.9493650083815907 0.36405723462409717 0.9812664339924942 0.39234185506494357 0.9780626608445792 0.4042492539607121 0.9771269274587194 0.4399992685021777 0.9728390590360902 0.47182936871965747 0.9642717937713532 0.4792476937649663 0.9597784524398034 0.489706541421765 0.9413114887708147 0.4650422876670224 0.9410803475936937 0.4532932292432049 0.9395026539761903 0.4472165148829747 0.9258171570726201 0.44947390178771945 0.9180400871650622 0.39731884784701577 0.9260766636147965
0 0.44750547304520566 0.8453760707609833 0.44661106592181987 0.857495296251063 0.4408916528029223 0.866193853480294 0.45099098625076905 0.8846066567527084 0.4628983851465376 0.8836709233668488 0.4831013829049807 0.8788637883332299 0.4951671222727002 0.8754146279440068 0.5383718463666448 0.8587821673378428 0.5508291535877369 0.8522347307336794 0.5569679524141672 0.8389572290244584 0.570144192980674 0.8355451591074491 0.57258773821153 0.8237739939314781 0.5674546179251261 0.8190095970904201 0.5599143369150363 0.8181651145733481 0.550328527285343 0.801991858934615 0.4963932257508777 0.8278963037775734 0.4935196102643488 0.8329859165247139 0.4693132446194393 0.8379556595113739
0 0.5748921941715851 0.8194061700807559 0.5728209655929515 0.8231891447199008 0.5703774203620955 0.8349603098958719 0.557845226231533 0.8395791687082492 0.5505959262063154 0.8528195799452568 0.5625995811078348 0.8763334181688247 0.5675551097211374 0.8787213276913604 0.6030419611318911 0.8588678972496021 0.6301775779716499 0.8458472049857022 0.6579101721920425 0.8306240555603348 0.6762837354062834 0.8226444633673484 0.6767116877668262 0.8116949363004228 0.678530437762888 0.8036068965509694 0.6741890198362392 0.7862753646930952 0.6702412876580932 0.7834766361160369 0.660049933994756 0.775876420225707 0.6564381339616621 0.7729407519638078
0 0.35004655350527447 0.9522036512910361 0.3588749273872528 0.9554617115988443 0.36449587153278007 0.9815774038343896 0.372372084687922 0.9822849466666206 0.3649751287388936 1.0092992818158122 0.34774845123061 1.0094647136290271 0.2933081925310013 1.026759028251369 0.24437337077001892 1.040829549177943 0.23914611237299432 1.0292466602232133 0.23554076109778022 1.0023093298786223 0.24630772304547105 0.9851860947898426 0.2918639721547811 0.9675950563897925
0 0.23067301690970754 0.9538466739824898 0.23871180632706102 0.9873029488028702 0.29206938168204244 0.968490875443265 0.35102653208627094 0.9532735005015632 0.3567651964063187 0.9494648575942181 0.35915310592885435 0.9406550289483467 0.3537118713515584 0.9345469035270799 0.34565806652331527 0.9314628733763263 0.34028960096035965 0.9096522462510892 0.2778062219806481 0.9351230276314985
0 0.35642079268074556 0.8790774792960342 0.35534879388425866 0.8888202174675918 0.3417531676102191 0.8968112318645912 0.3384323485619974 0.9079604573567716 0.3464326355770504 0.9316369035333808 0.3550555999317673 0.9339991447877162 0.3737843464922107 0.9307725272317745 0.39755207522843733 0.925491814403219 0.44939901487824896 0.9161115093732762 0.44987403629410205 0.9085712283631864 0.46785603165497053 0.9036899123851404 0.47429226022415266 0.8804956423473076 0.46212381609280245 0.8834968932097942 0.45099098625076905 0.8846066567527084 0.4415635170930267 0.8659199741106122
0 0.22722388821131417 0.9067648371387794 0.22109365603789388 0.9136717562610651 0.22884358236550545 0.950674216823122 0.28889198276737105 0.9306040180317486 0.3385072354714679 0.9098890351485576 0.34144505331932706 0.8954675032843825 0.3525308141060501 0.8909484936846322 0.35370551766616776 0.8816536650398111 0.344046939022134 0.8811829111050482 0.32666192104189945 0.8838617699216264 0.32145391384602506 0.8771687952887822 0.3209489566808816 0.8685586650681655 0.30704521611595004 0.8752059508849563 0.2890075850467612 0.8830486033931016 0.2763448682984079 0.8887002209437926 0.24611097524370862 0.9010247925794745
0 0.3212934554789437 0.8620511427963892 0.3213512090823944 0.876720885762046 0.32679244365969035 0.8828290111833127 0.3446160985486078 0.8804611222086299 0.4318300515395225 0.8635206423840631 0.4418523801827685 0.8623737883689353 0.4468164754490812 0.8583911153045358 0.44618956231915696 0.8444431612352972 0.437425390798509 0.8318531818104543 0.43544618243536587 0.8248235690675146 0.37871860108172206 0.8337445423667079 0.3384987638909469 0.8393647171655326 0.3361022877154013 0.8545451283983394
0 0.21079087697372273 0.8567354365938055 0.20597424543686316 0.8675403069871196 0.20782826649461184 0.8756259464957356 0.2087320803072189 0.8969189801380438 0.2112601170580904 0.9064981461445333 0.22450098895566373 0.9064054736957062 0.27690635862198865 0.8876953254899561 0.3085832704043002 0.8725721668047114 0.3212331838162388 0.8612265545715841 0.33499550986282656 0.8547323260436266 0.34017330176583654 0.8353808882901778 0.31583141442585677 0.8391146473267401 0.3132184088608536 0.8233811280488198 0.2998172431804163 0.8213287892166429 0.28700703598561356 0.830529390168766 0.25367114909672756 0.8485391685581142 0.23445101638182386 0.8572582223553701 0.2151883992598545 0.8629000995169106
0 0.1592350905575089 0.5320373981808623 0.1513207569706856 0.5352636043152498 0.14707876500112155 0.5450699702637422 0.1489943062280526 0.5685205867606025 0.16380216061845893 0.5746000342738544 0.21535622043599928 0.5616616469749146 0.27542952749056065 0.5481351647371951 0.2800672361394658 0.5381674884819834 0.27508426694547317 0.5107748233666259 0.2565511199948835 0.5148680537342686 0.2155276593002925 0.5246676175367476
0 0.2831296744891868 0.5005719091359022 0.27861294857032115 0.5110672076302355 0.2769544536476606 0.522705133240739 0.2814081373967514 0.5364670027768628 0.29838358970101864 0.5595479809297604 0.34493699267953526 0.5549944031686677 0.3745502066516776 0.5463844842128825 0.3953139936859028 0.5350356164544284 0.40612941798500457 0.523703530076669 0.4060160316731455 0.49490276351980067 0.40212440185817894 0.4930275125388263 0.36841036110021363 0.4969627590113101 0.35837378412427306 0.4947077411287993
0 0.37467379618255675 0.47710133416967904 0.362220059414496 0.4850626854870262 0.36803375367138563 0.49637890889992264 0.4014867197187587 0.49213357836730265 0.4053783495337252 0.4940088293482769 0.4178446723373071 0.4993119616777611 0.4471277066085534 0.4873749989805272 0.4858524954323933 0.46755061263473857 0.48495501316997364 0.44955655756168333 0.487602348669271 0.4413858442304024 0.4847164809261353 0.4322794929090727 0.47311719285507436 0.4373624147917545 0.4620569882700437 0.4308791024596568 0.4583082802956938 0.437725892496651 0.43885841212792187 0.4410449462250204 0.4164637925828387 0.4512376419468302 0.404235596720916 0.4512582690606008 0.394691878928782 0.471104668789551
0 0.6121895361274772 0.3987611935665121 0.604606716382531 0.4098254644769263 0.596651439572337 0.4333080308619086 0.6071360513718982 0.45295368432073624 0.6239039804511969 0.4418251271169918 0.6769568401121357 0.43246507793843775 0.7165937652262674 0.4187607391179595 0.7313280053203881 0.40478125671854476 0.7261835144574458 0.38234542817211464 0.7177674266135877 0.3636965297392103 0.7047855436014989 0.37328173968407213 0.6746606223059168 0.3843352432990473
0 0.7313065500993361 0.42073640950384217 0.7289004040489102 0.4303037797827401 0.7382167777937834 0.45287894821126984 0.7406952459242059 0.46168179660107705 0.7498803552585585 0.46161751030774684 0.7525785608226563 0.4513177612864232 0.7744776010154244 0.4485240500135584 0.7819103532677449 0.45285403617478104 0.8145834126347995 0.44689504061011903 0.8281976293942299 0.4480918856262097 0.8447217136798544 0.44994251961069426 0.8468358002166083 0.4411075280742218 0.8550509537088963 0.4408253121247601 0.8587780574455826 0.43501272881272274 0.8497644708249075 0.40372760524911894 0.8422620486315371 0.40310595942739025 0.8135036476032663 0.4080825034468303 0.7838101257034558 0.41098694764039206
0 0.7252403181143269 0.41032946374708446 0.7305589838298937 0.42349444144477943 0.7283236934994445 0.429286316297609 0.6753116400806253 0.45337539889194883 0.6356291523854426 0.4769114842748228 0.6281508375520711 0.4824132446759957 0.6180064999861798 0.4742820249205462 0.6142311815294959 0.46784779578678015 0.5986073831448862 0.46992343179792084 0.5984894984838387 0.46138495969161136 0.6097886943549451 0.45248568186180854 0.6246167117501146 0.4409212653458015 0.6779267959542004 0.4326830075945689 0.7175637210683321 0.41897866877409085
0 0.7525437258521314 0.45317193145617035 0.745346742921906 0.4659188895075667 0.7485486699617719 0.4658402997335351 0.7595370032371012 0.4957071124396544 0.7606596787107385 0.5026093440323481 0.7697054481629915 0.5099617384180058 0.8060359413256823 0.5018984998808004 0.8485130640249583 0.49255629036820997 0.8560503211888536 0.4913237660201917 0.8721296263292336 0.4872224768105391 0.8719286919776634 0.4682913624281732 0.8687241127988505 0.4462913931940056 0.8606375715781361 0.4471345048571281 0.8506111186732923 0.44754175720798783 0.844266206924084 0.451968172809206 0.8274848980953124 0.4489957473974 0.8151675316621434 0.44543028312526795 0.7827168618677114 0.4543652402869986 0.7736362574449334 0.44886701607108787
0 0.8747233269817568 0.48248523829845674 0.880486771842568 0.5016021391902888 0.885151648589741 0.5199402147123289 0.8649942378684787 0.5263172299232896 0.8280688980679178 0.5438228023379947 0.7881050784695893 0.5601136900706454 0.7766531629669104 0.5623286659638856 0.7659247063736752 0.5556622036932869 0.7810099483119917 0.5452195786046015 0.7792790464510115 0.533658698273857 0.7695420009208931 0.511255012874092 0.8057438818120103 0.5026308786232258 0.849190960353351 0.49350659876676684 0.8562727107614758 0.4942997276172602 0.8655274900368782 0.4905271009844358 0.8719661790871351 0.4885157512666254
0 0.15806520187979162 0.5798737643034458 0.16216258686110147 0.6172001485218948 0.17958027022255973 0.6239801503701554 0.22214562906484675 0.617204130431268 0.259634689213611 0.6012610957882978 0.27679829107261733 0.589637788824901 0.29018496795870014 0.5874856322004437 0.29858198817286136 0.5635729001217306 0.28963926435449266 0.5526771979639437 0.282397300026068 0.5470368375707609 0.21598078129323028 0.562213645797002 0.161905647228328 0.5750034411674207
0 0.2992114756683486 0.5619943750652406 0.2886863304185891 0.587435578068039 0.28857370862067855 0.5934301282284832 0.3040018685207586 0.602343061430114 0.3198689547894869 0.5958749879665118 0.33169057383352973 0.5973942061314935 0.3472342554578365 0.5919903330479218 0.37160228104596377 0.5880055698645227 0.38411980788742284 0.5842248340511708 0.4083116913020267 0.5816337938253013 0.4161687241726231 0.5704994245957213 0.4136854566596563 0.5510219428920496 0.3892798904722254 0.5570048894622636 0.3794680166092329 0.5444806081155823 0.3450888533386013 0.5545292008629176
0 0.4070181621437786 0.5068116377201021 0.40654169517582683 0.5241908277721498 0.394642095006861 0.5349902325055557 0.3799213619311965 0.5442958060166222 0.39032518269037275 0.5572397456936283 0.41386159883317986 0.5496282199345198 0.4177915443336388 0.5559577345911381 0.42573807735615765 0.5560232031542015 0.452826174876067 0.5509296273770419 0.47281090964177186 0.5408001516359844 0.48005001583987505 0.5226471134863505 0.47992297508864906 0.5134454590805219 0.4872515814386748 0.5064922587235313 0.49806834879018974 0.49745618114557555 0.4960644063754961 0.48439290793267276 0.485874268389147 0.468057061911322 0.447718180145592 0.4875768049975968
0 0.49679495484589986 0.48541702669228254 0.4986602956863735 0.49787583947590036 0.4878435283348585 0.5069119170538562 0.47992297508864906 0.5134454590805219 0.4812339096322425 0.5234864301470002 0.4846729692114342 0.5319989302893934 0.49904141794005147 0.5254808026933864 0.5033843100328491 0.5098303000950428 0.5446011937322393 0.49501149247649173 0.5611353080957583 0.4849667105695849 0.5775943412606703 0.47891829543630743 0.5893813196317256 0.47411344086334584 0.5923526149356382 0.4676145385384262 0.5951217882897177 0.45591034858130725 0.5951333491127119 0.4473131546047635 0.5880299863585073 0.4422772546408656 0.5459959121671123 0.46866550424998016 0.5130027646386812 0.4847587012901644
0 0.16670084668355178 0.6267957146604018 0.1676572432006485 0.6646083911274911 0.1866384683436637 0.6656868386818577 0.2295265114937063 0.6540812320824203 0.26993250701059246 0.6444669620151828 0.27449434987539245 0.6323220682569025 0.2912160702185326 0.6235465062230708 0.30110575834885756 0.6058013314505005 0.289962243958684 0.5956505980845938 0.27651427360845526 0.5898676885694093 0.26226603424546147 0.6030224966579762 0.22221522207477756 0.6173897413622585
0 0.18526692190929472 0.6677152656862712 0.17688786948413954 0.6760286721291795 0.18210867912328438 0.7116132231666006 0.1935218054020496 0.713327856468945 0.2425593319266628 0.6997052450691075 0.3044928025810508 0.679846166907002 0.3061895966123318 0.6664203033089265 0.3065656888103243 0.6467863938290267 0.3045163846449505 0.6431033396504396 0.27687581064004835 0.6475139016937227 0.2726948510804808 0.6453000223282416 0.22885464720360182 0.6543551114521021
0 0.29108993079558754 0.6242329839279467 0.2739251903489187 0.6330438571533207 0.2764014894912128 0.6467431107071252 0.3035085882097939 0.6435141587049624 0.3094248442029428 0.6420820031161395 0.31690948950471226 0.645887822163311 0.36382015174237137 0.639009521932718 0.38583333284386645 0.6324849297365812 0.3959669329037532 0.6254154026612543 0.3964612055207564 0.6227650359730502 0.39969857100649764 0.6160578152760192 0.40325261743614094 0.6043237405722618 0.39497415187948626 0.5954539770461502 0.3833920005806297 0.5849922738383482 0.37145678383070113 0.5874086754892577 0.34681178127710865 0.5920674486340222 0.32968641665085674 0.5988739812412008 0.31891071982105207 0.599573860725578 0.30260782740101744 0.6027401457077736
0 0.18169184841105956 0.7164406214376345 0.18369180566971738 0.7562996093565738 0.1983345702096757 0.7607155349991014 0.2259200480512783 0.7555284331130392 0.24922322501199862 0.744875225384993 0.28399714006018745 0.7332961839298139 0.3097464470931604 0.7248190021366993 0.31161793719576764 0.7018439258696496 0.3122379876862414 0.6932255415620708 0.3047949989840551 0.6852977530061132 0.2941320784998802 0.6850288776077654 0.26395301238452346 0.6958887501672747 0.23552694845040462 0.7040147382029017 0.21519669219816845 0.7097059534628235
0 0.31412835684213025 0.6901471907652684 0.30966957148352936 0.7254272795291804 0.3147874128435025 0.7317066643893284 0.3281434744734344 0.7314546450331215 0.34866149783849043 0.7331871049552978 0.3713055628017539 0.726264216735499 0.38844236274346355 0.7198554957856872 0.40479402234425144 0.7204016372727299 0.40925150430243257 0.7200269346499804 0.4205949666421009 0.71194123686031 0.4345988016383038 0.7050788213401694 0.43449924876630097 0.699926945421277 0.4389731149690933 0.6986801542864854 0.4393184315102654 0.6907507025247474 0.44346211801216173 0.6861768676485073 0.4395692407928601 0.6739172096763882 0.4347324263999491 0.6735811340938153 0.4254104071730599 0.6716117729903469 0.41729821524656596 0.6749186342780943 0.4100165181857376 0.6827909397517344 0.4014090567078996 0.6811072354273086 0.3714442331768245 0.6910143643214158 0.362105829705324 0.6899170917299896 0.34474849416157194 0.6906463145217874
0 0.3071869867051332 0.6485524165125924 0.30469544611205224 0.6801458770872207 0.30624049872676895 0.6849969780521561 0.31464505625151096 0.6905135026976704 0.32766589256712153 0.6906866047677441 0.33784488213113817 0.6888449912096055 0.3624410550196454 0.6894919703037093 0.37080655103740434 0.6901204301498921 0.38226595049368683 0.686314519767072 0.4022004900665819 0.6807846148138698 0.41073107593478875 0.6830765965307769 0.41690249856722483 0.6750799445848136 0.4244816068397267 0.6722788598767062 0.43407836001591754 0.6735592884343337 0.4376826698460614 0.6628589883143174 0.4345761803720167 0.6540288748964888 0.43183768470151584 0.6430294630282957 0.4281161903504227 0.639065568750317 0.407081467575986 0.6369667968957385 0.40326042035288995 0.6278510266988673 0.397725432455539 0.6263572058252097 0.3862773716304424 0.6330431928637165 0.3645016156354923 0.6390351830775953 0.31674467837434095 0.6449447802708881 0.30947307254036327 0.6453127554090705
0 0.19840691224513662 0.7605723217254873 0.18884807265421033 0.7713422452927694 0.1959931938813096 0.809997001008278 0.21069820065217215 0.8098940811252059 0.24630538187297035 0.7960337421346125 0.3121562241732325 0.7652626166544039 0.31399507356516987 0.7582942816216591 0.312802558226809 0.7466702124237647 0.3205282732564152 0.7386113595643046 0.31775858127428414 0.7318851427362864 0.3145656330305918 0.7318775096287965 0.3092764721532626 0.7248691219597374 0.2849125365567007 0.7331643470153004 0.2514630622481604 0.7467997211150125 0.24452236546305595 0.7486471259858662 0.2331918955894306 0.7549024008085191 0.2262011541869396 0.7554609964819773
0 0.21672233515661649 0.809402211608263 0.20405204674076977 0.8237316055053556 0.20640562261610618 0.8447014496612396 0.21492632669327977 0.8615208082850302 0.24177827638365473 0.8512294598306033 0.27600704410607946 0.835639902067208 0.28711302086354007 0.8294761398224053 0.3001893910490965 0.8211999551795536 0.3123363339686088 0.8110115266081989 0.33370035963625777 0.8003388616273908 0.3417806964940375 0.7852621008925157 0.3285284624855534 0.7831362993783532 0.31359896259852604 0.7833307318392757 0.3119631858584531 0.7676324234721591 0.2618139967043359 0.7887298892204248
0 0.3372145194837106 0.7318476643306218 0.3204009307981316 0.7390636926568591 0.31229471340318504 0.7463514578128363 0.3141108428005444 0.7590096341999439 0.31202100262001586 0.7652933649113942 0.3150521075190489 0.783250215699893 0.32887885799869443 0.7819593276603506 0.3429476499857542 0.7852773564473566 0.37621728085918904 0.781130459582044 0.4012762911671219 0.7767093299700462 0.4256930126673661 0.7671181971897987 0.4252990992222426 0.7618469460630762 0.44107805154555807 0.7572254083881972 0.4447340798703324 0.7506653570759969 0.44051803256187505 0.7476764075850134 0.44131062741672444 0.7404730001071064 0.4326238235820934 0.7393065138686329 0.4271105309479568 0.7353978876111927 0.4244812392397466 0.7310378681107256 0.42086477993642657 0.7223726756591282 0.4105358519886952 0.7211513428713179 0.39078922771948754 0.7226826830967402 0.37305807355250237 0.7306348704069556 0.3514003823516278 0.7333073614502474
0 0.34485871691742126 0.7841362056294873 0.3340488377359583 0.7997685290812407 0.3119987989805087 0.8102055139441404 0.3124417470833343 0.8216128464147047 0.31591423419464454 0.8379412847274371 0.3400351115651697 0.835351063508151 0.34688678443698834 0.8379898677145805 0.38105341333582793 0.8342015612740235 0.4330476998265087 0.8216974852646041 0.43744095449327935 0.8065081099156765 0.4433323610811405 0.799036826977221 0.4308234233831755 0.8001526423744862 0.4252674299464877 0.7853977699881828 0.41521377867247383 0.7782702750481447 0.4018695453171083 0.7757432517944539 0.3767694000971727 0.782353880223919
0 0.442769982237698 0.7994880211932074 0.43791695254954777 0.8058585011019845 0.4331902372581323 0.8187657698110766 0.43611323363590465 0.8267246254058992 0.43925210081730126 0.8320333744518346 0.44656919470341266 0.8447892958616013 0.4783545039116588 0.8325643346149829 0.4907325136003431 0.8278845670384501 0.5506973479664261 0.8008783386943638 0.55857731708956 0.7969341098416485 0.5642394488470821 0.7916978689892135 0.565291612292641 0.7843146688707222 0.5657777350450148 0.7672797905210555 0.5571574316479562 0.7620094058759787 0.5463480641859296 0.7627555908520649 0.5374911013738043 0.7612418336636276 0.48972998311566596 0.784005359164564
0 0.5663357910489982 0.7685163662235958 0.5644137424278218 0.7912608042558306 0.557573132828006 0.7973434564264418 0.5502720083202978 0.8014177400739451 0.5595143162837479 0.8177810519451341 0.5673878834457615 0.8185976348106124 0.5759170477078496 0.8198790005580633 0.6396811655884427 0.7807095781768628 0.6589413620998275 0.7677341166142145 0.6620370693302582 0.7620799932288257 0.667126758433475 0.7519528858634089 0.6717287420562369 0.7456847426008304 0.6719510148209815 0.7382738243337493 0.6610489254959031 0.7218550761653809 0.639222304457427 0.7344126551950758 0.6086442463921183 0.7530997867444005 0.6000942935185881 0.7529249419047019
0 0.5702998007269655 0.7343250906776352 0.5580960846190208 0.7385677935207849 0.5538922500698247 0.7501638680297282 0.5393459649276147 0.7597536843196718 0.5476800469975207 0.762578635708258 0.5589915065903243 0.7616277774397751 0.5662590385643496 0.7681816381364112 0.6000942935185881 0.7529249419047019 0.6203730609418486 0.7431944245677015 0.6392430930688693 0.7333061342873234 0.6605676219765684 0.7209532285500253 0.65962422082126 0.7048670981647334 0.6557386174048183 0.6951045473391991 0.6502699851113969 0.6856212883036704 0.6473965506457108 0.6838644934219782 0.6010521523730139 0.7152008943949273
0 0.4484673603057799 0.7393350815379538 0.44569304966426593 0.7499824080825223 0.4409727363339708 0.7581288650734209 0.42512165895273235 0.7620283038812256 0.4264264511917608 0.7677186813633646 0.4208058966571232 0.770741880400295 0.43070538444872897 0.8007458894002853 0.4442970472414712 0.7977674804082654 0.4894789370502775 0.7841076958107625 0.5377629360506351 0.760032976109677 0.553717956489085 0.7506009327631111 0.5527537667223344 0.7356213232855714 0.5495861262402939 0.7230039926187533 0.5439224117546906 0.7150643192243598 0.5375199457232437 0.7110859465790025 0.5185523725001321 0.7217460296799482 0.49167605685324256 0.7290417600127265
0 0.5417334212639494 0.6615738442381603 0.5507348665490803 0.6733916278465463 0.5524516953999635 0.6872109728081234 0.5508363231162793 0.6991621715713651 0.5382841658277846 0.7087960271485919 0.5188716691410433 0.7212264377115036 0.4920138747015282 0.728625636973972 0.44944933346224086 0.7382331147677719 0.4328757070846453 0.7398268225689119 0.4262972889096948 0.73541018199866 0.4246185062715112 0.7312547909338898 0.4211072983125961 0.7233292886167156 0.4211059031115388 0.711714501650317 0.435287509955675 0.7049655522418495 0.4344262738127727 0.7001542470112602 0.43907360050190736 0.6982598065370865 0.4390482363601076 0.6918171706058818 0.45279288409734275 0.6810519095993183 0.4862164146409086 0.6748480329414995 0.5220799025994185 0.6634550958206203 0.5339258616286163 0.6602394421668365
0 0.43935418915483776 0.6287759416487583 0.4351142091969405 0.6440555792566199 0.43482664453872333 0.6554655093129548 0.43854082826272844 0.6642762167137736 0.44347851001219496 0.6742014201160624 0.45357377958098183 0.6823468285030906 0.48585979619327074 0.6743481076702208 0.5352536692540834 0.6596981734599298 0.5399869800374024 0.6571233848121754 0.5463990734589053 0.658703987229191 0.5541812689524386 0.6535957533693101 0.56291632811798 0.6484217420660396 0.5675016396536725 0.6420354987302531 0.562145324303126 0.6271185671950724 0.5435489789106088 0.6272782766257662 0.5401364371167782 0.6218937441006133 0.5290699783701621 0.6147895296917708 0.5244043261752064 0.6176593867007402 0.4992859343262595 0.6220909929231929
0 0.40405175324080483 0.6025129137249667 0.4015145248618336 0.6167757913624045 0.40328633023018035 0.6276688867195942 0.4080027107087357 0.6376843015730342 0.418262909829913 0.6370509611468999 0.4294393216114559 0.6383026763469677 0.43585141503295866 0.6398832787639833 0.43897924520137876 0.6292514329122754 0.47440716925404497 0.6254569711596988 0.5000358222331776 0.6211400103961586 0.5265186727192337 0.6142163023972075 0.5299241758770858 0.6121827824563597 0.531865159031687 0.5984856075335903 0.5288571735669788 0.5832566982093282 0.515480431147224 0.5861284154863741 0.502089611455512 0.574164027831419 0.46667436947374563 0.5811798075495976 0.43525523243928027 0.5897930991126588 0.41404696144344993 0.5965025653535748
0 0.5433897554238316 0.5812044085725375 0.5348576720233803 0.5872636249594526 0.532461404256057 0.597919904818922 0.5320878555036553 0.6100101830488379 0.5337793202127389 0.6173868920792102 0.5397798186691403 0.6213938188293345 0.5449444451244393 0.6270320762800742 0.5614137619020293 0.6270941331873109 0.5724421744359456 0.6245343936993464 0.5973322263780027 0.6127749464620442 0.6167940561472861 0.6016150207951432 0.6323034706168893 0.594324802679769 0.6497186124305088 0.5869030296776154 0.6555767550742049 0.5829017672393096 0.6543518618476861 0.5701724842714408 0.6599576956437501 0.5640155318534797 0.6546944030233667 0.5558363046107186 0.6482273330844005 0.5571819517980905 0.6404930754723519 0.5519458835875833 0.6305641306570128 0.5466365133537918 0.6078560838473465 0.5552479446487762 0.5840232051773031 0.5652858497343122 0.5781100860161434 0.5722133617770054 0.5576883539388735 0.5760210124212956
0 0.6317932094867036 0.5942101572208562 0.650161214972331 0.5867226067753132 0.6569736164890926 0.5942703538600164 0.6635280657233007 0.6038591454654624 0.6643470074196394 0.6148180182660417 0.6318664488792964 0.6409643734476658 0.6029140286026323 0.6624460274452697 0.5807232815591303 0.6785901566651673 0.5565591485832488 0.6945707724106294 0.5527899883417802 0.6886863146141978 0.5509561678199915 0.6733014163953951 0.5422930154766773 0.6629589745930836 0.5405648997559515 0.6575330986323029 0.5466203747298164 0.6586137757780399 0.5541136103640752 0.6533006850080952 0.5632236134830757 0.6476511824413077 0.567569298242036 0.6423305670914679 0.5625202682565852 0.6266430759315552 0.57193191330576 0.6244197482404338 0.5968896238361804 0.6129553693643465 0.6173903013716562 0.6010493180804749
0 0.42583793747425813 0.5569649084886074 0.42038430957701767 0.562508951802614 0.4149495435418662 0.5670490298051967 0.416519321740106 0.5717225983665416 0.4083454065209766 0.5816964635588738 0.38972416484234085 0.5862984141017565 0.38956021669216534 0.5910145361505043 0.3955404762279048 0.5975432257230374 0.40288740605132006 0.60351480457773 0.41364957555771464 0.5961388746870401 0.4347952412925119 0.5895115891833592 0.465678791836052 0.5819035728027592 0.49216491429555526 0.5757560358536155 0.49932035342565906 0.5678578039209858 0.503976038970317 0.5566613758836624 0.5057213825359848 0.547979690888123 0.49685401545576047 0.5266874813411007 0.48378214702102085 0.5326802939636378 0.4773912990917375 0.5319645435375828 0.4753296764429712 0.5414393411224804 0.45360222951961804 0.5509605216246745
0 0.6516618652773497 0.6282991743238436 0.6591364555629725 0.6435172937034178 0.6660292646600395 0.6616293080815051 0.6583109062034688 0.6714174697012237 0.6393051826382147 0.6884635602758734 0.6011472131834099 0.7143131662117151 0.5699488195929816 0.7346690271324544 0.5587369019326546 0.7379110948416895 0.5534153070700377 0.7364273809757282 0.5500537809009052 0.7228535298852767 0.5437064653044262 0.7158102830823054 0.5385488185919849 0.7096104471675968 0.5513479402764304 0.6980832507575014 0.5577634586764291 0.6934754701180643 0.5812493024189129 0.6785882050629753 0.6322760323978934 0.6415151072254108
0 0.5027597153600606 0.5101241141628473 0.4983469390642883 0.5262399621703051 0.5003854516501346 0.5341745034162165 0.5086097299087919 0.5480608118124737 0.5273087462231035 0.5407305118909196 0.5526658313347153 0.5318548470710522 0.5941945218497527 0.516094790251871 0.6097483144368049 0.5103387962672375 0.6095976941665154 0.5077705385404871 0.6170293066288836 0.5038645570470163 0.6172680134803307 0.4982157528690731 0.6253672243607239 0.4905314220024421 0.6260565285577044 0.4820692792025611 0.6173152721513118 0.4745295779062147 0.6147814871966855 0.4682578503334931 0.5983086412526806 0.4700057268793061 0.5888116998471054 0.4744614368608136 0.561233554943592 0.4851190487491945 0.5443943511221412 0.4957817901216686
0 0.5055257764053294 0.549902325578649 0.5260450407676607 0.5409534658520397 0.531050076987781 0.542711601366039 0.552788371782309 0.5323892627295616 0.5836342808606756 0.5206917605627693 0.6094087729167197 0.5107693913599505 0.617837304160388 0.5102554180150615 0.6201374928419723 0.5183754734584987 0.6231052799415814 0.5227171795287758 0.6282775316325419 0.5261602556500324 0.6322881760020327 0.5455626066198286 0.5839456858410006 0.5641002469178003 0.5796095115042403 0.5690818738328299 0.5676017543883296 0.5731001746170844 0.557859732087567 0.5764870532815729 0.5428905619157874 0.5828812834905123 0.5316844282876408 0.5865728097478501 0.5278371522759201 0.583173987494728 0.5150443668727959 0.5866357456864058 0.5020103476875541 0.5747100844516478 0.5004288064909815 0.57067984007876
0 0.635431300390892 0.4761224399097843 0.6292759023952785 0.48126451720552704 0.6247620474277207 0.48987482553884515 0.6178113434309191 0.4964694814943702 0.6168303502983168 0.50326352435301 0.6143294126216433 0.504659135326188 0.6155125034071127 0.5098187561175976 0.6184291675614193 0.5090059309578993 0.6196270424184904 0.5179207898197072 0.62440050487547 0.5227452076395231 0.6287582408548167 0.5269868396458594 0.6390413354835579 0.5201621443441155 0.6481774862809078 0.5107959785377032 0.6599657413821187 0.505614477051023 0.6785831019961468 0.4957685204567044 0.6896121980502478 0.49465774791654754 0.7087027949784636 0.4868756396387928 0.7231135862403326 0.4783683263310481 0.7362771980693023 0.4681126555828645 0.7395586576755623 0.4615092278795061 0.7376870753012879 0.45211674682959363 0.7282962693755397 0.4296159708503077 0.6749303411385277 0.4540029915896873
0 0.640272597432766 0.5182597925242906 0.6309745028725837 0.5324349917233403 0.6328119210855485 0.5461094786215372 0.6421452789436237 0.5509589163806925 0.648038169417668 0.5577877691394436 0.6533362374683651 0.5544741803671293 0.6636475483936074 0.556040265703799 0.6759147654531834 0.5510396461954984 0.7066042379601605 0.5339138437449759 0.7396680105431845 0.5158201794541369 0.7612232309360921 0.504148691082244 0.7593202757446822 0.4939625582322151 0.749467723668556 0.4679779945583687 0.739640343663472 0.46852239817818503 0.7232294401019995 0.478096852562726 0.7093138193466135 0.4872310673460722 0.6890112859701746 0.49493027074963897 0.6783924726064082 0.495797294982894 0.6597610201881509 0.5051230564227888 0.6494723865252805 0.5093171243974927
0 0.6634055829335284 0.5549850212255559 0.6601087755419086 0.5632522117756471 0.6547451705127663 0.5700541545961296 0.6566481257041763 0.5802402874461584 0.6539335547003825 0.5853854358804838 0.6578150932884983 0.594765017196916 0.6645548628728193 0.6052872256295179 0.6772732423633309 0.6041412721017874 0.7127667607739964 0.589095722257922 0.7606258017119056 0.5638170218335036 0.7657095613112705 0.5553853707102702 0.7812786972429421 0.5444362015004702 0.7792531067672672 0.5340400306264445 0.7690969576716881 0.510133507343708 0.7632638111973806 0.5050801899856389 0.742163293349271 0.5153799398529421 0.7060547700615571 0.5352917088366577 0.6769481642719448 0.5517722700603027
0 0.6815744521076895 0.7881625222704867 0.6795725051975734 0.8040029045739981 0.6763173112105442 0.8128420082316176 0.6765511302326758 0.8230759049896649 0.6719175674868515 0.8259037538953614 0.675765521200026 0.8365424198598674 0.6824666370840433 0.8427314530820551 0.6915470951819138 0.8470115499044102 0.7301908757299891 0.8312587640896075 0.7994174067830504 0.7922404775254922 0.8067707978470186 0.79205999204444 0.8023300844076986 0.7619435564578086 0.7965499416671201 0.7520925297840426 0.7876212720216716 0.7454030098343258 0.7393432131071174 0.7636745928694366 0.7116751704848698 0.7735446901366526
0 0.806120644063613 0.7416179857179257 0.800449198663284 0.7429908796961767 0.797319126358137 0.7508399594598266 0.8025536610009234 0.7613829079032622 0.8082825004585126 0.7909742506294002 0.8286689401575946 0.7831334134160519 0.9226857151496115 0.7570155791460186 0.9212971039619093 0.740209779081502 0.9170635427741812 0.7217466394863106 0.882489262274415 0.7306759251254856 0.849945625713395 0.7392469468133439 0.8316698302646784 0.7424713223751974
0 0.6729535110217209 0.7367441486218786 0.6716305060620954 0.7447956129887578 0.6665682447295447 0.7534323320431477 0.6622485013174711 0.762235880006714 0.6594671272874313 0.7685342873218479 0.6615346804256241 0.7775511694497322 0.6710089581688647 0.7835487676297791 0.6753122772393054 0.7869591642121992 0.6902959695015463 0.7831987462287634 0.712220778582662 0.7728527683669828 0.7402108527094767 0.7628513978846434 0.7882653350308063 0.7451404634040791 0.791664105299441 0.739998908892091 0.7887822460999682 0.728966423282215 0.7842081988079495 0.7059469838625461 0.7712449080555481 0.6985545925820708 0.7237360338320107 0.7155736052929655 0.6884828113817536 0.7322918088687732
0 0.661050709178183 0.6955842778642825 0.6604702221390348 0.7038025711403378 0.6615368018221696 0.7207396444199778 0.6728283893398385 0.737734172515848 0.6892519960727704 0.731039238544557 0.7234140023274434 0.715704878508089 0.7704039352237284 0.6979583883334715 0.7768445653150744 0.6953329240310042 0.7874080289958088 0.6830451610861249 0.7814474007741783 0.6601214391875264 0.7790844829019579 0.6498164310413731 0.7708183308653672 0.6475519377010102 0.7554059400164 0.6571212258331394 0.7177200418112103 0.678587164275565 0.6735935135146747 0.702678567020458
0 0.7851373841222048 0.6961780181379748 0.7847271401352017 0.7066744613262689 0.7921379252564302 0.7374582125496056 0.8071460686171393 0.7419213034114883 0.8322135255419185 0.7418321675703563 0.8504912338111872 0.7385550250436742 0.8830348703722071 0.729984003355816 0.9169650878628387 0.7213172641468873 0.9303201680025197 0.7135256391994679 0.9305417143376541 0.6960634730593344 0.9272291262933647 0.6739383400125648 0.8978135317794014 0.6577587643511861 0.8560471477399101 0.6708691635148735 0.8246939256429023 0.6828702111445871 0.8065070446882141 0.6905926019459828
0 0.6664195547100527 0.6064607763388601 0.6648687236808316 0.615602819808252 0.6571039957023124 0.6215033531371028 0.6542732092817446 0.6290396934603213 0.6562024304695491 0.6364592016641087 0.6589654832316796 0.6435388060073088 0.6695291021458992 0.65382097645124 0.6718513470051535 0.6550017997716794 0.6961825044944743 0.6408284939753933 0.7233338165760738 0.627025195887889 0.7468484044630698 0.6122729864127172 0.7635303518637349 0.6015217351849721 0.7717637815454206 0.5926948273074092 0.7789031358431954 0.587049221873999 0.7784331199104615 0.5790348819141838 0.7738510479362455 0.5660104646228864 0.7700284437342063 0.560274547644893 0.766779427296908 0.557040125389878 0.7614816700973644 0.5637585622159126 0.7125179572214234 0.5897966469784683 0.6779139468868933 0.6039026571928395
0 0.6664194957141778 0.6541768083889693 0.6662176679643081 0.6612493248466434 0.65794971433862 0.671913847803152 0.6529878789803782 0.6791031963802571 0.6578939267380394 0.6895641589460978 0.6619422508056614 0.6942962924194713 0.673293231292348 0.7030418076052337 0.7172539547223328 0.6790431460062015 0.7546887514774308 0.6574007954686117 0.7673807908701895 0.6461485286416015 0.7745546691119667 0.6386653081292457 0.7780519833009933 0.6360239653241684 0.7809982876114248 0.62600914624064 0.7784954786588794 0.6160881433138744 0.7735960610449302 0.6126147212405609 0.767282593948202 0.5999921678123293 0.7236060064435155 0.6272181637808507 0.6953778809500061 0.643283956773035 0.6723784647680356 0.6563065430970759
0 0.7673635878940632 0.5993513041309652 0.7743661606453961 0.611996873521865 0.7794103041790666 0.615107375771923 0.7841065798135789 0.6147125997943833 0.8131685368814142 0.5983069029416118 0.8387159177882216 0.5854613564333906 0.8652883261909354 0.573109737638908 0.8746861933741045 0.5683670116678285 0.8828333131957844 0.56413414148763 0.8853865938347661 0.5603580072874497 0.8921090323453778 0.5548823537843329 0.8925485260186866 0.5498404202985664 0.8859681849686614 0.5330717249613731 0.8791395461669078 0.5221787946842721 0.8654795811083906 0.5262275371631248 0.8567535576078251 0.5319120866363455 0.8278416423738559 0.5440016896498614 0.7741232378036871 0.5662034325158483 0.7785778458301829 0.5786719620909283 0.7794475155780787 0.5874351576599226 0.7713468657582576 0.5928647792377028
0 0.8934301418244389 0.5616379823440881 0.8959502127489856 0.5706401777313808 0.8983653976119579 0.5742145038469832 0.9053095543035752 0.5826289553637743 0.9077778393121183 0.5943875733694856 0.89762181858634 0.6027825135357882 0.8490404975535597 0.6304882614469961 0.7911011491957574 0.6571459462343378 0.7790902710843237 0.6504929740229617 0.7743528413620971 0.6457378245869198 0.7753885006862926 0.6383254042686585 0.7778435254074119 0.6361089412893152 0.7807898297178433 0.6260941222057868 0.782936826397951 0.6145815919039 0.8132495308272754 0.5976660392602476 0.8390691016015245 0.5850134606449883 0.8644544946166095 0.5734496414994953 0.8739970877194998 0.5683439957051604 0.8826368013600596 0.5672534839293039
0 0.8918951995417768 0.6066365358155893 0.9045540292201006 0.608162598576052 0.9069758442267848 0.6187244651841818 0.9119044698705917 0.6243134461945495 0.9155783464683324 0.6453061715203257 0.9103615832146501 0.6513837446649962 0.897147741973154 0.6573780941506097 0.855444217198996 0.6713389207034454 0.8058657624705996 0.6897255853294416 0.7963576933117116 0.692993616044831 0.7859919004627843 0.6905328176677531 0.7857422884814884 0.6854678682193183 0.787925123335166 0.6830584373470131 0.7813381521414288 0.6593022015172925 0.7851129721120417 0.6529006525891768 0.7915817969567804 0.6572539381621528 0.8488320396599782 0.630573237412143
