0 0.23107770636276675 0.0846950366776295 0.22747120598794857 0.12564131227489148 0.284586519563095 0.1458035899067683 0.33365209917001976 0.16493042405592825 0.35097943071300786 0.15871778840052672 0.3440955170234895 0.11296786765272356 0.33777381658847994 0.10563454044909186 0.3013572781541054 0.10448626567485449
0 0.3478167161702219 0.08102967275135946 0.33652903207434215 0.10398234816694958 0.34568816436528205 0.11468524517774648 0.35271310454875104 0.1557318096472712 0.38284178436330196 0.16941818702383207 0.39472364973825796 0.17448257314589619 0.43185283473553515 0.1856969333088726 0.43705949654529563 0.18005090201676513 0.444238636549071 0.16578790148604408 0.44590086024252945 0.1500181199656915 0.41461953347563085 0.13044001113224968 0.40736894332957085 0.13191920889587383 0.3838759849624982 0.10575991415987025 0.3653189160223468 0.08998511062363468
0 0.33415226909668727 0.16691606295584882 0.346931056158126 0.1735674561171744 0.3458348122310886 0.2007947743368852 0.33854097345539913 0.2060496941717083 0.3006352058460843 0.20556831263302758 0.2657943938459092 0.19620170048083552 0.2553528687137332 0.19093423822675457 0.23108896803715379 0.17881982708270583 0.2213638559797928 0.15665939337255064 0.22797137591461603 0.12762695117481204 0.2847877155942682 0.14726022646026835
0 0.3353914133082939 0.16525635027033184 0.35256643775226937 0.15712326095789053 0.3819993919115107 0.17067926784868995 0.39468040110862845 0.17825829521709513 0.4303147166284342 0.18682764364796903 0.43606103048257927 0.20635058602939638 0.43582222612430765 0.21198157651475447 0.4250441187695388 0.21327273895311116 0.41597335752847664 0.22528935961238875 0.3589990704472808 0.20042372570223344 0.34776404179547393 0.19595352716947056 0.34683327829380495 0.174495090324254
0 0.22994760168986816 0.1795519055611432 0.2249364956087499 0.18334266843909153 0.21897017209454483 0.2096573932584722 0.224802983207949 0.22162889149750167 0.28844119324927825 0.25058113288651024 0.33650643300286803 0.265736689235829 0.33866318632046294 0.2486406416477379 0.33947737725959926 0.2308200359845841 0.3349438798950243 0.22334881789181635 0.30178221249590087 0.20814813912224936 0.2673381522555412 0.1983828951093983
0 0.34707959674522637 0.20244696661902747 0.3391389212463878 0.20710769886454936 0.3165823666835151 0.2057187459414215 0.3184852685258639 0.21458893574818338 0.338819259931388 0.22360203845996451 0.3442985679146063 0.23219644648845406 0.34831497444492066 0.22774631077832375 0.425030945443183 0.2638789476750784 0.4301285487835603 0.25253674065473214 0.43046513100615313 0.24597811596229455 0.42945351054775616 0.235383028227135 0.4173159199069354 0.22601391768745147 0.35089480724436745 0.19654019435539713
0 0.21963392972528706 0.22018729575075102 0.21328213505632854 0.2535244623661091 0.22070759351152525 0.2672133381301615 0.26768035584999 0.2826371558543779 0.29953706919775314 0.290025649510024 0.3271160104468061 0.2942476494905218 0.3311324169771205 0.2897975137803915 0.3299741297222418 0.28059387735585134 0.33198421624335517 0.26488928107837956 0.289685977763416 0.25223332516865254
0 0.3486139483404149 0.22827531312474425 0.34053224634762574 0.2376394016485447 0.3376854076772521 0.25791698371853344 0.38969747760949025 0.2861095634030974 0.43136015997134225 0.3047951416588417 0.4459102291956228 0.3013729290280535 0.45125791749933386 0.29102354145766757 0.45043057216451693 0.2719493753730306 0.42428633085571277 0.26421239429285676
0 0.3470833443264636 0.2629888902439723 0.33685429583052284 0.26580187447870973 0.3305607969081683 0.275028072113374 0.332187286065147 0.2966168794443521 0.3541628137446242 0.3068835425776164 0.40472890313155135 0.33196729342653797 0.4255141755315824 0.3434298521417795 0.44001535582370227 0.3404714566145312 0.4457597958872288 0.3297234371834861 0.4432476656488293 0.31317143274856496 0.4314146892060339 0.307643229522961 0.3890017519541805 0.285979192917336
0 0.21266349984583455 0.2694897996151038 0.2102999101945353 0.2818173056820356 0.2121050341725632 0.29161512969587705 0.2090889674955838 0.3000365432058485 0.21530724976374127 0.3049855996489005 0.2508325068141639 0.30785877235153564 0.29048886916681504 0.3152898900399384 0.3092358535330777 0.3258975201943557 0.3210406284632179 0.31486619858166365 0.3300568604695885 0.30000149005826665 0.32875754672075924 0.29550120991200496 0.2997382652289263 0.2914822860635241 0.2674848001213478 0.28449242426853705 0.2216534041301687 0.2683365280658832
0 0.35332042129283286 0.3081446234024742 0.3382043723021313 0.30010929933390396 0.32936677511680984 0.3031830245401644 0.32148626915519385 0.3140037496174648 0.31569294015950683 0.32521558615204965 0.327157366355142 0.3477019460766085 0.3511768223709186 0.3621354427383561 0.4027319710061187 0.3845666614518006 0.4259353622921405 0.38654980196422956 0.43341347619141013 0.37281580377992896 0.4334886928456071 0.3586405497022127 0.42650887508238633 0.3440892249739614 0.4063215504733439 0.3336846709515609
0 0.20834435290811354 0.3003699898236267 0.20315461200594614 0.3159517360187118 0.20408537550761519 0.33741017286392844 0.22070193427831925 0.3514024136322604 0.25911351211683264 0.35718133903852095 0.32172318079217177 0.3656027777893924 0.32576591504452257 0.34744120510508564 0.3146549919790733 0.3283319353910667 0.3090402978044355 0.32775278860851487 0.29168476474879224 0.31740589942562036 0.25003900329453316 0.3086560360728537 0.21446485731194997 0.3062466804737584
0 0.32636386283551116 0.34849920979792653 0.32202215468766615 0.3661317801358129 0.3177180548669195 0.3766767234348411 0.3282310301413802 0.3947279884560189 0.37450806682453525 0.41002143569447386 0.4010001709609942 0.4178236020175285 0.4273343276959095 0.42039340971588407 0.43595380794246474 0.40592733305314604 0.43364851403776944 0.39414387013938407 0.4267345061143023 0.3890644432105706 0.4035311148282805 0.3870813026981416 0.35098126664227636 0.3639907111525153
0 0.32113087330371426 0.3678566780642105 0.31563087790099054 0.37628561197755667 0.32390436911050957 0.3920253118844104 0.3214317209898272 0.3986566422231035 0.30469669693529666 0.40261537760368676 0.29546798829269083 0.40939963963826537 0.21824244055331754 0.39492851571874416 0.20784980435330203 0.3891972363611234 0.19864742343273267 0.3822700614215255 0.19822247016026212 0.3661091684438887 0.20246076014125514 0.3460923273454228 0.22134877100146833 0.35199660122156157 0.2586678714248567 0.3580437880027197
0 0.3225730873371128 0.39792456374466606 0.3737145633049045 0.410818699415792 0.4008535041645126 0.4192150533281478 0.4186114292825022 0.4324752156180424 0.4224172329672 0.45021559523156607 0.4125586085090381 0.466341384579821 0.40287861887192533 0.4706761906109392 0.3184776976406891 0.4435090103773259 0.31333497188006354 0.4283559776563987 0.30100182551060073 0.4208421355308743 0.29715841349880445 0.4101893829562088 0.30480011510214877 0.4049996483642664
0 0.19622366424421095 0.38843757465667883 0.1903231505697594 0.42422419727549726 0.22601763562678778 0.4389535385381497 0.3082279617252429 0.46334533655389903 0.3187823118387144 0.4473499176914056 0.31423189356654646 0.4299429846956602 0.3005561848186248 0.42170458449507314 0.2900056012170656 0.41074094651275334 0.21740004810152624 0.39618959654360203
0 0.3202226520814943 0.4471468415593887 0.3092226612760468 0.464004709386081 0.3105388959324692 0.4784407044353202 0.36218054182692827 0.4933204790063667 0.4107948404393461 0.5099978571520661 0.4120546720704582 0.49131480252471366 0.41700560861435393 0.4813640468149867 0.41401022935688003 0.4727621183831225 0.4050146847700149 0.47060348496468385 0.35863987022253874 0.4562376719333084
0 0.19266041249902216 0.4256081281827419 0.18593819379228482 0.44563248968458247 0.18542861705117392 0.467294002661816 0.1972785144015624 0.48275792079039737 0.227004802153767 0.4935310250599582 0.2606497185719649 0.5007816278264681 0.3028332582799899 0.5044295030402972 0.3095065880545667 0.4848689586419963 0.30670112422320395 0.47109985682831396 0.2931720822717639 0.4614700053171074 0.24580256817348373 0.44644481945355 0.22562088386697243 0.4393521703988088
0 0.4107948404393461 0.5099978571520661 0.4193071360071368 0.5201065665735619 0.42221601800535175 0.5362599391478241 0.4104225236802735 0.5539150706958345 0.3383810765405366 0.5205502956135691 0.3051705202092526 0.5058134339475419 0.3112459021928409 0.4851948848564 0.31213154327426174 0.4801580819603432 0.36153370510377925 0.4927262914170654
0 0.19588706309094306 0.48249717981887447 0.1872450216342637 0.4837156366109758 0.18218690041160351 0.5182411784049363 0.19059013751001114 0.522653712098193 0.30110145823486545 0.5376864436060251 0.3065901730325271 0.5226336997573607 0.3076600892375281 0.5091178185118264 0.3010995844442468 0.5074154817935529 0.26075313673881695 0.5031658985870476 0.22745608314827392 0.49598048106341847
0 0.3302335647079938 0.5204424863379317 0.3143240121976615 0.5132044259906795 0.30817718007178857 0.5210391723147245 0.3042867529184504 0.5411211986560712 0.30713546537944275 0.5511145783985547 0.3113210999163628 0.5585206112484418 0.4040820096163771 0.5938760472465109 0.4132449084192293 0.5776198874124945 0.41766370701189004 0.5760830248093644 0.4184835382535573 0.5615743241138698 0.4095801312284822 0.5551761515206923 0.38944733585413127 0.5476196853624112
0 0.30030795471523464 0.5384837073273434 0.18810620878426682 0.5226612325015678 0.18146484703425747 0.5318222448933513 0.17995493043981153 0.5495124800707437 0.18151560975703668 0.561629389602284 0.2426416895599664 0.5740296265563712 0.30216948171857266 0.5814005810177766 0.30904400752432265 0.5632966731729757 0.3071899946141343 0.5539626662626741 0.3042867529184504 0.5411211986560712
0 0.31331049901797076 0.5598393569128057 0.3057722155814786 0.5674133622653277 0.2998867490240015 0.5828647379746513 0.30468725225950316 0.6012644904203569 0.3339190103875713 0.6133638607576563 0.3850172377257335 0.6300337184999811 0.4089219949695959 0.6354591344658308 0.41366045487725644 0.6174279322672854 0.4028108973802029 0.605935291938545 0.4019948326504481 0.5934849357892265 0.3586473653850134 0.5773215191831981
0 0.31701475832643505 0.6054664275782221 0.3063889580706789 0.6086780436736187 0.29926998760412615 0.6291010370361183 0.3019776735711678 0.6437977730568805 0.348999324841793 0.6587577736775571 0.4124683068765166 0.6758538465065481 0.4177012964083135 0.6564963782402643 0.41018934069385776 0.6503589466186098 0.40837857641329894 0.6372492176371092 0.38526732268906716 0.6310265379499415 0.33457148741325143 0.6172699533146168
0 0.29025000801651824 0.5834238219345705 0.29915905534412435 0.5931338994954071 0.3020792179474012 0.6159110820049877 0.2954002478702934 0.6321597214356293 0.22781144113840335 0.6171295135561888 0.1751205664584487 0.598742278288841 0.17498330647641042 0.5764865777223063 0.1814178318927156 0.5625570238093635 0.2422449378001511 0.5744282584170303
0 0.30162981074351297 0.6437325878139998 0.2950316976231332 0.6491178781345842 0.29092879383355974 0.6611194579871126 0.29160383206936397 0.6782731704147097 0.29738211394807657 0.6873965807896196 0.3401748820521523 0.6987262706316083 0.3832290157246237 0.7176725898588754 0.40364950438940683 0.7191342484282585 0.4106819775967005 0.7062626992081569 0.4134479593103461 0.696848466248225 0.4052666056626172 0.6768692271666327 0.3486025730819776 0.6591564055382161 0.3255458485924375 0.6557818137151677
0 0.18076858513315935 0.6027930696597935 0.17544022816559046 0.6081466762908666 0.17333539752524257 0.6258556722453847 0.1743177323172892 0.6346150518573083 0.24607376136192927 0.6544133304252844 0.29072588587898407 0.6646862155767482 0.2897839547858453 0.6600632562721543 0.2944696273085105 0.6495075579402377 0.29922853232994023 0.6427768278509548 0.2941072522642136 0.6326066529130815 0.2501925111421066 0.6243775670823609 0.22833362698062304 0.6193286679729133
0 0.17762080779645156 0.6349164040566023 0.17150455963232447 0.6477448602403746 0.16972044209149117 0.6578914631759094 0.17151339277725008 0.6725196103512099 0.19360965343678127 0.6798362173798124 0.23572133977042664 0.6870922252160042 0.26992382725418584 0.6925485420606678 0.28721699174385373 0.7002355226852108 0.29506306219767797 0.6845551762533333 0.2906172953767116 0.6792756409516074 0.2907625021283663 0.6665986996980652 0.2457088571139811 0.6556153669509254
0 0.17378362566275535 0.6735802318120228 0.1664842824579163 0.6772940845860337 0.16350443657001723 0.7100840948453765 0.20816413598612332 0.7248048523688654 0.2535208150982692 0.7374329889057684 0.28054769967756443 0.7409094778936343 0.29136477016245943 0.7264210681219961 0.2871892086393972 0.7230977886747292 0.2878596761887574 0.7054376143860542 0.27096045729736873 0.6940132089851616 0.23602437386818736 0.6887370290057674 0.1939455163343986 0.6811695691048798
0 0.16784414209236254 0.7118501139691643 0.16240972382617258 0.7136902044222996 0.1594702816371814 0.7506166349889717 0.16992370612000257 0.7576571394817847 0.196523816301162 0.7651825053106958 0.24004839927451543 0.7793729521037784 0.2687508108923715 0.7872922635309689 0.27311577031552203 0.7842989582180357 0.2755349974022076 0.7749065746113187 0.2687242987456918 0.7717247102288803 0.26564344996647427 0.7647953212046903 0.26618638976593373 0.750604891360811 0.26533537017331355 0.7405997034901043 0.2536230889473647 0.7387225688976936 0.20826640983521877 0.7260944323607909
0 0.2799163775812377 0.742379194750829 0.2667697332643012 0.7405508818242613 0.2679566157545387 0.7518894214200355 0.2667419501598446 0.7634131478137798 0.27056018233401 0.772386336158713 0.27760447003904765 0.7756119722742939 0.327067265625017 0.7899623562018423 0.3820957946766027 0.8012268414174724 0.3907562684736649 0.7936391987349847 0.3927083174633068 0.7841592716619837 0.3916817915228266 0.7690395355567179 0.34571525676563364 0.7508978552542759 0.29230291380607254 0.7288200912405772
0 0.29654513693938916 0.6890506265407139 0.2880366422672182 0.7008145777074786 0.28802206237334144 0.7084077639202696 0.28758054630009644 0.7237787940345813 0.2943563081415893 0.728453555828334 0.3463340165521717 0.7497183847650891 0.39153908663541187 0.7681425347387867 0.3975682342432092 0.7705819644092792 0.3984616746090276 0.7621057530390125 0.406051740802175 0.7441453505969489 0.40445854939844195 0.7294407540362782 0.3931645718245703 0.7210381234364581 0.3831201571637756 0.7194178510932318 0.3397540298758568 0.698457086134558
0 0.16638289872204404 0.7557304485470192 0.1606941027699086 0.7709870816572814 0.15715212257657946 0.7884596289116198 0.16144124531071719 0.8042257817202015 0.20448752217634336 0.8152392720091869 0.27537571564990015 0.8298830735136403 0.28681639422814165 0.8084497644939564 0.2687514152622718 0.7991703201030603 0.26956616233419395 0.7882145277246799 0.23966845839583462 0.7798916227097127
0 0.27754777878143033 0.7770147953676565 0.2738462765750509 0.7847092044524081 0.2697328965860699 0.7882457716859229 0.2694183522697755 0.7992952959480316 0.28772036440031773 0.8079390472926669 0.3579163825673151 0.8356019401204975 0.3739697366892694 0.8381567357281402 0.38371242753899365 0.8263801936402068 0.3843685507250931 0.8201554482368382 0.36983112747490116 0.8128972450082917 0.3679546935458762 0.8016638615858609 0.32659919216994143 0.7907404985734691
0 0.1641144002514343 0.8079005457242565 0.1580605924585617 0.8185547123116127 0.1569466236752241 0.8355754256800125 0.15720798793805602 0.8492266054425158 0.20103566321049565 0.8576660795852149 0.23683666142195803 0.8648281559240926 0.2744428965224215 0.8693813675483063 0.28458935478869396 0.8570003763753548 0.2754369969957474 0.8518847855469946 0.27309100552085236 0.8305884636966566 0.20418019009887467 0.8165419020629515
0 0.2974019390828448 0.8117935865695317 0.2833860953368972 0.8138592741545484 0.27595346161652434 0.8300764847605792 0.2743798120472476 0.835260267277406 0.27650341720653127 0.8513115341200646 0.28543035129234373 0.8557236650848127 0.30118861437796396 0.8649379026896726 0.3215651435731782 0.8707128813999715 0.35931170185510153 0.8787644582182779 0.38532940813840627 0.8783568598284255 0.3887512974872966 0.8723454151710417 0.3766537308685315 0.8645998138082623 0.3747611576395595 0.8393955086286171 0.35796675870813643 0.837226776577282
0 0.4447209057629185 0.16721433525066165 0.4374368554908289 0.17975995882857163 0.431621598034456 0.18661914526595239 0.4329238237098615 0.1954744689487562 0.4393704392133025 0.21208346924005717 0.44970399020856633 0.2130262385889821 0.4588505241899581 0.22169547007527757 0.5316659772216936 0.24494511047213605 0.5372731963964756 0.2282764238994053 0.5363014674946104 0.20921570905572406 0.4988831651864387 0.19657350944720942 0.4924510294594679 0.19868024524020575
0 0.535527502343618 0.18837171311824352 0.5312117780224777 0.204794284878713 0.5368143100272672 0.20823000124702304 0.5379061462067067 0.22805175409854284 0.5563462347328 0.23230249145505924 0.6248202291333375 0.23532510317925504 0.6360305655106894 0.2289426886944058 0.6367545983822195 0.2126423679600996 0.6326349064050463 0.1970249726052373 0.5758771198192515 0.19036570756136148 0.5636487179699259 0.18754406108277044
0 0.42552983930383503 0.21335612836341186 0.41861203731769403 0.22239858826452683 0.42160405799111417 0.22985177067840087 0.42949460642912735 0.23610210370160503 0.4306528404894212 0.2458626239535311 0.4534318326562463 0.2636510606200057 0.48746120785275215 0.2822221980622216 0.5141227733813732 0.27449360783656557 0.5264091394451845 0.2786515996204815 0.5326355823855129 0.2723956512265902 0.5332289305645109 0.26110767915345096 0.5320032483939434 0.24444200564654728 0.4586507548601464 0.22168335681973525 0.44941964605201373 0.21306104553354888
0 0.5381590819254021 0.22942463468112742 0.5318082768897336 0.2444054703692875 0.5339234509089195 0.26017743696277823 0.5396387500440845 0.26442957462518707 0.5448112923881256 0.260627105178387 0.5492524290340253 0.25244603197821996 0.5617369279006423 0.2584968283559465 0.6068796788371049 0.27915047660196884 0.6231266004981932 0.2872317885529557 0.6371023730587954 0.2697033280392116 0.6394715436364341 0.2547716728226954 0.6377979542429613 0.23669658345594727 0.6260174596165409 0.23528435283720062 0.5564590018631753 0.23311891274915808
0 0.4338640728264 0.251236110322501 0.42692203068091017 0.2623948015457799 0.4513577555188086 0.27201059514167686 0.45262032304310906 0.2939851145926203 0.48454400811621706 0.3023530933909982 0.5042666927979442 0.30763946370517203 0.5211902172412844 0.3206193034207519 0.5284642381807081 0.3081973374466676 0.5340383184981335 0.29492662996601954 0.5339308237355309 0.28085636145045123 0.5277465385167079 0.2791673085669129 0.5142629419696934 0.27505006712505137 0.4874338063948073 0.2824821600678346 0.4526245451814624 0.2637648815165796
0 0.5497551391728202 0.2533355238268383 0.5449514609764456 0.2611835644668728 0.5395017427543602 0.2657293846532522 0.5315332014705281 0.27908159281800926 0.5353778286388337 0.28033222237443056 0.5343734585906634 0.29551962453176506 0.5995919518635399 0.31622386770244093 0.6229126505920694 0.32510052562355335 0.6362160318984349 0.3214961925163383 0.6357976372026514 0.30471669811286056 0.6239918521874628 0.28845431296170665 0.6073001846020653 0.28081985446742624
0 0.624222648205648 0.3258761965755977 0.6344191306390414 0.3291123762984301 0.6343010911408935 0.3415498022258007 0.6300190908748899 0.361424950613759 0.6147385930684818 0.36492389295398936 0.5471899256408763 0.34935003440584905 0.539634517295393 0.3436926959483905 0.5387629430089315 0.33875763290653776 0.5281975964278712 0.3314758819904709 0.5221650747623332 0.3208019798070507 0.5293020884120327 0.30967982386103154 0.5342638527588841 0.2965594725542171 0.5996499160780254 0.3175602130077659
0 0.45292806167769406 0.2948380711639789 0.4466194143635312 0.3018739055747092 0.43287128713285633 0.30592509213863067 0.44363160521812633 0.3132433783319573 0.44711790236397264 0.3329836304993682 0.4932776685429896 0.34587495385425965 0.5341732041083429 0.35777982472313746 0.5397746858837131 0.34424915523687627 0.5385679715047217 0.33872109762927805 0.5282829621003017 0.3325522652901828 0.5215527587917591 0.32095233598088446 0.5034046024072707 0.30827320861297197 0.48446180374238257 0.3031329794078373
0 0.5400276216024086 0.3456220358194609 0.534313372696663 0.35833628401162326 0.5322877758779229 0.36246335588896655 0.5339582039727997 0.3786821759391638 0.5429637785201817 0.3856716446371526 0.6094574951220807 0.3867325962778128 0.6298620549538325 0.3836636471351102 0.629409936202912 0.3634315761041436 0.6141842413123934 0.366410594433148 0.5470529183511522 0.3506498444339141
0 0.44608824192703417 0.33332087812429545 0.44005993178951147 0.3414696311119974 0.4284533298065481 0.3440664364092254 0.43457753974170854 0.3595292605254592 0.4497547543135295 0.3607827048407828 0.5220027558631649 0.4053374117970341 0.5320664531451876 0.37965316847189096 0.5316691373101567 0.35890117342969846 0.4922206066481063 0.34647216348479987
0 0.4498949229018496 0.36133916412926853 0.434355166779554 0.35975268725381254 0.4343498944117813 0.3730065344752818 0.42635395167000417 0.38661870464565196 0.4345522387426024 0.39372199424021465 0.43758114476975546 0.4064840225981284 0.47146719007934523 0.42264243143530766 0.5206927476392481 0.4536046290921525 0.5305867638058293 0.44273400502215693 0.5341373583736913 0.41848025288083174 0.5217529814430655 0.4058208005310003
0 0.5426866026421375 0.3864149953767319 0.5304097204741143 0.3878258115424687 0.5278392557950738 0.3990083928486234 0.5242602095398476 0.4065557211409903 0.5348592801760447 0.41729004868454594 0.5332088701021634 0.4291752303882254 0.5416200462411281 0.4304862853047821 0.6102278866327937 0.4303528176843619 0.61868438179186 0.4255751406400399 0.6249540326831133 0.42834057682329013 0.6363614516338518 0.4068845810776803 0.6378168902035233 0.3949628640967411 0.6304469694664617 0.3837732529668895 0.609262523617871 0.38669606100055304
0 0.5411204974009294 0.43145306277271467 0.5344640647998524 0.4304708253514958 0.5320063672511872 0.4424698279517492 0.5222219569163855 0.4523006039992927 0.523438155191165 0.4633974695565437 0.5296350856043719 0.4725115997062858 0.6095354667472238 0.4652158315841772 0.6213676029909379 0.46425186887514686 0.6269142818504185 0.4512411234001117 0.6244270823849698 0.4295673162968357 0.6195770349390743 0.4265377030431777 0.6103132523052242 0.4314292009840737
0 0.43502543635427576 0.40998156463246643 0.4433238453628652 0.4104761982549243 0.4725000118148797 0.4241614531269313 0.5200256287527844 0.45427490927721226 0.5217413758677627 0.4644049973665307 0.517958924441958 0.48331336828655647 0.5108640685137641 0.48649052295514594 0.4421592780950413 0.4460460276170591 0.41933180560951855 0.4324900535949124 0.40843131893592843 0.42461530811310005 0.40886658096444956 0.4185996467067407 0.4272213038181124 0.4217740007635453
0 0.521257633520544 0.4746531214172178 0.5303601687053212 0.4731776648265508 0.6088957493187048 0.4656261497636239 0.6207826884783085 0.46414226304336753 0.6221021699876753 0.4704867419450647 0.6260353241270075 0.47467002411774867 0.627123999007851 0.49263550765271763 0.62020619702171 0.5016779675538325 0.5998996480567728 0.5132483772624507 0.5489941678958671 0.5095414398529186 0.5242665109163636 0.5083540362684177 0.5241105358350633 0.4985162303971773 0.5170209522746421 0.4884395378442974
0 0.41990016485359083 0.4337784466435655 0.4245326228342977 0.4507400917291691 0.4127329778624085 0.4701012267437621 0.4180773901840431 0.4827448678849076 0.4268835602488199 0.47960120447660287 0.4771817682829853 0.5116259680120294 0.514509631107697 0.530262916926995 0.5213160724587189 0.5144175320603647 0.523986922073203 0.49882443756878286 0.514758756207968 0.48648027820247997 0.5091121353138043 0.4864494201787655 0.44247167160049955 0.44622606899839806
0 0.4273872366346951 0.47969558727619055 0.4179004224348161 0.4844237891711584 0.4118767225244126 0.4952796015788304 0.4112518886592551 0.5085167618109679 0.4202636098813979 0.5204779455202269 0.4229521494182945 0.5363904908929794 0.46755609297639134 0.5615271370603069 0.5082286394089827 0.5801060056580923 0.5150827243419097 0.5711178801358465 0.5218415221110267 0.5484152359248315 0.5145137144517168 0.53266059812754 0.47685914299035687 0.512250345126736
0 0.5244361447354668 0.5091811136850506 0.5164889431013524 0.5309762323825961 0.5227780877830864 0.5492755700385072 0.5324228095584264 0.5527949559167185 0.5563828314373452 0.556942354639885 0.583215170744094 0.5582038247884884 0.5978884896901466 0.557871676261487 0.6058139043528084 0.565520300484981 0.6151591443533059 0.5621352356190138 0.6234303278263819 0.5616306548689164 0.6291314024441569 0.5513992195759507 0.6224488453701037 0.5343958275492464 0.6159990663152223 0.5273661359817657 0.6077823365657576 0.5176084234151831 0.5989993100187666 0.513223258964603
0 0.5155013005253986 0.5725128729915951 0.5181320403575143 0.5781043544226779 0.5209484021558861 0.5933909594401917 0.5104307690145408 0.6072523078969704 0.4664560059207157 0.5872048920953962 0.4202580208490414 0.56915595673841 0.41942804818800605 0.5617551747805807 0.41598333573672874 0.5581579071162529 0.41374731372538054 0.5526403909811735 0.4227692865416597 0.537693745698846 0.46706195651499793 0.5623625607277923 0.5079621880006866 0.5810288185198041
0 0.5327750105666702 0.5537456467044343 0.518692117004918 0.5594253109175147 0.5164571580829412 0.5710819323005318 0.523902385794893 0.5901877008703837 0.5490043044247566 0.6002583493875074 0.590239516661464 0.6004717262401992 0.6163826407258776 0.5930268600515448 0.6283372602119118 0.5788980997030881 0.6243644819372386 0.5631264535837192 0.6152059611099564 0.5640936865620919 0.6049806347811262 0.5675444410869082 0.5973572482090391 0.5596756847385556 0.583292491608164 0.5594552063030405 0.5558937400675718 0.5578094713067902
0 0.42364405931994137 0.571400515685511 0.41875062357984755 0.5777288008512904 0.4132000371114756 0.5788354310660043 0.40482561499835035 0.5933667338646468 0.4039999054350612 0.6050190885698311 0.4147842345816633 0.615358566431128 0.42697461307857826 0.623814778469675 0.4902660124123856 0.6496286381341795 0.511047371983058 0.6548645248915866 0.5156282377710169 0.630498701270172 0.5171078980542094 0.6221890023711368 0.5096413333730057 0.6071043773049636 0.4661754360523281 0.5879573450889296
0 0.5252316242039516 0.5928518689790027 0.5107145388913032 0.6083788540483539 0.5175580898469794 0.6217366772394501 0.5181384296340033 0.6315057661218845 0.5265416518225011 0.6338854556274934 0.5582790993831616 0.6344658097348645 0.5904326017338412 0.6310989856345603 0.5970745306813875 0.6253666895146416 0.6030070349370281 0.6168180280162638 0.6141946188401505 0.6156943310902181 0.6090504871366738 0.6072167856625059 0.6087507172180375 0.5966952437865384 0.5895087550003064 0.6016765043654192 0.5490907153911352 0.6013479128908893
0 0.4215755239166599 0.6199862163716928 0.41260755892759415 0.6236291287244965 0.40896852010864154 0.6373203956994152 0.4114806052130721 0.6513657982184513 0.419904670496459 0.6566707446869021 0.45125180127968983 0.677450332240361 0.4960270684895539 0.7034078881628473 0.5111038290014628 0.7080962786286654 0.5220315222318082 0.6896489071105791 0.5220209454583206 0.6670224777039088 0.5114064759999943 0.6559836768610189 0.48998283070217596 0.6509044676577216 0.426671654537098 0.6246675485529892
0 0.5173480881899877 0.631810915228162 0.5113482771125756 0.654641921250814 0.5231404858434359 0.6677646058308181 0.5629963387111337 0.6778948053037194 0.6106572333008816 0.674582055895567 0.6140391382725132 0.6576485655401397 0.6101175728272336 0.6531873325190155 0.601112573151019 0.6514999056243623 0.5961106216237883 0.6364555926248827 0.5849215659673859 0.6327618805096739 0.557864238538202 0.6356767671002183 0.5257414669809773 0.6355130916030396
0 0.6113916001556956 0.6789783867896358 0.611046635409919 0.6898267133811942 0.6166083571297074 0.7052420904441282 0.5988586657219748 0.7069732446122722 0.5972502504212236 0.7146569463398801 0.5771821151555716 0.7175506722812529 0.520314111832331 0.7154117424475062 0.5165057700645133 0.7117702360698496 0.5136698844145761 0.7045845765051196 0.5228145656819136 0.6897956398840273 0.5226547850251758 0.6780542202622772 0.5268662904261892 0.6721891556585802 0.5639783171211414 0.6799420058474711 0.6099323887381948 0.6757770787323237
0 0.5130857759243727 0.7063383115019753 0.5179374690869927 0.7152325586105303 0.5131513774879032 0.7284427119419083 0.5072542133144653 0.7294670152013579 0.5018469785380235 0.7391005642821349 0.4697326747915658 0.7274931668399369 0.44261609399360285 0.7120312221444318 0.41768039507845184 0.6967117780925406 0.4111557395329102 0.6904319079475051 0.40708391572301994 0.6798206090354566 0.40788812337339553 0.6759787581716524 0.41409744618419747 0.6776746493259745 0.41982213331139445 0.6574537881370078 0.45128248777208707 0.6790531023339343 0.495302223926867 0.704602910999604 0.51233659306404 0.7096581333990422
0 0.5816020778086143 0.7191774291786851 0.5965571468322943 0.7344898149460547 0.6043420788354348 0.7420705253780984 0.6126709105442542 0.7407033769888877 0.6166813613693498 0.7481091357137899 0.6120603441403895 0.7597532021449567 0.6129386211650626 0.7665720297760665 0.6099323674316051 0.7742599636335088 0.5926017101439469 0.7758034697050081 0.5752678787589129 0.7754831911995655 0.5471640258375509 0.7712815524822698 0.5058584838444795 0.7635413986828818 0.5010279548821294 0.7506585679370747 0.4969868175646364 0.7416500391185994 0.5016237052804755 0.7393248955721415 0.5078446699994202 0.7314408493583859 0.5139375950353845 0.7304532292922983 0.5192009196419671 0.7183971834744804
0 0.49514250473907107 0.7403367516949944 0.4999194683247579 0.7505177695411499 0.4997496502592635 0.7653433449054624 0.48959176532446924 0.7797830183160626 0.4449939593238557 0.7535970578409836 0.4094967517283099 0.7335736574524532 0.4073836650432062 0.7298347764616508 0.3961315869498127 0.7202975759345372 0.4058464734064343 0.7206322872172864 0.4126110143794251 0.7066710474058446 0.41778815404993913 0.6998410465862633 0.4422341073484485 0.7137077927417428 0.4698430465894285 0.7292815485994888
0 0.5043464654913224 0.761376077816818 0.499869258659053 0.7668514977773748 0.49485012039155074 0.7748254109186313 0.49662209943777863 0.7844433313841961 0.5013222770170211 0.7953528303308266 0.516198057091551 0.8022261539573572 0.5494492814318337 0.8091998969152975 0.5619387944085816 0.8122831488800625 0.584680695887061 0.8106017444242525 0.6014510212898443 0.8074299046570227 0.6071405581726156 0.8036674002522295 0.6055132923590297 0.7873907685404652 0.6038948853256905 0.7763158858739506 0.592698917796012 0.7768179428870997 0.5748698343556151 0.7768199048976155 0.5469670392592277 0.7719626970096444 0.5055632249319475 0.7656898678952069
0 0.42012952587670804 0.7398996754827073 0.40852121751183973 0.7348096625046319 0.40694013673396556 0.7452008327332827 0.39958708792632913 0.7619592323020709 0.39875405818639775 0.77216671617057 0.3962832995213942 0.7794764137867561 0.4771024122505168 0.8169674047100907 0.4902364362849578 0.8191046983279779 0.5046760115570457 0.808856018949367 0.5062609544139929 0.8007326063094089 0.5011881134331214 0.7981627079858158 0.49599553503860455 0.7852067888723356 0.49346426614733 0.7769597724188647 0.4897986864612825 0.7817785412946234 0.4460113141887598 0.75705636168756
0 0.5095956394515117 0.8013574855342656 0.5055579652860291 0.8074019763844463 0.48986434180552285 0.8203304203024002 0.47982681102020647 0.8187733716790225 0.4810370803575422 0.8303353307742206 0.4808890123891062 0.8432620639736458 0.4852884778357011 0.8499159857323914 0.5096471295183566 0.8515657415366981 0.5891684281303617 0.8460637561743282 0.5944447021879706 0.8282684704300337 0.5938485811975369 0.8177931811794529 0.591045644845108 0.8098191195468273 0.5617300275161535 0.8137177286201219
0 0.4774448931362645 0.8183270293755536 0.48089931558742854 0.8293379293902969 0.48109372850474025 0.8436242872551848 0.4743844416376931 0.8588840100287053 0.3848565218353387 0.8210565430176514 0.37092938485297583 0.8126172520450297 0.36818953776699437 0.8017402547213269 0.38217203985765863 0.8027410948254857 0.3919894062110492 0.7948648898125533 0.39374172743179725 0.7851535319166337 0.39655882906162154 0.7814712165546034
0 0.3934018126238426 0.8252487219500247 0.3849685350908381 0.8269070486301527 0.3749541767799595 0.8389565455389315 0.3779219124560128 0.8638023116763299 0.39045337438077066 0.8716562082156781 0.4445010209107121 0.8889090403216952 0.48365717706749495 0.8907407717676247 0.48832316485727484 0.8741265737674052 0.4888845271360519 0.8641920447197512 0.4856644343942091 0.850958021346662 0.47978045310894746 0.8514747450742975 0.4746599711779204 0.8608788127965527
0 0.508936416232247 0.85369959643435 0.4883514954120655 0.8508138197780933 0.48929009728824696 0.862648733694137 0.49022869916442846 0.8744836476101806 0.4864665545391733 0.8825229412282088 0.49724569524318313 0.9000881956634762 0.5360889841079056 0.8979749558040578 0.5537074522909302 0.896742373672343 0.5720250475228456 0.886572663876898 0.5958210538878275 0.8774295413794317 0.5953665597465804 0.8702194111014675 0.5934121014503747 0.8611088959551135 0.5892727172277152 0.8473787466094443 0.548661658825953 0.8501323140100111
0 0.6534749984184303 0.2077583553785073 0.6382627848941342 0.23844518868122158 0.6402764727908016 0.2553250673239496 0.6416351569203437 0.26516178704556137 0.6500518195276188 0.24970408868428376 0.6615805462164067 0.2558569807298956 0.6960228161129112 0.27189316012969006 0.7346607209235503 0.2727453520410786 0.7380246357922876 0.2616642298998451 0.736136867962585 0.253059216208352 0.7096932810346417 0.2387880622197692 0.6908505071554549 0.22248099810179037 0.6691178773176483 0.21654537906166352
0 0.6499417699475327 0.2507481466177579 0.6259086757014058 0.2893641735872585 0.6358289870894425 0.30320076736047846 0.6397262142370763 0.309786799441913 0.6674628837310312 0.31179027271217435 0.7102943038397893 0.31262976823405986 0.7242176633768098 0.3131094759024535 0.736785512881664 0.30561624842617724 0.740856282210194 0.2991924716623811 0.7388880968114424 0.2761992103220906 0.7354162519786344 0.2731530992978952 0.695857741742782 0.2734592470299013
0 0.7319348742004042 0.313757076993467 0.7082266456344393 0.3133069942339138 0.6677443558759979 0.31290769703237264 0.6395886522619687 0.3110918718587557 0.6367569951907676 0.32280507254681234 0.6291254956496135 0.32323821258263497 0.6342248003674272 0.3297833293408731 0.6343570686291437 0.3417857634459917 0.6319201073803711 0.3554361150977141 0.6339390889904296 0.3590084872184809 0.6628196371671456 0.35962928955534124 0.7006744985276792 0.3603347486932816 0.711211724514332 0.35884908646431607 0.7328851009833596 0.3464078742183934 0.7335813786696646 0.3284387901891606
0 0.7293577805864888 0.212889266005708 0.7133363277665137 0.23819347848244 0.7372877262069417 0.25135623111243793 0.7403315623569655 0.2647101609795372 0.7607780995668172 0.2753899237072244 0.8022628843490685 0.2781415556340232 0.818022966605053 0.2683112502848654 0.8179267750770209 0.2399867882213265 0.8100621629608857 0.23988272232331542 0.7753656682884529 0.2247064699687795
0 0.7403315623569655 0.2647101609795372 0.7362186573877623 0.2712443398036223 0.741113847047133 0.27353130482850013 0.7416293167146167 0.294629447537644 0.780774500613503 0.3033344429344866 0.8183823374255201 0.3103816919703695 0.815452853181412 0.27970008373730343 0.8034644471786874 0.27973638012859103 0.7606837167672296 0.27628534839322477
0 0.8141641607393428 0.3114174789456686 0.8253394240281856 0.31259847585059797 0.8243338799848796 0.3416295970009619 0.8047277077823753 0.34571708231402387 0.7357031694469187 0.3346089490757033 0.7332728214942149 0.31543475874960136 0.7382460605770939 0.30723557428629894 0.7437910409161923 0.29686074997438755 0.7803443335566651 0.30416694575409514
0 0.8042723018611234 0.3465583632361076 0.8195166602899625 0.3486369344166889 0.819253743587093 0.3622032847348116 0.8163446758994115 0.3814980610703868 0.8033582814166405 0.3856778694666378 0.7623282689435381 0.3818795230165817 0.7297161366064571 0.37849153148886944 0.7280969003708817 0.3634054357654272 0.7230721541695229 0.36401993032543284 0.7162766081694074 0.3565222456742884 0.7330133913328825 0.3472099495590091 0.7354847834275364 0.3348354758377352
0 0.81148541045742 0.3833106176477683 0.8138779228701529 0.39659652763488334 0.8154971591057283 0.41168262335832556 0.8025556141118456 0.4182049418913374 0.7641903088851365 0.41957414079671906 0.7317080859493251 0.420489686836067 0.7229051166748904 0.4098927120557654 0.7125958054696334 0.4025146260416565 0.7218534654336122 0.3921898512850817 0.7305976680229727 0.39227233739895456 0.7315982895449021 0.3800112768941892 0.7625339601263985 0.3826961023274957 0.8040959862357002 0.3869831592799948
0 0.6382205949057856 0.3967469910937537 0.6368488014416285 0.4069934102702293 0.6322045053132881 0.4150705318449701 0.6354816470428668 0.4199638222899275 0.6471581126468855 0.41437149628433817 0.7150517236328361 0.42903901753842294 0.7277566451511561 0.4275295880874041 0.7274921872832216 0.41619852011006114 0.7224179525275791 0.4117465116900832 0.7122694830162942 0.4028424948501275
0 0.6333167835125949 0.3589892647823279 0.6304201068562795 0.363235759720137 0.631161797066745 0.38253193038048705 0.6390253127406514 0.3946725271447023 0.7072438856880569 0.40114269016632087 0.7101630642038768 0.39668271649542564 0.7151913542933596 0.395448003544738 0.7204221611183816 0.3922919819962747 0.7305012431568517 0.3896090773618132 0.7292723001371428 0.37958249966218666 0.7276002455871462 0.3644658962255429 0.7222742392575383 0.36542712548446604 0.7171628673898376 0.3581561529687574 0.7115642427128934 0.3601547734137723 0.7012774518723158 0.36171027942412465 0.6631818821495675 0.3606671037851787
0 0.6471379878904142 0.41474097181359754 0.6358262018089642 0.4209133151761048 0.6252247373724195 0.4301802047914751 0.6278509633842737 0.4502178357889057 0.6214447166678788 0.46323229859482695 0.6251046412801254 0.4692487169240673 0.6413533634681723 0.46400149505661786 0.6547757073925349 0.46730639579021327 0.7165164511060212 0.47157096971175 0.7249877327606913 0.4656560680402941 0.7325108707503712 0.4631172246211351 0.7333609055245388 0.4508384599905672 0.7314245940657871 0.43408898058351325 0.7275786512667998 0.42843256347356323 0.7150573558951148 0.43062710141020505
0 0.6407521403638287 0.4640862625711835 0.6384359393952133 0.46779825173438816 0.6253338280109876 0.469883951848082 0.6266273200289495 0.4744697827422253 0.6277355760130116 0.49205124155816216 0.6303272687699673 0.5039877969831131 0.6379799123920115 0.504434661993869 0.6506809450217301 0.5103684090854438 0.6853799930500113 0.5141065753699223 0.7155345484369797 0.516006012383249 0.7292057040311666 0.5071169160008421 0.7336387437714017 0.5043938846862331 0.733476277091814 0.4820539207996672 0.7287865804473661 0.4801879820727782 0.7271414591477255 0.4761285482797018 0.7170564529349565 0.47206701820972513 0.6839570033016785 0.4700106027566859 0.6545488750221887 0.4680536076845307
0 0.7323584594485183 0.42069380832766307 0.7283438577068386 0.42670375923012865 0.732497354848347 0.43274159244393196 0.7343030251188485 0.4503612284091823 0.7558546181327555 0.45439973357096997 0.7840763023159585 0.45931245240623225 0.8036937780081046 0.46298852761760306 0.8096813288519471 0.45697260336617135 0.8207244678099885 0.4537824340485004 0.819354907147356 0.4373715593958038 0.8179898264964485 0.4235912835459909 0.802119610094894 0.4191146793307193 0.7642407793380603 0.4202816071520235
0 0.7557952805263769 0.4552516628487096 0.7344307822492293 0.4502328658718118 0.7331976108445774 0.4619321598387052 0.7251789849189498 0.46576016051366964 0.7192694608801049 0.47125256996116377 0.7275686259100338 0.4755999475453015 0.7299229481068097 0.4803563608544552 0.7340301470526339 0.48112599974530174 0.7338878560906152 0.4915066847525424 0.7830894763022263 0.4979342516402565 0.8018372754879912 0.5006858467903182 0.8187585333011429 0.4954800372901609 0.8187101007419577 0.46704113131304115 0.8040402357776072 0.46353066457848763
0 0.7339958338834071 0.49228843178318527 0.7347082841588756 0.503590798164859 0.7184641578268843 0.515015600324212 0.7207226103706647 0.5260999930970027 0.7401909353116644 0.5292404437390865 0.780609003943258 0.5286914872165549 0.8115118927248846 0.529913231057837 0.8154667139787619 0.5194854543248526 0.8129307493656293 0.5020031149165297 0.8018927779018616 0.5019654361174247 0.7837312889890788 0.4990698705769739
0 0.6185704175492208 0.5036580294847731 0.6062901935759542 0.5099873497818516 0.6060278166813473 0.5124765612641693 0.6086768075320889 0.5180497051899134 0.6168508381846124 0.5271965517623501 0.6226998113647697 0.5331154955009713 0.6264255531084801 0.5447286781095743 0.6708287133434419 0.5515262610897581 0.7018072881585014 0.5502238098627749 0.7173137321506446 0.5439913682303418 0.7174903362818901 0.5224482511852176 0.7152147271534962 0.5169450744313685 0.6855631719862161 0.514688626364613 0.6505500572238162 0.5109198120089142 0.6382224063164452 0.5050560320892346 0.6304893679399362 0.5043684685100794
0 0.7404663982948401 0.5298675272934543 0.7209055886504421 0.5267545410488479 0.7182139447487224 0.5306699234098052 0.717192632931799 0.5442903031035964 0.7114535352668007 0.5476346298704096 0.7131996433119143 0.55072418138942 0.7171838449097006 0.5561667708364526 0.7194922205268599 0.5657150945091572 0.755553209547305 0.5636329561016274 0.7843068977884173 0.5640488119194508 0.8140829922031587 0.5685235472532884 0.8134504425666262 0.5548694893549116 0.8136525117941389 0.5372283005180493 0.8036052495757706 0.53230697892942 0.7804797420070959 0.5315645992862655
0 0.8146639301761074 0.5689086431510753 0.8211970117770773 0.5717902741319412 0.8229321320305301 0.6025012887679635 0.8047846794535636 0.6115312628668138 0.7562132065506882 0.610440383815007 0.7241386188975918 0.6022201162854137 0.7144592486891491 0.5918430287446794 0.7068752081348428 0.5851734030267575 0.7078965199517662 0.5715530233329662 0.7192319513832269 0.5662187936941304 0.7552358348442574 0.5646784248445168 0.7844529558132214 0.56462865185031
0 0.7048732304852208 0.5510975599244089 0.7162822381074364 0.5548928798559053 0.7157968408524139 0.5594979210981933 0.7075758511224506 0.5706642282502061 0.7002597623210194 0.5850386902084157 0.6271241661285989 0.573267619774605 0.6247553908257569 0.5623268018341671 0.62984326845332 0.5514020934248843 0.6281224190616452 0.5461073933012661 0.6654759657781568 0.5533832267017261
0 0.6984631369690276 0.5863594358986207 0.7089990905686866 0.588609980070612 0.7163799675387742 0.5952415354155909 0.7173057275816209 0.6277345323854912 0.7025703266515906 0.6299455323007309 0.6950181330032597 0.6249392856295007 0.6278028335328851 0.6140013712320774 0.6164575197226199 0.613532809393964 0.6103527298172582 0.6065879067287266 0.6099870375768949 0.5962986772966761 0.6172657855765202 0.5940715678502808 0.628905415205956 0.5799548141659568 0.6408536315163407 0.5766690594715996 0.6605033936261285 0.5809036552049817
0 0.7177768539748651 0.5977131766307994 0.717591255378693 0.6250256845959101 0.7296481889120761 0.6344671223442264 0.7418061570592156 0.6350879656741114 0.7607036645178116 0.6405627741834551 0.7945397364906566 0.6438646531505019 0.8112112325449468 0.6370442198246168 0.8112705378739233 0.6207574548825451 0.8078321332168423 0.612102318460958 0.7563592645754924 0.611020223745866 0.7243736293877857 0.6039215657050483
0 0.6151847267841623 0.6157804205398723 0.6033792743723136 0.6177117513394391 0.5975040010613154 0.6262790296523421 0.5918824086414138 0.6304740811289724 0.5960983266031259 0.6356838561699899 0.6013465331172714 0.6507553022039705 0.610054014458963 0.6526632130194753 0.6147333651485267 0.6574073592484625 0.6199936538110388 0.6625366013752364 0.6630039339796951 0.6692150261714073 0.7064392117176915 0.6698959154575568 0.7104311069808704 0.645782777961928 0.709021044039707 0.6355740814441208 0.7024561155327617 0.6310290714165633 0.694932474664138 0.625751939966375 0.628298113166712 0.6151991214667388
0 0.7138870876821485 0.6306849789178023 0.7094559239878513 0.6353793374110485 0.7113579724365735 0.6448515203378673 0.7088035985375595 0.6612232103625398 0.7133753263608305 0.6709194233586588 0.7609946751545635 0.6751467086391343 0.7886468871354615 0.6761848669291174 0.7963319623035239 0.6740338982286079 0.7990137238264392 0.6643157243907016 0.7952667324884093 0.6448295889791479 0.7615481657606613 0.6423784347219184 0.7416062876012651 0.6369841591268183 0.7296800358180515 0.636130501390918
0 0.6145938953762586 0.6606960469689026 0.6111346205487125 0.6738595821873785 0.6133793023539212 0.6800811477666998 0.6122657439453401 0.6906456541460662 0.6167518134294894 0.7011545214790593 0.6619771282669414 0.6966461374237044 0.6911624023299301 0.6949329853828061 0.7019048136400757 0.6991558637533899 0.7122529799301508 0.6933603974708813 0.713435726046513 0.6723119176263924 0.7086926815449988 0.6642410133040222 0.7064425058439596 0.6718301792832065 0.6623977373533074 0.6710350788782281 0.62025721708094 0.6639671660159128
0 0.71355323129161 0.6731626423362096 0.7122529799301508 0.6933603974708813 0.7048633149379646 0.6986053098587588 0.7076570878101467 0.7035485922891755 0.7364492112097705 0.7094963548049898 0.7733898425053086 0.7128275198082646 0.7844430402659653 0.7121364017846595 0.8025081286300785 0.7058533458483334 0.799814296014947 0.6744102097896799 0.7958399767959652 0.6747704118195964 0.7883580652121212 0.6769594508930488 0.7606773004515162 0.6761921773820238
0 0.7820083713816106 0.7136138211349939 0.7962616691828865 0.7179421262876917 0.7951557933835475 0.7500544195281625 0.7569105222435764 0.7473074866241046 0.732302469899689 0.744906120102616 0.7067005641618799 0.7381749892861552 0.7079986157537768 0.7337222295356391 0.7048171861140605 0.7226291301034293 0.7068762803792477 0.7050596898440954 0.7365096108954531 0.7108888490727233
0 0.6910767439908085 0.6957456397196803 0.7017906025212469 0.7002394028692223 0.7060350732626661 0.7051782931312816 0.7035410990493345 0.7229424774236879 0.7063162015206137 0.733959436110012 0.6927174178830413 0.7391457764254333 0.6212653302804896 0.7448167586270555 0.615024364729128 0.7430948075079079 0.6134528674885257 0.7403142111407984 0.6052725126866362 0.7412674296066467 0.597570966887233 0.7337470791789075 0.5899803380803906 0.7232089258096863 0.597423814505723 0.715487980038243 0.5994708266225435 0.7078607436861156 0.6180663356527268 0.7063730808567917 0.6176248674520463 0.7026992972385647 0.6618058115886982 0.6982714460974532
0 0.6998501078578625 0.7363388270481789 0.7147194846643303 0.7446498709710049 0.7177087274553383 0.7791869507170261 0.6741218977967074 0.7917369530585234 0.6173008823841615 0.8020832659376872 0.6061071204945309 0.7883838124719271 0.6046652106473921 0.7765117369074285 0.6105536604634628 0.7756815138971241 0.6141655815683494 0.7669663462608067 0.6132826451669883 0.7596187790243523 0.6177324792621883 0.7488507442751992 0.6545709815872642 0.7433232444870997 0.6930380867123569 0.7400345715081936
0 0.7099544756356453 0.740718379078892 0.715182917392182 0.7441842421589745 0.7182611126485796 0.7798429313937714 0.7093285031954983 0.782036362635581 0.7537071170205385 0.7914573134259184 0.7763406390816544 0.7929362066600613 0.80128803065576 0.7901526920084029 0.7985315985853838 0.7730620570661717 0.800473187605474 0.7546418920970205 0.7874169067823386 0.7546814216122378 0.7819534545356078 0.7495141091125209 0.7556377293051184 0.7495550977700128 0.7446954485370224 0.7472284128521357 0.7353246650095286 0.747682324301368
0 0.7773564570027471 0.7931265585247761 0.7946132795129599 0.8063047441321328 0.79300773559682 0.8176057641024875 0.7935194858619874 0.8284748334653972 0.7916822255819218 0.840008667841767 0.7446086737288937 0.8325688355867372 0.7116105147463623 0.8272140895068544 0.7087332833046209 0.8073384660291563 0.7084433670245749 0.7904337907832825 0.7228866519049969 0.7870631110063243 0.7536785642408312 0.7917281982048765
0 0.7037321694290359 0.7840262655076037 0.7082402034403563 0.7903957204103395 0.7086761777452065 0.8078802355870726 0.7114359039418507 0.8269051343549534 0.6625316800612935 0.8348676641275926 0.6075259604016423 0.8378195550606443 0.5945509494346545 0.8174329072035325 0.5957853072146007 0.809653389359633 0.6013530882013559 0.8079343712665686 0.6080794510077401 0.8050512811434284 0.6076533590816942 0.7933695574436443 0.6166057332923842 0.8027817091557328 0.6749949518192643 0.7932817288180288
0 0.7686676350058077 0.8362484852571304 0.7775881623105225 0.8439972579225272 0.7796143042568779 0.8581886932104625 0.7768886136796206 0.8761856919088838 0.73728489126207 0.8764990244876083 0.6893767205449968 0.8730463231710642 0.6874779662225426 0.8655084040698954 0.695321181563776 0.8539950713930384 0.6940088591101008 0.8330315166311504 0.7110899764590963 0.8282214878768009 0.744754731753698 0.8331486755175964
0 0.6917136599980138 0.8312202482610446 0.6944481275412191 0.8524502956335333 0.6849861917787734 0.8675275929781456 0.6395544192308347 0.870063642834908 0.595357004462842 0.8648201748477712 0.5902482677209645 0.8464600410933502 0.596503515190255 0.8224947929211356 0.6072085856985949 0.8388650238035339 0.6622428581379531 0.8356422480915242
0 0.5995092286126035 0.8667031917954052 0.5967890319311765 0.8708894589353208 0.5961037652182035 0.8773906936303154 0.5714902189784858 0.8888000586673327 0.5927444195915572 0.9151578890243209 0.6479181618031834 0.9086464255918708 0.6709195758742248 0.9046695528739089 0.6872550268245647 0.9049682645468206 0.6860832684998633 0.8983952812742974 0.6882181387253679 0.87421039520114 0.6852783078283817 0.8686872728398641 0.639325996993177 0.8722307210665727
0 0.6890441442965268 0.8740296087957776 0.6866456738660855 0.8979007310977467 0.6880560575614498 0.9034998536759234 0.6943332354179665 0.9120507434415823 0.7433997835194919 0.9143413122372078 0.7864673614152001 0.9166060954838184 0.7878565411022926 0.900077374655111 0.7900535263533661 0.883700026717389 0.7785795704751678 0.8719786279416392 0.7770544076004526 0.8764000374474078 0.7373877217074722 0.8775968636360956
