0 0.2432726266012769 0.4286142655376965 0.24401000516680194 0.43314768392106334 0.24890770585891703 0.44001352152247053 0.2570206902128225 0.4411375075897174 0.2696917407262882 0.4331524333484573 0.283828760488014 0.42497260374182383 0.2986415654400198 0.41973996581407064 0.30182692338289496 0.4204556519629041 0.30328410474836515 0.41099930446542365 0.31365324240851067 0.40878658812304386 0.30399791984712904 0.3920546524230664 0.2939195882982072 0.3932982868689547 0.277209929163869 0.40269502255573597 0.26760104984278843 0.4082233295368561 0.24867542424868727 0.4231891948277897
0 0.31403689455073075 0.4078245284732304 0.30317675182604015 0.4118487332501904 0.30246399497147 0.4205987891926708 0.3152142146257605 0.4327231259201117 0.31860723246791056 0.43697966443777875 0.34000545915031677 0.4314795412381589 0.37000767525117334 0.425291915671206 0.37125015077199347 0.41753442574325894 0.37221632707291863 0.4098895666803586 0.36919112754482364 0.4006490863191381 0.3428494406232223 0.4017190274066042 0.32627853337489643 0.4032371693710371
0 0.3583890943205484 0.37725691365963665 0.3594203478715481 0.4002008854421712 0.3666428411905235 0.40007653740007126 0.3689148283249286 0.4007617171841848 0.3731754574284687 0.4074844175558252 0.37736570527397395 0.4033592990908717 0.4091717832182306 0.39845051399798553 0.4191414349079912 0.3931779751116789 0.4279284625147618 0.38274785078733187 0.42334403270683185 0.3640721346995175 0.4092598184375611 0.3645765988785305 0.39927433291963554 0.3658272555710971 0.38743922601123 0.3682347272788502
0 0.4275518563179168 0.37847020049877833 0.4273230585825166 0.3906484779450456 0.4334333090765369 0.3962143633014994 0.439902972173992 0.4027109385446468 0.4601973617420632 0.3969864170133334 0.47354419744580895 0.39194853445095346 0.4891014269087148 0.3860096049682002 0.48779561607523486 0.3776795661211863 0.48939181801935994 0.3754175542264197 0.4957308662487804 0.36880516213660614 0.4893584084256153 0.35287248776846525 0.4571616323937635 0.3639830424495316 0.4357792395395223 0.3735050478428916
0 0.4959842856951354 0.36991035901618624 0.4893438428396916 0.3757379022391607 0.4880340220751246 0.37739897271270567 0.49003222436586685 0.38537606850159484 0.49731303818301087 0.38984719499166937 0.5019820963304139 0.3917761513057611 0.5146824181449612 0.38817696810736196 0.5319956660568965 0.3840499282596161 0.5430079959242364 0.38046255926413036 0.5519068912638992 0.37503159116709744 0.5587868948715446 0.36816933803617524 0.5580039705497093 0.35811885770608326 0.5521994240615941 0.34312716552741424 0.5183854026530187 0.35713657072760796
0 0.5518281639455556 0.3274986310810272 0.550966424788317 0.340699238209398 0.560181422986795 0.3565549586479961 0.5663877982357303 0.3556029737280779 0.5741827049137243 0.34904404904644243 0.5890132077675271 0.34367480975612724 0.599514412910922 0.34007036931813267 0.6051495884562004 0.33957665555380356 0.6086240580759714 0.3370331856540983 0.6167626681206573 0.3312358605773386 0.6160614830126002 0.32227919394683147 0.6124993816637707 0.31043107160312333 0.5804413130415076 0.3180890088792328 0.5627242867831689 0.32192979172020086
0 0.5666497623886436 0.3552707596333689 0.5601302086592683 0.35928095717570363 0.5592379446157781 0.3686617520767821 0.5624986962732574 0.3747716203582973 0.5651104519429984 0.3773137905342802 0.5679359255750308 0.37120262252904274 0.5777201738915821 0.3703701377066868 0.5825477927440537 0.36930390992880197 0.584755770067391 0.37155982309800706 0.5922847696627749 0.36826526807261706 0.6045557059671554 0.3657428271312939 0.6141981400902168 0.36429187120745105 0.6282939648128061 0.35719327567355535 0.6266906802162822 0.3472517809618345 0.6250873956197582 0.33731028625011367 0.6172659069852091 0.3371172431429204 0.6050895134764886 0.3400519981519015 0.5996217592884636 0.3398011837538637 0.5883947366660403 0.3439269238778873 0.5741226299340125 0.34951939164454043
0 0.2484329432154379 0.44026912042269584 0.24200935182803746 0.442887639052405 0.24235396346538285 0.4549941574073874 0.2456082340314621 0.46447375667574065 0.2530074695623137 0.4708228755825206 0.27279282477241357 0.46167693809959554 0.29189207191864897 0.45425150940840026 0.3027973819600642 0.45232749929947524 0.30904944633149867 0.4501391078676984 0.31468307888220715 0.4417191106979701 0.318525907082013 0.43727097056462244 0.3144486183603792 0.4324493363965143 0.3025739645182028 0.42072046569072774 0.29792071884822197 0.42045608436787596 0.28435281108528065 0.4249063013084413 0.26946776275236933 0.4342159078592293 0.25823355696981487 0.44059645855842183
0 0.3196652202933271 0.43752695143055437 0.3138663610693424 0.44169183251999294 0.3102296768097784 0.4482171745659911 0.31210387330002576 0.45285626194517886 0.3160017770575904 0.44982649383859447 0.3179310491055965 0.45588395324454556 0.32270860418188774 0.4625813648153265 0.3467427751295875 0.4578269343025771 0.3749565279663356 0.45244935253883756 0.3844880642746088 0.44099958726252475 0.3828263120672933 0.43375245851776517 0.37098627514939275 0.42453091692256156 0.33956072661894443 0.43121775800115586
0 0.3779087316884853 0.40405895775380535 0.37250800205419154 0.40878195647414217 0.37049215273497726 0.42473234143253924 0.38381455689612415 0.43334960949780993 0.4027218183929106 0.42744326508836666 0.4230768302086675 0.41842531803840766 0.4333778667201498 0.41386598838593364 0.43631428462505634 0.4054648689372626 0.43332753389966766 0.3947956003301009 0.4280149391419953 0.3904775274369368 0.4193882555232082 0.3929134992777259 0.40891569199575983 0.39790295612813226
0 0.44676638951902187 0.4015643691706759 0.43663688002350565 0.4056935716252174 0.4334738595448743 0.4131064462450576 0.4353622143259146 0.421341819818648 0.43928843466506523 0.42550462410086887 0.44349477553028627 0.4191072724878367 0.46638963326667193 0.41409686110915533 0.4888722031225738 0.4049320459051729 0.5018499956463752 0.4014427956154613 0.5001740851482668 0.3905993806762991 0.4968316797055661 0.3901608530214469 0.4905512987525457 0.38515667206441845 0.4738471294871457 0.39124556326278204 0.46040983147320474 0.39744356717305424
0 0.5013684739173395 0.39227373356899436 0.5015824758056846 0.4026324649542698 0.5038689601764159 0.4114259561587586 0.5084540007609731 0.4189169064598231 0.5130385414246872 0.41489217511297755 0.5267638179128016 0.4064155447800772 0.5525195593628522 0.39267459900978124 0.5664918970581744 0.3840972564218921 0.565207815807067 0.37849720239185064 0.5622698402967472 0.3739315490896744 0.5589132765632535 0.3698967352404196 0.5520301796857134 0.3752240074906894 0.5427724635608209 0.3807988601499714 0.5331575351132029 0.3836376810107156 0.5137766098354838 0.38865649284631676
0 0.5678011796800413 0.3709563373390445 0.5649812132333422 0.3775089575630198 0.5663408286756911 0.38343842653600485 0.5726007509952288 0.3895315645768529 0.576822807756656 0.3996972719090705 0.5988049548554524 0.39541912449328803 0.6153517553956792 0.39335664668725956 0.6205258824562482 0.3876454031380918 0.6313761169399047 0.3843030210024035 0.6311211977845939 0.37612220378476735 0.6299598683343837 0.363988407251808 0.6234056671979828 0.36485913891181027 0.6148199008461614 0.36511719658495995 0.6037839810557459 0.365293419724178 0.5928582123808479 0.3683063869169227 0.5848562609254765 0.3722887212174409 0.5825430175785725 0.369269430374994 0.5775467178766596 0.3698653034480071
0 0.6208689364881804 0.38678514874222686 0.6349860422232958 0.3835518793184473 0.6381993955224093 0.3952093927544398 0.6395180936977927 0.40331677589506426 0.6342338155217062 0.4061912753907054 0.6136931183991903 0.41204306344419434 0.5819103575460167 0.41599387272425087 0.577242953585243 0.4121332052069964 0.5773452467526573 0.4066884197878981 0.5765757465494482 0.3997979841640593 0.5989764818714185 0.3949889972953556 0.6161684732085441 0.3933839248652367
0 0.5839419227614372 0.4166065467111036 0.577677257704623 0.428165424699325 0.5774175958120356 0.4376366235107583 0.5805412566291144 0.4453684358094047 0.5947134379219887 0.4435535384123883 0.6213755896669386 0.43376557195741566 0.6455875879732944 0.4238957709685116 0.6426968300726302 0.41246696022047385 0.6405063385266234 0.40291392687510896 0.6145853704032966 0.4123997565651151
0 0.5671370878550731 0.3845546617978017 0.5721066285808133 0.3897329890868306 0.5767472735654143 0.3993678569661269 0.5773452467526573 0.4066884197878981 0.5746763486884413 0.41389986989776073 0.5647183662088913 0.41759894515436974 0.520851622441436 0.4383624705959058 0.5151755150183485 0.43599360918242636 0.5094915496471579 0.42534321829632193 0.5107273290687258 0.4200123501021744 0.5127914802174794 0.4149928873679664 0.5263452296896278 0.4069463842329985 0.5530136817772677 0.3924731744998036
0 0.5090101203628782 0.4432255718394638 0.5207113815586444 0.4369968257280858 0.5702314202273252 0.4143790432279808 0.5748015586865145 0.42119021217020425 0.5782033592223721 0.43121131317525885 0.576311131830451 0.43860655450715996 0.572763820060073 0.44299653591750254 0.5587240981379233 0.4503756739281408 0.5317660036977877 0.4609969020380114 0.5173894791335468 0.46630537057084154 0.5143847615452516 0.4640342733583049 0.5086060328158093 0.4538781235153611 0.5068384156760939 0.44797478453371326
0 0.5216875635510514 0.4663932655443117 0.5215621576571617 0.4730682781554009 0.5276069582320667 0.4801720142123671 0.5368936194087308 0.47914634622841024 0.5525353776118661 0.4709301556914913 0.5701015103220789 0.4602735383723587 0.5764148053839201 0.45530802002309295 0.5788994567722373 0.4474872854339465 0.5755611548250087 0.440752245825807 0.5584716950667761 0.45047856374539963 0.5329018175179507 0.4605338978603466 0.5225147079194378 0.46458411165386115
0 0.5278280098297415 0.4817378775478806 0.5251576722420636 0.4905542904334064 0.531273203613597 0.5027811097541582 0.5510804081323476 0.4994908049349281 0.5667326168266403 0.490718363347085 0.5828542662649134 0.47917860049283134 0.588165181250165 0.47646166327947154 0.5910879219089903 0.46754236057668686 0.5886330307107773 0.4604472066081415 0.583314087875842 0.4547035542521711 0.5776663702484993 0.4553498219877228 0.5696634210515708 0.46137210648599697 0.5526406781651247 0.47199121288471013 0.5375141765954417 0.4794453727361873
0 0.5075120566766976 0.42322857976169587 0.5099524834589113 0.42664968999650016 0.5170671766238766 0.4390212010991408 0.5085626395678113 0.44285599231413797 0.5060217217988647 0.44922768737323976 0.4871196246531291 0.45766894343267556 0.4563513648803106 0.4733392938210717 0.45273252667161995 0.46598262426516884 0.4487921458785217 0.4668528966676586 0.4478798062975073 0.4598649235605825 0.44851323661684933 0.450590858397181 0.46714524799228063 0.4409717213390576 0.48823135492424097 0.4318241705470199
0 0.5063617427241137 0.44890508393325335 0.5083150460631899 0.4538127446185218 0.5147914993422872 0.4646044583974389 0.5177190495676384 0.46653901818177923 0.5194127176275675 0.46971254681743596 0.5056816651571943 0.47843783454086 0.4892545645503024 0.48623817476453324 0.47791410904782927 0.4921489873571277 0.4618583808396587 0.497957970988042 0.4589726325789374 0.49379840700000543 0.45511263743194097 0.4926119439128971 0.45714874905859276 0.486446028488313 0.4577677149619355 0.4734979195911704 0.4867796037278801 0.4579915468726621
0 0.46139939058683577 0.5001690412035286 0.46431486332123983 0.518300260361507 0.46820620994170864 0.5178179702958432 0.4732695314223388 0.526057785386867 0.48872158950127154 0.5146069783616624 0.5146974092054485 0.49849826158338956 0.5249543033435458 0.4902691979138393 0.527421272032706 0.4811676925087465 0.5211063856874966 0.47288607545309275 0.5212776074708579 0.46821635342297235 0.518882996578116 0.4668005337691367 0.5194513013090395 0.4698808155315342 0.5056326309845648 0.47882581687768583 0.48975937069259706 0.48603239513001556 0.4771568998343873 0.49245765680890424 0.46119923997147577 0.49749067576616685
0 0.5244390467100937 0.4910312285992811 0.530894599006876 0.5029354444800466 0.5312105006666522 0.5061186160597029 0.5256865619334095 0.5157302795068796 0.5076614389703739 0.5285979670414986 0.4835545230343292 0.5474407852099729 0.4740580563928316 0.5529679065099519 0.47147052709272935 0.5507107432856252 0.4685638778496931 0.5476636813994368 0.46464360239722563 0.5407978839976185 0.474083802658094 0.5338217231675949 0.473704402409689 0.5273524901910235 0.48936304767029737 0.5137935027675911 0.5150269796395399 0.49873190919432725
0 0.5319218939906225 0.5038046560269577 0.5266190068550547 0.5149821828096478 0.5353413772256372 0.5151065278479586 0.5418170348630504 0.5192746739244162 0.5545810726551481 0.5153595089687908 0.5768873929782152 0.5079225132941552 0.586002036729834 0.504942999637859 0.5931593632175347 0.4928255305116294 0.5924576247430379 0.4879596717909907 0.5865526944780219 0.47785496685667644 0.5826404468752382 0.47944975902418857 0.5670726377518892 0.49039575990709855 0.5507789708885706 0.49998167708901287
0 0.5807470940400709 0.44595266019261265 0.5781339937292385 0.4543045981655965 0.5832392059881268 0.454097235730067 0.5884681074118385 0.4598770299667608 0.5915550561675565 0.46652997173523847 0.609337354928049 0.4603221409381641 0.6254661153953223 0.4591603988261514 0.6361758787352896 0.45479466116723244 0.6462426061411843 0.4469435894040717 0.6473486064858026 0.44087154563365144 0.6426263268492259 0.4257247693150059 0.6213177643520003 0.4335782417910971 0.5952969059851889 0.44335263883711273
0 0.591642370920735 0.4669107633206595 0.5883471190490619 0.4763735434771991 0.5871692701485027 0.47872741380156864 0.5933149764805874 0.4885055196851835 0.6094191872509809 0.4811080152727847 0.6298591439662439 0.4742331990229909 0.6437741032095826 0.4702264309967112 0.6543055955607211 0.467807094813996 0.6508812125070549 0.4590015894902502 0.6503209495763396 0.4511104748909216 0.6368343808665995 0.4549426134108445 0.6255097727719114 0.4593507946188619 0.6091509007069269 0.4601899549809057
0 0.6548767829388528 0.46757425547218695 0.6589169110145888 0.48383187397438815 0.6492312752832313 0.4940259050855275 0.6299937171654072 0.5047826133113379 0.6132664784079996 0.5101439738393732 0.6036590739301784 0.5111456523749177 0.5996716867306737 0.5046515738264431 0.5978662680932795 0.5001827281859411 0.5944391438244899 0.5015797642367952 0.5935059724515306 0.49342427772294983 0.596488339722135 0.4880446963115284 0.6093200477830373 0.4813566209009475 0.6305294708123192 0.4737517540530191
0 0.655042288532491 0.49144890603927455 0.6580855799116201 0.4979114520150416 0.6617600825100561 0.5084887293086343 0.6481307169557832 0.5123790776640097 0.6331170403327703 0.5170419201666179 0.6188137064499499 0.5241216981390108 0.6068269547414796 0.5310899117504619 0.6051443250015598 0.5251136660546297 0.602660396285797 0.5190476779506373 0.6029132570456901 0.5106169085458846 0.6128380878744009 0.51031860334573 0.6298509203208743 0.5048408231467901
0 0.6063430821165264 0.5317035426776922 0.6053007470955558 0.5394151724607013 0.605162492000844 0.5442599543766614 0.6089825326589363 0.5445764804602021 0.614433362448066 0.5486002690134028 0.6157785578900377 0.5524239511539671 0.6269721938549583 0.5474445825678181 0.6443579347436758 0.542231174283395 0.6597681692384634 0.5365739092681355 0.6656583140086082 0.5322991143738417 0.6702514624631917 0.5291776052122019 0.6677829999446664 0.5197742352475799 0.665897549519038 0.5095086287275651 0.6615381541446381 0.5102447349921276 0.6573333803295363 0.5102932342076542 0.6480315774878393 0.5126276832921725 0.6329742434882375 0.5171001300020701 0.6191429575156049 0.5241956742608169
0 0.6706089047081983 0.5327793589873482 0.6708480998055517 0.5426750848983328 0.6744352876508095 0.5528715706065047 0.6600328143000453 0.5601999542070603 0.6384586660608125 0.5696190365739343 0.6278043848121997 0.5735457728119799 0.6152337207434836 0.5738816662512701 0.611508277803514 0.5685299624590586 0.6145343024507076 0.5633407768403478 0.616711729262997 0.5605794376678125 0.6159531873963945 0.5531855343248092 0.6267857396338361 0.54731239661056 0.6445562136795632 0.5417339630270693
0 0.6717103228899192 0.5546069546936813 0.6744125384886278 0.5616249217612262 0.6788010253097284 0.5719111498775576 0.6731173427077644 0.577767320948988 0.659956383581207 0.584381420237763 0.6458395039195086 0.5915933841674142 0.632591230039773 0.597826691870768 0.6214649008809723 0.6017376618224598 0.6182751711748383 0.598041310329191 0.61353014237608 0.591647885165267 0.6171073464543466 0.5847766699848688 0.6167535456918121 0.5784669315626766 0.6167571871742842 0.5757589469156307 0.6280226716951456 0.5744977517755324 0.6374036060577277 0.5704655068429733
0 0.5405328848796466 0.5198066987562434 0.5396096972736782 0.528718913130968 0.5360925170365871 0.5399376989710007 0.5426029485786227 0.5479015893356701 0.5449158892705008 0.5504980096217745 0.5589972947879032 0.5451742373328748 0.5778182870868939 0.5339627613998372 0.5897695646510681 0.5288827394291374 0.6027595357537407 0.5187990723224746 0.6027586354863919 0.5113045155949206 0.6002747067706292 0.5052385274909285 0.5980090649378124 0.5001245183504889 0.5945819406690228 0.5015215544013428 0.5876403773782654 0.5039348349176298
0 0.5444320166455476 0.5511116405490045 0.5417916254227124 0.563430357596202 0.5440454425407638 0.5691737639502255 0.5484966944181633 0.5736050213515917 0.5562395566847635 0.5712814832434646 0.5714433290113706 0.5640428420510687 0.5845488060465733 0.5578677441831671 0.5961308166509756 0.5498153656509048 0.604388483937004 0.5402034328942881 0.6061247952335805 0.5307515637141395 0.6029341652600975 0.5195606554933166 0.590055158340134 0.5287663197582329 0.5781038807759596 0.5338463417289326 0.5595130000746802 0.545380399411939
0 0.5496272444596612 0.5737687398815576 0.5564141861911204 0.5720430664143067 0.5716734406090819 0.5643654238010375 0.5846916028911062 0.5578095343477149 0.5961744740275647 0.5500057614436155 0.6041192567125246 0.5444770274321166 0.6084668273721593 0.5443703183811378 0.6144015297862422 0.5477804760071084 0.6153938247330282 0.5527889764530345 0.6165571077036988 0.5612670447168485 0.6088106039546264 0.5662985674720217 0.6052133919293011 0.5717205924325416 0.586269610732836 0.5844394684209098 0.5630337409680907 0.5968260520393832 0.5606061946110314 0.5978156192420715 0.5547151495735377 0.5945958574088115 0.5486531165121593 0.5879065277576635 0.5480692041519135 0.5812742075855025 0.5501474914962592 0.5787614740411299
0 0.4762415948475846 0.5516910217250378 0.4747386749618914 0.5617188390459175 0.4793486357154722 0.5699790396636234 0.4849378643184635 0.5742188330711506 0.5000333929220874 0.5666167910454892 0.5170051874005266 0.5553529322344045 0.5318033059838831 0.541716056823374 0.5353770644846519 0.5395350031461082 0.5397639852962716 0.5290557925822017 0.540273403731704 0.5194329670952135 0.5337666096473066 0.5159293326716644 0.5263564836823534 0.5167772726083814 0.5080463089662323 0.5293109534704766 0.4841136704808164 0.5481199199038213
0 0.5353770644846519 0.5395350031461082 0.544430880453254 0.5517776547050588 0.5415484454178761 0.5652647928944161 0.5283987848027709 0.5742463500697622 0.5084607195743996 0.5903405997588086 0.49659407068412326 0.5966264183243235 0.48765255763177606 0.6002713448293443 0.48109039503452544 0.5953417938469746 0.47819216050774865 0.5921777717137139 0.4805509435068439 0.5846980436350572 0.48436517762447845 0.5740901618380094 0.5007579515537817 0.5674077965788046 0.5180951922756434 0.5541843581418665
0 0.5412241340864562 0.5650348737028019 0.5495185903665123 0.5739658537608833 0.550126078117349 0.5766151909615789 0.5445178479489049 0.5865058919091156 0.5233031048508558 0.6005857154229717 0.49216989441902015 0.6199195688330464 0.4866057807209372 0.6161158281612055 0.48266138600299696 0.6127558057790301 0.49029296280120416 0.6087248778735148 0.49273259394173374 0.6055224204058592 0.4875679858326867 0.6004518429062817 0.49661591271251887 0.5965795407708652 0.5088011952825355 0.5901403451037665 0.5283439549556131 0.5742620457477997
0 0.5446858246334556 0.5865521222542335 0.5486615708248681 0.5882433914836365 0.5550463923250221 0.5950245241006161 0.5612519641921309 0.598014789178386 0.5628017480173291 0.5999589919067259 0.560292181721855 0.6046619338130553 0.5462733607820203 0.6109285697218455 0.5409101933409813 0.6164267621898256 0.5245256903404034 0.6286256659122622 0.5121933052524981 0.6362288085898385 0.5027563232747875 0.6408116965020677 0.4967750212885114 0.6369940218420167 0.49511270470205476 0.6321517400535875 0.4919279418390303 0.6194662075993813 0.523467079599606 0.6005376637904899
0 0.5465257638531676 0.6108256799045866 0.5515882896921137 0.6124419272931507 0.5532610567697279 0.6167279580306557 0.5582721257945708 0.6277490283763001 0.5541709737092685 0.6327327717579863 0.5501469889869104 0.6380530525678688 0.5381690892402534 0.6490076355391995 0.5308534141018224 0.6562217350243713 0.5210064760439184 0.6626277108152608 0.5135573671619141 0.6680562333421914 0.5069249521571388 0.6722318530295954 0.5024339493322741 0.6713026144856343 0.49320597717771286 0.6647604813793815 0.4933458474876018 0.6617595125020331 0.5000658803464787 0.6573641791919015 0.4986101509416976 0.6504137170052448 0.4985884543176986 0.6449026514046333 0.5026968386110005 0.6417559298898177 0.5120285200354523 0.6361119847843697 0.5253214832353175 0.628485265174584 0.5412887979477023 0.6162724274639374
0 0.5604947549786887 0.5983234586301626 0.5861763696470884 0.5845426358728452 0.6054530574747033 0.571716750302856 0.6087021502844623 0.5654243681288035 0.6150122270631457 0.5628521226973323 0.6117350010630722 0.5684199851063625 0.6152308560193469 0.5734348266531001 0.6169703399687477 0.5786136458697256 0.6170097192919038 0.5854054822862836 0.6132172366583782 0.5917353753807556 0.5930571380817476 0.6049213753111508 0.5569675128325201 0.623864913963831 0.5509114661247736 0.6106938612553291 0.5520786314184092 0.608562103924892 0.5600397786507078 0.6047648236303141 0.5631699021328926 0.6003609082317616
0 0.5569289291510481 0.6236966452497327 0.5586507304012918 0.6275946936504118 0.5540343216825374 0.6333404677175397 0.5545535922408313 0.636808731816763 0.5605766961917372 0.6384014022731177 0.5628033035842757 0.6420936710392791 0.5647276780913532 0.6396532442570654 0.569674452885883 0.6407646855033349 0.5810325910875133 0.6361346437266868 0.5894109266080049 0.632351297420319 0.6031387607952202 0.6260192826146896 0.610917440111316 0.6208244076986967 0.6116883180990733 0.6175662142782014 0.6141070482572879 0.6154762589123942 0.619466997415169 0.6123713393622084 0.6215167778161361 0.6032558999689055 0.6183504932939529 0.5984747060331054 0.6139535448895053 0.5925392080308273 0.5936391115869865 0.6050521331048295
0 0.5046428740256553 0.6737141124358491 0.5025858614166887 0.6809925299622815 0.5048204966589107 0.6931453882977734 0.5108757477249731 0.6996928733038154 0.5210176864603384 0.6975825711944305 0.5370935200091398 0.684037517759208 0.5531974867482559 0.6712169840890079 0.5636328348777143 0.6601552202562078 0.5647855357553505 0.6543494191920297 0.5663409605051803 0.6448835083823204 0.5652501669328048 0.6407282354384942 0.5624632826590267 0.6424162744792656 0.5603733272932195 0.6381163097535507 0.5546026264134608 0.6364207494799372 0.5507008293018347 0.6374592905965252 0.5383620076476138 0.6498489791096907 0.5309691651462386 0.656726541166666
0 0.5698006544214567 0.6407132405947055 0.5658884068186729 0.6423080327622176 0.5664285783592818 0.6446637947595927 0.564078156356222 0.6608936740094401 0.569361733792843 0.6640757847335176 0.5761034632757189 0.6651915170239976 0.5987216713337202 0.6567073981443532 0.6140410913107638 0.650094581863367 0.6223703926586259 0.6466992178938251 0.6304151438201844 0.6384519291918546 0.6275776340904085 0.6272808151645323 0.6237658774743575 0.6190828020381383 0.6181462930373294 0.6204535895387123 0.6139004610756124 0.6175844393106217 0.611334628399509 0.6208383416869067 0.6028759072329154 0.6266784234828725 0.5899157327502996 0.6321455177858014
0 0.33664960999438054 0.8673580604445684 0.33551213139527014 0.8742128227608275 0.3426562012828249 0.8899181000964028 0.35869733225868683 0.8817118407580914 0.3859674952339158 0.8697617876788067 0.4097912545003738 0.860050248804885 0.40588841745437604 0.8530271411616815 0.40319225035077255 0.8421776692224575 0.39832188214103426 0.8463860147209538 0.39013743106341303 0.8525010620149791 0.3643227973379535 0.860801178586094
0 0.4044778321651722 0.834151041888847 0.3994010915069012 0.8392771323058527 0.40014280916466594 0.8434207461983195 0.403133981117529 0.8419235491236154 0.40607900752850773 0.8529494488506902 0.41070657827655044 0.854953284014654 0.4287762103058955 0.8528669502144236 0.4529653673462158 0.8438400793260373 0.4712037452296119 0.8361274973720233 0.46942896374786464 0.8265696690928784 0.45828976573054325 0.8288874777176577 0.4381236428857498 0.8318284269387929 0.42615289322861793 0.8314286067872988 0.41139734406715567 0.831608238792
0 0.47550966058303923 0.8049176897902225 0.4706502144833412 0.8119003132101149 0.46992062051693545 0.8205339162182694 0.4746028018151797 0.8364091409892146 0.4815805829504066 0.8341204579912095 0.49678530202209725 0.8268109004055395 0.5131226394285376 0.8162609110325247 0.5238745954519162 0.8077098785794177 0.5279291943962451 0.7999438516971304 0.5338423469586874 0.7939210595274835 0.5364037900587652 0.7850964659180911 0.5326441959636958 0.7805158237864501 0.523612410871863 0.7847532949117206 0.5143524091114169 0.7843599551127077 0.49778199477200247 0.7938934640903536
0 0.5367257620349286 0.7834162812127401 0.5515541612227167 0.7726477777201383 0.562525399617392 0.7622094358129058 0.5718035091791094 0.7547200324922606 0.5766866079612866 0.7512128727233821 0.5830855018425457 0.7504580549618712 0.586164947012594 0.7534155497582667 0.58951315072372 0.7555069026178188 0.591325558799949 0.7697732341322383 0.5881814233674358 0.7760566267532084 0.577366337846453 0.7879678696363875 0.5553064379517021 0.8044629588680579 0.5378146379904315 0.8127048241856244 0.5270566201213733 0.8148672481884208 0.5241650026792775 0.8077097990891026 0.5280872807827183 0.8002755846166489 0.5337357916633844 0.7949164172666693
0 0.32280818302777614 0.8524377886798131 0.33196983185877393 0.8714887136320734 0.33533126184986 0.8670618540139902 0.36452916978648625 0.8598834336675846 0.3900051102225249 0.8528328744248128 0.39845420298192236 0.84605420231112 0.3998198982496462 0.8438302509191445 0.3992105014327695 0.839354824616844 0.4001840944421896 0.8345119799254549 0.3960906673220603 0.8275665645932425 0.3757715809976168 0.8352937093606437 0.35526190459904183 0.8430985464390363 0.3442076802994053 0.8476047004765359 0.33328577684065697 0.851779042104202 0.327837576562844 0.8498318560853616
0 0.3310594222860437 0.8293452614475764 0.32338847219757394 0.8349731117097855 0.32396144400128773 0.8447429737560362 0.32789584579608755 0.850085976184204 0.3336086877556767 0.851369537383377 0.34401709022527366 0.8476823927875272 0.35488072445077845 0.8432539310610189 0.3968105407597445 0.8261616226429167 0.39762996870819584 0.8161020345185687 0.397612984752476 0.8069391481468616 0.3899359728183267 0.8061783899587599 0.3839584891769613 0.805558453579254
0 0.40181688849341285 0.8080041952264477 0.39667701833753755 0.8164904960735254 0.39637109137823756 0.8260628871660574 0.40100472397195985 0.8344553307803316 0.4040966520169089 0.8343064265108296 0.41166198574893187 0.8309446139723327 0.42615289322861793 0.8314286067872988 0.4381976944933944 0.8312424944301169 0.45848035580467494 0.8288097854066662 0.46963533619639736 0.8256519241743691 0.4717318270118457 0.8247973087534639 0.4692905810612969 0.8205128730524014 0.47133852317222324 0.8121754764748254 0.47062837026326054 0.8063517573673225 0.45978051841215684 0.8099401664863127 0.4529496389109003 0.8010540454877412 0.4294160242293412 0.8020332458766489
0 0.5188967226553473 0.7704378429257327 0.5144648629371519 0.7804737666696274 0.5154584280680993 0.7848068401498858 0.523493057880765 0.7847734482763266 0.5326389239547606 0.779798352995409 0.5362743831636079 0.7850494681724557 0.5368441649636073 0.7818247231030554 0.5516387911625953 0.771305110188624 0.580866355024878 0.7454258589051884 0.5780719440178002 0.740580017749671 0.5747927332267286 0.7344355614692262 0.5545247510526774 0.7471863381864866
0 0.5649986702037262 0.7227175090505451 0.5695503577367227 0.7213608014586682 0.5725158111180213 0.7261369187453474 0.5746881474234711 0.7339794484713043 0.5540116239300152 0.747395509793002 0.5246217412449286 0.7668572250215834 0.514107536177167 0.7723901112532082 0.5050739011156364 0.762357063088538 0.5074913815754776 0.7541397756353865 0.5138624404296472 0.7492983123912014 0.5298696052597238 0.7465137355489971 0.5561523978701689 0.7298148366909496
0 0.45326330373830065 0.7917064985006729 0.4531075033756234 0.7999993255236073 0.45976070886739806 0.810254614486294 0.4759432778474037 0.804156683813405 0.49825940673639524 0.7938128506319299 0.5148548788115138 0.7838060053927576 0.5142033984290079 0.7793334841748226 0.5185927671392003 0.7715592405280919 0.5135039869205815 0.7713892764960802 0.5046795234655662 0.7622684543272539 0.4599241544392829 0.7864975310198498
0 0.5115277853013935 0.7350382466103905 0.5160947148459335 0.7419046421726097 0.5152307794234131 0.7487405214404941 0.5136391051537977 0.7491399797610788 0.5072157533979993 0.7537533865063031 0.5045607739929743 0.7625662346950532 0.4555293456111729 0.7885384081086095 0.45269680537180046 0.7827106170884099 0.44948405115169204 0.7760403239412046 0.4500581947273998 0.7695719489099581 0.45202464285983357 0.7642816261584077 0.4530835862195348 0.7591118662520883 0.4590319400849657 0.7556895809780616 0.4893587332236626 0.7435765126926238
0 0.4458922096999286 0.7383529091456961 0.4462495364599135 0.746436564562115 0.4433232906531185 0.7516193936599356 0.4470633356652234 0.7573266218349043 0.45932173193177833 0.7553220767414239 0.4897008179721041 0.7434370649549469 0.5119363266207981 0.7343729620059533 0.5123012985899906 0.7269923609788629 0.509054776913296 0.7160964880051292 0.4932905511463209 0.7240188706697057 0.469045025014981 0.7316579799475963
0 0.5122152382317756 0.7225387246533734 0.5124723409642113 0.7269226371100244 0.5121313345579791 0.7360390813675185 0.5161611714168965 0.7413788053058493 0.5254889601009481 0.7478007192720355 0.5295798134129113 0.746881239785635 0.5563234402443897 0.7297451128221112 0.5651174196763181 0.7224197286827456 0.5686472147396986 0.7182377343420532 0.5741772253920989 0.7129909970763388 0.5770555400729734 0.704336481517711 0.5787321963585945 0.6994136630027986 0.5762983955450007 0.6904308507820368 0.5723208515877121 0.6853191833426667 0.5662581100253976 0.6857956190226467 0.5482332825034677 0.7026194586372577 0.5181929977780843 0.7265856491677213
0 0.5114570153615937 0.6996560973978817 0.5113916371328399 0.7091589307844592 0.5085939426922628 0.7165337161106052 0.5120583595268893 0.7218545551564904 0.518245290679713 0.7268137056666824 0.5484566177793173 0.7027777912673802 0.5673508208416851 0.6848514389428559 0.5737643707038577 0.677748295601507 0.5716247235127849 0.6651543491822611 0.5640694533661953 0.6607529896227765 0.5532992239082073 0.6708789599175676 0.5368039758606379 0.684585548116508 0.5209406044083226 0.6977851843411336
0 0.38573280553957506 0.7859497361549002 0.38374521987264454 0.8058986012686207 0.4122769923496501 0.8060244791420806 0.4291079605802461 0.8016241707451569 0.4530709719528392 0.800604961364283 0.4535595128090269 0.7911098993808965 0.4496142699535169 0.776586999058866 0.407898177261641 0.7815621802588426 0.38733695233727594 0.7831085467097094
0 0.3121058295101879 0.8055735540234492 0.3179430673487258 0.8283477033380072 0.3227101034937895 0.8321460575584023 0.383443025123843 0.8054749698138425 0.3856754723582712 0.7856996983066417 0.3810959645994013 0.7818248998445082 0.37587026300390664 0.7760262428380459 0.34333946132651005 0.7906541743835754
0 0.38611506212999713 0.7589998112899442 0.38354221571676284 0.763876337516855 0.3750210119388059 0.7750053863219692 0.38165854975798275 0.7815955671192927 0.38765467592835967 0.7827056203779739 0.43040754807153014 0.7786748514523354 0.4496871319771029 0.7760104791206107 0.4495963765536194 0.7577290584525275 0.4467571752639728 0.7569725686573191 0.44331836666454794 0.751812546958241 0.4135109176353825 0.7568546434060357
0 0.3082895995807602 0.7808819224149955 0.3134913902371306 0.8044619243930242 0.3437718512802015 0.7907513237483568 0.37414070318914067 0.7756376453789202 0.3844953864900141 0.7626675585216486 0.37974387918723257 0.7580426465147397 0.3756588767511829 0.7509587662713328 0.35037956676621596 0.7659116035351158
0 0.37854348228886847 0.739393333510574 0.3765391855008481 0.750326507214382 0.3793114892335411 0.7579454971499585 0.38611506212999713 0.7589998112899442 0.41364111284027244 0.7565281613160387 0.4428286435295526 0.7514653597452009 0.44639646505505975 0.7464566501578562 0.44589003079897455 0.7370937715349039 0.4412531898588008 0.7329689352245118 0.41137287880604934 0.7385875516105621
0 0.44290274090454057 0.7178058232233537 0.44057593833761166 0.7326981922532106 0.4467548107063575 0.7372880702644666 0.4693836300666792 0.731344548160163 0.49309581540514213 0.7238657649706562 0.5091241190974838 0.7159649266981148 0.5116133568326747 0.7089352092016599 0.5117268409164748 0.6995930357017505 0.5045267179387165 0.6932321876296426 0.46279627868336615 0.7088761758125591 0.44478280695430344 0.7134851118116554
0 0.435517507170798 0.6882806520058189 0.433215797821801 0.6952339252605354 0.4341283465348381 0.7027907998269832 0.4395415765165266 0.7085130125917068 0.44472547377299954 0.7132350739633971 0.46397878218183286 0.7086675482103866 0.4983538100366031 0.6949282898204995 0.5052768314834918 0.6929264106626887 0.5030874239394871 0.6806952612210696 0.5047118817672951 0.6734712449950518 0.49277099814121256 0.6652151961238348 0.4746177668316103 0.6772631522015548
0 0.3033171416496052 0.7583020718300003 0.3084042659433679 0.7813819981115123 0.35007737201741446 0.7654879720803375 0.37717463268301554 0.7495206545509112 0.37822575869778463 0.7397962598423092 0.3727551955347923 0.7338240092293272 0.3694047778012356 0.7272609098054797 0.3294457026996729 0.744370091082294 0.3080101334922752 0.7528346967922247
0 0.37307055456826077 0.7137365845047393 0.370471432658287 0.7167099573103645 0.3704570860948124 0.7273787642933042 0.3728698618974 0.7343240849258438 0.37829862072137066 0.7392197399040539 0.4109560176946401 0.737663844459267 0.4403884099514178 0.7327746364949491 0.4425432129744351 0.7171321539203172 0.44478280695430344 0.7134851118116554 0.4397135760604382 0.7092631261364821 0.4346335985121157 0.7023114292535091 0.40261761318764633 0.7093474522369383
0 0.2985369942924689 0.7320895080089534 0.30112655182679304 0.7362286731919552 0.302128673684506 0.7522247192300603 0.30714535358489226 0.7526403980626618 0.32920084113217524 0.7441964974757741 0.37022775336959696 0.7263786129002706 0.3707736274070886 0.7171335887651425 0.37282569300076307 0.7135629908982195 0.36255225382031786 0.7090017706321831 0.3565561276499409 0.7078917173735016 0.3231760749074435 0.7214987924029547 0.3015840349984164 0.7283867267815963
0 0.2930415762246424 0.7034197550690546 0.2950611025768145 0.7122271858118543 0.29653076285598257 0.7262401466843875 0.30374422360856396 0.7272847507682672 0.32459247212235176 0.7204466125425203 0.35718364250738155 0.7061648417892292 0.3607265426525684 0.7020638735687282 0.36021296426753235 0.6933067411248327 0.3621802776058532 0.688851770097055 0.3668809315195257 0.6832825776335962 0.3599895584586691 0.6771252952062902 0.3244749928411865 0.6906062085587212 0.3051704160187128 0.695486714460524
0 0.36643555593800947 0.6628744177472919 0.3643420181736912 0.6700375802009692 0.3692472160341379 0.6816537989674769 0.39052635083976905 0.6799534882346091 0.40863349385634584 0.6777580403906684 0.4265116382644408 0.6752044534653091 0.4353928833431659 0.665981252086245 0.43908086977643923 0.6581681271284207 0.43670734061699046 0.6521617395978271 0.427095680234245 0.6504342790488464 0.42608301275384575 0.6481903465544807 0.39301017909933184 0.6560266199950967 0.3728322124759191 0.6592706024192787
0 0.3689120750889504 0.6834508768682593 0.36156658130174535 0.6894340299643478 0.35989668518443385 0.694099853714191 0.3604929556626629 0.7064762911091034 0.3639734616129563 0.7097067845769427 0.3734081205920634 0.7128347667320264 0.4030076929411206 0.7094031660202839 0.4334356867221021 0.7019808532122976 0.4330613860165261 0.6938311297851468 0.4351360619187552 0.6876719326428935 0.43162364085290994 0.6821298040438339 0.4257130201569006 0.6759048189796731 0.39029857245848976 0.6800463400209159
0 0.43992234446182643 0.6574930154748211 0.4353928833431659 0.665981252086245 0.4299392554459254 0.6715252954002517 0.42746560836740494 0.6748583001808465 0.43221847529492874 0.6825515094879652 0.43604717544387245 0.6873005254976664 0.47449818954727063 0.6779360699887399 0.4930614096034288 0.6643912834293481 0.4933646354330645 0.6602825703973454 0.5007231824737324 0.6576150177439014 0.49791295841381406 0.6507903684744973 0.49839318564708807 0.6452811338363915 0.4926784282168061 0.6366516618547035 0.4628264070157543 0.6454996454182452 0.4440223553248539 0.6558216833212993
0 0.29024734195439267 0.6716816765866644 0.28928688748784476 0.6827001458628761 0.29149646849711797 0.6934226554422173 0.3026648538246405 0.6965080841098984 0.30822003567716294 0.6935793804354846 0.325613884747583 0.6901419496271873 0.3600780591604882 0.6764250344032384 0.36336851045368046 0.6777404490345366 0.36453207283079236 0.6719526590375104 0.3628476874238078 0.6613481503939282 0.35935412822005164 0.6548020564834445 0.3244779293773923 0.6623771789030906 0.2922654322703545 0.6685343753786833
0 0.3609471408527965 0.6421973620285162 0.3589870721593122 0.6542874992530066 0.3635310225676457 0.661069595035008 0.36703039038002816 0.6632961231914233 0.37328776923847773 0.6590848988466651 0.3933264581824302 0.6552335074057382 0.42738004420179154 0.6473295313282678 0.4337694560948646 0.6360905498035416 0.42842175472532207 0.6279756350522917 0.4255549450791366 0.6241628817171596 0.41602016818095766 0.6303742918732641 0.3839469487533801 0.6371388973656015 0.3653634307989225 0.6397329172856362
0 0.2859084196506929 0.6413144921181787 0.2834156197883011 0.6511037122051919 0.28754879200293 0.6599465255915177 0.2967901869589188 0.6681107068799448 0.3290707228747036 0.6619702821976633 0.35924480998494457 0.653530233181414 0.36083462929339705 0.6409508058688638 0.35662173168230904 0.6363515572009278 0.3519749648924763 0.6378948473217965 0.34681922402921944 0.6326271737875185 0.31883744908370515 0.6345587928338611 0.295241815928588 0.6361061295172467 0.28717168194964177 0.637641235687817
0 0.3506151488887897 0.6170429149109488 0.3473941301127114 0.6316909743183879 0.352362833410268 0.6384385804776719 0.35664166303142386 0.6352906660213303 0.36124242916030347 0.6404336478451415 0.36524070243290885 0.639505632326309 0.3836008693283102 0.6369341868270357 0.41604851146068056 0.6303747206993459 0.41610830550802486 0.6271920471605533 0.4207014162132371 0.6242669409929927 0.423989884460327 0.6145042960381326 0.420224649414375 0.6072661069872797 0.4184922757402317 0.6020066174032999 0.4138317155640077 0.6000463091182813 0.3936195868997745 0.6037236121111599 0.3773321440744113 0.6061519747181116
0 0.4243103035071069 0.6101626147414287 0.426557789217398 0.6176685783950703 0.42566246408712616 0.6229464591609049 0.4292467995301014 0.6271000912512793 0.45316285173199855 0.6212110732711899 0.474136924045424 0.6151176381841746 0.49074478591756726 0.6083475942805191 0.49254309160177856 0.6058599207402217 0.48810943168948445 0.6002978974710024 0.4758524694112887 0.5916083742085548 0.4526385668112396 0.5982639336333001
0 0.43274375415295024 0.627429200068672 0.4305376486018325 0.6304340316326916 0.43424922756316386 0.6362904046368526 0.42686896726061835 0.6477210314230482 0.4275312541642368 0.6506093552268992 0.4365043686971224 0.6518644562818658 0.43982807914066213 0.6571770961301516 0.4629745322696995 0.6456361222528273 0.49268716342841334 0.636331415213608 0.4950803065452314 0.6318466510245825 0.49211687784670116 0.6200705475203979 0.48670051198400865 0.6159618817440312 0.4817456020728432 0.6127178739906345
0 0.28202056158816474 0.6151764949911982 0.28113902984428396 0.6239579741629199 0.2844964650233295 0.6317133212374952 0.29979506393557065 0.635302805708881 0.3467456365954841 0.632306248920424 0.3497458930703561 0.6166954149117011 0.3440811781336752 0.6046167777222767 0.31413399128736413 0.6094551117543252 0.29126043908320964 0.610708098702769
0 0.2778260778652477 0.5968837775668087 0.2738891161009304 0.6072616971237049 0.27567514585969444 0.6139030027543767 0.28123868658985773 0.6186535182649323 0.2824283614550712 0.614659336967476 0.2844474294404886 0.6131344380284622 0.29198252003417235 0.6104137489678274 0.31444827237142037 0.6096779200431058 0.3427305350145999 0.6044655108796568 0.3354944146576375 0.591272832246329 0.30356188456141475 0.6000787724436807
0 0.41951332692791576 0.5857988999743956 0.4175019143661657 0.5953918869047811 0.41505511516472704 0.5984948350471145 0.4186593819568171 0.6015875759578914 0.4211874240156587 0.6068736406740243 0.4245709285065426 0.6090036069835174 0.45208359207686233 0.5981392419228332 0.47570529454381794 0.5909665244743657 0.4808595179461309 0.5836016204317874 0.48366659889257907 0.574035208633555 0.47926666371579085 0.5709158925906249 0.45181379419281537 0.5785975841125166
0 0.46140478054825845 0.5469650585999606 0.4695622953473312 0.549254475702372 0.4746643801259674 0.5531403331899577 0.4748192104171057 0.5618502709155186 0.4747870031425436 0.5720401412660853 0.45174020675908 0.5782766592454222 0.4196605017953865 0.5864407497085847 0.4139298548486377 0.5821092756434374 0.4072701580361111 0.580612975117835 0.4082390706001184 0.5756560192190953 0.40811284200400166 0.5654870276706746 0.41368358098069735 0.5612404793059369 0.44096575162009544 0.5542440765770403
0 0.3436197221821482 0.6037521196993069 0.34998658672067706 0.6165972983333873 0.37742566285726137 0.6054120084056086 0.3936195868997745 0.6037236121111599 0.41431310286464956 0.5998500759616535 0.4175755017999011 0.5957128117718756 0.41949339557880094 0.5868597911539931 0.41361557376458136 0.5818864673546568 0.4074372642526966 0.5801939336724268 0.37490375876114357 0.5955614541039913
0 0.3394712391201843 0.5787731303302377 0.33621649560860023 0.5909784825113874 0.34313833488150636 0.6039483528559346 0.37538514606178536 0.5953652209473635 0.4063273147839422 0.579944550251493 0.4082390706001184 0.5756560192190953 0.4076427157065678 0.565020532290967 0.403268849841618 0.5562758354829551 0.39729750924454826 0.5520424779961216 0.37255971934611465 0.5635303016091401
0 0.2702005715295498 0.5705147882007492 0.27061602682012376 0.5780657181683987 0.2682167457405821 0.5871149719429088 0.27452229877082285 0.5905102465389254 0.277678902997777 0.5962419278326195 0.30459824659643375 0.6000072309975198 0.3354208272239021 0.5909519073792343 0.34028851367756185 0.5767794540305149 0.3366948479873544 0.5655170942010472 0.3278428390101012 0.5705292236453516 0.3083190665613248 0.5714694696769991 0.2914429242660785 0.5713304333471944
0 0.34400152085616453 0.5537655425477571 0.33734334150458173 0.5649018195990111 0.3408418135883744 0.5778635059932602 0.37304110664675644 0.5633340684525124 0.39787241532804024 0.551106278526991 0.4052940557897591 0.5501864469584568 0.4093781924215472 0.5404503771357497 0.4049644638583679 0.5338274626869327 0.39687439853030687 0.5364234600371006 0.389645933597012 0.5312988693951443 0.3570051159362176 0.5439027577333247
0 0.409157430120341 0.5394876025344659 0.4052940557897591 0.5501864469584568 0.40295456875756175 0.5560530271941745 0.4078834093568887 0.5649224157126531 0.4137735070965556 0.5607667603410204 0.4416878325710582 0.5539497268420986 0.4617389929814295 0.5461269757091438 0.46390523583431775 0.5452439265043192 0.4646533860971189 0.5393241960042955 0.4740803011578641 0.5333758670908605 0.4734977396507047 0.5262439785686194 0.4681610991844712 0.5178917480738628 0.4640355823935098 0.5171170226789086 0.43481813192182883 0.5297290949673873
0 0.26943090569172035 0.546209256428937 0.26511606796125853 0.554630315213764 0.26604195636927364 0.5682017710217011 0.2703540528846123 0.5699832536114738 0.3287251889563183 0.5705472927349157 0.3370547047982877 0.5646535334243498 0.3433805230669755 0.5547881397296074 0.3384526815295671 0.5455545439613793 0.3278175079606639 0.5434359136917492 0.3051000846978188 0.5458261180146874
0 0.33697017167330895 0.5213839889070676 0.33305553329709403 0.5261026405321976 0.3280157868965513 0.5429387024354236 0.33807977308732295 0.5452901720468627 0.3443600930316473 0.5529314806615634 0.3577666299531532 0.5433025812621276 0.3894557047246912 0.5310093950053113 0.39099009560290815 0.5247627217285342 0.394647331469409 0.523688267427649 0.40353620997474465 0.5181910659888578 0.40101226536486484 0.5092266974451091 0.3934121999427974 0.5114920257177841 0.38882997593563046 0.5064895809382861 0.37626749509920754 0.5089040618110384 0.3526105177658078 0.516049305641777
0 0.4022464966241275 0.5139283824274201 0.4041073973528762 0.5179582266470488 0.39497658253506396 0.523762243549455 0.39223979305940826 0.5261270248502156 0.3924626216921753 0.5318655758942762 0.39698936360798776 0.5373070220946474 0.4056126563713161 0.5333754305466389 0.4088978840629217 0.5395311610587911 0.4351170213656204 0.52925955275645 0.46420392027374235 0.5171943505314799 0.46107969683903033 0.497440486948646 0.4594607324227582 0.4931038272654023 0.45564069176466593 0.49278730118186154 0.4286084307713591 0.5035985642896267 0.40716889614436585 0.5108808493875864
0 0.3889273148688763 0.4912518618550157 0.38851254958474074 0.5057862076028964 0.39374145100845237 0.5115660018395901 0.40083763585850807 0.508465114274267 0.4024129428981911 0.5126113781648002 0.40721255352095503 0.5110712451802969 0.45298303380989535 0.4934542866345811 0.4572305647342374 0.4861016264842111 0.4565984532475813 0.4744923384388316 0.4528011617516708 0.46542246120056935 0.4482553121561487 0.4660263815078738 0.41810152853017657 0.4795674512154667
0 0.25759077829817323 0.522630488213249 0.25875794585883194 0.5295918926754789 0.2586479584542498 0.5440820388183845 0.26849959500826936 0.548218412844271 0.2690307005743462 0.5458565693039895 0.30488450281614143 0.5459724493162988 0.3280718228850919 0.5432424244073647 0.3331491865442341 0.5251541208258128 0.32823243312100775 0.5191491094355817 0.314658700614875 0.5179602427753922 0.3029544485962271 0.517439528180491 0.26844214134346894 0.5236418981231761 0.2628886797019232 0.5256196705147075
0 0.3153991283397535 0.5113654074695734 0.31502922370780073 0.5172371108891952 0.3284967351007181 0.518898346257441 0.3335740709970957 0.5232646459935876 0.3366613418765729 0.5212910336922284 0.3516921784506103 0.5157359413299313 0.3884876072951438 0.5054563742894603 0.3886875692510579 0.49135861947564924 0.3862482499384709 0.48820532232609515 0.38129900339147765 0.4839298310101659 0.37357364448468444 0.485791797423427 0.3463455651239746 0.49288643582222713 0.3335572337370039 0.4965262311796153 0.33130410366233914 0.5007342253870997 0.31931741995641405 0.5083379227249147
0 0.25677665034661096 0.5055135688351238 0.25721901828330174 0.5130564770325968 0.25759077829817323 0.522630488213249 0.262398190540555 0.5258196139621117 0.2685402391757426 0.5236019094336952 0.3029844401133377 0.5175703252901892 0.308385442562674 0.5167988845341668 0.3156034472852426 0.5108530500720363 0.33130410366233914 0.5007342253870997 0.3333554163981712 0.4951782713931525 0.3334528957694719 0.489989711170247 0.3223203657216095 0.484945252942187 0.3193330758200893 0.47986998783664075 0.31486119194021 0.47954756745988275 0.26074118004226565 0.5017521211630124
0 0.32256032562125925 0.4635370265020741 0.32006976501636564 0.46483832664797275 0.31935620874096865 0.4682757047140651 0.31735675575841615 0.4745256329459841 0.3195592630017472 0.47992080756737715 0.32254655290326745 0.4849960726729235 0.33420768691055047 0.48953900454470206 0.33396837323463824 0.493641199200541 0.3510080229941157 0.4917009416545988 0.3734455551353002 0.48570098900320974 0.38083538567959085 0.4809723172178438 0.391037546983642 0.4721083272809179 0.3929845884088788 0.4626807430492024 0.3911894291263281 0.45804429549368986 0.3858838929024188 0.451666686506158 0.375235598564126 0.4528910900006362
0 0.25289448495921146 0.47159465919166177 0.247620001940551 0.47350671616353596 0.24977990772358893 0.48214777333997255 0.25218522975122454 0.49497347422503046 0.2598827181768796 0.5020713004164453 0.2856790180707143 0.49155567328890654 0.3156568428888348 0.47981156169846756 0.3178240463715709 0.47369128317882675 0.32149186258747214 0.4624365700332984 0.3178719036698172 0.45677107102636555 0.3163473853908086 0.45167961316340594 0.3112860860445499 0.4537428058276698 0.30930816068837214 0.44978832755085324 0.29122600327289727 0.4550170119245758 0.272413819290114 0.4617334753830502
0 0.3830115607746158 0.4333119770355344 0.38445912336970417 0.4396249955749539 0.37456425754242556 0.45175184233387217 0.38699131703281486 0.4514468260780149 0.39169071417866164 0.45714837806143493 0.39727404925965737 0.45891902960718367 0.4151971024674613 0.4506607075992264 0.43544229985249605 0.44240793694217073 0.43823137097307874 0.44055688322146797 0.43871495196913524 0.4263155092046327 0.4357075043363204 0.4225426682457915 0.43333441488088065 0.41375047537696524 0.403642565905906 0.42752035421964196
0 0.3973874010289496 0.45863478471064784 0.393101880688378 0.4625240808209304 0.3907038101538811 0.4723090413699505 0.3804366564465298 0.48125511480224437 0.3814256191246187 0.48323235394065267 0.3888964040116892 0.490898669925139 0.41832098984953103 0.4798561573319176 0.445187371618551 0.4670000164300197 0.44607547306687606 0.4599729237560406 0.446147235910966 0.45327860409242665 0.44383341876008753 0.44708066826890963 0.4421227565410425 0.4403988237426377 0.4360953707358842 0.44214171853387857 0.41521062233364403 0.4499410821137652
0 0.443387220296815 0.4191609513707449 0.4388680892380278 0.42681191310573635 0.4385067050781145 0.4404355954552437 0.44278322377068935 0.4400864184602809 0.4466983583033509 0.45336092381482546 0.4501465788510135 0.4493994252783 0.46707908489328004 0.4404058826743009 0.507252797721325 0.423332380389491 0.5078456068519488 0.41983781087218075 0.5035325568698192 0.41090783304472583 0.5011187155437268 0.4019007135603676 0.48866574996234713 0.40535059363253473 0.4667218098795932 0.4145281924681479
0 0.5904220678303305 0.7589592541426451 0.618056854877353 0.7440782726805346 0.6409427655663438 0.7305096944296591 0.6424091476998046 0.7352734614196429 0.6397639701884055 0.746576046204518 0.6399409918516483 0.7567281871535593 0.6336886824700706 0.7612718700299451 0.5922239678452345 0.7880248263582791 0.5816373269174876 0.7838616846387846 0.588414207032103 0.7754882535111767 0.5914804478154914 0.7688768039969748
0 0.588514479466524 0.7400363804298294 0.6198244966714378 0.7252781507686162 0.638679467955866 0.7169686600801501 0.6418241238882618 0.7302751033349474 0.6173203924788412 0.7441291116569273 0.5912772797014341 0.7586106347984529 0.5895663167881223 0.7548193752269284 0.5831304093768847 0.7501027246038872 0.5759769297245002 0.7503225818700581 0.5878780568743047 0.7415954171715594 0.5811503946525115 0.7450332684536649
0 0.7018218694657581 0.7186633549594186 0.705262696950845 0.7357552324157824 0.6636472123864718 0.7539948890799658 0.6454699112263989 0.7607669592789374 0.6399589851387901 0.7575926366193585 0.6404194038231443 0.7465633479740811 0.6427298013764214 0.7352582382832832 0.6446006798430608 0.7319446262371357 0.6711899469380019 0.7279614728810205
0 0.6440755250185004 0.7098377531560636 0.6393586289008375 0.7163841778499841 0.6417205395935179 0.7292922410532306 0.6487896015112353 0.730396485742725 0.672131652955771 0.7278964656653053 0.7016881367992975 0.7180801285030595 0.7101572241747698 0.7159032647542638 0.707503470443275 0.7012009446264527 0.7076790023051683 0.6957085890815575 0.699354802301247 0.6901734944662531 0.6949200043297722 0.6932567822649061 0.6557855612599286 0.704585957321214
0 0.5738884716362669 0.718200579125232 0.5724403801986298 0.7259654707574179 0.5744554256562601 0.7342318702050497 0.5807297372234719 0.7449073373989235 0.5885301612666413 0.7398143413683319 0.6201365335468775 0.7248576316275163 0.6320806539322059 0.7188582914055291 0.6394032167725429 0.7082347996436148 0.638837641616358 0.7036822909989734 0.6385757536359821 0.6983682456760253 0.6357102461997062 0.6910862706841349 0.6330704049009186 0.691046330606217 0.6314328691686809 0.689641197733405 0.6142919961736772 0.7009332729691603 0.6080650302057878 0.7050659924392696 0.6055236395896224 0.7099681005840139 0.5923349311317164 0.7180405513622689 0.5806266799960096 0.7215123526863017
0 0.5798089927007306 0.6918718314630771 0.5789167315266521 0.6989318379200724 0.5739699707827642 0.7138626025454258 0.5728248770890317 0.7151265662817171 0.5747633113208056 0.7178439586813372 0.5813587315533659 0.7210545031838039 0.5893235327533384 0.718764336428776 0.5985696607450879 0.7138138994683135 0.6050490580454159 0.7096435682217083 0.6078219425787599 0.7045273435383973 0.6137208436649473 0.7005283567347486 0.6309710716205184 0.6891917039435063 0.6372614258134612 0.6816850026891034 0.6395996791808084 0.674673292022625 0.6336206887605877 0.6694576767657887 0.6305302046187278 0.6606730580775132 0.6028097562627613 0.6805825552198129
0 0.6395328128475781 0.6743816787944454 0.6372858035193545 0.6823128067009495 0.632183031647481 0.6882193534353948 0.6360292556206862 0.6914345354154304 0.6431171178917516 0.6973141765270005 0.6584268123711804 0.6910733187588409 0.6835359646743334 0.681156671780531 0.6968466253732073 0.6734986071919301 0.7006831044537865 0.6714563953521341 0.6983365160062772 0.6596581335584898 0.6969622780668796 0.6500144673683347 0.6896536066303112 0.6520371687904414 0.6705227553154747 0.6614300398079993 0.6533205933397859 0.6682829094053454
0 0.643193039685704 0.6971237923574236 0.638542320469367 0.6982224390619356 0.6392938618119756 0.7082793771991015 0.6360229132490709 0.7145550715565587 0.6331219180403218 0.7152595035002615 0.6349600527722503 0.7175394760576123 0.6393251957342223 0.7162383712358942 0.6442364240671268 0.708974987419154 0.6560377043476785 0.7046426088243299 0.6950718479176765 0.6928760139257527 0.6962956520816339 0.6893478698147701 0.6949827031229214 0.6841434092630244 0.6923024724411652 0.6766264725460701 0.6837881077620831 0.681213323283647 0.6586030336649781 0.6913203544315336
0 0.5755546676487963 0.6650183599871721 0.5720978985905815 0.6684596861503946 0.573929953272116 0.6778738941327459 0.5700888864016179 0.6824879786470808 0.5722132937486192 0.6851057644775538 0.5793608169940612 0.6920628549271788 0.6029899841185135 0.6806887491850002 0.6310017895723573 0.6604153808799621 0.6334382052685095 0.6586964104277301 0.632781866343312 0.6515609260337653 0.6339347597801621 0.6480426509804281 0.6314812273443945 0.6454138724513672 0.627321191161406 0.6424646318186367 0.6227305566582921 0.6466584830197001 0.6142373492895574 0.649975504239698
0 0.6379863617684518 0.6462458947157699 0.6324996694541217 0.6508050157371658 0.6332695204621558 0.6589103308042804 0.6305344188289317 0.6607510578632899 0.6335999009343896 0.6693721552722077 0.6405838172616162 0.6727669998741442 0.6538781942512566 0.66807345570276 0.6710637329467739 0.6613582421915791 0.6904199794971349 0.6512904810281898 0.6963740425548905 0.6463956830234661 0.6970291260966206 0.6430803356480913 0.6942540854042938 0.6347763150840845 0.6928589623144903 0.6248936808130401 0.6898689363079675 0.622773914108265 0.6838812674627146 0.624198630035073 0.6726776920325783 0.6280398779590147 0.6550444382773198 0.6375504343226968
0 0.6216943789588529 0.6023970729279687 0.6196508951890809 0.6125617664196308 0.6137576696658547 0.6163426307361538 0.6141639531554687 0.6177676412455811 0.617912243819424 0.6205874019330382 0.6246018224894541 0.6192390005153411 0.6264085596047547 0.6229562597408423 0.6284733423966802 0.6219024860367514 0.6435350905139943 0.6154445756928738 0.6542731656057537 0.6099008362668527 0.6667322820083511 0.6011105247486634 0.6753652690008184 0.5974853242016699 0.6786299165606032 0.594033682597053 0.6763418496623026 0.586483041438241 0.6728742999235201 0.5828065460674946 0.67123526545381 0.5791269662685207 0.6322911562011347 0.5979713511392184
0 0.6265197431105543 0.623441146222278 0.627386974455791 0.6272232607774764 0.6305200359981683 0.6384590391951996 0.6275745798971404 0.641568481532843 0.6288860867181874 0.6434728210637685 0.636111659537226 0.646889895115726 0.6551250796291115 0.6375486189933695 0.6729140849308073 0.6280702131164881 0.6804639549825624 0.6231898651776994 0.6895324227135458 0.611752129121395 0.682969803418582 0.5935370697992252 0.6791168106649509 0.5937291627566067 0.675314772729763 0.5976119504328369 0.6664696096893852 0.6010055169607288 0.6541276996613229 0.6099601341366123 0.6437027931595848 0.6154822551194011
