0 0.14076370779473663 0.2323767791412382 0.14787804429197926 0.27249835320211724 0.20672081180648738 0.2653985797309459 0.25773369681549463 0.2609967025472175 0.27242242750138357 0.24725700610915977 0.25421811876673983 0.20740539270988312 0.2463965543012121 0.2033971844359471 0.21188165203271758 0.2189250786969609
0 0.2495222726471033 0.17569633988583752 0.24480302719795344 0.20241228671087855 0.25615525100177605 0.20829290973444117 0.2732855993508141 0.24366050207719425 0.3051080600105244 0.24278200271872516 0.31757245277503576 0.24212251925508102 0.3553391267354572 0.23572866518128674 0.35878349609320603 0.2280487536148036 0.3618710058640141 0.2113720366084245 0.3593877980009985 0.19579527063450852 0.32497088537780666 0.19166299138708878 0.3185369958945524 0.1963594464515176 0.2897505819754038 0.18249117020693165 0.26826616580413 0.1761302255677368
0 0.25871304918058097 0.2626345018490103 0.2724273639165734 0.2630572968109452 0.2783814500476643 0.2891425234991908 0.2728754498992501 0.29740671926873646 0.237132198154411 0.3142404166831987 0.20198986669258084 0.3213270263805303 0.1908268589297969 0.3211388468664293 0.16491872103568783 0.32082001449192477 0.15009561896378998 0.30443093075403244 0.1488573966570656 0.27413615250391005 0.20728352351441343 0.2666756195575457
0 0.2594517224743824 0.2605097990446654 0.2735047059269625 0.24503492260430448 0.30463995632311774 0.24435118464685623 0.3185003421098758 0.2456902599601979 0.35418381278449534 0.23749260851043863 0.3645915111735313 0.2532176999516424 0.3658115426099026 0.25861800135957286 0.3560146373342556 0.2647464036048092 0.35057335467125095 0.2801748441114373 0.290656626771137 0.28279059652608496 0.27895247979556365 0.2837134587644116 0.2725734349673391 0.263973577162352
0 0.1640339766911208 0.3220284369448629 0.16029746523184069 0.3278757878085324 0.16144107951804576 0.3553243443039238 0.16999299923740163 0.36391395433489393 0.23722004292536347 0.3620994289642583 0.28627422320419793 0.35442195317694436 0.28391551389681147 0.3373733859754078 0.2801093485369319 0.32025620140020944 0.27393277420490925 0.3153029494480181 0.23887179630843525 0.3161415947596741 0.20400003445299986 0.3226726835807919
0 0.279974977150923 0.29012742122425933 0.2737087312135709 0.29812823821912243 0.25215621593210413 0.3071094441060095 0.2562196964432152 0.3145769216645875 0.27763939512907954 0.3137736215667 0.2849928559072005 0.31935101176876707 0.2876255164457652 0.3133376628309254 0.3689835155268798 0.3123066918974178 0.37086424831647985 0.29932385962351454 0.3694981458293429 0.2930072778641772 0.3658297334802557 0.2835124782017647 0.3520208107237439 0.280243461485099 0.2820449259815616 0.2828370324598179
0 0.16476588673535547 0.3649165246668467 0.16734863903408026 0.399139803097279 0.17783769098847235 0.4086169301528071 0.22593409139735693 0.4016897366427277 0.2577648700970406 0.39410513272287967 0.2847636044567019 0.38549577703115 0.2873962649952666 0.3794824280933084 0.2839469592223278 0.37136204895800606 0.28180735649108973 0.3556879022835797 0.23881357002862214 0.3630843266893269
0 0.2880421571029255 0.31369842230611844 0.2828498715511791 0.32618326035750517 0.2853762244044677 0.346536189489476 0.34148340531991866 0.3493096477627944 0.3854266536123628 0.34786904564119164 0.39822139705348847 0.3380179953366305 0.40059180602563166 0.32585406271362377 0.3949215439560987 0.3083075012895708 0.36836934078870753 0.312959593474142
0 0.29550841677191897 0.3470165111051082 0.2866178283359755 0.3543245724764339 0.28307053291773404 0.36586436684956514 0.2901367880095137 0.38540948705060396 0.3134205834050314 0.3850355638015712 0.36737152550929775 0.3855470845232212 0.38984361208563123 0.38683972390283 0.4027113910521397 0.37744681377397243 0.40535236963067767 0.3647273602747518 0.3987459001863314 0.3503191627069609 0.3862084718964372 0.35052050599490153 0.3407961950563635 0.34950440916381514
0 0.17086266229242852 0.41442442696966353 0.1718038060824318 0.42708635381518684 0.1760133576443086 0.43547011172517164 0.17533940183591668 0.4447590592665989 0.18245218354275272 0.4465739473625283 0.21657201764922346 0.433073375205349 0.2557430026718649 0.4219719753471615 0.27608042293215024 0.42339075875412924 0.2843435821747582 0.4076414128191213 0.28900304655368847 0.38956151195878325 0.28662770116635533 0.38592515388000465 0.2583275818049666 0.39538217254947955 0.2262262334988882 0.40352229734554146 0.1790145774345706 0.40924106840268265
0 0.31295247971762474 0.3866047457297022 0.29668685800842376 0.38594733531993347 0.2891706900995905 0.3928658738892176 0.28454111625577005 0.4066277517672041 0.281973173202615 0.41980534544212816 0.29851430093340064 0.4357075256774685 0.3247876164544237 0.4383170589304901 0.37898755566994824 0.43588497719689884 0.40130031674035294 0.4271671500846943 0.4048044671683214 0.41085119255350816 0.40123898087972676 0.3974965100844476 0.3909474630063467 0.38700572197700217 0.36930865774433397 0.38643460154777937
0 0.1747252270977443 0.44541196084332313 0.1738454191683672 0.46242067399804654 0.18022446399659175 0.4821605556001063 0.1994281428010518 0.48773136391525346 0.23700560072043464 0.4756450663319974 0.2979996706309375 0.455006939710709 0.29713988040629036 0.4360970484795102 0.2817972116167396 0.4232070880730729 0.27637256503368146 0.42522331945694297 0.2574095653005064 0.42341501324793346 0.21603087843643387 0.4341844169577766 0.18198407985534604 0.4481431292906593
0 0.2979731617206111 0.4368185674298961 0.2984163112880979 0.455367699185902 0.2970767177112874 0.46723948970737755 0.31158610518651747 0.4794079311634289 0.35899529533184704 0.4726754990543704 0.3858911036310157 0.4679260261692888 0.4112963108874184 0.4583317727524905 0.4156852056599539 0.4408073927683662 0.41049630173299084 0.4307858355565886 0.4026963097625997 0.4291657088616801 0.380383548692195 0.43788353597388463 0.32507975855595495 0.44014961963330373
0 0.29802124312607403 0.4573950212897364 0.29501508692062206 0.46782377391044005 0.306827096371878 0.4788413195672507 0.30620460359373236 0.4862003257053538 0.291494300412707 0.4975519405643842 0.28456241670693627 0.5081356005392955 0.2082820774523187 0.5297541160526079 0.19704603416415195 0.5291077963628036 0.1866216996951694 0.5267949140443577 0.18207686104148846 0.5118024322735043 0.18092492871531002 0.4910599803394919 0.20018838858998972 0.487994742689936 0.23680806663942267 0.4766587273839146
0 0.30708934793829945 0.48499190325241576 0.3584541561190575 0.47378654080679805 0.38611021020716413 0.46930044669639903 0.4061986333561913 0.4736628325586081 0.41432559437841343 0.4885977876757641 0.40919802631207647 0.5082468704642332 0.4012137547158366 0.5167345909616484 0.31493403968937017 0.529694879070329 0.30621447642411226 0.5178009071089247 0.29269769576913174 0.5163644510950726 0.2863534778912069 0.5081068372124468 0.2922030831713986 0.49974526074239073
0 0.18592617139164108 0.5336957800067575 0.18956131158083506 0.5700149979146859 0.22688145434898627 0.5675784073480501 0.31039075582609577 0.5530090832644253 0.31620553415598773 0.5331652390749354 0.30746439839559336 0.5188831855345036 0.29250016168811976 0.5173781121469898 0.2797735173571869 0.5118870119254687 0.207813973764912 0.531323297980739
0 0.31750691915771523 0.5323175760971904 0.3114946067468112 0.5531750813385975 0.31643451356251606 0.5661402410056166 0.3687786741083604 0.5565726778617915 0.4187391712268984 0.5500748612005669 0.41513053994803084 0.5319440155734515 0.4172303793137793 0.5203356038266584 0.4122091189327184 0.513618408545315 0.40320234998111915 0.5156921665828825 0.3559392308865552 0.5233408790433478
0 0.19211261855404355 0.5702496133625198 0.19093235048316187 0.5921318703758086 0.19601001030965903 0.6127194149556133 0.2111120000279249 0.6218468732559129 0.24180903727178327 0.6184142942442442 0.2752848061049719 0.6098846466461406 0.3158601021898334 0.5940757010035599 0.31711340578609787 0.5726515841659746 0.31094514949404845 0.5609922276524043 0.2957618062104264 0.5581127337377801 0.24739483619514702 0.5655954481240733 0.22661088474259156 0.568133928224264
0 0.4187391712268984 0.5500748612005669 0.42933114924178306 0.555692105449447 0.43620818829252417 0.5695447821410241 0.4296547366688307 0.591513329134859 0.35339935153413304 0.5930135309640345 0.3184114091630419 0.594310316451394 0.3188314314449856 0.5721646806634225 0.3183716457975523 0.5670277580301747 0.36801842831942255 0.5563092990871089
0 0.20973757950081467 0.6222363960579546 0.2019292694904502 0.627322373924425 0.20603251336705086 0.6620724099042224 0.21506085481378667 0.6623867334456823 0.3227636501509008 0.6261167499759499 0.32406009873743835 0.6094687962964195 0.3215984633695592 0.5962801119015311 0.3149969303404028 0.5976722050355256 0.2759935888636635 0.6120779668241473 0.24286142516225245 0.6205102337217404
0 0.3457155400793977 0.5966277076028842 0.32890877915740724 0.597081338945543 0.3251423771630173 0.6072467127915643 0.32663791462097325 0.6278917840250663 0.3318782815781826 0.6359833998335198 0.3377112507784278 0.6410340324862217 0.43394719658646996 0.6319558086241179 0.4383875543892518 0.6125014872366698 0.4421456383436685 0.6090422179520277 0.43919432679324616 0.5950346339062428 0.429186632981424 0.59308251106299 0.40832964600348565 0.5951628509874772
0 0.3222225109381114 0.6272277917283776 0.21272865441672656 0.6635265385249588 0.2088377538667076 0.6751637135986005 0.21195670896303193 0.6924756595748196 0.2165314381518228 0.7031501183633214 0.2771520123954383 0.6869273954248949 0.3349806005945605 0.6667075549324969 0.336796615898751 0.6465604779215113 0.3326600998622571 0.6386348601872299 0.32663791462097325 0.6278917840250663
0 0.3399189526198587 0.641366028634566 0.3347781300983586 0.6519209252826287 0.33321111190542635 0.669124399838373 0.34244192384836397 0.6842253530297012 0.3730144625365932 0.6822645752456532 0.4253071600521913 0.6746269535051522 0.44916198519560835 0.6688239655213404 0.4489894052345163 0.6497193128891207 0.4358461202464231 0.6438674531924066 0.4318855657958046 0.6325400928271804 0.3870061101285472 0.6371190588050454
0 0.3551038506938873 0.6825522085141399 0.3459426926515491 0.6904157907616794 0.34449185497427265 0.7128535686511821 0.3508061823170877 0.7254292055161594 0.3988295472005895 0.7180438718303765 0.4628562822268708 0.7051653648691975 0.4628082008214079 0.6845889110093571 0.454174927536696 0.6822472653640627 0.44911052216536207 0.6707539069246643 0.42579683623473447 0.6754458531560488 0.3746295621349883 0.6856375545497492
0 0.32429895097434636 0.6740443796306712 0.33516149859562583 0.6791061030033375 0.34374824526528125 0.6991779807537416 0.34164008785955957 0.7174924970619135 0.27427190953602193 0.7341910327829276 0.22004207978538765 0.7409411374988704 0.21420417416995252 0.7200902141443831 0.21667750920258838 0.7040663987147281 0.2768814427890436 0.6874829163011086
0 0.35046257718531015 0.7255265862166698 0.34564378730045103 0.7335960205851945 0.3448669054315665 0.74674485093327 0.34990142026779064 0.7625562323550197 0.35767152170307204 0.7684943820322797 0.4007898067211687 0.7596261563989121 0.44610747554072305 0.7577960314752675 0.4656713955569073 0.7498572499671462 0.46897801190386385 0.7345549534878774 0.46916229152971256 0.7244471062955538 0.4563493572182338 0.7094036797579228 0.39855897759419473 0.7185993927065905 0.37602710994764166 0.7259427992916848
0 0.2263885704400309 0.7421719880496568 0.22275483369714494 0.7496326065804512 0.22531956487729438 0.7672334787034901 0.2284895708352574 0.7750166320389843 0.30099673938047056 0.7608982518624705 0.34559116153046426 0.7501890381973239 0.34352017692999354 0.7462744233292411 0.3452155727306728 0.7342185189824582 0.3479609467099642 0.7257235130817206 0.340539714105799 0.71850211599662 0.29716247109318494 0.7307956061692683 0.2753267200502371 0.7360194311914943
0 0.23167074788072078 0.7737935193451871 0.22921404743096074 0.7886374983887667 0.23014028228593514 0.7989857918093676 0.23557744555988985 0.8119141200984089 0.25821795888704846 0.8087129934153982 0.2996512754137057 0.7963273504414069 0.3331907282166482 0.7858573582219542 0.35141281393883683 0.7851946097278808 0.3547634626959416 0.7668818850395985 0.3492315278551028 0.7639481337491206 0.3461161506197703 0.7519694874203466 0.300962182079967 0.7621942028531082
0 0.23798283207789572 0.8118754910894044 0.23207635247526798 0.8186940676812976 0.23768734628974286 0.8508654881143863 0.28342983297610913 0.8443324529380171 0.3292904774423627 0.8355151558017383 0.3555792133907839 0.826457001599937 0.36202743871396825 0.8079094751871292 0.35725122297845996 0.8066907822145003 0.35335115488104346 0.7897898955438692 0.33454055101229185 0.7867609637815501 0.30035795134015597 0.7977347687378898 0.25887559163461854 0.809812771690515
0 0.24221834613084992 0.8505459809801849 0.2375836743882322 0.8547533410862999 0.24429368956019942 0.8907932999867999 0.25592269117543687 0.8926421677854949 0.28284898844930123 0.8875833338614522 0.3273887818766645 0.8810696131895854 0.35639164929474976 0.8754222611189798 0.3597255414206041 0.870618935474635 0.35958958297146365 0.8606897493812452 0.35237342341744593 0.8608056364082587 0.3477008795834483 0.8556990904637161 0.34457101646973903 0.842116853122938 0.3412048377962551 0.8331031397019797 0.32971738017390817 0.8366803249820288 0.2838567357076547 0.8454976221183076
0 0.35536296925313604 0.8281259835171145 0.3425401747135221 0.8324031542495716 0.3465639861345762 0.842516645945647 0.34837858375314523 0.8538993267361912 0.3542683067245225 0.8605901491882353 0.3617151962945648 0.8604088712560483 0.4118761105859009 0.8513374578907417 0.4664755239043337 0.8368281243338558 0.4726673622456165 0.8257486638435093 0.472069943764427 0.815950259560467 0.4672268841807855 0.8022104785131724 0.41937885559344507 0.8061248498120966 0.36352439104625267 0.8097360008108231
0 0.3573093083078833 0.7704303606143207 0.3523315698485478 0.7853649608066974 0.35426563620745793 0.7925068706823016 0.3577936482535413 0.807152257442134 0.3653599286802294 0.8084551672220982 0.41965774759957386 0.8047343390158052 0.46686269118989776 0.8014326507251196 0.47315398727072494 0.8009755115468069 0.47181927031880877 0.7926030454673189 0.47434448494872006 0.7722645137898576 0.4690754235757125 0.759173250979828 0.4563071544986765 0.7564277181146973 0.44645286782752125 0.7594856830059805 0.4003252851464656 0.7595651256089447
0 0.25210119525971153 0.892446373803212 0.25066903256461237 0.9093771630974962 0.2518226322511161 0.92741122491657 0.2598973456164945 0.940270607205949 0.3031727409847967 0.9309896443819822 0.37354220960978113 0.9124233964734056 0.3787949632793963 0.8870654174458207 0.3594391181750981 0.8865837076201449 0.3573944037267654 0.8759170838202346 0.32716480108286855 0.8817302673756423
0 0.36202176925470814 0.8617529465012232 0.36051722711903034 0.8706713103596674 0.35755909722096224 0.8758704082430935 0.36009789215188537 0.8863970053115802 0.37951341070181277 0.8861732655833273 0.45257204090922676 0.8801566122507408 0.46831260298641053 0.8752365741939943 0.474446876724898 0.8597273158011881 0.47346668960493277 0.8535787586845064 0.4579441414701002 0.8533877341152989 0.4532993377974741 0.8436875108752435 0.4116358706882843 0.8522821266022026
0 0.26335192207202 0.9425047253757483 0.26039615824881873 0.9552770660438231 0.26371544012265447 0.971779304480537 0.2674627760359767 0.9844880282448711 0.31081217169259856 0.9724319427823316 0.34629128631062855 0.9628358763481651 0.38279755549930333 0.949965042486983 0.38915619617761676 0.933703658963107 0.37924356676555904 0.9330702969762189 0.3715762275995018 0.9141281356042202 0.30321808758773516 0.9323538679126978
0 0.38959986254551693 0.8853802896176118 0.3769591576762818 0.8937130021805268 0.3741347261381058 0.9123416759171835 0.37398569777968416 0.9179304645643094 0.3800986263168894 0.932045300582694 0.38961897865227063 0.9321204257915575 0.40679049333991923 0.9335927856762026 0.42741953674654 0.9297272459743638 0.46495505011717453 0.9200798089313716 0.4892991415765838 0.9078320188894886 0.4909726393743974 0.9006226352572794 0.47761778152709683 0.8988609661049155 0.46937405937706034 0.8760397307382699 0.4530361740953929 0.88166048620596
0 0.36269009249596323 0.21249251817688655 0.359063466186517 0.22760327063360822 0.355358396613101 0.2367007110983488 0.35885361277726824 0.24442814353489084 0.369171909289991 0.25709566873598755 0.37912410548763703 0.2532692053463244 0.389942824822318 0.2572445530508829 0.4643308527210257 0.2458862663247531 0.4653241452747056 0.22766578201307505 0.4595216574791743 0.2101977034052829 0.4211170397263071 0.21538167254725135 0.41561321880618163 0.22029458327018045
0 0.45344756827952865 0.19096370313096966 0.4536047517420757 0.20836395882977052 0.4597507228782301 0.20903757108249846 0.4658612923425886 0.22716601934600697 0.484279685807134 0.22275123024531449 0.5493995386324001 0.1943655756727718 0.5582966232650716 0.18325585340588066 0.5547957130863035 0.16760838386008534 0.5469183710872102 0.15481152287654565 0.491875295771835 0.17443693572551958 0.4796605618402523 0.17736193502198805
0 0.35649245597964513 0.2646032624093122 0.35231137607475727 0.27625509875454046 0.35703480971087825 0.2818943574841538 0.3660528046993551 0.2841694472932634 0.3696449096005788 0.2928131503099546 0.39561316319233975 0.29914098075980916 0.4323540932717319 0.3010738325312045 0.45542526950506385 0.2816529433758965 0.4680372647409131 0.27995726466306897 0.4722834619509467 0.2712391709121649 0.4699454914865745 0.260361364145768 0.4645187299643758 0.24525969771976897 0.3897519958241871 0.2573242704937884 0.37886583788908806 0.2534315817475232
0 0.4664511387811983 0.22834075961766812 0.4643261448300328 0.24531427803174854 0.4703595059536648 0.2591705024933328 0.4768208679261165 0.26055987497145333 0.48070607693862516 0.25462790425970866 0.4827808114013198 0.24491493255385632 0.4960645235437482 0.24490755447093807 0.5437828062806951 0.24372932845949455 0.5611228972799085 0.24391424503260414 0.5697595126919967 0.22106955238841616 0.5681556096582552 0.20595798075130053 0.5619464165631036 0.18973615436561994 0.5505141142044738 0.1937813136217699 0.48459507664343127 0.22346699047070717
0 0.37404086136482206 0.2963981676065753 0.370379848466155 0.3100496650728166 0.39580851510777715 0.3079422085427819 0.4026317367126995 0.32801573761532377 0.43477670098516785 0.32132100775080186 0.4546659960920689 0.3172944970036243 0.47389843210906574 0.3217739749290897 0.47754735397215214 0.30678399625524827 0.4793811391581816 0.29177168003097526 0.4756708906822468 0.27859897303323566 0.4694262959152993 0.2798319826583357 0.45569972510737633 0.28211192342216507 0.4323950285057166 0.30133061271032857 0.3948837578889522 0.29961608218685176
0 0.4834813725063032 0.2455215321552897 0.4809805325409376 0.2550868843059772 0.47702554409604014 0.26184377586707375 0.47296260776586335 0.2780246161933504 0.47689618092069413 0.2774465703120061 0.4798481798948372 0.2921760797652642 0.5464444679246476 0.2818903197361409 0.5706357532922419 0.2795967847197358 0.5822122766428925 0.2701431203212059 0.5775149204240815 0.2545663524681642 0.5622495638875628 0.24466846418920238 0.5446061730876326 0.2451062685983002
0 0.5720657197006128 0.2797282828941266 0.5824774079907189 0.2781194272548267 0.5855568747940593 0.2898606138017811 0.5866313865670938 0.3104898512052358 0.5731699471069971 0.32074609890268607 0.5057000327817782 0.3369154655012318 0.49714907852995704 0.3350447754264112 0.4950641483778306 0.330804794386035 0.4832680910405814 0.32878026858639203 0.4748613577807811 0.32150107336919154 0.4787149558137911 0.3077949955909705 0.48001192083077604 0.2932032004817606 0.5468417292289143 0.2831196403197818
0 0.4031397126833398 0.3286769175287368 0.3990163211752603 0.33816535181701307 0.38713649802389294 0.34824173719775037 0.3991251404954852 0.35021168268541364 0.40746486110399094 0.3671716068469184 0.45414767195573924 0.3582353951497726 0.4956306841802248 0.3507728518760768 0.4974235341322696 0.3355037554726797 0.49487156324348747 0.33085937469801463 0.4836244171108633 0.3297528089909088 0.4743245376117366 0.3219215944842545 0.4540184612566508 0.31828315878891505 0.434899506687122 0.32209134828817415
0 0.4980133805708793 0.3366784957443409 0.4959051397825373 0.35123183192234536 0.495060357685533 0.35603373746329187 0.5007904190084485 0.37051268290708345 0.5110457952709532 0.3729738512025634 0.5738016002145372 0.343647898987052 0.5921883826995841 0.3314590028198833 0.5865736981702854 0.3126532532621878 0.5730303882422193 0.3223959406013899 0.5059047089517018 0.3381993663968523
0 0.40658380590024507 0.36795806876506476 0.4030093255967906 0.3783644631458782 0.39276880715096085 0.3860975841529506 0.40249013002551537 0.3978350816584458 0.4170735739660231 0.3920917165612699 0.4963934433330021 0.4010124167826719 0.49926182896928445 0.37228780661052047 0.4935652739720163 0.3529684966945769 0.4533075519859781 0.35927863724704306
0 0.4173480295683356 0.39255069660753844 0.40233848012515705 0.39814644214954953 0.4057333377647946 0.4106033889218965 0.4017113366686025 0.4270410094272972 0.4112373076277196 0.4299772791498198 0.41735720134656423 0.4405884005259761 0.4533445440514078 0.4403193913092138 0.5075437087047243 0.4469661636347671 0.5140525633845525 0.43223918130970723 0.5111675770617041 0.40782894291214483 0.4962827286666284 0.4015805574528997
0 0.5109760158385642 0.37379877205191536 0.4998014159194233 0.38072309359040984 0.5002544702743497 0.39240348365572714 0.498827270647073 0.4011277935762887 0.5115406562948097 0.40638130108058546 0.5130385067894208 0.4183023499442527 0.5212787323321878 0.41569861635000466 0.5857147772152943 0.38428617993995245 0.5924357369733836 0.3759402431617893 0.5990366578106131 0.37567977394120605 0.604252338165754 0.35031564364809925 0.6025619025367998 0.33844917509641165 0.5927661381026132 0.33129526188394437 0.5736090150801941 0.3437024792990317
0 0.5210573029994406 0.4168348976904603 0.5145503436657611 0.41894740847689177 0.5153187888569846 0.4313435587676016 0.5086461932412175 0.4450434203761651 0.5126355594467078 0.4549164439764972 0.5207966813025998 0.46065495811895324 0.5940070051164235 0.4173624589046377 0.6048783052348478 0.41106085834835054 0.6067530256548619 0.39630532230320165 0.5988561637118506 0.37707283546078574 0.5935214683470531 0.3764376821392634 0.5860711032855762 0.3852587203444693
0 0.41585279337856135 0.4450404866446133 0.4237776280850312 0.44172099282497257 0.45470473102738973 0.44127581033295654 0.5070887590036492 0.44790024510807824 0.5112995545418869 0.4566369873679547 0.5125954956476686 0.4761299434309539 0.5067435000577447 0.48235093708337073 0.4318074914194285 0.4756767729509892 0.4068793718401092 0.47334826474316083 0.3946162737662044 0.470919339209229 0.39348217825021276 0.46506797540135464 0.4115442456444762 0.4596806458961455
0 0.5134737840703203 0.4664876734178552 0.5216488923079415 0.4609501972292829 0.5935111201813638 0.4180397601988248 0.6043005498318185 0.4112245992842894 0.6071679115568978 0.41658474028434717 0.6119369425542466 0.4187221157494085 0.617568380246369 0.43510768307102804 0.6133873003414811 0.4467595194162562 0.5972733710156606 0.46689247975549764 0.5484869815028135 0.4866233641869717 0.5249459977517316 0.4967840455130385 0.5222758832882385 0.487610660757325 0.513029030058677 0.4813747076373949
0 0.40774394710908946 0.4742997711034946 0.41644795190207345 0.4881259785701439 0.4103263362235746 0.5117004492927 0.4185917260110916 0.5211443900152504 0.4260604218812411 0.5141744626446247 0.48154011247046874 0.5213305628601194 0.5213974886708462 0.5218210582383447 0.5237288707798621 0.5038273469437737 0.5222387841441456 0.48795665195755406 0.5104006814104225 0.4805652279737149 0.5050866778745312 0.4831112416999086 0.43214722862557664 0.47570349667978845
0 0.426557933478294 0.514033463505344 0.41885609939724294 0.5228027620054267 0.4159803529282995 0.5357508577598282 0.4187887327358592 0.5484746605742831 0.43032520499382554 0.5556049097297274 0.4369334140441373 0.569331764957429 0.485295340157289 0.5726118896473326 0.5282807923840498 0.571522541824163 0.5324159354332505 0.5599508197813764 0.5329435566020818 0.5355351192350208 0.5220163672099846 0.5240722794549514 0.48139710602640284 0.5220644112258302
0 0.5253175592522122 0.4974838864807704 0.5234404097362881 0.5215887360792573 0.5340443291506481 0.5359164697525299 0.5440101786793314 0.5348253585267325 0.5675891048621149 0.5277962250128637 0.5931268422578603 0.5167453518222385 0.6068300506787961 0.5097418067704208 0.6162394920188405 0.5133149605672839 0.6241528248088127 0.5058723596593423 0.6317957622982777 0.5016263270426392 0.6345285023231553 0.4894120796539487 0.6238873258191899 0.47648154314245744 0.6160232939475345 0.47281706632578757 0.6057990929470556 0.4673948652799935 0.5964208867822609 0.46727945460276404
0 0.5331671051264577 0.5610708022922797 0.5370734913942508 0.5651253881130859 0.5436412509229339 0.5782057614236643 0.5373135539612842 0.5960274914752411 0.49084832856188554 0.5972427558154249 0.4428065983016015 0.6013498264148511 0.44012826673711847 0.5947738560456785 0.4359685423643232 0.5929644115615866 0.43245204273585325 0.5887993284561195 0.4370958836949671 0.5706398142645398 0.48504530256272466 0.5736222706006963 0.528267125402295 0.5725112112591528
0 0.5445850059174162 0.5355581025255062 0.5328083344342739 0.5473174187743205 0.5336982595146171 0.5592902611656656 0.5455954033340649 0.5738485871063534 0.5717667645250227 0.5718647521277095 0.6105699235667026 0.5532608965159465 0.6332267036836594 0.5343430439764075 0.6408361309194444 0.5156147245760871 0.633057274991044 0.5026059186932759 0.6246991904237522 0.5076913518602978 0.6159756973952921 0.5155970238587955 0.6067936024075598 0.5116792806075026 0.5935204983669813 0.5178860054065691 0.5673519378360699 0.528834086946634
0 0.4465641969459962 0.6019148974101963 0.4435891722402942 0.6100930784069507 0.43865719446341467 0.6136641871595948 0.43451531049978986 0.6311381065717525 0.4367284023360162 0.6424642840405694 0.44951458913022957 0.6472622713557533 0.46313894398842986 0.6496493714072317 0.5292350498883046 0.6450438868860616 0.5501062241811682 0.6404871529301163 0.5481606280934905 0.6155017704425644 0.5474194906365457 0.6070184428766803 0.536533780682638 0.5962484860445627 0.49077769468746735 0.5980777777364014
0 0.5475278782270875 0.5757459178036489 0.5378691865275985 0.5969566918954418 0.5477265043123731 0.6063880967395887 0.5507777642125864 0.6153033869446999 0.5592846364032765 0.6137074686031391 0.5892569512748458 0.5997796945906279 0.6186077189201981 0.5819530541848855 0.6233786699846018 0.5735375598333732 0.62676053963322 0.5627990644313586 0.6369851844336317 0.5566412959886018 0.6299766633548467 0.5510208713244824 0.6269960373290517 0.5412705591983946 0.6101922760164569 0.5547262645740146 0.5721274537716754 0.5728492011902409
0 0.4570833757258977 0.6485138295208538 0.4495907072559777 0.6560266802714863 0.4496831461508583 0.6705517622549283 0.45564659192324847 0.6826045450814161 0.46492342282067184 0.683747964110672 0.49971036843544636 0.6889792556465265 0.5484438618740175 0.6929526549891074 0.563814025456729 0.6904828931916399 0.5693506686595483 0.6681647126967158 0.5635367087720872 0.6469076472413133 0.5507307509637192 0.6413750507008745 0.5292962156722548 0.6463719129401991 0.46307300449218597 0.6505888703934541
0 0.5501133615455422 0.6159505502333862 0.550331881314091 0.6401407531108222 0.5647790996869005 0.6470944790818797 0.6048298997285345 0.6384384134267518 0.6487667204040419 0.6135907992552446 0.647600975451308 0.5961362838266185 0.6427715356724792 0.5937324352446026 0.6338767534352902 0.5962532943501232 0.625317362929384 0.5843972886773874 0.6138555969352142 0.5860288445517936 0.589177738458929 0.6011068099784747 0.5589502218296606 0.6156018518975986
0 0.6505845248103328 0.6173871079456849 0.6530431236460615 0.6277385135807046 0.6622237096093744 0.6396879351737236 0.6459885227698315 0.6494090239699833 0.6464480923551676 0.6573628223593233 0.628332498154011 0.6692336439394576 0.5743453872561073 0.6931570442213194 0.5698326151995525 0.6914718536793737 0.5653245241452501 0.686012782432846 0.5701241279845213 0.6679455075571054 0.566962131764032 0.6569850464518203 0.5694151746344861 0.6495531289487982 0.6062777954617327 0.6399143441422729 0.6483921307286971 0.6150443019849076
0 0.5652255012285023 0.6879271234275883 0.5720661102448653 0.6940724794151419 0.5709572591886095 0.7086685493330087 0.5656784867919713 0.7123203447951126 0.5630684990516986 0.7238387640626099 0.5299134519968612 0.7275763633665373 0.5004659787144329 0.7254127771678665 0.4731044176120032 0.7223885570602758 0.4653623653773842 0.7194628275919414 0.45881414410901217 0.7113483293247432 0.4585843593163441 0.7073714301300731 0.4648542358434818 0.7061334285631712 0.46504672571170275 0.6845214234356449 0.5001503390487514 0.69047137301157 0.5480692721986725 0.6944061577187703 0.5653730840938165 0.6913883830722763
0 0.6329031921636366 0.6687466737116702 0.6508842184496428 0.676315696489329 0.6601442283576724 0.6798890960633089 0.6676200758381987 0.6748062258574005 0.6732883558799607 0.6799364893945122 0.671932899041643 0.6929856406624332 0.674507341783513 0.698992724757987 0.6736544585138234 0.7075879519166364 0.6577649003730901 0.7169416183680997 0.6413942706553749 0.7245453476795287 0.6139075036422994 0.7334132105205677 0.5731075242499757 0.7449762816350213 0.5652636711159718 0.7350732315924082 0.5591554204609047 0.7284508506902533 0.5629162351841324 0.7241513851225037 0.566739652862683 0.7139058780804391 0.5722117900905644 0.7101992813334325 0.5740651394952578 0.6964700866608218
0 0.5570854552436633 0.7280578203719035 0.5641859175621037 0.7354464240203749 0.5678293248373232 0.7494553493879241 0.5619880296984067 0.7676564722868022 0.5133627060302836 0.763387515793966 0.4748699372911793 0.7607593542451419 0.47192520586684256 0.7582095796492864 0.4589052750955671 0.7543787925072877 0.46812014071130137 0.7502630690853991 0.47089546101563967 0.734058982693412 0.474008382566379 0.7252799665871213 0.5005370943697335 0.7271624343558852 0.5304759145001479 0.7292065600049707
0 0.5711312542463032 0.7436310665740242 0.5683285839640458 0.7508180048699588 0.565657565957949 0.7605998940604152 0.5697898234939721 0.7688297129127308 0.577004996976573 0.7769378813569398 0.5927467690899451 0.7766129376048351 0.6257815696590987 0.7680026610488456 0.6383087735497321 0.7652044168103257 0.659247864906976 0.7532534955797542 0.6741931911173045 0.7426252223590023 0.6785744677198908 0.7364950431073408 0.6728701361096194 0.7219420893122681 0.6685084562452752 0.7122731408684772 0.6581164733837739 0.7178505820311739 0.6413631185247952 0.7259829666161776 0.6138971206699139 0.7341431081769655 0.5733811864395958 0.7471298282939385
0 0.4864841958919534 0.761855036122884 0.4742702889554612 0.76236568887531 0.47545005116381983 0.772851210159514 0.4728392281258246 0.7919521423132437 0.47467481004808976 0.8019239235159915 0.47422810423260947 0.8099195247364014 0.5597902336493956 0.8082938462275865 0.5726804272179238 0.8043127775584983 0.5836202484559089 0.7880973350347885 0.5830258294963905 0.7797410476106261 0.5775997005155195 0.779639484852237 0.5693968839312584 0.7698328584747639 0.5649027849208339 0.76323752456859 0.5626943537551076 0.769437288908538 0.5152060705876144 0.7661742569493734
0 0.586319699380327 0.7788075360678022 0.5840760299820675 0.7863287873784994 0.5726451889853905 0.8056342645292474 0.5628135888805179 0.8087485010514275 0.5669166872261246 0.8190612733720561 0.5700934512050105 0.831275952140806 0.5759344278757814 0.8355223189133184 0.5992472604017479 0.8259643828824282 0.6725614955361019 0.784530359906109 0.6729548116976924 0.7654021385282067 0.6697075712537401 0.7558304337009548 0.6650282053699714 0.7496154810844052 0.6384805882176835 0.7666476841159483
0 0.560460824677706 0.8094152950105876 0.5665313821650324 0.8181868470868473 0.5703787371722288 0.8315229746385983 0.5679884192401108 0.8489220385319548 0.47415637688095 0.8542029828685785 0.4589043433989318 0.852623791932706 0.4535396151724489 0.8436522016686983 0.46693559981407257 0.8382162872370289 0.47414054095636643 0.8263380927768896 0.4732960742621629 0.816413295884186 0.4749987143547938 0.8116683773068187
0 0.48326168080684984 0.8542454603693524 0.47576237798665955 0.8596495787675789 0.46944283737482795 0.8755392184500094 0.4786049110615701 0.8975332343720598 0.4923952764749643 0.8991987997897201 0.5476090631722506 0.8907639803906214 0.5848736809598734 0.8746289860591895 0.5849964824686495 0.8568889310479523 0.5829756336730403 0.8472975311348286 0.5765550093571548 0.836330065802611 0.5711584230050915 0.8394988807731364 0.5687590293622952 0.850670891102372
0 0.5991267743897446 0.828293654930218 0.5790430308863738 0.8349691886601187 0.5829608623586364 0.8456623422703715 0.5868786938308991 0.8563554958806243 0.5854056345548239 0.8656255997617389 0.6000404666624214 0.8772159620721028 0.6359991406259567 0.8575165832039197 0.6522389092290839 0.8483238401860523 0.666843134097694 0.8304141235402701 0.6868587166327713 0.8109707807884199 0.6845821244987514 0.8044027361064184 0.6804085496880783 0.7967329377272878 0.672996810144131 0.785718488085026 0.6355412298794385 0.8068257284057457
0 0.5692549266045488 0.15539396178820772 0.5628317581532521 0.19116733053122947 0.5690539496948457 0.20611093216752088 0.5728539623621354 0.2147348286483649 0.5767979049490797 0.19637111936225257 0.5892096741100719 0.19689553760805736 0.6256883432574691 0.19625801694035816 0.6622146973904106 0.17943889306946562 0.6625332681322996 0.16749200883593332 0.6585520306209083 0.16026681379984944 0.6300424205181608 0.1589153015615321 0.6081529966436126 0.1521844847069349 0.5862084287986309 0.15651749019109173
0 0.5769623088037875 0.19740239846221652 0.5642841817951322 0.24464933050101867 0.5771555205414605 0.25312754713616364 0.5825071328609482 0.25753915263320504 0.6090849976708782 0.2467731354469459 0.6495487103688968 0.22802972526812537 0.662755440846508 0.22213107712501387 0.6726432302338113 0.20935846964109261 0.6748207063456682 0.2014657138729913 0.6670730981457748 0.18075666126661516 0.6630292576790605 0.17947750770484608 0.625934949039531 0.1978049355903041
0 0.6701733663739633 0.2192203676888386 0.6477794659111723 0.22960901721711557 0.6096361311880726 0.24769481197710463 0.5827126376793331 0.2588282515081599 0.5830563633585277 0.27112637143696633 0.5759962065170233 0.27501355868820293 0.5824669068602935 0.2788385367008375 0.5856700040444598 0.2900568175811137 0.5868815309631228 0.3039952720801491 0.5896951205021653 0.30643149396120944 0.6169932036862498 0.29384455170049134 0.6527460984942182 0.27724463296920926 0.6622667571910661 0.27104330907939 0.6794417102299046 0.24946875196988125 0.6754866557124114 0.23226581497990995
0 0.6418775731436578 0.12561085393174035 0.6333132449379838 0.15669524845728855 0.6591966422157614 0.15814170900300076 0.6654823973401498 0.16930222732255182 0.6874353779609776 0.17001375143346775 0.7271241592552381 0.15368126360078613 0.7394121704208252 0.13725677741475537 0.7320561275208057 0.11068435534618974 0.7246391150749153 0.11417303974063508 0.6881421370600089 0.1157345608329113
0 0.6654823973401498 0.16930222732255182 0.6632936464740427 0.17731794207584248 0.668480261153493 0.17723464827517654 0.6743766365412314 0.19682534927850995 0.7133940398202803 0.18715411400675594 0.7505415724002316 0.17662617827379648 0.7399184616393333 0.14913082091806026 0.7286623555563002 0.15463196348817868 0.6875763771002584 0.17089821649489514
0 0.7468434779023697 0.17952310151089693 0.7576477338982532 0.17553665538529403 0.7641497527434475 0.20327554079384838 0.7467744791373578 0.21605746168246118 0.6790632258186868 0.2370962741736793 0.6718609762889737 0.2201867329548501 0.6744310776725899 0.21021408922633025 0.6769803556060398 0.1979362834180549 0.7132033645615257 0.18813257849437048
0 0.7465623388198563 0.21705568448822846 0.7614205348538732 0.21205706561541313 0.7646534477784632 0.22492516197821374 0.7668692199647799 0.24438293391711485 0.7557381848987746 0.25423281369307893 0.7162082516991102 0.2693743232250454 0.6846938005829408 0.28106266082194786 0.6793024047748941 0.26762478320665223 0.6747383149862697 0.2704936384314877 0.6664293211715038 0.2665470709810751 0.6797680081668859 0.2501639524037973 0.6789161176245034 0.23740872959057055
0 0.7627679522317868 0.24830213550820715 0.7684242151196745 0.25969575716577636 0.7738156109277212 0.27313363478107217 0.763327609835008 0.2851643014751763 0.7276272358236655 0.30394653717278103 0.69733878201486 0.3196196350886695 0.6863484126217856 0.31367612650221044 0.6747682384298092 0.3114443163139098 0.6808191324771684 0.29752046008022615 0.6890571540594144 0.2936103804422408 0.6868522834663977 0.28163244207444305 0.7166110031155214 0.2700478560740075 0.7567662272303479 0.25512297168808173
0 0.6033989163949144 0.3399416058832107 0.6047382135158884 0.35019566503578964 0.602445906424331 0.3599036003467135 0.6067806152493747 0.3630073246238033 0.6163183877078648 0.3524274752240903 0.6838799537410375 0.33524912663135825 0.6954314832815839 0.32803694147645585 0.6922763840543441 0.31750982040304937 0.6863661556799157 0.31564028827430995 0.6745456989310585 0.3119012240168312
0 0.5891054137914933 0.30669721879143147 0.5874727182181967 0.31200858110224355 0.5931194383270475 0.32980281962508445 0.6036229724632688 0.3376252744725774 0.6693871566254866 0.31259573745668184 0.6709862365099482 0.3070735093034103 0.6753945610769359 0.3036202233254097 0.6795003444444074 0.2982691447652735 0.6882833778895479 0.2911517069668128 0.6845565805461418 0.2822902369143904 0.6791077260684598 0.2688477779960803 0.6743494870489476 0.272179839968515 0.6676812543263217 0.2676782836012756 0.6629329443691406 0.27210949570445475 0.6536655337161352 0.27826224612751155 0.6175998176518741 0.29465458463294025
0 0.6163942526778182 0.3527838460819532 0.6073479500902959 0.3637424298551206 0.5997629293755745 0.3772850101590537 0.607370729648666 0.3949165945493968 0.6046892332079766 0.41006760977177503 0.609671739553193 0.4140521697587342 0.6235945522091259 0.40171154036811263 0.6370551867154362 0.3986961818761996 0.6961664356227333 0.3745481331691703 0.7026095748441544 0.3651268117615858 0.7090277604056341 0.3593103263572858 0.706676843181224 0.3473844231545173 0.7005608110813186 0.3325280709838971 0.6954958505701544 0.32896663077536586 0.6842926138414192 0.33673886886399185
0 0.623051331442639 0.4020653696591234 0.6218269957833908 0.4066097483338999 0.6100500519877838 0.4145445800245793 0.6124418717968698 0.4182639843754792 0.6179932015651105 0.4342797569934525 0.6234905029221085 0.4443145685396275 0.6307962632895172 0.44124467326814654 0.6442534257010639 0.44102855962317533 0.6778187612078299 0.42871758905610785 0.7066420086776962 0.4167511888606814 0.7172085051931097 0.4021637564570106 0.7206757012542823 0.3975833588414055 0.7147924942765699 0.37666474879796014 0.7099069794729522 0.3770499675701145 0.7073197650315854 0.3739855670871132 0.696801115290375 0.37476801094503154 0.6651703050869198 0.38792985052863965 0.6370337051502583 0.39950177303254203
0 0.6980022934391652 0.31951485876485375 0.6957714450088957 0.3269931314966326 0.7012232510590976 0.33077273256299106 0.7074397289014961 0.34650634032084965 0.7287275394085376 0.34047318857837006 0.7565074343817604 0.33221978825688747 0.7758848003561187 0.32672807320924574 0.7799680822446245 0.31834446958592744 0.7895269118083623 0.31031072306012825 0.7840303084843567 0.2955141016938491 0.779212703329006 0.2831873916052184 0.7631512614747001 0.2862180045756406 0.7278561383440252 0.30458832220425797
0 0.7288903130279455 0.34130079977627775 0.7075268544040958 0.3463274583089724 0.7093690979845048 0.35788355779881936 0.7028159943779766 0.36513741056992427 0.6986717442461435 0.37299348887640554 0.7075855764117652 0.3732940453612971 0.7110180074783127 0.3766899776957486 0.7150749360226206 0.37554020865265647 0.7176040287861035 0.3853597502529615 0.7654871962407936 0.3689624271647805 0.7838101905173318 0.3629985808699423 0.7983756028352389 0.3503901720674209 0.791035082093027 0.3236884285252761 0.7763494304863321 0.32707952126286893
0 0.7179060246447974 0.38604511139542236 0.7214747366386665 0.3963409652212624 0.7091408853473872 0.4144845253927025 0.7141064507407937 0.42387053247022927 0.7332062650609479 0.417943511715696 0.771046010259088 0.3989959364872415 0.800398622560927 0.3860514528923595 0.8014400566401352 0.37444904333573303 0.7945725452340233 0.3591774859735939 0.7841905797198729 0.3641756909268648 0.7663816063001803 0.36973687607677785
0 0.6123580862410105 0.44936612837430007 0.6024420166681042 0.4609138559032658 0.6028339833873402 0.46337260047557366 0.6067528161555046 0.4674016317232546 0.6167801967735207 0.4722692784370682 0.623794732199454 0.4751639773305835 0.630274741008169 0.48437776103148944 0.6737437457493998 0.47051636596024893 0.7025199854890798 0.4551654000222906 0.7154925610478314 0.4422374656819285 0.7101323796621719 0.42191302133885755 0.7065823585798536 0.4177794656327138 0.6781401979759353 0.42918100356605304 0.6442718745834 0.441606397232643 0.6311835238576995 0.4417179864191512 0.6237404743136236 0.4445983611893334
0 0.7336259719988942 0.41840715898570274 0.7144462955182923 0.42440216334056213 0.7129213323332649 0.4293088811634395 0.715455446316646 0.4425735970726697 0.7109203289309624 0.44833341893153117 0.7133536504160586 0.45044037553034744 0.7184936816742744 0.45373783373634025 0.723112134481015 0.46165764175321583 0.7564642798043433 0.44325629214522105 0.7835905817647062 0.43053461469071813 0.812718795177231 0.4211607916913505 0.8086219208219657 0.40861863386359243 0.8042865723331332 0.391949189896828 0.7935828408311104 0.39190648173408776 0.7716615404229328 0.4017547256124165
0 0.8133634812191615 0.4212577401464343 0.8202417516714007 0.4209863268409526 0.8297500705903633 0.4490539792342399 0.8150133680943625 0.4658151050359773 0.7690912864695905 0.48693991020586475 0.7368424103282397 0.4938422588890517 0.7250848978435225 0.4885050390830992 0.7162473711409206 0.4856961671957261 0.7137132571575395 0.47243145128649583 0.7229967679379029 0.4622496538801757 0.7564342236648297 0.4443834427967422 0.7838765691150151 0.4310128796128803
0 0.7056251589602363 0.4545883044622689 0.7173196761335254 0.4529519246992126 0.718044814564112 0.45750060215798233 0.713183937658721 0.4717424907044521 0.709996329653384 0.4885863995216145 0.6382518921969371 0.5108770076187982 0.6332194864344901 0.5016762268929188 0.6351981747446223 0.4890901501692746 0.632222934698422 0.484899513074613 0.6691901480949387 0.4747023394954884
0 0.7086468452904959 0.4906468039144894 0.719124701721237 0.487956945852025 0.7277615514771284 0.49082269134179707 0.7369664259685542 0.520933949378245 0.7236868333312103 0.529731348267221 0.7153059147861143 0.5284710183511324 0.6493384535824704 0.5488447227164662 0.6385571527241924 0.5535781864220912 0.6310390542449652 0.5498360607933644 0.6280560731514216 0.5403341133057763 0.6343245717161863 0.534922010414565 0.6416410851988438 0.5163486174224637 0.6520258901786433 0.5078123104425117 0.6715768644131527 0.5028307095343757
0 0.7297082086652054 0.49250825662085007 0.7365398739505622 0.5182582567554395 0.7502915568400981 0.5216320206236008 0.7618755654852177 0.5166710625083798 0.7810377848885918 0.5131979287188434 0.8136802738760202 0.5008705224379321 0.8275968115079512 0.48685876161111336 0.8234747390281147 0.47152716395575184 0.818023522295019 0.46496200099999313 0.7693772738198992 0.4874181751280267 0.7374996954324559 0.4953339272579373
0 0.6379376648068332 0.556270677794611 0.6273395838180377 0.5634691384631603 0.6240162691599598 0.5741990291005544 0.6198097943263841 0.5807046851438585 0.6251078473295111 0.583677700485172 0.6339056018627144 0.5954469039823157 0.6425773657730618 0.5932689083414417 0.6481914622660112 0.5955930379533961 0.6544502448008911 0.5980141160204341 0.696579804547794 0.5846759396028549 0.7375702729084039 0.5655081130175021 0.7351360433734485 0.541028764195459 0.7311923327481521 0.5320787539821461 0.7238574541384072 0.5308016253163433 0.7154338803915119 0.5292737261379742 0.6501111052297985 0.5497443789583917
0 0.7345107893912876 0.5252654538238765 0.7315510314397737 0.5316974375150676 0.7357681303530934 0.539730992736741 0.7375673898760032 0.556280212145451 0.7443506338947592 0.5633068412736575 0.7901825471009905 0.5455634880583339 0.816433429933199 0.5339288864026673 0.8231032823913844 0.5284030363066581 0.8231304554984972 0.5180479847830859 0.8146109472682594 0.5014457358151779 0.7822971008329391 0.514518976280532 0.7621741518978122 0.5185440473443438 0.7507481649976038 0.5231805625948852
0 0.648904001634312 0.5987469954983639 0.6490299922571682 0.6126941946363814 0.6527352287488974 0.617516918710688 0.6543987816190665 0.6279521199396301 0.66130999124322 0.6357814568546782 0.7026514172481084 0.6109210034093208 0.7296371545407881 0.5960018982541744 0.7408149512775445 0.595071277822876 0.7490524221225565 0.5849062791662701 0.7447645868504656 0.5645878139826616 0.7382372740425049 0.5591666004281384 0.7380695362677089 0.5673242242510671 0.6964770370669676 0.5866626716436167 0.655064874703308 0.5992382151270391
0 0.7450932294025737 0.5653336481671042 0.7490524221225565 0.5849062791662701 0.7434538077242936 0.5932047703401687 0.7473471221004476 0.5965759008982746 0.7759285589369259 0.5890349878821861 0.8114958917214121 0.5753193390407294 0.8217052178790724 0.56962934549078 0.8370691493397757 0.5554870387094493 0.8264721352836624 0.5271686158035956 0.8228298941033612 0.5293194912982977 0.8163607185918862 0.534788467791908 0.790152490961477 0.5466906387098549
0 0.8197963578778522 0.5721279399531323 0.8343003523050874 0.5696953297564908 0.8414984573294091 0.6003753238169284 0.804855028470058 0.6152349220596204 0.781115036479201 0.6242003084457376 0.755330477834383 0.6295502711144393 0.7554080471906381 0.6247740992460739 0.7495729336413496 0.6158008129297903 0.7470010224711116 0.5983519372791548 0.7763425118926324 0.59031596059119
0 0.7297651201461857 0.596804606041016 0.7409855720847414 0.5961415548719983 0.746240969886069 0.598847000951031 0.7484541823646853 0.616677193068745 0.7538879420205533 0.6257642265898267 0.7424396400281744 0.6368392028848157 0.6767513331773554 0.6747522540026121 0.6704450374257339 0.6759801971524181 0.6682550480891473 0.6740839362134835 0.6608125439836336 0.6787101300675674 0.6516463747289238 0.6751554239957516 0.6418103213077124 0.6687143296412484 0.646824361943072 0.6580645887092237 0.6467914227711576 0.6499638384886939 0.6638838773959994 0.6400858411541379 0.6625266519857681 0.6368349351540864 0.7029073484589036 0.6125264189830041
0 0.7484221512426302 0.6309488350714422 0.7645267032286063 0.6319778265347339 0.7761949553446422 0.6630688905184768 0.7384559983506566 0.6947388000789031 0.6877156950222927 0.7303730630575408 0.6736828827973904 0.7226044437880925 0.6692825640145883 0.7121058916034952 0.6746029321098856 0.7086404459003609 0.6757614555559481 0.6988037341516354 0.6730470047354854 0.6923019221515324 0.6744663174072856 0.6801540354973659 0.7076652990006451 0.6581605382749259 0.7429689595269928 0.6375281634668594
0 0.7590405723410546 0.6304564047096212 0.7648427467184288 0.6313289408053748 0.7768822965883718 0.6634334082358413 0.769051037651723 0.6695680692085245 0.8131699097885021 0.6581830273322788 0.8348178219086566 0.6492512384455899 0.8575466881186182 0.6352589096785406 0.8505724831830366 0.6204559731944835 0.8476719294606906 0.6022612633594052 0.8354131786341268 0.6082524236710637 0.8289537191525365 0.6058882192064244 0.8042355405526986 0.6179274134321401 0.7933563302285367 0.6207310186994023 0.7846671092409614 0.6254308849055992
0 0.8358212066422086 0.6489668704335951 0.855417719110918 0.6534807396597906 0.8568078836930638 0.6648323958803721 0.8600768521369162 0.6748126082901225 0.8613089949741506 0.6864887073753835 0.8151658962930394 0.7009643558409416 0.7827841965313487 0.7109805872164117 0.7749820856843541 0.6936157053143469 0.7703733489074984 0.677862716339222 0.7830809668442245 0.6681087876059216 0.8132125649903014 0.6584505965945594
0 0.7643026442570433 0.6739900447559832 0.770172671960788 0.677919589941621 0.7750673960879526 0.6941508438389081 0.782540864382839 0.7107698915565303 0.738628435257572 0.7405538615744791 0.6876971710123825 0.7684118171972664 0.6702751657855733 0.7551715881241526 0.6694395188268172 0.7472983323132184 0.674230567423296 0.7431439260280404 0.6798117247443312 0.7373673054194647 0.6764147906950811 0.7265843852228726 0.6872416297875592 0.7313463916515791 0.7396726590932048 0.6957922783783111
0 0.8387178103994715 0.6934505629710249 0.8490880413344439 0.6966640274284471 0.8546323095184813 0.7090756393016933 0.8566875002521863 0.7272302742840866 0.8195525490808735 0.7455850716861402 0.7736479245333294 0.7641880062907044 0.7699300889793146 0.7579705623025962 0.7743469567894854 0.7435748516986435 0.7677363085604678 0.7244740082683835 0.7825534634451246 0.7121646114703317 0.8154518836433482 0.7014426207631038
0 0.7651149091909467 0.7238186451857679 0.7731302960469373 0.7425213733992355 0.7681065393816928 0.7610042952895094 0.7260651730707891 0.784105511103701 0.6831881598011292 0.7993334711069585 0.673677865899625 0.784410310064847 0.673408427576685 0.7590377823541349 0.6876671148728688 0.7695389678487876 0.7385557239162591 0.7414134429637199
0 0.687572996489245 0.7992094025057028 0.6860906885060168 0.8043836895908608 0.6871144133491978 0.8108053518855942 0.666911920075274 0.8327510861689472 0.6936455172394185 0.8478268585353956 0.743821586914508 0.81654737610536 0.7644157180519677 0.8023210755754585 0.7798426448240989 0.7951523683631366 0.7770554826623235 0.7895101377522741 0.7728578158087733 0.7658102206141019 0.7686785140823105 0.7619608251338339 0.7264064146851827 0.7862460652019455
0 0.7735876327045146 0.7652636562379304 0.7774571112431536 0.7887889406488111 0.7802186979241788 0.7934072219735562 0.7883107480427176 0.798579868293944 0.8350057867219907 0.7783566351363564 0.8760570229836655 0.7608448630214366 0.8731225582844536 0.7446794427800905 0.8709860119461474 0.7282878854943613 0.8571973044092369 0.7225058056047984 0.8568982784450188 0.727356086724182 0.8199307904187959 0.7465698095878838
