0 0.26385085592307833 0.34792409650089673 0.2637437813172169 0.3525607036774938 0.26725025203179625 0.36080241127346585 0.2749183084477227 0.364509954889399 0.2886617978310781 0.36084927755838353 0.30386304760124916 0.3574724966745834 0.31918526620519194 0.357173346260318 0.32214615029148785 0.35889525058082433 0.3252758202768423 0.35018982912206115 0.3357384286326287 0.35138753516289073 0.32940577661669657 0.332038164211977 0.3194011677848484 0.32999396530280917 0.301482899856925 0.3337216678971669 0.2911563814391317 0.3359862961345639 0.27007749993272173 0.34440291364086634
0 0.33628524213722355 0.3505778046009165 0.32501753462876637 0.3509793982117401 0.322738327108747 0.35923963144492577 0.3329099538553919 0.3751165666329302 0.3354298721666431 0.3803411281762536 0.3571904302393296 0.3819066482236431 0.3874241438806133 0.38558041223531275 0.3900372425698158 0.37845412895590735 0.39236181340249954 0.3713480071487972 0.39110308112318526 0.36140619253969564 0.36534972324821036 0.3539475106930754 0.3489955889282751 0.3500754036286166
0 0.3848662235145657 0.3352245362412749 0.3817038575681456 0.3578196177575341 0.38873437385414855 0.3600286690832905 0.39081455326666636 0.3614263540119909 0.3937288471639866 0.3693236807438618 0.39854309409947863 0.36667271286269126 0.4302950525444639 0.3721691885563436 0.44092521992299755 0.37026910265534335 0.4513436918424309 0.36298316343265763 0.4502839876706181 0.34338343066167004 0.4365266040593526 0.3393298703465539 0.426610809208161 0.33732243374375015 0.4146904404655589 0.33584083125570524
0 0.4517544154090327 0.35871109859245703 0.44932276997048753 0.37045382757616424 0.45424163775921833 0.3778253201932764 0.4593403763648285 0.386215790267703 0.48007060115530054 0.3872075210833558 0.4939350593724275 0.3866244742218748 0.5101077404417054 0.38588013558203177 0.5103521318618712 0.37737632884622113 0.5123113424406175 0.375696383305387 0.5196618556678935 0.3713251469387919 0.516369534165037 0.3538102249896256 0.48311322514426025 0.3542052752601221 0.46063829454423166 0.35654727771653655
0 0.5197072189805578 0.37247925836486734 0.5122066679299475 0.3759917406178612 0.510634367451637 0.37718097110303866 0.5111258389936081 0.38556565823638267 0.5173791339772356 0.3922524908682104 0.5215595085673694 0.3956302121328597 0.5345356174628298 0.3962345879615035 0.552083403897124 0.39781474384018817 0.563419517834448 0.39788609999059427 0.5730394805238318 0.3954869050289209 0.5809602155852317 0.3910477214960219 0.5820241209016146 0.3810432413366467 0.5791121081938088 0.36462453730003724 0.5437606213361721 0.36731066708410687
0 0.5815875395989158 0.3493404825173739 0.5783562608528112 0.36187101043770503 0.5844206497639823 0.38022816132580145 0.590615398640996 0.38130639851322606 0.5993688238964314 0.37745664672508616 0.6147329998442811 0.3770306612724578 0.6255762691131665 0.3769205833923501 0.6311336359888778 0.3782592315034188 0.6349663898066705 0.3769120472319811 0.6439151232548389 0.3739121381122443 0.6448598766682928 0.36499534671830786 0.6435533251154766 0.3523501638296434 0.6110580511119672 0.3494398960002593 0.5931704191520762 0.34745174240732957
0 0.590929858736658 0.3810685524161906 0.5838763476724403 0.3828566662241413 0.5813085229208067 0.391671000480694 0.58336383313111 0.3986511758584336 0.5854367535246036 0.40196028722561206 0.5892871175255865 0.3969420389436131 0.5989317790816711 0.3992903143446354 0.6038094549061889 0.39981296702721375 0.6055425297740856 0.402714080680147 0.6134456546522952 0.4019459611578092 0.6258097669763878 0.40345659172137777 0.6354290431025378 0.40515902331111947 0.6503941408549433 0.4028180712512579 0.6506422795972471 0.3926547218879773 0.6508904183395511 0.3824913725246968 0.6433362873601502 0.3797811444802916 0.630989098656014 0.37870107645757684 0.6257292682560085 0.376694019708619 0.6140871560330006 0.37707579092567506 0.5992242865635676 0.3778984916792442
0 0.26674321563999115 0.3608972771557682 0.26003532462653145 0.361366004718019 0.25817307592331057 0.3732240665386766 0.2596106887773291 0.38347178693442235 0.265638142229637 0.3920190259894385 0.28649523973252833 0.38952677612035563 0.3063744379520702 0.38848261582771343 0.31730490880849815 0.3901334014114733 0.3237683250011205 0.3900266962433327 0.33076235084566574 0.38367400772866184 0.3352981074944646 0.38059754874414575 0.33221677583144754 0.3746039571619044 0.32282295293316743 0.359393165685917 0.31835589826936184 0.35763567493401655 0.30438356166390457 0.35757720279200506 0.2882515146330288 0.36180891542982496 0.27619331658402224 0.3643762026932424
0 0.3363571327020498 0.38121342563338506 0.32997484243366315 0.3833840972672056 0.32526221590089 0.38854255070056515 0.3262390181361092 0.39364838291527454 0.33057086292618865 0.3919659295577085 0.33134375330268834 0.39846576739936795 0.3347642066981511 0.4065052974641257 0.3589471106848968 0.40964461678317415 0.3872985105651203 0.41352747160444664 0.3986243811997449 0.4054923297322097 0.3983269194775473 0.3979244526913834 0.3885117518744555 0.3851576780583496 0.3568064064875021 0.3815091870182025
0 0.39894304324622676 0.36752674864593343 0.3928457907607953 0.3703673811184838 0.3879957602580355 0.38519373402467655 0.39935890271038726 0.3978523407587294 0.41877619326299964 0.39822021407620073 0.44016280336968355 0.39603590265173766 0.45098510632713057 0.3949347329479243 0.455358611127458 0.3877303410320483 0.45439642692774157 0.37641458143713574 0.4500251162236746 0.3705111297707118 0.44121269578241706 0.3700920979654306 0.4301459180041327 0.37155529006335414
0 0.4662079560596502 0.38731716015012835 0.4556301279230406 0.38805630745983155 0.4512160601605953 0.3942287161428675 0.4515540848449107 0.4028285764165338 0.45460837453318254 0.40813417917688183 0.45985051366974833 0.40328366418814204 0.4829743924489089 0.4058071066179511 0.5064520109960181 0.4041665601500733 0.5196774021515906 0.4049671050634685 0.5200187179802969 0.3939051999636851 0.5168551633449138 0.39240156370691376 0.511669302254099 0.3855202127571404 0.4943565411292844 0.386040098807201 0.48019381365248015 0.3877196267030864
0 0.5208738313291625 0.3959150824798745 0.5192019734972885 0.4060351442626355 0.5198250359645592 0.41530496537503164 0.5229147125760498 0.4240523647173904 0.5280933257665213 0.4216259861158964 0.5429489147437199 0.41782840780484065 0.5704327773358352 0.41280346390782713 0.5855463621212437 0.4089878576136079 0.5853165053359092 0.4031399526275148 0.5832941988804773 0.3977622379345127 0.5807694217959981 0.39276457361878436 0.5731241944613067 0.39571337399031564 0.5631299628779802 0.39813643738842514 0.5532855592038828 0.3977895175157979 0.5335697098809424 0.3964076889486501
0 0.5892010604945619 0.3966596054998592 0.5852759423737913 0.4021079693946748 0.5855193201464984 0.4082998687917146 0.5904877483912212 0.4162312309574914 0.5927399116319876 0.42745685063658656 0.6148453281656807 0.4303963994099962 0.6312748369187541 0.43373256381300274 0.6373315264420678 0.4298599481076124 0.6484659091572151 0.4301167280644222 0.6497029012969049 0.4220966887136682 0.6507776415881231 0.40994871643155434 0.6442601414460103 0.40867944395590844 0.635882586696937 0.4061603897186203 0.625142506711856 0.40277160409696355 0.613994603009336 0.4021708297292071 0.6055077833131515 0.4034537419954956 0.6038110776027927 0.3997779713740634 0.5988550732973125 0.3987445254103832
0 0.6378204760837425 0.42913590331939205 0.6521048924469003 0.4305523251220266 0.6531076396087345 0.44290006794977915 0.6529161516892574 0.45119198977882585 0.6472672858833829 0.45227659423031596 0.6262749785067653 0.45132889998993225 0.594719461029041 0.4449104256790484 0.5908911839161393 0.4396589068681908 0.5919783481465999 0.43440885078817354 0.5924819158237775 0.42747487861975003 0.6150898029865182 0.4300343770158861 0.6320623453307568 0.43402247427445895
0 0.5965795156360014 0.44616020744069057 0.5884036786493871 0.4553549911587522 0.5864332620471854 0.46446109769183663 0.5880612657725508 0.4729708180496855 0.6021417702769891 0.4757812454792701 0.629787884717576 0.4748842345136164 0.6550714739221549 0.47311749216359417 0.6543402435559033 0.46109571576362485 0.6539481349220974 0.45111987784617186 0.6270760079061406 0.45196280486233503
0 0.5860893957124089 0.40963979046917426 0.5899717567748012 0.4162672869238184 0.592726390644615 0.4271128562256399 0.5919783481465999 0.43440885078817354 0.5880802720005746 0.44054520350488263 0.5777469186848023 0.4409223284204756 0.531415841105985 0.44691932067747736 0.5263381479141511 0.4427899250152772 0.522755442670217 0.4306224620191596 0.5249217544656243 0.4258485595266493 0.5278353299583113 0.4216440140990599 0.5424464441146725 0.41820845818211433 0.5709487689522552 0.4127674079415002
0 0.5190437142429711 0.44781834219109307 0.5315275505231174 0.4455490048450135 0.5836804350208753 0.4395763759805164 0.586878992660002 0.4476593795083663 0.5883615023682341 0.4584801043649331 0.5851836791156378 0.46504531377397745 0.5809452131967435 0.46816066412450014 0.5659836497260093 0.4707919220116916 0.5378991951737487 0.4724019831762183 0.5229865387527188 0.4729154394070722 0.5204831452251907 0.4697425941881878 0.5167188157022039 0.45802412405565024 0.5160748145634516 0.45172597241881957
0 0.5271410039052503 0.47438712449716486 0.5258081993243395 0.48082340946445085 0.5303845315188048 0.4896659603525885 0.5395814378270962 0.4916662879920443 0.5562493262550156 0.4887395984878215 0.5752272215478256 0.48406570441132163 0.5822539354738165 0.48128411559007156 0.5860837872997776 0.474497145673572 0.5840666623490677 0.46688535441195117 0.5657200756300543 0.47081033978908565 0.5390852786055467 0.472319103177945 0.5282718340048659 0.47289851598713123
0 0.5303149044695321 0.49125661381701596 0.5261242248322523 0.49894979071945683 0.5298396473055347 0.5127860625083319 0.5496554907837796 0.5159825557556962 0.5664344462601082 0.5125195091708661 0.5841710047889381 0.506522766580879 0.5898171278524039 0.5055996361749968 0.5942713815856387 0.49788804149516186 0.5931767659707717 0.49021178801266196 0.5890579549189441 0.4829230550341637 0.5834607389051827 0.48172838378370836 0.5746028196405517 0.48499032917465695 0.5561589792061746 0.48980310376033875 0.5401293060185747 0.4921566006291664
0 0.5212184321228897 0.4279321270307401 0.5229656366951667 0.43203880590165683 0.5276242885038602 0.446337763661563 0.5186765825744333 0.44731540022090094 0.5150550515122451 0.4526782238482461 0.4951828339337283 0.4547716302973774 0.4624852723182091 0.4600518166704279 0.46030873365343056 0.45174637004162393 0.45632749554801344 0.4513197724466546 0.45671016412699034 0.4442450854443675 0.45900747842692524 0.4354508205358947 0.47883134933978266 0.43212740163897306 0.5009508534004404 0.43005316014596245
0 0.5154435059896549 0.45247488111818496 0.5164483349397261 0.4578668257690743 0.5207743459872368 0.4704270406666739 0.5232639261817196 0.47324845375761826 0.5243314755145405 0.47687402888011005 0.5094251653759885 0.48091101527906194 0.49207071504209043 0.4831808849708898 0.4799946532938165 0.4852581151788066 0.46336185858255596 0.4857155708987518 0.4613165465817102 0.4807487294853788 0.4577864833364526 0.4783524196319508 0.4608808662067307 0.4730264315593937 0.4638307694640755 0.46066259203933774 0.4947943794563185 0.45497497302743845
0 0.4625153225784637 0.4877129098233015 0.46205443913155675 0.5062459765384297 0.4659177035220419 0.5070332151500363 0.46933557895080036 0.5166615102923272 0.4864062955732199 0.5105350960818554 0.514533310892707 0.5032837030928933 0.5259786244512292 0.49860756748021373 0.530023703707486 0.4905721673385299 0.5253990248473613 0.4804996040026018 0.52641244161609 0.47602382240507746 0.5243458492316309 0.47387764690392226 0.5243383821810632 0.4770497449440801 0.5093071916610565 0.48127165629569907 0.49259786323400057 0.4831440494161017 0.4792039310059514 0.4853133685109888 0.46280708372455476 0.4850495421976597
0 0.5253404092109097 0.499180760115609 0.5294442861616021 0.512813689174423 0.5291732450150793 0.516004204991975 0.5220694369892482 0.5235485453178105 0.502245005692346 0.5302197783188599 0.47543530046858934 0.5407268965249798 0.46521807072504645 0.5430266344190783 0.4631169450079735 0.540001878598073 0.4608494989103093 0.5361077513459143 0.4582914124346438 0.5281813635111415 0.46871696294195947 0.5244574793278886 0.46952261933096007 0.5180580299153907 0.48717629786151684 0.5099526945577632 0.5148106983217076 0.5036167174434393
0 0.5302833551151267 0.5139884482900313 0.5231099200400229 0.5231234420802942 0.5315506373930631 0.5260576033717823 0.537077665973507 0.5321907421907931 0.5501729303889424 0.5325090746575777 0.5731660367357385 0.5324881726000253 0.5825505438082347 0.5325372057584167 0.5916938779364787 0.5230883625737285 0.5918958524177738 0.518140686116476 0.5879997358468095 0.5064314248726355 0.5839143373595058 0.5067169004222433 0.5668229007375178 0.512316166440805 0.5492739429728926 0.5163616145497274
0 0.5881549864300286 0.4736040839074236 0.5841041188663312 0.4808650453879472 0.5890953086379719 0.48231059267244136 0.5931201952590801 0.48960534997816413 0.5949083292310281 0.49705640493608416 0.6132887753671896 0.4967688764765823 0.6291492308591661 0.5008441768114825 0.6403329941049661 0.5000626885504963 0.6515252063070659 0.4956919762073742 0.653700073969037 0.49015705235371315 0.6518663188488096 0.4739369695698965 0.6297657665133247 0.4746838165740969 0.6027443583496878 0.4757745184131313
0 0.5949239589962478 0.4974540498514904 0.5900096499033258 0.5055728202237054 0.588439698570764 0.5074768406213114 0.5926286977266791 0.5189468695387994 0.6095967583298557 0.516963717551288 0.6306769374102289 0.5168862768245557 0.6449055565824544 0.5174869713555981 0.655563186398634 0.518536564587859 0.6538382055612547 0.508888042751725 0.6547263598856887 0.501050608153465 0.6409450912432951 0.5004186540919832 0.6291570457417759 0.5010429992691856 0.6131318436413024 0.496580473862359
0 0.6561596537717432 0.5184948852139398 0.6571299673627461 0.5355727768894478 0.6458824169086872 0.542339778568487 0.625264584049676 0.546571651220025 0.6080614428945135 0.5463781760162821 0.5985576734115035 0.544251111747667 0.5958670234972815 0.5366637533929227 0.5949260672156482 0.531745291167744 0.5913472629769921 0.5319953674112596 0.5919215538496518 0.5237811275845532 0.5957914109659426 0.5195233426565359 0.6094554563691883 0.5171729598524709 0.6314147067440057 0.5166353551494535
0 0.6519883926004482 0.5417137425281114 0.6537687116897865 0.5489659750283283 0.655414909627377 0.5604143188272703 0.6414845241417061 0.5597927846092684 0.6260707851058717 0.5594742712837677 0.6109077563872428 0.5617300300649276 0.5980127398482133 0.5646247810247027 0.5974644299181431 0.558283302065163 0.5961549060064665 0.5515962774076157 0.5979299465079546 0.5434975012907738 0.6076140923646814 0.5464094355467216 0.6251154672063985 0.5465820710635049
0 0.5974319022403238 0.5650641053140283 0.5950213199526769 0.5722104485162739 0.5940081275064851 0.576866723791284 0.5976572656886299 0.5784060496670964 0.6022161006219684 0.584068547937275 0.6028275636866076 0.5882125600186009 0.6145921645402972 0.5869917474682892 0.6324074028337887 0.5875411882135192 0.6483863497122929 0.587022732334288 0.6548771568730068 0.5847748571018482 0.6599002402487771 0.5832276476773158 0.6592112624317293 0.5733073644791198 0.6592444241832386 0.5627385146904155 0.6548809613151466 0.5620465778628144 0.6507922874857797 0.5607373339751446 0.6413432221810386 0.5600020269104513 0.6259216682625944 0.5594846911272475 0.6112138049564073 0.5619080128356712
0 0.6595935576059226 0.5868377114464112 0.6580301530085907 0.5965166473813981 0.6596607211809616 0.607567346264934 0.6443563905016653 0.6100323473472767 0.6217140749713401 0.6122126309293182 0.6106637988035977 0.6125860544314184 0.5984055921981069 0.608857145226112 0.5957618315795441 0.6024627216175863 0.5996395035784446 0.5984037591472722 0.6022532728139478 0.5964267998453076 0.602858823217047 0.5890078498494133 0.6144352328144099 0.586803344854066 0.6326900067551235 0.5871227036111533
0 0.6567018289632446 0.6083722105076396 0.6580504272879706 0.6160533474537023 0.6604422094419479 0.6274495920352451 0.6538648044988356 0.6312984667727897 0.6398947105264253 0.6334708668061112 0.6248886135336836 0.6359150282014944 0.6109028897960537 0.6376897833194096 0.5993974482158694 0.6378956438942461 0.5969731383840727 0.6332802025615688 0.5935290893708542 0.6255461209665204 0.5982467582511498 0.6200328822314055 0.5990483147931854 0.6137964471382503 0.5995431886923666 0.6111700758141906 0.610702873216647 0.6135801667199339 0.6205367699903412 0.612693634592563
0 0.5357351293908466 0.5322927449470953 0.5332223195555815 0.5406424427390394 0.5277740621504291 0.5503934721467986 0.532646126461852 0.5602208221852628 0.5344192647422703 0.5634861856879377 0.5490483451486687 0.5628626859423219 0.5693444996732958 0.5580551856046341 0.581862499625982 0.5569810962946263 0.5962962079671339 0.5513870351064328 0.5976551574692296 0.5441148083508428 0.596345633557553 0.5374277836932958 0.5950751840589256 0.5317348713242642 0.5914963798202696 0.5319849475677798 0.5843231415777378 0.5320874551394047
0 0.5338384271343808 0.5639255099772632 0.5290413412806066 0.5750266172150248 0.5301861185837862 0.5813264168006455 0.5337011356141834 0.5870618539751828 0.5416355878383216 0.5873048921015651 0.5577011324992244 0.5851854367172292 0.5715377393935769 0.5834211014427939 0.5842367497936698 0.5793438355802799 0.5939931318149553 0.5726810323360388 0.5973928278272744 0.5640699930255128 0.5963274674975734 0.5521823249372452 0.5821607333125367 0.5569602566076667 0.5696427333598505 0.5580343459176745 0.5495113254437205 0.5632290713272886
0 0.5347683981649544 0.5875853824439335 0.541666847368761 0.5881001819323775 0.5578658791077213 0.5855726617891558 0.5716868562368542 0.5834106815993141 0.5842445646762797 0.5795426580379831 0.5929564947209339 0.5767408402379396 0.5971942853935781 0.5780396642821296 0.6023339579348064 0.5832628382629829 0.6023880280393854 0.5884426420067436 0.6019784837752228 0.5970441069053763 0.5935491576519035 0.5994274401030539 0.5890750182798936 0.6035280819472874 0.5683862174037035 0.6097585990193365 0.5435931129329268 0.6142822272883094 0.5410581265972122 0.6144593646274662 0.5359262689385939 0.6094350131043161 0.5312580256487173 0.600989000426294 0.5318948355822558 0.5943653402612123 0.5343673028570916 0.5925976232604305
0 0.46756842854657416 0.5424920062521142 0.46429069037330506 0.5517371689055316 0.4672649730472028 0.5612390068552693 0.47191890353028987 0.5671557359836534 0.48794535573322045 0.5646487589550073 0.506456745939393 0.5591939498118382 0.5232895912198691 0.5507354664127495 0.5271529272999141 0.5497719599254818 0.5333109006779461 0.5410190829653673 0.5355511663458601 0.5318464158187138 0.5298733562649364 0.5263480063655451 0.5225294912823415 0.5247805299021819 0.5024890781331728 0.5310357306424001 0.47585461568189646 0.5415662180295518
0 0.5271529272999141 0.5497719599254818 0.5337164821365075 0.564571374173464 0.5284725422126739 0.5767281211880225 0.5140838562128852 0.581201299967233 0.49181787318681325 0.5903862089452835 0.4791632066262866 0.5926575755769472 0.46982595407809097 0.5933100351378217 0.464353140493433 0.5864102051341553 0.4621150805925043 0.5824053061262627 0.4657609301522579 0.575908612943768 0.47138657437009407 0.5668461595685838 0.4885048707084527 0.5656499837069806 0.5077264007560505 0.55841168209148
0 0.5281995811788169 0.5764004208962618 0.534627206940228 0.5877415934597273 0.5347359502003738 0.5905081868073409 0.5274997255944321 0.5982960867688639 0.5043604878367164 0.6051145981978254 0.47064410495979636 0.6138317464890369 0.46593542533330873 0.6083462185937244 0.46271784323371057 0.6038136893065646 0.47085410687570395 0.6023641578874989 0.47380232898091407 0.6000437606798266 0.4697111445951775 0.5934578919572084 0.47919290538303727 0.5926191359070526 0.49218456980063113 0.5903017274142864 0.514027807200378 0.5811988433624741
0 0.5276543245540218 0.5983951268590801 0.5312051077988476 0.6013185849044183 0.5361698944707226 0.6099577930624948 0.5416485763855072 0.614860919433715 0.5427995661006462 0.6172472732197196 0.5395112361836857 0.6210010256052432 0.52477180680977 0.6225595693312205 0.5185703485042582 0.6261644851401384 0.5004591488310638 0.6327160025881265 0.487113563268674 0.6361153341308041 0.47712537428847235 0.6375180739276584 0.47201442685152933 0.6318844566344668 0.4712800786639361 0.6266498102701534 0.47049159791225054 0.6133138071858238 0.5045283103911583 0.6051208660135854
0 0.5250353809057251 0.6225411515538265 0.5296542738674167 0.6257423706175284 0.5304996891034192 0.6304406599012347 0.5333622292901316 0.6427507404465614 0.528478641464395 0.6462635673685093 0.5236088669717041 0.6501278264183973 0.5099991469293143 0.6568933898425966 0.5015918421407982 0.6615334370792145 0.4908750908714362 0.6645728747839813 0.48266229351364753 0.6674373436035047 0.47546925920706523 0.6693495609936014 0.4712802607219201 0.6669992955836586 0.4635134127099029 0.6576748937683696 0.46419362833340383 0.6548081834126664 0.4715115430214409 0.6527110410699026 0.47136015674198484 0.6454974735584337 0.4723390401780996 0.6401431116410591 0.47689633352513117 0.6384150720249027 0.4869748695541737 0.635948826955531 0.5012567777854519 0.6328364653199147 0.5189657096481908 0.6261368584740473
0 0.540857854097642 0.6149161727658973 0.568277027127537 0.6098286258767578 0.5893082618558054 0.6036016610693452 0.5936025414909268 0.5985442251264549 0.6001918938898037 0.5980837806916036 0.5960017746365687 0.6024291434899166 0.5984838877804838 0.6084226546210187 0.5992320493011225 0.6140087331132722 0.5980379384347121 0.6206115252558312 0.5932096039411578 0.6255300806895395 0.5712558598770466 0.6318215077178314 0.5328011081496524 0.6385611815773714 0.5293147264397111 0.6238279116912518 0.5308340110167367 0.6221359604511573 0.5392476620877307 0.6210194433826371 0.5430838601961696 0.6177560036342356
0 0.5327942014831297 0.6383854655134013 0.5337575904340642 0.6427231137804703 0.5282357873680084 0.6468091333378134 0.5281103466025086 0.6503418723946084 0.5336655622330885 0.6538300613653715 0.5351560993759331 0.6581308740776523 0.5374661062408239 0.6563836695053754 0.5420642792029472 0.6590577403771674 0.5539251135209254 0.6582289403944349 0.5627410324023746 0.6572605127237939 0.5772099810138125 0.6555446707112408 0.5857001658006018 0.6530132162422636 0.5870393166639905 0.6501004614430754 0.589765404672382 0.6488527783966177 0.5955295014507798 0.6475690069740981 0.5991723128965811 0.6393855174345352 0.5969675871816668 0.6337250206539791 0.5937781921322046 0.6265475415185716 0.5717968214020023 0.6321361042909833
0 0.4729860252950604 0.670051678070755 0.4696695083279639 0.6764503803045265 0.4696327334591704 0.688963056401188 0.4743201327020448 0.6972692502087184 0.48454370872806557 0.6984930424827179 0.5025996550690777 0.6905357965229694 0.5205514410282034 0.6832906237077979 0.5326838768767492 0.6759234938033857 0.5348557504111846 0.670661967951708 0.5380824807134852 0.6619789568863258 0.5377780270024383 0.6575952641757717 0.5347676448985232 0.6583342168077134 0.5335199618520654 0.6534878381261284 0.5282283203174406 0.6499812313779714 0.5242539888785462 0.649730349846972 0.5100336802619281 0.6577719701624468 0.5016125621403664 0.6620605852711247
0 0.5421960662509246 0.6590485314884703 0.538110667763621 0.6593340070380781 0.5382073610949398 0.6617940319336587 0.5329819843053183 0.6767836563458419 0.5375312502177373 0.6815755288739713 0.5438702814696597 0.6848327484485822 0.5673560026757519 0.6838964305163916 0.5834202091959658 0.6824215139674141 0.5921181543624832 0.6818137273134104 0.6014203418207509 0.676406353600033 0.6006940210677703 0.6646517950914339 0.5984829490703779 0.6554677681427798 0.59278157267473 0.6549851700369017 0.5891824427642449 0.6508316995437733 0.5861024336110572 0.6531613056401425 0.5768353398694482 0.656099445569242 0.5632681805942849 0.6572236771690059
0 0.27484784593210476 0.8037552413995982 0.27250041748858156 0.8100394800078341 0.27658269012073733 0.8275826527258471 0.2936362863124297 0.8247944221121618 0.32226464352223716 0.8219956693742664 0.34714281074248626 0.8202572567120724 0.3446301872719363 0.81218385639885 0.34398265146732826 0.8007869776684599 0.33849338581777777 0.8032993190409193 0.3294425250404578 0.8065927260707665 0.3028887113103274 0.8063194602072127
0 0.3466864086824827 0.7934134559895648 0.34083038378532776 0.7967497133156675 0.34079824606313636 0.8010094944892208 0.3439722209913551 0.8005216105514439 0.3448292126096983 0.8121699490975525 0.3489557460285624 0.8156069427098253 0.3668671801328699 0.8194111681176469 0.3919756641188004 0.8184549495052037 0.4110716660679785 0.8168544814636226 0.4110837891324955 0.8070080835314358 0.3998549264100386 0.8056639554679709 0.3797542135903492 0.8020127103744222 0.3682115902944255 0.7977634513250788 0.35386175131788766 0.7931781602598691
0 0.42091242919173283 0.7879606654885624 0.414930392288628 0.7931683999350744 0.412655977176917 0.8013102083624221 0.4143186543280094 0.8182241673449578 0.42150442743938743 0.8182542387322779 0.43758375789421616 0.8160662788591124 0.4553500116291712 0.8110994821041088 0.4673341000930553 0.8062706299697183 0.4726773390789816 0.8000431489590353 0.47950762971300015 0.7961066208924131 0.4835941338165154 0.7883703809874193 0.48077733395419986 0.7827130993299356 0.47124497869357057 0.78391138402625 0.46233140669244543 0.7805427985281024 0.44452343105359776 0.784448126815042
0 0.48421139695062454 0.7868439610428672 0.5005531818933262 0.7811784140458987 0.5130924752154711 0.7745890458899244 0.5234538732573065 0.7703148803258811 0.5288282671912302 0.7684870028758174 0.5351740417848823 0.7698186498110337 0.5376254022121538 0.7736816079897039 0.5404946919276478 0.7767908437829951 0.5396647602658646 0.7912180192109414 0.5354739514026177 0.7963005879457753 0.5228189272993635 0.8043694746895479 0.4984214082681519 0.8132588922098759 0.4799537737601792 0.8156137396986122 0.46912296171324636 0.8142417970325518 0.4676158954074795 0.8063642273298575 0.47277053953161685 0.8004160207374879 0.4792236404420578 0.7970380415074928
0 0.264124723821991 0.7848134398052924 0.2695576056203162 0.8062536754707601 0.27362240247761327 0.8030425838563354 0.30325547055793195 0.8054955442535698 0.32925393017866894 0.80687200048908 0.3386819806795666 0.8030200446226057 0.3404106258635856 0.8013026762088318 0.34063135844756576 0.7967636206169649 0.3424547242096151 0.7923786737317334 0.3397430754013031 0.7843191807198084 0.31862552864658555 0.785262620423317 0.29730895655410605 0.7862199674281228 0.28576548696391046 0.7870265909033808 0.2744106122355038 0.7875539399603252 0.26947754698961845 0.7839072084362266
0 0.2763208069824259 0.7650683999128164 0.2678565917424187 0.7680547179217548 0.2666398861753567 0.7777191925447111 0.2694879774655916 0.7841725755532426 0.2747982324350545 0.7872607582407141 0.2855664616261485 0.7870404982046783 0.29691090587858204 0.7862477820307179 0.34069648018622045 0.7831881757452567 0.3433167935935896 0.7736917171302339 0.34496284126409515 0.7647955292557306 0.33765190244103915 0.7615810524642185 0.33196445774799854 0.7590514186133741
0 0.3488486274413046 0.7671849617012371 0.3423216669047796 0.7737612536367217 0.3402879990347233 0.782950623230836 0.34326125603663626 0.7925884116435594 0.3462883580069588 0.79344127059216 0.35423894104146525 0.792619611423242 0.3682115902944255 0.7977634513250788 0.37993237797616486 0.8014680688390925 0.40005395174780056 0.8056500481666733 0.4114505483801 0.8061841675777929 0.41363982709548186 0.8060311872635199 0.4120484706876578 0.8010865631492988 0.41554832925386026 0.7936574122652136 0.41591593479573663 0.7877776137869691 0.4047392244531456 0.7877603213085841 0.3997235616937469 0.7769347703237562 0.3767113284337117 0.7702938220441813
0 0.46926678253124743 0.7685000578346748 0.4631456357150652 0.7768083198805306 0.4633234887028127 0.781333169439906 0.47112551434126365 0.783892439947328 0.4809023974668158 0.7820152399351334 0.4834770981969785 0.7882830374605111 0.484615057372439 0.7853378713588542 0.5008789134680934 0.7799029279255674 0.5339338619185168 0.7642201178771257 0.5321016931694786 0.7586168466364923 0.5300347478364398 0.7515971564464244 0.508055292297364 0.7574314890451794
0 0.5226577504327404 0.7370679825414368 0.5273203963476516 0.7372197787981124 0.5293311775792966 0.7428105691273251 0.5300160264693085 0.7511208564928059 0.5075194548495433 0.757468931779442 0.4754714160046612 0.7668724760508979 0.46426563301825374 0.7688495233544593 0.4573207460482935 0.7562005874411039 0.4611573733248484 0.749007177150956 0.4682176264770342 0.7463645909028379 0.4842545476825346 0.748826039438518 0.5127865009766723 0.7411010132563352
0 0.40172394154999547 0.7679660619505433 0.4000681067989861 0.7759623012108774 0.40466294944435943 0.7880590390422766 0.4214712441765409 0.7873621333223323 0.4450012884628256 0.7845239031307303 0.46291946031977055 0.7801673813787016 0.46309883229723686 0.7756175699964846 0.46876838781768926 0.7694901004761743 0.4638616046352116 0.767683735293255 0.456954160399514 0.7559873992871363 0.4091320589838293 0.7650603639027741
0 0.4685396871925635 0.731775037760371 0.4717251108390723 0.7399105923659598 0.4696465263378895 0.746264743611471 0.4680296533108616 0.7461389218374497 0.4609600394751102 0.7485433581087587 0.4567849086004727 0.7562380301753664 0.4044974951196152 0.7656230175765263 0.4028064961189214 0.7590546655172351 0.400899441901358 0.7515461944621279 0.4026301621208926 0.7454551550162676 0.4054980820210283 0.7409562799395467 0.4074635788245638 0.736281659443121 0.41385618546415015 0.7348797467247324 0.44547995556914 0.7329087753800461
0 0.4042523516119363 0.7138196634947164 0.4031323543087477 0.7217784600207876 0.39935265062844605 0.7258634397009945 0.4019460727257401 0.7326075371799905 0.41420404974579833 0.7346166349250814 0.44583718053435384 0.7328838135572043 0.46905680327325294 0.73126129507249 0.4707500807585249 0.7242176557193929 0.46957695733337995 0.7125982305014246 0.45284354806972377 0.7152003360358425 0.42793216683527147 0.7147918329320616
0 0.4714746508673776 0.7198685515797226 0.47092869324113185 0.7242051748079721 0.46894371557560566 0.7329408258215754 0.47188500195454786 0.7394218115009205 0.47977051425023043 0.7486617622704216 0.48390668340088644 0.7490891512381691 0.5129651134592793 0.7410885323449143 0.5228270022317817 0.7368173516532068 0.5270107342951253 0.7338981600342042 0.5333284554661865 0.730591047501342 0.5376915595069965 0.7231220445001224 0.5402116151254841 0.7188862812230524 0.5394799628176439 0.7093852439735254 0.5365480371222674 0.7031424082709895 0.5305789397277139 0.7016490785334049 0.5100369852381996 0.712159044288398 0.47654056567047154 0.7257234663683985
0 0.4748908068783373 0.6974210618623636 0.4731031630625494 0.7066205319181647 0.4690504805691249 0.7128738232124964 0.4714465688166807 0.7191541016492948 0.4765499263540372 0.7259616163452077 0.5102249584043722 0.7123847133537864 0.5318105057388309 0.7010854121998401 0.5393223501867465 0.6962620334261764 0.5395313232046285 0.683352011032795 0.5329990658064168 0.676644343628249 0.5207114877459428 0.6829954568943227 0.5022192762120549 0.6909741519441731 0.48443215392502914 0.6986647733715309
0 0.3372439028988877 0.7405974918692193 0.3316958065731276 0.7593126697768379 0.3593572240103241 0.768638089182763 0.37648663876501365 0.7697975284030961 0.39992277308761937 0.7765381634106993 0.40211959973788236 0.7674827303208361 0.40092660313769307 0.7521186346982963 0.3595469527316949 0.7434899834593756 0.3393159091332699 0.7383581355385035
0 0.2622433893057016 0.7358890950025567 0.26377506220405567 0.759869628942664 0.2677113182127465 0.7650928230370703 0.33147945259329414 0.75880414528479 0.33723363998076156 0.7403363876777779 0.33349321211565186 0.7350995096925366 0.32947485276195143 0.7277874820665988 0.29525624222589403 0.7314876839199204
0 0.3425046375171142 0.7145713966012405 0.3391234117864216 0.7184731653164494 0.32883605374057717 0.7265230127818963 0.3340806965463951 0.7350584580200318 0.3396973025023059 0.7380696635653919 0.3819115800732593 0.7479491001981803 0.4011019054450217 0.7515827424245786 0.40433085280218756 0.7338150837813036 0.4017132465087501 0.7321652450220676 0.39931282689432934 0.7260492672266575 0.3694759413423054 0.721326825765256
0 0.26302060245781567 0.7106999376066644 0.2637894886180978 0.7352574154929944 0.29565816143118234 0.7317214203296919 0.32786717594079806 0.7268525364275126 0.3402675918935295 0.7176077493971155 0.3364963752740412 0.7115875588375499 0.3338180241710297 0.7033964314014433 0.30657655367782444 0.7097509473728393
0 0.338715393158923 0.6931050070741254 0.33478690197080885 0.7030669077558271 0.3360944560687528 0.7113538224277783 0.3425046375171142 0.7145713966012405 0.3696615065677602 0.7210520376829797 0.3989006447709148 0.7255544266254444 0.4032712741376389 0.7218453426475023 0.40447869715187035 0.7125972248203726 0.4007280063686344 0.7070992426436896 0.3707158185092818 0.7029126934560063
0 0.4050797752974725 0.6929186232264201 0.40011999610163884 0.7066180859333118 0.40528253556244703 0.7130646976399154 0.4283175833789475 0.7145969327095248 0.4526823765280107 0.7149889637775239 0.46966811042893336 0.712492944317677 0.47335888910177837 0.7064749742892665 0.47516405946487933 0.6974469089810733 0.4693319322283182 0.6889525154154428 0.42600259790626915 0.6906711343327573 0.4076879513719669 0.6893326942659922
0 0.4032710036097109 0.6618882761173942 0.39977605308044695 0.6678925622549697 0.39929036513178257 0.6755193193701111 0.40350455262906404 0.6828176631052137 0.4076776884538407 0.6890715900745509 0.4271878296858818 0.6908501351791893 0.4630346428793451 0.6886070873478367 0.47011524480264244 0.6888977798521031 0.47021010916332784 0.6763237269904093 0.4730970494255962 0.6698382841424557 0.46300885032006556 0.6579757936041789 0.44320884928294124 0.6638103217238472
0 0.2622927679700383 0.6871868764861002 0.2630411282940681 0.7112221459895472 0.30636019969799094 0.7092424228807914 0.3355496887088808 0.7024899638096046 0.3383339997898871 0.6933934790472368 0.33410954937447934 0.6858340311206924 0.3320494714565897 0.6783851645864051 0.29017303748461787 0.6820968297994066 0.26783836619824886 0.6833956891631484
0 0.33806023179721223 0.6664450117654291 0.3349988219267984 0.6684916833588783 0.33304913801074754 0.6788389535151135 0.3341300752107318 0.6863562395035752 0.3385093020972157 0.6928575867735188 0.3704789386931959 0.7018819605810753 0.3999241679580577 0.7066317698241468 0.4048531583995128 0.6921489945429308 0.4076879513719669 0.6893326942659922 0.40353534138344266 0.6836009756795381 0.39986758664439964 0.6752171635061647 0.3675259868983265 0.6717170293913833
0 0.26241065626452564 0.6602110414226227 0.2641722768575722 0.6650625499333306 0.26224228607859046 0.6809066920006709 0.26703452778767217 0.6829282163436052 0.2899669464229106 0.6818494094988002 0.3330080863382427 0.6777945367493478 0.33521517590663197 0.6690002078509262 0.337854140735505 0.6661975914648226 0.32871346089431797 0.658458032426269 0.3230968549384071 0.6554468268809086 0.28823944538097546 0.6578825594495279 0.2660390247294303 0.657601109773786
0 0.2622803563324096 0.6306202867302084 0.26264186136552825 0.6398175226638602 0.2615253349105472 0.6538882960451171 0.2683349906003441 0.6572286630554869 0.2898046785550712 0.6573185104932117 0.32401905668386544 0.6539736596601172 0.3282008030576361 0.6511373145475634 0.3292913867061613 0.6424746452208895 0.332008578707491 0.6387865874346801 0.3375800853089195 0.6348990785957158 0.33201060155721396 0.6267017950588039 0.29510497423354604 0.6283265996235246 0.27548829991569596 0.6268352005505856
0 0.34085082482963336 0.6149534668036319 0.3375197797046565 0.6212285558864511 0.34017160897741566 0.6340819563306683 0.3611271693348732 0.6392960035984243 0.3790947979969982 0.6430064557548062 0.3969052115520889 0.646295540721137 0.4071961164668261 0.6402110647000888 0.41219217844186057 0.6338196291698293 0.4109789607350865 0.6272260454538503 0.40196624064122954 0.6224495363996586 0.4013907960148355 0.6199456097083633 0.3678785422701303 0.6168810555236531 0.3477113547074806 0.6135200218927742
0 0.339520358781377 0.6357175494272455 0.3313074657482634 0.6391535962645466 0.3288405989877392 0.6431421791963706 0.32717355928795855 0.6553433180196875 0.32996453400920983 0.6596005328214825 0.3385513977662391 0.6656788679845104 0.36789437082797094 0.6718969133484523 0.39876523814099113 0.6745100055314994 0.39988075317111066 0.6664816283381807 0.4030113358184708 0.6611745983764573 0.4006088203616556 0.6546641192657932 0.39600324050078034 0.646717498111307 0.360889309784865 0.6393126245194872
0 0.4131311509510963 0.6334359994188998 0.4071961164668261 0.6402110647000888 0.4008985655245757 0.6438312902355644 0.39789365121004905 0.6462673846761259 0.40110947084326654 0.6552651695570225 0.4039627740185038 0.6611081146922055 0.44297072879499283 0.6644246798258239 0.46344012721135974 0.6572700304931516 0.46447983667183457 0.6533811730877052 0.4721038079628953 0.6531664496803692 0.47061533363372143 0.6456380486854203 0.472080899431024 0.6404473651711374 0.46810163838459296 0.630230858786719 0.437530959075567 0.6291868760159972 0.41741262285124453 0.6331368228397671
0 0.26532772484363554 0.5989236495499887 0.26239659324903053 0.6093050165785544 0.2625950328769241 0.6204217498333349 0.27287184486560545 0.6270180306822778 0.2787934022342169 0.6259682155223494 0.29629427198358715 0.62824349501821 0.33222352972562785 0.6260508820043854 0.33517756985210423 0.6283885994850515 0.3373567142994315 0.62314805320758 0.3376464594623516 0.6123152241773512 0.335444406483153 0.604836685945591 0.30022973881599857 0.6009370400082883 0.26785692005814576 0.596520796951553
0 0.3392771135146022 0.5931202509660631 0.3351816155515504 0.6042190147332988 0.3383600381123763 0.6122653614141624 0.3413514753112442 0.6155545170948614 0.3481870738074971 0.6134867800506484 0.3683293299885523 0.6162135215481718 0.4028054876240877 0.6195287381153082 0.4110443234636571 0.6106845872234239 0.4073278533488287 0.6010857520512979 0.40523799158680496 0.5964615284196365 0.39485943122202294 0.5994128714131488 0.36251154384576456 0.5956309204897687 0.3440093731331725 0.5921535404114494
0 0.2666275521986926 0.5680589264964212 0.26243262913583304 0.5767532810863447 0.2648385758390096 0.5866666315993566 0.2723241412096473 0.5975692295263771 0.30475993463482565 0.6020236929525996 0.3355690968948959 0.6035673792648383 0.33939412095119614 0.5918744308388203 0.3361408586209801 0.5860528766108526 0.3313521039101786 0.5860514515792609 0.3273052847598835 0.5792772016577207 0.2998042124106835 0.5721255713137642 0.2766287194338155 0.5660158784170827 0.2685197710775209 0.5649022625605271
0 0.3338160845150911 0.5653802849893811 0.3280329790383794 0.5785542544732284 0.33162979535852155 0.5867041453860646 0.33635268752773995 0.5850299275395915 0.339883641306299 0.591504175574363 0.34393152923028797 0.5918934192148343 0.3622128874298215 0.5953206584750201 0.3948868547783928 0.5994224299812073 0.3955223414986724 0.5963535827674241 0.40050975260791727 0.594996930152142 0.40547188747422264 0.586585014104565 0.40313180331262916 0.578347306469618 0.40240517780782714 0.5726852473730416 0.3982387373089885 0.5692798465520534 0.3779597801640938 0.5663282426228579 0.3617155384348714 0.5634307537585208
0 0.4065705495329718 0.5824756544750984 0.4073893825959902 0.5904836136009656 0.4055630262587452 0.5953159204149245 0.4082872507089084 0.6005023441805105 0.4325614057445257 0.6025026774477255 0.45401805999806927 0.6033556932011321 0.47136096378604087 0.6021438224360028 0.4735572191298454 0.6003101094581385 0.4702644392746794 0.593483169503332 0.4599482006136516 0.5810981254868903 0.4362162559664037 0.58006805125767
0 0.41162061686271806 0.6019496635810873 0.40893484116381074 0.604153631823409 0.41147358172384746 0.611033261811482 0.4022385575184766 0.6197437547142357 0.4023571100933262 0.6227599118947525 0.4108359574561801 0.6268721215874026 0.41309700656787385 0.633099057768672 0.4376499218255279 0.629367078561622 0.46816822012893855 0.6299229424914438 0.4713039986579989 0.626343333257826 0.470565269418574 0.613961139304568 0.46605527492980936 0.608227401798711 0.46183614439770426 0.6034814866752711
0 0.2675976954953573 0.5414432622676187 0.2651490249461491 0.549679544870974 0.26699958875263974 0.5582875077703785 0.2811924727295405 0.5667051239443227 0.32729211225156685 0.5789420730821078 0.3330357002033286 0.5647627178714216 0.32973081661354 0.5512156430599333 0.2997953149971424 0.5462504176138764 0.2773738613154036 0.5400880346839282
0 0.2668468625213097 0.5223409334576791 0.2611438608681917 0.5311406681141354 0.2616718299745505 0.5381608048575858 0.2662081694799484 0.5445647995146685 0.2680872158504601 0.5410730070031614 0.27032298871921445 0.540244679752136 0.2781279006105327 0.5400353446506617 0.30005983393716873 0.5465679828450671 0.3284477394383581 0.5506332026308182 0.32382026114843765 0.535498301663376 0.2912385013580826 0.5337424301864795
0 0.40633665070435426 0.5572883212708586 0.4026444205049141 0.5659475491719377 0.3997072983742971 0.5681690807586816 0.40264335173122023 0.5723325554530064 0.4041371890394681 0.5782770530919293 0.4070337248714414 0.5814351420594152 0.4357003905946676 0.5797680493709013 0.4599218555970183 0.5804278683356644 0.466259275196722 0.5749442927464934 0.47071871719960795 0.5665675033877607 0.467015452039239 0.5621215901510893 0.4389842730362924 0.56071983562582
0 0.454029816508702 0.5331206241093762 0.4615296231613502 0.5379733443309411 0.4657750987100886 0.543389516605607 0.46434498639603605 0.5518906744068867 0.4624648712518305 0.5617674731994625 0.4389711005279757 0.5603847070502069 0.4063629957209875 0.5579585784220845 0.40158848229219646 0.551907275685037 0.39539809783136337 0.5483072530438131 0.3972376266769251 0.5438100748054672 0.39896022389337743 0.533902429150496 0.40513598788727917 0.5315789330649443 0.4328771987201346 0.5335905593139992
0 0.3294399526568804 0.5502278206775166 0.3332870466350384 0.5647451545269995 0.3619405398499479 0.5627429332628727 0.3779597801640938 0.5663282426228579 0.398741430172408 0.5692447198632091 0.40265759301323073 0.5662826777475506 0.40612482179759435 0.5583112703421197 0.4013239633521701 0.5515897104538462 0.39563627175475646 0.547954561123778 0.36128084566042284 0.5523715107632926
0 0.32994692061507536 0.5246526688643973 0.32457430044356683 0.5354456116301095 0.3289372597934609 0.5502629473663609 0.3617835385238423 0.5523363840744482 0.3946045410112843 0.5473545573502407 0.3972376266769251 0.5438100748054672 0.3985887039410779 0.5332981455505096 0.3959314108061916 0.52340235838192 0.39090555094569085 0.5173686189892944 0.3648182120811452 0.5205357211116516
0 0.2642322932324549 0.49429551317272197 0.263265356256872 0.5017561585583182 0.2592954346090888 0.5097626926525936 0.2647976423163758 0.5150910482051486 0.26682051750467645 0.521670676306453 0.29225705959323817 0.5340073053844038 0.3238070886401211 0.535163173087763 0.3311016540875237 0.5229818354180601 0.32965819420580356 0.5108948339198431 0.3201597198341002 0.5129027553103374 0.3010452872895377 0.5075174346297401 0.2846956654937824 0.5019389171604991
0 0.3388800459028578 0.5018492124414764 0.33039906099261607 0.5105070153109637 0.33144182669701716 0.5242121602222515 0.3653209049445646 0.5205005944228073 0.3916332452241868 0.516645671804802 0.3990013267936688 0.5181471062702371 0.40473067346342007 0.5100176287650068 0.401649722515014 0.5021677397389391 0.39332894525195955 0.5020770729536446 0.3872450096313534 0.4947730726362558 0.3532868963339062 0.4964738669820221
0 0.40469115593847016 0.5090122430381677 0.3990013267936688 0.5181471062702371 0.39566689186616527 0.5230847931507291 0.3988400503727877 0.5332805822060874 0.4053091950556576 0.5311482923730463 0.4336312380152638 0.5335378692807328 0.45450616435548824 0.532415240269306 0.45676828224087584 0.5322571701695065 0.45856829356148776 0.5267546062043215 0.468794462211687 0.524023737629335 0.46952322526387685 0.5169157841637737 0.4658605464021516 0.5070902503728725 0.4619981423682893 0.505007800509914 0.43136022271633506 0.5078207856806441
0 0.2678955199991944 0.4704636942117124 0.2621809225116167 0.47724280659740465 0.2606168838405948 0.49070978907223056 0.26447765792689576 0.4938292747661881 0.3210125817346952 0.5132049006994804 0.33016404742657157 0.5101730009112947 0.3380919529154798 0.5026411235002959 0.33498584607555515 0.49209226796696454 0.32505098990162273 0.4866060616043561 0.3025746891271745 0.48159747717864604
0 0.33793291297019223 0.46816147956981896 0.33327839722446545 0.47147725142671976 0.3253335938229577 0.48618757700199017 0.3346719826237808 0.4917154627385179 0.3393793003267067 0.5011555877050557 0.3541346870022428 0.4961371542030118 0.3871129540143632 0.4944308361670817 0.38973517220616627 0.48886465278298114 0.3934787230533193 0.489001801611392 0.4031009839228573 0.4865351096658759 0.40227851902775186 0.47702289122656594 0.3944931836468911 0.476769433256704 0.3909547219686643 0.47043752870905725 0.37832731365944 0.4687281036112214 0.3540766064571935 0.46803024876251437
0 0.40262300793627576 0.48198303282566396 0.40369745129596657 0.4864934302919566 0.39378477162248393 0.4891797843821355 0.3907002072093191 0.49059153584143034 0.38987520601945386 0.49623150356147616 0.39328018061962305 0.5029714728680089 0.40236067829432065 0.5019382175003338 0.4044314161876037 0.5089707878558882 0.43173542827257555 0.507461601414488 0.4621474494185418 0.5051371308869023 0.4627001978644417 0.4849622840675696 0.46191617330869567 0.4802322244566142 0.45826703512655087 0.4786928985808017 0.43007613686452495 0.48046342654078394 0.4079521398812105 0.480613806171875
0 0.393813922933523 0.45568383289669434 0.3907743455949475 0.4696526587217247 0.3947992322160556 0.47694741602744745 0.40224725949731244 0.47622760139575354 0.4030234691704486 0.4807588385490058 0.4079599547638203 0.48081262862957813 0.45556730218233915 0.4784828108480322 0.46102274039641156 0.47271865043781514 0.46251581105025474 0.46125031238350017 0.4604769667611011 0.45122498531891947 0.45595657216712193 0.4503446458770953 0.42424157384470895 0.4537570072845149
0 0.2606852602176556 0.44376613476359345 0.26055467079095673 0.4508972402805164 0.2578188377655406 0.4649214893408808 0.2666273290267913 0.4721127641670207 0.2675711947375382 0.46999239222749817 0.30233896038931685 0.48166992317859036 0.32533285755676583 0.48650035224343346 0.33354136933395406 0.4705871158374289 0.32986022230421136 0.463174518538125 0.3169053973209334 0.4576425888343025 0.3056432908043808 0.4533619885750236 0.2710307797527969 0.448247744567053 0.2652834298214495 0.4483754300428189
0 0.3188204074717627 0.4514824825599153 0.3173961203719938 0.45706045392093025 0.3301621722131224 0.4630164580126573 0.3342964619025516 0.46889081828581086 0.33765012266460737 0.46797166860233336 0.3532424030106375 0.46742997085938137 0.3908099896232618 0.469324577419341 0.3935619285306954 0.4557100864073101 0.39176720614452665 0.4518636226566542 0.38774072459451997 0.44611869022982625 0.37990700403013106 0.44543343698852406 0.35220045371420666 0.4435345762097119 0.33913158077888717 0.44294121759524807 0.3361818738451857 0.44629744105937014 0.32317162021795676 0.44980882109802695
0 0.2630010335327 0.42689505387425086 0.2620616652640123 0.4343565967816802 0.2606852602176556 0.44376613476359345 0.2647712322610326 0.4484112208917464 0.2711332192648803 0.44824058639726755 0.3056486594317199 0.4534985745911347 0.3110292003334469 0.4544922099234003 0.3191116201259955 0.4510512500022253 0.3361818738451857 0.44629744105937014 0.3391803340175793 0.4415681992643508 0.34021633757837116 0.4365652046469226 0.33032976492289534 0.428079651357526 0.3283520736145563 0.42219155553498805 0.3240715242090509 0.4204362502545262 0.2675302821663651 0.4245241459922356
0 0.3344469360293675 0.4073847428072573 0.3317942459698779 0.40784402725390273 0.3304782026021714 0.41094913398534555 0.32740414605439017 0.4163684640307062 0.3285623212660622 0.4223138252115282 0.33054001257440124 0.4282019210340662 0.34103048504769906 0.43637135327252746 0.34005397198027754 0.4402745015912808 0.35693951440673766 0.4438882304801346 0.37979919589070854 0.4453040091421985 0.3878274938172259 0.4430994815358095 0.39933490226541324 0.43778962491810974 0.4029346625253994 0.4292701228321751 0.40203407078166425 0.42419234646857445 0.3980432940997455 0.4162928125501651 0.38748914210039886 0.41404610529313074
0 0.26538848023682476 0.3927314397278565 0.2599237455701554 0.3928853498624855 0.2604516472215145 0.4019664353797541 0.26045840750236615 0.4151870248876244 0.26663940794969015 0.42455693662872523 0.29357741782649693 0.4226745882607945 0.3247956414341395 0.42094904991695586 0.32800894174721096 0.41570962845865456 0.33360987930021324 0.4059723284619688 0.33112540482757447 0.3993074558905183 0.3305699726100025 0.39387548361632874 0.3252846668746796 0.39424480513155563 0.3240830005153138 0.3897697871578811 0.30558926052684127 0.3890105308617724 0.2861172341277288 0.38945938103857286
0 0.3985865870929288 0.3975568096829149 0.3988457078334509 0.40414923404095204 0.38704444949249495 0.4127241486941482 0.3991577147893015 0.41643669644283826 0.4026830220582235 0.423484737386423 0.4077792386918849 0.42700376768940385 0.42666830230721253 0.42477205848149274 0.44780952524850387 0.42329477242058505 0.450851606855812 0.4223983527362181 0.4539047985781664 0.40873599349970746 0.4516712346204665 0.40410513213176175 0.4509639040377609 0.39480863523389526 0.41965560347826214 0.3985920119757695
0 0.4079407972273334 0.42676452911427515 0.40307689574034694 0.4291559482357414 0.39897466099612605 0.4378767259455852 0.3873892973506785 0.4432452637141638 0.38799013053036147 0.4454827727010011 0.39384801390678853 0.4553311615923594 0.4244021329767392 0.4541079275933089 0.45280310487053127 0.45029975702708297 0.4549398315955233 0.44376786728519385 0.4562240896535279 0.4372955455296317 0.45510356504806915 0.43053536418005817 0.45465608017825143 0.4235002034635597 0.4484915001820939 0.42324711803152354 0.4268119904467629 0.4240781699506373
0 0.45973641371354246 0.40330105529086846 0.45396331878615287 0.4092670484279583 0.4511407689859648 0.4223694801998192 0.45535361196710045 0.42341011993212635 0.456743905148048 0.4375531914362944 0.46080847873523073 0.4348216330717701 0.4788698181393713 0.43155702906435933 0.5209480405330125 0.4279492171123613 0.5221573003604034 0.42474966925601976 0.519592634268289 0.4146937216309771 0.5188847589103346 0.4051755373302001 0.5061757484822722 0.40450608116800885 0.4832184406217959 0.4063327733200195
0 0.5407502107428593 0.7804338283123018 0.5702641529439054 0.7749088223527022 0.5949321564056506 0.7691254260594432 0.5954906360675261 0.7742206887379998 0.5908732745807245 0.7843343033069625 0.589203019056937 0.7942419828374807 0.5823120177037925 0.7966339381973687 0.5372248878811758 0.8092172542379469 0.5277080817856872 0.8017629219646086 0.5358029468466814 0.7958241851053302 0.5399776979738893 0.7903981782741202
0 0.5423326790150622 0.7614577282959019 0.57539040907012 0.7572373194128551 0.5951929929305735 0.7552565633031145 0.595829899160468 0.7691820964907435 0.5695403423299121 0.7747205960215765 0.5416432731558939 0.7803714237551974 0.540671024679981 0.7761408882740254 0.5352820870188547 0.769488359771044 0.5283012050691986 0.767394241859949 0.5414322870508247 0.762765168903627 0.5342806965249727 0.7639308095800258
0 0.656152307414183 0.7772682911231282 0.6563897530726152 0.794962348783236 0.6127009970164344 0.7992366138104189 0.5938349053408319 0.7999442083778142 0.5890636309264902 0.795086558419905 0.5915115430203526 0.784533400598046 0.595804527067066 0.7743093486542203 0.5982210589282424 0.7716976403340879 0.6247432201630564 0.7764095048531664
0 0.6017226059275038 0.7500780405946766 0.5959580291797323 0.7549085145640664 0.5959077236916985 0.7681950170073574 0.6025664485328737 0.771546675389331 0.6256687484891462 0.7766501877028024 0.6561283686168675 0.7766592518381735 0.6647408611561743 0.7772788604751967 0.6648335451181908 0.762157260577936 0.6660004037321576 0.7568846714665591 0.6589277634799295 0.7488289178243969 0.6540652618396129 0.7503901191558278 0.6140376973498506 0.7487594644276041
0 0.5321030449575439 0.7355527415577706 0.5292890950472594 0.7426198826893504 0.5297444177749336 0.7512907129008504 0.5338953835289577 0.7636729308922959 0.5423881820816873 0.7612473431045456 0.5757694767076127 0.7569299428906331 0.5884473344907607 0.7549615343726156 0.5974799273688244 0.7470155900952111 0.5977571658526746 0.7424158770616299 0.5984672450029253 0.7371752063466736 0.5970081072792053 0.729185231812075 0.594453927333465 0.7282949642437174 0.5931199827169706 0.7264033621577713 0.5744394167205631 0.7318310111835657 0.567647571758111 0.7338323853422617 0.5642922258333395 0.7377691225444206 0.5500306014357254 0.7413476039009375 0.5380402068284913 0.740939634809583
0 0.5426248266511154 0.7119158084614531 0.5404780918384184 0.7184782925346859 0.5329692118690257 0.7313699099923799 0.5316287969745218 0.7322269642878351 0.533016603884976 0.7354889047649293 0.5388335861906655 0.7407315177946083 0.5469773298675985 0.7410785251855745 0.5568470226627352 0.7392575917739338 0.5638906250024307 0.7373011479578492 0.5675094380948664 0.7332313256564121 0.5739586984595315 0.7312538902950316 0.5927534593218682 0.7258182616701321 0.6002189896599173 0.7205635740716875 0.6037600016610778 0.7145143740941476 0.5989049414561317 0.7075250866388969 0.5975001516050522 0.6980045342928062 0.5669907115679776 0.7083810563980862
0 0.60374803226242 0.7142098544516703 0.6001287335913036 0.7211805929557474 0.5941058436150297 0.725265727017154 0.59725445110905 0.7296260520775806 0.60306496313673 0.7376173214886609 0.6190522443667917 0.7365001776139396 0.6452148380631934 0.7349773690613371 0.6595196053796447 0.7318403020767463 0.6636126664551025 0.731096257045245 0.6634764751065805 0.7188915325488349 0.6638928184110362 0.709091046795823 0.6564342439296772 0.7086961618102258 0.6361674047876018 0.7116391286633297 0.618232826137418 0.7127396659015998
0 0.6031731733033302 0.737457082068317 0.5984612603035964 0.7370229465254349 0.5973657325028954 0.7470235696943162 0.5930532741850704 0.7520577636731088 0.5901106377987179 0.7518055186308342 0.5914804906111853 0.7546106796442125 0.5959520444804034 0.7547562547428276 0.6020352670286465 0.7492928026911677 0.6142720717810375 0.7488957650506324 0.6542816821728132 0.75006964031514 0.656109285606358 0.7470410505268177 0.6557796415645898 0.74156767656133 0.6545429088733992 0.7334094830072825 0.6454492124943801 0.7351136696843654 0.6191784086313785 0.7367967176573118
0 0.5433692052771965 0.6844877140112932 0.5393907179216999 0.686711793915905 0.539460225469002 0.6964373118759859 0.5348960686460936 0.6996753541230066 0.5364823972329718 0.7029006347298371 0.5421553041094087 0.7119565930235972 0.5671463179021502 0.708542230701335 0.5980044817871983 0.6979066268438213 0.6006804179673193 0.6970246135653352 0.601338247546169 0.6898893732103759 0.6030952559484046 0.686847486183149 0.6011915732253463 0.6835053759873735 0.5976902223091765 0.67930186862014 0.5924750109455917 0.6818903778491711 0.583632243087368 0.682369278927748
0 0.607352514053321 0.6864109962360213 0.6012015865495118 0.689064890538317 0.6004779298033749 0.6971777681949828 0.5974900882431791 0.6980815764978905 0.5989002882585943 0.7074354001254114 0.6050607869925464 0.7129821530361645 0.618811867496363 0.7127162950284497 0.6367053401328602 0.711743962855015 0.6573133323362388 0.7082188570345546 0.6639786533840671 0.7053900130781899 0.6652158194861781 0.7023844510916654 0.6640299026591288 0.693431971287963 0.6644693398997406 0.6833928790604465 0.6619527439287436 0.6803716081402471 0.6558844319545604 0.6798226063188308 0.6443166891112673 0.6799358991555948 0.6254816094844177 0.6834761244510331
0 0.5995004653256428 0.6386094887005797 0.5956733853188493 0.6478130960648308 0.5892692083828385 0.6495807188330822 0.5894048675836999 0.6510944522695556 0.5925301966077906 0.6550395121239598 0.5992657220721569 0.6558889713945528 0.6003443265749357 0.6600785978248952 0.6025389746926493 0.6597221472593859 0.6183250569551274 0.6583144199928284 0.6297500292880824 0.6563990539618922 0.643433983305742 0.6518886963399764 0.6524682952307225 0.6511558578462086 0.6562622395657187 0.6488597977167829 0.6554121370994637 0.6407953982280165 0.6527146569542143 0.636109608874251 0.651791937003019 0.6320106372196613 0.610585482249526 0.6377333530135355
0 0.6003642289628908 0.6605849447382045 0.6005194675889399 0.6645344506620171 0.6015208282036534 0.6764470866919345 0.598098683098457 0.6785140715387632 0.5990257064900105 0.6807848870019847 0.6054166501421793 0.686431158381868 0.6255601848193563 0.6835003749229971 0.6445405560760413 0.6800415847199751 0.6527516599896017 0.6777415091381641 0.663626034563929 0.669568670596011 0.6605633193686091 0.6497778213152637 0.6567899233471026 0.6487213772099384 0.6523963236713171 0.651262434532325 0.6431981662395707 0.6517020794850167 0.6295981252140898 0.6564096685688016 0.6184809415067112 0.6584050747685808
