0 0.25522071348314934 0.19529100436552219 0.26932756867535756 0.2011128988440175 0.2778413681868505 0.2214256062398213 0.2755791866903349 0.23544963384526776 0.2450564364424928 0.24398095991413624 0.15262482286363466 0.23613739257721075 0.15174091688717856 0.22042730497656735 0.1507282220248029 0.20669900137277467 0.15261063193789948 0.19998124002107817 0.15759246222309997 0.20471862897934376 0.16894175845206938 0.2002922175303918 0.2218756495204462 0.1950010654956518
0 0.15154338930114952 0.23661549718796404 0.14738954240811014 0.26358570986312274 0.1534012552814225 0.2746686244540471 0.16260309304192921 0.2827671611954023 0.24436665921721945 0.29642833670815416 0.2592653921339371 0.2971314921693778 0.26633917202878155 0.29030435076611144 0.2723056907358653 0.2646025023116207 0.26812643234663797 0.25503891131822365 0.24544231174812842 0.24730737774622855 0.17991422955359154 0.23923666076494907 0.17373237481412612 0.24289402828557835
0 0.2596780410512257 0.24201388505621602 0.25138620611258955 0.24545947965038964 0.2522176465888137 0.25117879153137895 0.27422801973690797 0.26001967018436156 0.31569395992526905 0.2694325776109852 0.34100297847852296 0.27907984596067614 0.3534848156431814 0.27809184912767587 0.3587261410539408 0.26974538412688204 0.3640957696527063 0.26544064604922507 0.3707331941376234 0.262734362249258 0.36557497774864145 0.2383377911277734 0.34351486375818735 0.2312800050061936 0.3205927827846734 0.22535794085898886 0.2893686913702448 0.22516648259107921 0.2765488438113458 0.23635111585877777
0 0.2767043180181058 0.17797103684644477 0.2701256732087943 0.18625118072409205 0.2694106554147485 0.20132155289266754 0.2751753690798108 0.20685698429929922 0.27864074634402514 0.22184898356706736 0.2813046413043344 0.22908761904558395 0.2895766935729299 0.225391065074551 0.3208900911697998 0.22430134956477651 0.3448719658267801 0.23159728550619943 0.36651607541186393 0.23820590666083566 0.3693184490624578 0.24720125777736754 0.37619497059141205 0.23304354065840568 0.38080154555732104 0.23112932143942033 0.3803375053131401 0.21800030316257288 0.37129392891295876 0.21190944143609225 0.31199857896927996 0.18875630050857628
0 0.27320013709189034 0.26267293746648424 0.2662600413486189 0.28930051325867406 0.26492158528103404 0.2988761560297321 0.2716177894415567 0.3017437323074453 0.2797191315094828 0.3176084423950681 0.2980657323584397 0.3137687099587916 0.32180964664041567 0.32287411532500493 0.3682580325254583 0.3351410316929704 0.37569807598331323 0.3305461477880503 0.37875256385280487 0.3017001445649547 0.35922860996917033 0.29301828505165267 0.33998275013513785 0.2782078929201766 0.3147528622620466 0.269564462077923 0.29497059699885064 0.26726209455965416
0 0.162427744526366 0.2825373683282623 0.15220461279525593 0.28260621969722427 0.15027085654158384 0.31322193983181573 0.15096201357612948 0.3219898330608383 0.155674071299171 0.32337520192795527 0.15652548981042586 0.3276882606414875 0.17076799483101884 0.33319327389345715 0.22039195276798346 0.33987710190565784 0.253071034606055 0.3424574801092379 0.2607786396984414 0.3396725843307891 0.27106861068647253 0.3372077023727547 0.2772602231959255 0.32167908131440587 0.2709129314068017 0.3027933699397333 0.2598383811644368 0.29854916259516295 0.24607436947545225 0.29911422927097825 0.20029737741908749 0.2925731953267441 0.18037062728203634 0.289569526249307
0 0.27883090910360603 0.3221408709367782 0.2723332106714277 0.33703048262030705 0.2626554115288472 0.3407733833279814 0.2623485619066155 0.34661256844458005 0.27612548322728037 0.3494552123458016 0.28251379500996454 0.3591294719773283 0.29121940675912833 0.3592732843113035 0.30226813773813255 0.3567020705018004 0.3265211107868985 0.35944041908357044 0.3658550977358319 0.36858912905380564 0.37522604725618064 0.37068541346273004 0.37923327461348977 0.36637337301520634 0.37938215385753143 0.3455544389398421 0.3770937279524381 0.3359875294257925 0.36917345915711464 0.33607461190300353 0.32193287674404436 0.32394250049559725 0.3052545939733291 0.316733122822105 0.2887116643193418 0.3183376343969398
0 0.16929197546081842 0.3326783985906439 0.1542930072685032 0.3333468471969094 0.15374799409335238 0.3673491903484056 0.16012715379624143 0.37553400092840983 0.22385280326820323 0.38380545141985173 0.26162963591343436 0.3856789021247922 0.2672264415558831 0.3839389104871045 0.2737940166234649 0.3763289102017349 0.27987727727267897 0.3625749847339846 0.27706185241512316 0.34959028147878884 0.26251101398011534 0.3468511161317996 0.2427742447047072 0.34197171883982924 0.23352110197587694 0.3427906143260626 0.22337277002663058 0.341345808212584
0 0.15941143284716802 0.3758525760507223 0.15575506582729381 0.4062566553306685 0.16108675868029315 0.4198574836029976 0.1716010013196715 0.4252591146991335 0.2093770401661385 0.42953055664824125 0.2501528716479815 0.4291967755533961 0.2779986472266353 0.4240988297672715 0.28099843986201123 0.41949360672331854 0.2809898000078481 0.3937879729324485 0.276579013572826 0.3890255936938964 0.26625121582369393 0.3859891687796675 0.2458166888602109 0.3855647577816133 0.22735449900143112 0.3845650286754514 0.2230595710780401 0.3869604162793691 0.2200138367648754 0.3852948247990673
0 0.1616933741183662 0.4218648907154175 0.15977829672470573 0.43169860522353815 0.1575469197168229 0.4517398167466357 0.161362408747026 0.457482370748526 0.16608748616195246 0.46907579190843524 0.18667383437114687 0.4685821764398999 0.22253680445827173 0.46564879396079434 0.24748799742469962 0.46364674320655647 0.26061715534093455 0.4624046699979451 0.2596609557336498 0.4559625012944495 0.26522838287854794 0.4498017853790506 0.26793652060052764 0.4443406841652569 0.2835514086144158 0.4433480968700043 0.2838557206506114 0.43583253095804725 0.2771816117422626 0.42511007867898415 0.2508413914979236 0.42939920388101144 0.22766410316792607 0.43115266144825437 0.2087817427613196 0.43051073141157953 0.17115752516056393 0.4253212629958823
0 0.1667060891780523 0.4683912679178354 0.16162674078050498 0.49211967601829626 0.1671808412578309 0.500009917163473 0.1712180683675878 0.505721397016989 0.20932239440630407 0.49709341084810016 0.2259647379508647 0.4920709186170023 0.260380751504263 0.4878457271644512 0.27248245388982534 0.4906335588916851 0.2777215938424743 0.4973722710942827 0.2794615443791425 0.4881609322800133 0.2823794326026493 0.48536068802086496 0.28392028112627177 0.4821555871064862 0.2628098914356461 0.47315730369901904 0.26139889763599977 0.463789701416514 0.24733617617898818 0.4645647696731459 0.22238498321256034 0.4665668204273839 0.19543814753014838 0.4688485385169912 0.1913416520750304 0.47091720119979624
0 0.17133459642399168 0.507199650880681 0.15758683549165697 0.5091262480798922 0.1579090967809515 0.5473424367708973 0.16734994221186839 0.5505031582786236 0.20002667477337116 0.549809792661564 0.23076636341947826 0.5472954648223306 0.25378051247051026 0.5434724518459192 0.2615646508661736 0.5426805074255545 0.28081059165433686 0.5280267290139512 0.2850715654779658 0.5166685957827589 0.27998424677102823 0.5090118571135717 0.2774998557629206 0.4974033452426571 0.2727041919693791 0.49060248474331075 0.2599372753451554 0.4879078754611999 0.22598804356214552 0.49236656938974077 0.20914726754931184 0.4977157865419513
0 0.38093083228298596 0.3474006052727076 0.37946506456307355 0.3660698771020939 0.374592917844751 0.37346678591558363 0.3976810555468285 0.38421901104858597 0.46181408849360583 0.3992904431236215 0.4831336017109591 0.40357639034829473 0.48807181004003675 0.39169413630120126 0.484644246005023 0.37482963285119336 0.47520907558555 0.3616045838760431
0 0.2871698026122146 0.3929918142122639 0.28161836125068107 0.41838826839174104 0.27947863758659 0.4266199101471973 0.2842621199138321 0.4366062892141503 0.2864753907962 0.4429565808162195 0.3058149477754215 0.4402463550206488 0.3273533648853677 0.4400824648341762 0.34948568834742105 0.4438316194931566 0.36184077161423933 0.44666736132316814 0.3712178389920383 0.43888311031040894 0.38970362894942534 0.4307738660782699 0.39568468686202724 0.42879389407065455 0.3967627139253684 0.42255325965558344 0.39214329112773627 0.40740582252706653 0.38436482465450783 0.40468991338633176 0.3614359509263054 0.41437330072299455 0.3516883847361314 0.4138363269593146 0.3261536989348339 0.4067580003883389
0 0.2797016597646972 0.36245796885449894 0.27344419917628826 0.3772266935796613 0.26686075078309573 0.38423885212631825 0.2766375647274435 0.3887680014156138 0.28161478058935674 0.3939697614862918 0.2865106060627958 0.3963284458972618 0.28712020191920806 0.393198237354706 0.3081749245688076 0.39957228996843064 0.3263618432211482 0.40577733738503524 0.3517850383780232 0.4132518856913405 0.36153260456819736 0.4137888594550203 0.38419398599996346 0.4043332569910835 0.39120728121565307 0.4063952013514436 0.39080160802594455 0.38133261367192334 0.374657974103202 0.3738897285414864 0.36569847405069345 0.3688654441666579 0.32620375120396033 0.3603180850020256 0.30229563530874515 0.3575789831841519
0 0.2694885667527951 0.44409138234072393 0.2651194189440662 0.45050710808034905 0.2604694760550351 0.45556935907924995 0.2615290497585159 0.4623849968856655 0.26413791113751184 0.47339413184068563 0.28494576539647254 0.48115646595155037 0.3294987178153581 0.48976966144877093 0.3568145262254212 0.491745089731326 0.3705812846445505 0.4919050678591356 0.3801888540779259 0.4856837851056777 0.3852374957806308 0.4812620734000434 0.38625416173303817 0.4676556231261045 0.3813342931626537 0.456041800311166 0.36742326240076306 0.4496343275160159 0.36196765231354244 0.44668467094560577 0.35006821465856897 0.44370949574880814 0.3270031303582417 0.44044196278526443 0.30558713842825347 0.4404253903908472 0.28461483292549794 0.44382870292533627
0 0.2845383171350113 0.48221625200197743 0.2800253682925333 0.4897759702117262 0.27820341687081834 0.49742039333083166 0.2803069803421475 0.5098256120519 0.2852689766666424 0.5167502489230943 0.3071079004621815 0.5180770405787166 0.3405010907535241 0.5208077643471568 0.39232377623092957 0.5266379417686183 0.3932825107957832 0.5100539643906622 0.39646904266941957 0.4961791447825288 0.3890512750046906 0.4915116517103579 0.3710164967796339 0.49269620091368255 0.35614057253343967 0.4924309518702843 0.32929854909979905 0.4904855541957085
0 0.3812944994109946 0.23175800156419044 0.39194162238325647 0.22741144298139207 0.45456573161779745 0.22700851026989896 0.47417913376750226 0.23320395051874132 0.47912624937346715 0.24164500798445707 0.4798825102516352 0.25485994060965284 0.4722146819210544 0.2589792826542418 0.4627333292746547 0.2690617333988161 0.4422347810945052 0.2715537814894232 0.4105041139693574 0.2619183754725545 0.38476085763085843 0.25943644836520935 0.37415104029036633 0.2624456875494556 0.36961978700614256 0.25565904053745897 0.36826113564738394 0.2474762944513046 0.3768514156401792 0.2333321446687141
0 0.29680200553126584 0.5174200238105992 0.28733562237020405 0.5218985446574936 0.2805573292526472 0.5281824519271715 0.27027646893474533 0.5361694790710282 0.27081494544458384 0.5453072974755572 0.2837925329133142 0.546155633692052 0.29092836217021784 0.5582481815794909 0.31447954174329446 0.557129835908561 0.37375364830866176 0.5662799640177265 0.38345659601058935 0.5624956554641473 0.38931562843706347 0.5653113976683398 0.3943061887619371 0.5478826488752314 0.3853729034546174 0.526828714692367 0.33880146986138804 0.5219598153356143
0 0.16341362437526485 0.5518293010847359 0.1651558249202193 0.561556302586731 0.1611011325231716 0.5699280330787676 0.16350244971034178 0.5880164691832742 0.17600210778189446 0.5877821290196017 0.20327817280039806 0.5852602740854768 0.2790216821287955 0.576813297595817 0.28476933038306335 0.5651696196496621 0.2876902375972019 0.5547891349810258 0.28394218053523695 0.5464270530040981 0.2711465222306173 0.5449687609977586 0.2606358202493516 0.5436237858773251 0.19993091724752504 0.5510470882484672
0 0.161358145835651 0.5920050770089128 0.1607109947577967 0.6096640537364436 0.16128870370073395 0.6269422335720202 0.18775247483529395 0.6303446004260586 0.2796062465827909 0.6235375479810189 0.285812547564249 0.618694024395997 0.29038679494198577 0.6050859260636477 0.28320257350709566 0.5935439400763544 0.2826970725646508 0.5871312464785241 0.2722785460817736 0.5823169004297192 0.23175334443113282 0.5836039894588536 0.20427622907453896 0.5872454581304387 0.1762768378260572 0.5882412166646495
0 0.3997019250664548 0.5740632170186447 0.3904318612057891 0.566377227054683 0.3823641593372511 0.5617316990432759 0.37196463493394705 0.570248789208849 0.31461145390323286 0.5571070712599894 0.2907571803739737 0.5598081928822412 0.28496838741783936 0.5657537640024323 0.27878103091595596 0.5771274816959557 0.2832825053665831 0.5878673556196772 0.28340227553733205 0.5940232401015896 0.2980632012727673 0.6069130293269155 0.3206020885952079 0.6084651736811776 0.345309937479934 0.6097133619736737 0.36127861593598365 0.6113740554160917 0.39647629337983165 0.6096902619206516 0.401671457933043 0.5998656520867337
0 0.16439720829186705 0.6281479543642894 0.16382476120938694 0.6363601987032338 0.16293256766963599 0.6637275041276446 0.17623458899352135 0.6699953946111639 0.23663716285364184 0.6664098528127346 0.28810258071084915 0.6616371482872706 0.29211964114194433 0.6545685837836365 0.2890907892625051 0.6277507696661936 0.2799634247302567 0.624150655911965 0.23368893064894836 0.6290091118912279 0.20109869644467038 0.6295102629878717 0.188255890359726 0.6329364451752028
0 0.2925852316115476 0.6101838154826443 0.2874404938471263 0.6222896248510389 0.2896940270193036 0.6276662325420447 0.29683595434174304 0.6408964089591872 0.3772712691151999 0.6438553247922361 0.3908767308119594 0.6346298492931546 0.39816450214673127 0.6226303184947712 0.41026095870425705 0.6213417345163252 0.40799203019492053 0.6119012732179215 0.3981183161352537 0.6104387576725779 0.36478173240355716 0.6130775069781067 0.3450660057057793 0.6105546343919519 0.3202861609183259 0.6095546443701273
0 0.16848760241980842 0.6723008527386968 0.1634071782457362 0.6774854304058927 0.16773760990344 0.7053406457886348 0.21640874892754575 0.7038057364156417 0.28717686425506744 0.7040533926276756 0.29613123708961486 0.6938533115415816 0.2974183322779576 0.6831013104892197 0.2939266221706275 0.6774916185419793 0.2895146600909404 0.6679448786735646 0.284514855591614 0.6625465295366966 0.2362241336261784 0.6689073409640774
0 0.2949148307222834 0.6436052399209024 0.2923261557556761 0.653319839707965 0.28916594445382604 0.6635211351237089 0.2947834712998727 0.680624349454089 0.3075773591316271 0.6881832525753544 0.314404093732983 0.681940746526647 0.403712250919004 0.6930080567879293 0.41277803410261554 0.6803527561125668 0.4094783540190954 0.6617049177719939 0.3953982817462357 0.6571724669928273 0.3867799614533558 0.6445557918905896
0 0.20477241835619847 0.7070628443546747 0.18816798470708063 0.7053237616613722 0.18216639781341404 0.7142968401176569 0.1805930790838312 0.7291549633394911 0.18724226825129897 0.7477400060017771 0.23377037370505405 0.746098818058773 0.3090002801126902 0.7371825801203621 0.3134303697712489 0.727616527465385 0.3127012370754645 0.7183668818611414 0.31000297325426784 0.7150856038169461 0.3097502726290586 0.7041427870704243 0.30075062453027107 0.6944257586240616 0.2869386482197799 0.7048999781988146
0 0.2905698271087802 0.7393588039023716 0.3031562895795654 0.7558919998095717 0.292660299436991 0.781352362622032 0.17023655772292695 0.7834644599082682 0.17084252772143782 0.7602032766533298 0.17292397994315167 0.7440541407937497 0.2106571304173761 0.7468982777492378
0 0.29193025599396916 0.7798282657280516 0.30045347202218153 0.7912384653166923 0.30505564263120366 0.8031981562123011 0.297179118129555 0.8270716264524943 0.2746845079358347 0.8318504026262081 0.21540961140904036 0.8303986995598772 0.1720254111727385 0.8255002871900029 0.1723306730400876 0.7945558237868756 0.17803064105535493 0.7856250138926653 0.18269803600196366 0.7829379243768123 0.27734113948174105 0.7843123762968941
0 0.28020875201168877 0.8322960440224648 0.29014586891446725 0.834562876576873 0.29571538825456145 0.8549256275055864 0.2710922290804123 0.8713875274269499 0.2351370904550275 0.8678876205944827 0.19535692142235755 0.8584181318723173 0.17864107742417545 0.8591342687682831 0.17720002886424074 0.8292477337466672 0.21607625200895053 0.8311184794447929
0 0.18199058650812305 0.8590714730899963 0.17927237361358 0.8903540849897192 0.2089569186356922 0.895545948634815 0.26970820813292706 0.8963841503862412 0.30187001777258243 0.8943166338335425 0.3072683669094505 0.8854280925014067 0.3055574008926724 0.8559859845463977 0.2965251406250916 0.8535923463057661 0.2707906102020131 0.8714297959890244 0.2354070079118709 0.8674431935278758 0.19569024172231264 0.858778021814775
0 0.20524238783023374 0.8948466958661113 0.18798579817112748 0.9041772356055541 0.19117224641110853 0.9407313909559217 0.21836504222575587 0.9413932324811505 0.29665823417609954 0.9365203210339251 0.3108977243039759 0.9353380156254901 0.31685312518616493 0.9141733763470122 0.31309240836922886 0.9012825627561153 0.30707724763287797 0.8907406901844759 0.3019968234588058 0.8959252678516719 0.26943829067608366 0.8968285774528479
0 0.3170915961258439 0.6827556173666078 0.3081094290243576 0.6892637428626385 0.3044554751952111 0.6987306182826728 0.31045848393301767 0.7043738832825222 0.31022804100833495 0.7161400715994972 0.313747852457525 0.7196610358026594 0.37709899167249494 0.7271487664031483 0.40827448346492506 0.7289555986031472 0.4248995351740968 0.7253906340419208 0.42855487230800965 0.7041896704864872 0.4250605192997675 0.6892400309744806 0.4130304266879727 0.6776480881482264 0.4052286329117661 0.6932543980777625
0 0.31988951406109206 0.7197331427387045 0.3132596645140845 0.7264584266175412 0.3100233430799224 0.7405500402820516 0.31510679858359747 0.7531347769177531 0.38125106891308724 0.7520482336446804 0.4143425685253527 0.7566165278736993 0.4223160032464105 0.7572038987217978 0.42849317872517034 0.7512239560692495 0.42106660399165496 0.7413542455770261 0.42527434911972717 0.7298541133622848 0.377087398576601 0.7284241361506014
0 0.3165711526398094 0.7522476598895066 0.30227395429446924 0.7590245822950648 0.3015113758059641 0.7915218866036264 0.30616874020425855 0.8051891911282713 0.32684057700109603 0.8111570122686217 0.3867021036998638 0.8082233105060599 0.4220045714271403 0.8019122507869082 0.42255372251320195 0.7731953276685274 0.42230156621571735 0.7667525771275984 0.41507474555345863 0.756172969359576 0.38155715483581254 0.7526872430195005
0 0.3198256563422681 0.8097534122932557 0.3024805084013551 0.8135479515276515 0.2979795869822379 0.8278167849446095 0.29081731447838105 0.8342757300617706 0.2972975210818406 0.8548475747497167 0.30726773281595954 0.8548141673312442 0.408662068646498 0.840263916522292 0.4097550249220763 0.8281774317254608 0.41425518264168715 0.8203867927999213 0.41110166489415223 0.8095773084867215 0.4072949553076063 0.8067012571670276 0.38720794369384587 0.8081524226050809 0.3274261658836795 0.8120978043556066
0 0.3320136362270272 0.8540739174349986 0.31281829941857564 0.8571048843348569 0.30636085728045115 0.8692612387666584 0.30763683949807386 0.8854481185740847 0.31385121647286196 0.9026476966354838 0.33050444367972287 0.8965634586634841 0.41077579604418885 0.8638343389576324 0.4079686205134331 0.8509306067675254 0.4017663894708189 0.8436169337745815
0 0.3214545363399811 0.9001229007019854 0.3173780336595754 0.9072323065991664 0.32601815986190463 0.9315546880817006 0.3406112236967232 0.9254351841937307 0.36088793537909186 0.9242234052143924 0.43415881634928044 0.9104241114372482 0.43814760552486154 0.898999935117564 0.42581457551575463 0.895024047845039 0.411148300869364 0.892461658244077 0.40151097737313945 0.8709953208414639 0.3314307510157627 0.8968424497270421
0 0.37389864725957206 0.2634908619438026 0.36414538414789266 0.26609282105776627 0.35746619663985285 0.26949912911747037 0.353161522481421 0.27658690228821364 0.3534978827355797 0.28672972592768653 0.3595971920181126 0.2935946422337569 0.3816096073615032 0.30255252576447206 0.42228453585713166 0.3073511302732272 0.46471971590354666 0.3109766948497134 0.467433356116846 0.3013328073294258 0.4633495080983472 0.2759670315329666 0.44281944276108054 0.2711244266661473 0.4108130129441949 0.2617143739838436 0.38488181727366055 0.2588638247810552
0 0.4759546373689668 0.3183570584673456 0.4784591431842323 0.34425294836138787 0.4753719925339272 0.3520964591039197 0.46478640809302607 0.35882928587097823 0.4090664617438423 0.35119848775816614 0.3812305637054321 0.3476885015283153 0.37756699309153585 0.33646801629812223 0.37573520778458774 0.33085777368302566 0.3787281328473161 0.30419147943117336 0.383972428969212 0.30314776242838365 0.42205547623721523 0.3073832304548026 0.4696861104807799 0.31522129644308855
0 0.39023196437641783 0.3825550973327391 0.3919048405148447 0.4067148108121765 0.40419906797225347 0.4275333387982379 0.454482808762472 0.4278975072336981 0.47017923859769567 0.427241759019346 0.4974861752924948 0.4181656189972822 0.49165307581272544 0.4029261556479195 0.48290065998353865 0.40353513689467474 0.4619482422845199 0.4021483736646891
0 0.47673214806884884 0.43532846424200605 0.4542296292333637 0.42836980775261524 0.4043814416379916 0.42896886938669665 0.39766980854710754 0.42990943080456495 0.37084342780375523 0.4389910295719 0.36527351307946554 0.4493515105640829 0.382519120540145 0.45545021211634146 0.39980622335749505 0.4620753162639634 0.47768415703966854 0.46766033112808714 0.48285926981743565 0.45735517727813174
0 0.38977127204900075 0.4615184810607354 0.3853505930055974 0.48551755430628574 0.39532937130562545 0.4934709640069126 0.4512272205544454 0.49966523468434887 0.49093888823538784 0.5022049975152459 0.4972442074355574 0.49321646106385564 0.4985594392461642 0.48617414044002033 0.49687063095403805 0.46178433445125505 0.4913090404996698 0.4594464548944201 0.48193787277946215 0.4592010831973296 0.47820051054365237 0.4681414762953668
0 0.39841217371578963 0.49411465866930593 0.3942309715896275 0.5099931424210719 0.392595181163255 0.5249783346200457 0.3972126511367702 0.5401603615878933 0.40557265161359873 0.528793776745876 0.48932497471521735 0.544690689443108 0.5060533312359522 0.539931783930582 0.5078875397324766 0.5300162970752903 0.5061292475778385 0.5179213588351651 0.5021608285276448 0.5058678554483359 0.49129905466519336 0.5033656622177449 0.4739742420462552 0.5031106430299822 0.450804966398054 0.500186889939947
0 0.4056691746587722 0.5300503589489786 0.3969075810302197 0.5403359426997153 0.39304818161574956 0.5540516938396799 0.3952970387323837 0.5669114401376335 0.40289933701151104 0.5732569424066459 0.41299447148020957 0.5681367802565646 0.49503494347692667 0.5825777942568577 0.5041817392843841 0.5771788157310043 0.5100331943628851 0.5730650740724045 0.5097461371350615 0.5537546693065422 0.5065810415387617 0.5410233237348901 0.48930091115141616 0.5450918059429162
0 0.41339618485149104 0.5693156313206847 0.4044264011442871 0.5730429411961432 0.4006633022745432 0.5879803436423285 0.401464884610751 0.605983496617769 0.41755361946709596 0.6181388833274184 0.4475794548110556 0.622988836331385 0.4778144024368442 0.6265743377870302 0.5118271157183981 0.6271601334829264 0.5155590366097442 0.6039927885110674 0.5154957584497708 0.5953556288833204 0.5035057910649453 0.5842727074346582 0.49320246651759536 0.5828345957094611
0 0.5025383654054362 0.6276788759041828 0.5029185073366238 0.6613029864209209 0.4547422477156258 0.6657839729359133 0.41893099840597414 0.6723161151564293 0.41026057856429965 0.6595304690745715 0.39575367201492495 0.6555090911382945 0.38683205731456966 0.6431370448120649 0.3912650573337645 0.6345694598599516 0.3982985133768285 0.6229886667023596 0.41026481643439294 0.623582106578838 0.41667702526999584 0.6185211329639104 0.4459572082539453 0.6227425843897297 0.477482969939503 0.6266493427060006
0 0.5063484230691326 0.6400104554930274 0.5185060684533189 0.6466314418791547 0.522966028229478 0.6600071375414162 0.529184352016403 0.6704876349142795 0.5287401196830629 0.6792530331585523 0.5033450219213884 0.6775143103651943 0.43408526434575523 0.6989506266635632 0.4260790740690441 0.6909910644631628 0.42367335066787154 0.6712731291817039 0.45367846332286205 0.6666898457245569 0.5027263174359833 0.6624651124104185
0 0.5325813749738169 0.6775795308660383 0.5394942783787442 0.6860707027381475 0.5423130364861992 0.7110283216566925 0.4984188741932205 0.7338290976314849 0.43251315721749906 0.7510114064574903 0.42521756915932823 0.730465141566083 0.4247455294950053 0.7244769316951277 0.4330063049264721 0.7032642041433129 0.4758948402107087 0.6893074996901803 0.5047038311043539 0.6803510687458977 0.5277058377693193 0.6805331690641307
0 0.5099426400654823 0.7288085907539424 0.5254829809545818 0.7387395052837875 0.5341255934652736 0.7367715432504175 0.5395170002656149 0.7439623458482556 0.536130914464627 0.7694111077011244 0.47112714203406775 0.7800342603457721 0.42871234156219135 0.7855998296715665 0.4225681977598261 0.7724601538414664 0.4216982984157402 0.7578245556423192 0.42917429164410686 0.7518577092387478 0.4320402699791575 0.7522128690856814 0.49766528961717793 0.7350698968983697
0 0.42859480098979186 0.7855074520052173 0.4223304138864734 0.7855496417802409 0.42245885508778086 0.8030812381310296 0.41020187843873435 0.8039632232946728 0.4127132129958205 0.8119682378923123 0.5098226964791313 0.8061592343252459 0.5179145864618002 0.8027967249907899 0.5199276354724574 0.7938791028778424 0.5224402179470348 0.791298472008653 0.5198866936149252 0.7721567692273363 0.47135832048265947 0.7820217011256677
0 0.5108124638807074 0.8054633993000148 0.521164985750384 0.8148766430414406 0.5249589801541484 0.8285517723192837 0.522836088994713 0.8466774331069385 0.4770592056458563 0.8569924690787478 0.4108478281977456 0.8598642686481305 0.4082713371018873 0.8510326899752183 0.4020839018985882 0.8440999704046052 0.40999086970869647 0.84104194089025 0.4106666497776588 0.8284118120677452 0.41510478191911804 0.8211042963853253 0.41772658258372813 0.8146084495748432 0.4634594042813245 0.8090351936195997
0 0.4177278296121611 0.8613139105147422 0.4122395049931516 0.8641128923312431 0.4043930642976885 0.8707945819312005 0.41223609498605324 0.8930387840138564 0.4275706149781819 0.8944420638188831 0.4405470188938569 0.8997280514073659 0.4769225612020873 0.8976752003992682 0.5106438157177706 0.8909196845746346 0.5177780802917699 0.8752034574077417 0.5230697148794055 0.8602529179284429 0.5159976399881102 0.8526171134904027 0.47143878325920907 0.8619063266389514
0 0.45709176988091926 0.20332569639144837 0.5003567710248535 0.20941995641791852 0.5154728597326986 0.20543123805610217 0.5611835974854799 0.21585866780638033 0.5646876238625375 0.2247194426395389 0.5659396507767417 0.23763654058788955 0.5573226184150599 0.24102621533731564 0.5315819385937054 0.24369830540942775 0.5069606587183179 0.2487073440523098 0.4802707099133462 0.25120073619464206 0.47944435952479053 0.24071780450983263 0.47483273629358824 0.23263570220490906 0.4554459845187889 0.22693589886591362 0.453219685958226 0.2194547021455103
0 0.5618704054908172 0.17118538426952493 0.55842539457287 0.17790271493139112 0.5551019057708867 0.18616165319396458 0.537744224212913 0.20916815712571482 0.5616460797656921 0.2157938560111995 0.5655396751533833 0.22366485448875287 0.5747289088194192 0.2186363544458483 0.5782225285837521 0.21253566682426503 0.6386958935487597 0.2233880971874785 0.6487614829288343 0.2176133305139293 0.6492885665845465 0.18574325879082557 0.6431547748258241 0.18504420452746917 0.6078498883778168 0.17315850938562216 0.5914317674302844 0.17545932811454187 0.5862840504097427 0.17243999372224325
0 0.5795613665780031 0.21172458839843963 0.5653438432887434 0.23304412368335817 0.5667062874666384 0.23846428745554263 0.571061666894993 0.2521933948157837 0.5813216916606103 0.24888520030336614 0.6297830186714719 0.2586154377624178 0.6678634970403009 0.26418934145531137 0.6655163746033225 0.24924361645633228 0.6606749067111116 0.22934807869326215 0.638050778974827 0.22410195792053264
0 0.5649049671921753 0.23934017767654894 0.5706720978843594 0.25318317117138883 0.5729581101435812 0.27031955270894864 0.5580107559189884 0.28831236306749203 0.5163033325780405 0.28418191829646955 0.4925223009016767 0.28502074768956065 0.4763937383138119 0.3087901866937831 0.46889750237719446 0.3026709686582422 0.46370396946846204 0.2753433085141869 0.4693405679110549 0.2608373905978408 0.4799172484177273 0.2556144551693937 0.5071432910120384 0.24805829511443642 0.5316062430168982 0.2440066269295692 0.5573712272614455 0.24164285837759858
0 0.4929847831818889 0.2849559358943798 0.47625971486647706 0.31005587867193934 0.4765506697052421 0.3196786575915053 0.4840580104941329 0.3348364174039196 0.5010837420214856 0.34024363667853624 0.5710275871181182 0.3348059627858007 0.5876769492057566 0.3324727381592906 0.5884456806142996 0.31553172299333826 0.5873762859938159 0.30196557610711433 0.5799654646581476 0.29396402305313424 0.5578281236252679 0.2889614120053654 0.5344977711372944 0.2866198085042706 0.5159137635674067 0.28517169465207476
0 0.5726435491211721 0.2544655315913728 0.5729338057203884 0.2700112311888072 0.5625508623597097 0.2836236594562544 0.5652396432004849 0.29104004438147696 0.5808904292185719 0.29383439946277257 0.5893720416538213 0.3035562580472396 0.5949836374336727 0.2946649392886206 0.6560674059366953 0.2895337249438966 0.665328854632761 0.2913531101392848 0.6638594843889188 0.2638152771539241 0.6295517775313657 0.2586478436600082 0.5813946049301887 0.24981016486379048
0 0.5950433569065132 0.2953713937072623 0.5891817473767827 0.3033410681367228 0.5870798084059847 0.31605098628622935 0.5897072119098468 0.3314841449941471 0.5976824774124841 0.3360098424028131 0.6270441346928004 0.3397958098680032 0.6690534195071356 0.33578978585679825 0.6778382898948694 0.3255293343033011 0.686005483461392 0.32175123206521156 0.688680678515135 0.3055749726022032 0.6856124384402236 0.2917084837443246 0.6675457233533311 0.29160677471563085 0.6560890287234686 0.2894500755631162
0 0.578631845299044 0.33416490417488626 0.5828457548369418 0.3482470629480164 0.5692871212362812 0.3588002819450084 0.5039655032207273 0.3784886271260824 0.48912878064518506 0.3907258476712856 0.48526770890470755 0.37396068250967324 0.47553078252367986 0.36140495941665324 0.4771181312606191 0.3529056069396106 0.480291986031594 0.34305525452778035 0.4877099259679134 0.34051082052630627 0.5012526290519469 0.3404940742529563
0 0.5825971048603552 0.3335217230534459 0.5838038477328356 0.34883024504186455 0.5768193740204323 0.3543762126674468 0.5804938901563645 0.3599508305244821 0.5904887397220469 0.3636247964989036 0.6003247595928876 0.37011206940555264 0.6035329621465733 0.3818415967741495 0.6422372306934545 0.3731191079437555 0.6728277083320655 0.3701008480992691 0.6801388802673979 0.3662852192183146 0.677200301264585 0.3362492246753584 0.6687801631379426 0.3356530923463954 0.6269360788807434 0.3407558845478535 0.5982385404053723 0.33640438222624075
0 0.5025803171912481 0.37817546888163595 0.4907689538843374 0.3906894560390246 0.49010131762838094 0.402882773192657 0.5001530543916658 0.41822764037574967 0.5237121807280002 0.41895934019609743 0.5598090423921931 0.41048801131658635 0.5743690112117779 0.40627584118282734 0.5893782182297854 0.39300346133280567 0.6054165101883318 0.38393036846730505 0.6008274379217571 0.36999172000101915 0.590992709355293 0.3633034453080673 0.5808061944661751 0.36100797149046077 0.5691662406048053 0.35798543072155
0 0.49817850444228884 0.419745352334824 0.46995495840889445 0.42773382306108315 0.46965155055894664 0.4327403444978473 0.4773064681322112 0.43539059378196515 0.48214917991531453 0.45549870017757854 0.4906762998580015 0.4574062196397277 0.5293289480744007 0.4488869755744149 0.5501028375783531 0.44380399293194656 0.5641182011148165 0.43563489146410134 0.5729736130741607 0.4269478998064405 0.5761002789369115 0.41347922634416845 0.5711711675006812 0.40703423387546017 0.559627275654367 0.41113398419314273 0.5246085723337757 0.4185234706548384
0 0.49146349243501 0.4585369038171536 0.5293773265471068 0.44950069613583393 0.5499694493132331 0.445063686369922 0.5640940118784634 0.4353280311833918 0.5830274346285153 0.4246082170982672 0.5901481042109433 0.43819209009804183 0.5942768860564538 0.4521952431946026 0.5817619501042353 0.4734948321026817 0.5685220319917823 0.4796937626257203 0.5325226222033582 0.4834976826643141 0.5059225347270435 0.48846639234308853 0.4992365764686135 0.4863008543598402 0.4968653363756594 0.4621233968140643
0 0.5061284907012227 0.48812727974724174 0.49709200693440875 0.4915653943177036 0.4966303266526314 0.5034195988754889 0.5031103289368822 0.5059242494545843 0.5068396409173893 0.5178116329013157 0.5085467194061698 0.5247081577819475 0.5199821071540736 0.5162801112191945 0.5669925506586886 0.5075203646510643 0.5867850387644515 0.5047466655492493 0.6043852737936601 0.5007289358801232 0.6060819949901556 0.4927349057110119 0.6030424237108883 0.4866456152826235 0.5941047816805562 0.47362662108465736 0.5815318048937032 0.47352708441781904 0.5707992948607505 0.47906437919363704 0.5323650447018852 0.48445051582158
0 0.5259793361177815 0.5166955698144258 0.5113127420684636 0.5227276422003574 0.5074421683298102 0.5318352838279811 0.5057930830793895 0.5400198066546738 0.5114878495443977 0.5569639962992399 0.5216985137672824 0.561345200084861 0.5317183769108964 0.563305935861895 0.5851403984530588 0.5512309157146019 0.5954239834573544 0.5448953712431407 0.6010029251895295 0.5312657089815834 0.6141526375129387 0.5263639133580211 0.6140340720267367 0.5190389089725028 0.5988925308442686 0.5015831756965128 0.5677208267926258 0.5077869515261789
0 0.5858688553502917 0.5517406321771136 0.5948856424510501 0.5526183346693677 0.605417940901033 0.5639901841595553 0.6059896589505028 0.5770638000654679 0.5515993087853348 0.5972279424998181 0.5194238435024944 0.6081608969248556 0.5159130773525001 0.6043702804281265 0.5160813986735463 0.5948637661753378 0.5034829802064092 0.5834755598029829 0.5006768208187389 0.5798921012676918 0.5098258114440094 0.5737155576956229 0.5100179828999644 0.5645116019439073 0.5211370078144114 0.5629533931298633 0.5318137774505317 0.5645161698661885
0 0.5963827825589448 0.5810867302306523 0.6174115107807003 0.6053795752464229 0.6093037031713164 0.6184854823668532 0.5191958175865736 0.6464559483130321 0.505793348844568 0.6288998942147209 0.5107719998957873 0.6271793352169662 0.5147275887263749 0.609236452461296 0.5205447486571686 0.6084212416000371 0.552213677906289 0.5981870066227377
0 0.6145262368848825 0.6176976386661077 0.629521341085249 0.6325262690059431 0.6328091567427816 0.6527577754810573 0.5471277993085555 0.6862097768874446 0.5363767802735335 0.6786870649579656 0.5293276086512614 0.6680120198473153 0.5207078615115805 0.6481515019478107 0.5310490623059034 0.6433162908222999
0 0.6097172418270874 0.6676567617259068 0.620922499841075 0.6845213887084699 0.6216114022163848 0.6968402011974023 0.5371335373913275 0.7384004494202584 0.5346955338426397 0.7361085486923503 0.5256030890986556 0.7388876460901687 0.5128842360105382 0.7278784757622233 0.5426155043078055 0.711296611573034 0.5404733581132591 0.6912807750131713 0.596262537516683 0.6687898445377
0 0.6036460883110376 0.7087634136102748 0.6085807612574993 0.7140914394250535 0.6158796840898391 0.7243552617901653 0.624016702028915 0.7273533999148499 0.6259250275300207 0.7372439864966088 0.5268308584149456 0.7902581203396486 0.5223529525561603 0.7728269519511889 0.5373061641269713 0.769226532666165 0.540849629914897 0.7390083485999553
0 0.6098546367178628 0.7481492005881174 0.6154505645208985 0.7511272216278374 0.6211185605809365 0.7657580519296427 0.6212342068733013 0.7815432057320771 0.5236544755352598 0.8215535303782439 0.5140206357415846 0.8067260236422801 0.5203675025806308 0.7941736713608748 0.5285346961471534 0.7903955691227852
0 0.6058694916559841 0.7870824070466211 0.6118743949968152 0.809566703683586 0.6121668815393422 0.8204361780206518 0.5235178425088461 0.8591949645529819 0.5183191732414971 0.8505179291228737 0.5244741120166581 0.8462693764882238 0.5270470631859522 0.8252165481259043 0.5637261019239462 0.8072848076057988
0 0.603867268460924 0.826113951722204 0.6131055351247198 0.832343767764046 0.6191833494254567 0.8593325211208412 0.5860293178500505 0.8790276079251441 0.5403165002171585 0.9004826702020301 0.5190474401376516 0.9027108488634304 0.5086199259755068 0.8921330183659881 0.5196383121430308 0.8744113297417767 0.5244724266108507 0.8605660815727338
0 0.6533659061906216 0.2248820332754574 0.6914338094126243 0.2349704038707899 0.740100569699703 0.23603324610597054 0.7429476292293634 0.26236775283076136 0.7337536037949883 0.27291009482273815 0.6932493795832156 0.2710461001656836 0.6695390165309103 0.2637439973821131 0.6668644993687909 0.2493811078747131 0.661367341723895 0.22855903910999265
0 0.7502924530710657 0.27401972795719803 0.7549993883209742 0.3011218047774402 0.7441065877083834 0.3064184184175565 0.6896189332964779 0.3065140474106031 0.6861015171559381 0.2912410697241081 0.6673011923514314 0.29079109452512264 0.6647083770072281 0.26442095827942086 0.6690305281599963 0.26381525642393505 0.6938380343761791 0.27199181786568954
0 0.7435980993374695 0.3064896774593784 0.7591069946503438 0.3043162766838116 0.7611920893215665 0.32424556023127044 0.7076137553908228 0.32935481389163435 0.6806768489537605 0.33655709510186343 0.675418655179147 0.331810180042756 0.6792865299403009 0.3254416099835791 0.6875162552162815 0.32223188230986277 0.6894181333923873 0.307227661426066
0 0.6805562154717195 0.3382876858591541 0.6786818271342299 0.347118787250162 0.680967721709543 0.366334456782158 0.6764043035926928 0.3704013401522251 0.6907877982051402 0.3800387119513278 0.6945755065442446 0.37265316515032315 0.7071938044757347 0.37294127210934325 0.7238128201738617 0.37506788198563085 0.7384917937296906 0.37540994502463937 0.7537326999378 0.3763587335163779 0.7585244077973571 0.3654051166380592 0.7684277215067365 0.35407790158879765 0.7697539221112542 0.34155351499866526 0.7650591963847873 0.3243891019121583 0.7086307321326507 0.32921229580799066
0 0.7804810159942138 0.37980773005534685 0.7203335679995139 0.37658367202021176 0.6964086601238098 0.37308174299849856 0.6913497308574206 0.38064543740405793 0.6858495024207921 0.3858718155995966 0.683800268621962 0.402267634993408 0.6917200023373197 0.4179518875662451 0.7682062674019395 0.41648708101123805 0.7840503410202536 0.4087829157165234
0 0.6760164487038198 0.3687420084367563 0.6813013646191164 0.37382791574313967 0.6856341898994602 0.3961841011015186 0.634730373130836 0.41565624426928255 0.6000325304266487 0.4222324498704599 0.5843228352096839 0.4251194646614895 0.5802282061016892 0.4253505447487885 0.5756793006020804 0.4198187566323963 0.5766970450418413 0.4131641268086878 0.5753998696718065 0.40649117042590177 0.5905354227130493 0.39305976644840696 0.6067543739988613 0.3835893808754906 0.6424829383641846 0.3737840974442752
0 0.6910779032629898 0.4163281853716872 0.6907694470982333 0.42219794213811107 0.6891225808055175 0.43065442176093205 0.6941135531732988 0.43201141434728 0.6967613481947349 0.44603531160740406 0.7038931626089047 0.4484632370155684 0.7718954582120872 0.45024378765518874 0.7827752816033031 0.441521622021402 0.7793128451399961 0.41390240534932926 0.7672427349414781 0.41730758358943376 0.69812955125511 0.4177391340380237
0 0.780700093361723 0.4510663374278728 0.7831989973645685 0.4795060566781412 0.7649460925951008 0.4892614784183449 0.7046115896156185 0.4836644746522781 0.7025921487492042 0.4743508393331064 0.6911649053229493 0.47286760802770383 0.6880475535947242 0.46919162579041274 0.6986059435998088 0.46291366492937946 0.6982860456095435 0.45233364622200334 0.7027021081036695 0.4496583613619509
0 0.6910626229478153 0.4324389685982113 0.6767180599994929 0.4330782527801196 0.6710971980808235 0.4400352217329489 0.6662803034764494 0.43762562288386225 0.6316091829129454 0.44454082073231543 0.5986773045876487 0.45395417943351063 0.5894565570125904 0.46415752917821157 0.5880104906239652 0.4719003947855698 0.5943933174010723 0.47134864901007245 0.6041194825553118 0.48712248718380896 0.6157742480263405 0.48823109672102455 0.6750803324384862 0.47752084309693504 0.6886094862470046 0.4697983512431428 0.6980577558668366 0.459220379730255 0.6965872704313275 0.44708791787014285
0 0.6817533379169314 0.39912711916702515 0.69135886958913 0.41663154809805225 0.6809600447302115 0.4314555741828059 0.6669094253294042 0.4358237730847497 0.600805169412662 0.45159956026165665 0.59376726633985 0.4471020518489257 0.5888717407092926 0.4306512527778816 0.590986628312931 0.42487108161235715 0.6353457500644827 0.41694095421656446
0 0.6875520424451854 0.47268843682590495 0.7001833175980506 0.4764020957785953 0.7054941879560972 0.48833910707231953 0.6926201104432838 0.5011108531143399 0.6268097980740568 0.5206155550112822 0.6147938998548383 0.5181866060058737 0.6032078589803505 0.5016451977366859 0.6086149437735544 0.4919762908056491 0.6161353807745303 0.4895514361892173 0.6749329768157621 0.47891244160694973
0 0.70649818747655 0.4847710369950054 0.7063638090752008 0.48958818749869043 0.6951625522978534 0.5007545579052306 0.6972216925263259 0.5138327374653487 0.712034276785571 0.515869761740737 0.7526858566200678 0.5163421578877768 0.7859376329356298 0.5175088178939578 0.7848702827041683 0.49092490452279053 0.7772437248383925 0.4854816784100536 0.7689735325024207 0.4914389735828884
0 0.7139475967871857 0.5173153163307401 0.6984921457556776 0.5201667016008589 0.7011536856964218 0.5311040391145885 0.6917726052772645 0.5392734353756338 0.6998671844539626 0.5473929699456672 0.7064508111351603 0.546127610154707 0.7106912604700126 0.557529155037523 0.7454425474555664 0.5516309339308975 0.7719633414672065 0.5554545522380533 0.792276921861013 0.545753086577838 0.7915699366798079 0.5270016244149285 0.7876371758117788 0.5162424345057534 0.7535287555984882 0.5172522460668718
0 0.6023227629315953 0.5315069178050639 0.5959536975636908 0.5438694461627881 0.5947839538417043 0.5529855477089268 0.6106629638824308 0.5681051182117582 0.6158622855283489 0.5648586914001726 0.6605024053358945 0.5535672721722665 0.6843683034720797 0.5449073757228606 0.6914795919677701 0.5366371649354679 0.7012992862830001 0.5307849555599095 0.6981440547083646 0.5200369079284807 0.6964190535473198 0.5141240276204054 0.6936134351873557 0.5024877191570233 0.6445274360052158 0.518598511349918
0 0.6134262121691876 0.5685571458069177 0.6070795850883589 0.5758809313307844 0.5999246732689891 0.5835977445179231 0.6147000011984842 0.6033480713332897 0.6651065458597804 0.5960043940970985 0.7122706122990822 0.5768058740289707 0.7059938065804249 0.5477516645153266 0.6991018879536035 0.5481579800360198 0.6876014424262442 0.5433352650697724 0.6619332623747214 0.5530869978616356
0 0.6208054467486042 0.6036114822759956 0.6138138090804142 0.6160612572810789 0.6302935797595863 0.6308168823364246 0.63254268743002 0.6380550922135618 0.6621531987581158 0.6330662389557441 0.6875590122423263 0.625309562196342 0.6999998657297369 0.62076855903211 0.7161562212327298 0.5994810522816445 0.6943350397930634 0.5888310326540515 0.666253224669455 0.5972424770188018
0 0.6872093990276549 0.6261978230282954 0.7039746011864515 0.6286042075833379 0.7094119712368983 0.6443477924751023 0.7091477247938776 0.662289173409517 0.6731469630612736 0.6740484145909477 0.6401724428079751 0.6789491857010921 0.6218336678705397 0.683197695706832 0.6077245355650096 0.6639135198443605 0.6216286502713887 0.6619650113866802 0.6342010003550737 0.6537687593892253 0.6333179413631835 0.6399047371670917 0.6629284526912793 0.6349158839092738
0 0.70346791996225 0.6647636682522943 0.7092661223709059 0.6770996208951766 0.7077455121837762 0.6977348665412375 0.660614476549852 0.7146907139925637 0.6246573381409274 0.7270033527742482 0.6161930999859393 0.7234336795877548 0.6099904418953949 0.7139519615935009 0.6069112378245802 0.7068300805795086 0.622552826086014 0.6976441977450056 0.6232751174276683 0.6855134916132569 0.6542510508090718 0.6792142676444274
0 0.6972926530499588 0.7008782523470991 0.7103105756382676 0.7116429298372079 0.7187966254550955 0.7154893018238283 0.713463927337195 0.7383373023705903 0.6312818771985481 0.7711156263578923 0.6224904641159643 0.7633954711694949 0.6165065492690528 0.7513652995425257 0.6239132351374335 0.7388573601058702 0.6286208544541041 0.737358372742405 0.6279228812752335 0.7285040111383427 0.661575442921271 0.7162345779301802
0 0.6288028071409434 0.7689452415303989 0.6220959743271416 0.7743612176691633 0.6224555534348786 0.7815844686882502 0.6082666338741115 0.7905667760122492 0.6126439451370064 0.8114945148168026 0.6186390791274557 0.8210053150268427 0.6665459953197796 0.8005836708950619 0.7141799524264891 0.7793610125786866 0.7113207448497797 0.7590597946640103 0.7061887380650889 0.7471899929740231 0.7007825189443115 0.7451500603674104 0.6591125448983818 0.7621798666086742 0.6356068524951699 0.7727475724431826
0 0.7087076716949567 0.7818064252056777 0.7138814219276188 0.8101759493978721 0.6670887803648281 0.8287629074341735 0.617926127053631 0.8465629746436162 0.613700870798378 0.832887569073936 0.6077275484697684 0.8236534676640228 0.614237449701777 0.8210626439581005 0.6139538980978608 0.8174655595564503 0.619141373975005 0.8220539457957777 0.6670701018291685 0.801909000464124
0 0.6983164877952421 0.8176725572158272 0.7149607858760663 0.8265302608211482 0.7186052132790051 0.8567926355403946 0.7140502755952123 0.8602285145047484 0.623862658825447 0.8899323984742384 0.604379711579281 0.871681059022337 0.6216272767994953 0.8589130506442343 0.6188870934250502 0.8481068385812328 0.6676346985360567 0.8303649358033627
0 0.772743100251476 0.5576603454420015 0.7977219303870664 0.5526997013303191 0.8029630360030415 0.5821413688715072 0.7884631988245872 0.5926908231708928 0.7322728940005812 0.6022687675751016 0.7176510904210296 0.5996940871872228 0.6970920975795665 0.5889472644381046 0.7141572017084034 0.5785250283526359 0.7111761483482248 0.5592309497293858 0.7456180601397279 0.5539175832207945
0 0.7189239644925485 0.6019492684561191 0.7107809186443022 0.6074708355763873 0.6992068489684209 0.6227207529423452 0.70581896778671 0.627878038711665 0.7116320102712387 0.6414214120711779 0.7568863177373374 0.6343494514032221 0.8051146446302997 0.6256439344135329 0.8028459231589734 0.6084402348147641 0.801925970612259 0.5944545048749242 0.7899453288361827 0.5929698310909951 0.7674461113942096 0.5992864771884993 0.7443771374599689 0.6030060517821418 0.7320636380605046 0.6042449409238956
0 0.7126674403798069 0.6429798003319138 0.7101758879062312 0.6623107361935672 0.7046268421253128 0.666008646463322 0.715950437870142 0.6799965567794478 0.7637033317431312 0.6745212951948222 0.806098007156077 0.665903232012265 0.8022447080794031 0.6309132454822538 0.767707927721534 0.6350231265033041 0.729399141791184 0.6399049685935123
0 0.7161689081198196 0.6804526526901 0.7085582164313659 0.683466055697829 0.7084140057525665 0.6978442724413626 0.7029218811114678 0.7022642740036421 0.7129823621884503 0.7118054308889333 0.7201837563063516 0.7151766438382388 0.7727061384338434 0.710006415250175 0.8039083988126582 0.7029568456982024 0.8027228142801188 0.6856013563932479 0.8002448368687161 0.670373830143273 0.7715417079908635 0.6743962573571914 0.7412518211313769 0.6791277633254049
0 0.7878131344370404 0.707159268071052 0.7939584894508858 0.722602919926266 0.7880006911934865 0.7280616047316713 0.7547649729300104 0.7370996333785725 0.710507603051862 0.7498724295336321 0.705890994691688 0.7422452904743673 0.7154494900080379 0.7384722121436148 0.7197083232863786 0.7184068992433024 0.7271764395782476 0.715900188714954 0.7732000000730181 0.7116406983640039
0 0.7133103139651952 0.7506964407557092 0.7117511989123639 0.7587023272883426 0.7154066367348482 0.7796053907410571 0.7257918513137611 0.7747430325984506 0.7823529611877017 0.7629229194635753 0.8031418189647292 0.7580627416972546 0.801224383735993 0.7430000176916952 0.7985187217653118 0.724884126271622 0.788817651052377 0.7291638970817552 0.7539382536674475 0.7381889131904265
0 0.7242430407586735 0.7759335055477617 0.7111022770025746 0.782885515922754 0.7126489071813762 0.8001904086589798 0.7202953659200905 0.8161537655318044 0.7638019113887686 0.8054330375786317 0.7885243238481352 0.799534903361281 0.8064817375948841 0.7958015894373133 0.804423907345849 0.7627501922255974 0.792899179782401 0.7624184073604804 0.746969942759925 0.7725052246203559
0 0.7122482788263529 0.8136311352968449 0.7077628511768769 0.8215604001842904 0.7187449200827885 0.8312157627452685 0.721146457547027 0.8501043420265949 0.728423746518021 0.854438343365933 0.7752843307730983 0.8422741596198065 0.8039885498390938 0.8290040495631193 0.8094909789779365 0.8177686344175176 0.8053986006560971 0.7959533791434991 0.7854456764512334 0.8021565463574115 0.7588800883340089 0.8078262692233885 0.7263854350763308 0.817003801830341
