0 0.3044372232132163 0.2670265582220195 0.30337577988940445 0.2714441994183486 0.30504262400838117 0.280655322994169 0.3116471797841513 0.28703737971784155 0.32561503426192107 0.2885694695827827 0.3409254886118658 0.2909102091859606 0.3557159932245142 0.29625381511305754 0.3582062118173781 0.2989971894610007 0.3630142982093517 0.29177920654481604 0.37282400346676814 0.2967756964210432 0.37073672473437014 0.27584853334278725 0.3615422706680335 0.2702066646666666 0.343547505486575 0.2672047037278415 0.3331528567747002 0.2655864384660233 0.3111505847435955 0.2659301742681869
0 0.3735170283368271 0.2961982964191621 0.3626027920571603 0.29244326483624644 0.35870425553595087 0.2995458643305894 0.3651996433876077 0.3185459943767836 0.36654188109027847 0.3244942767600369 0.3871358351930376 0.3339965148001594 0.41543887609381724 0.34863935127064316 0.41942395018140793 0.34274948493731916 0.42312750555113127 0.33677296031444587 0.42397278604374194 0.32675366989306104 0.40075898808329913 0.31011914144095853 0.38583885820583086 0.30038661944982475
0 0.4233900156063091 0.29929409863737083 0.41567911796076734 0.3198516634320922 0.42198061116945085 0.3245589704147065 0.4236912673258746 0.3266670116035117 0.42486006772627843 0.3353294603097434 0.43003584823299656 0.33455050148914367 0.45942151413730303 0.3515034208598236 0.4700326878498832 0.3535837027016812 0.4815537736027318 0.3504089684766804 0.48458693446012824 0.33117903737214743 0.47220047304346663 0.3222264399869581 0.46308379265610905 0.31665255010885 0.4519314875265177 0.3108474104943862
0 0.48283174192724904 0.3464533438603905 0.4780667432337139 0.3568475096795929 0.48127116837635164 0.36574120812218053 0.48443784525649425 0.37568051605198 0.5041599977509843 0.3842525280267324 0.5176079024914577 0.38878748421559256 0.5333079569748704 0.3940157067208477 0.5353008561881701 0.3859311409091693 0.5375314620818901 0.38503631577405545 0.545500885918063 0.38353584839744065 0.54595692844671 0.36548944242896203 0.5139072444777685 0.35364694767833377 0.4918187970497867 0.3476383176744619
0 0.5453059047665769 0.3846619232689102 0.5373697838527682 0.38528176183802887 0.5356125443686695 0.38584707722255035 0.5343516273935192 0.3940875796846451 0.5389803246856125 0.4028135646866792 0.542300489035226 0.40759679528907505 0.5546489840622613 0.41294669241608545 0.5711903365189198 0.42091473634013044 0.5820725573121975 0.42514953690218443 0.5918158397783517 0.4263787774561196 0.6003474426047971 0.4250225609893053 0.6034383403766315 0.41579664015531953 0.6040333402274768 0.39894375622413225 0.5694960117334671 0.3885335760803596
0 0.6095725199529707 0.38516154162561517 0.6038760042782272 0.39601910997267 0.6059105316494627 0.4158938988001186 0.611642404625429 0.41920703917474 0.620852588584314 0.418723448230931 0.635709645540473 0.4239605525090557 0.6461556211292528 0.42783981895225437 0.6512209689678722 0.43116903398699963 0.6551837491356607 0.43128263751994117 0.6644059890896387 0.4316877467592612 0.6671574949597461 0.42346358918530896 0.6685156705796955 0.4108280800159587 0.6378808422780098 0.39608800248948195 0.6210971538934095 0.38760286716128717
0 0.6119938525222486 0.41909397609783566 0.6048439292928965 0.4182205398907745 0.6005534078764462 0.4257497038871399 0.6010861010416874 0.4332148394710284 0.6023946339841674 0.43715759387066666 0.6071332539291946 0.43374881621935796 0.6159188433366467 0.4395506954259671 0.6204995193193825 0.4418457276524124 0.6215657163339207 0.44527139064790083 0.6293214793831272 0.4474375553653367 0.6408943373039375 0.4534336816335252 0.6497890386802677 0.45860540635908004 0.6646583543025337 0.4618550587772618 0.666997929629343 0.45217661540764026 0.6693375049561523 0.4424981720380188 0.662636288268419 0.43711666604679783 0.6509906890350232 0.43154064276597887 0.646349530405809 0.4276782616669599 0.6350794910594189 0.42376657567549475 0.6206223086514651 0.4190950570099102
0 0.3045356179107759 0.2805601697059574 0.29799068009961516 0.2785454791013014 0.2937491781488777 0.28925977263966235 0.2930126094042578 0.2996388601344721 0.29703961575251725 0.31007018208662607 0.31760396254345946 0.3153398046917219 0.33692893152445497 0.3216420262419805 0.34709471084731297 0.3272459913047902 0.3533298042059871 0.3295188316457369 0.3613661720491357 0.3259826552307648 0.3663622114425522 0.3246923383422299 0.364639288644094 0.31779848818380396 0.3587538632702928 0.29972455230010536 0.3548231773061088 0.29639342757824244 0.3414041931544856 0.291202156659163 0.32502226070507967 0.2893411468761092 0.3129004465938483 0.28737739535004153
0 0.36725289280169293 0.3256735664158857 0.360669102992213 0.3254145530937577 0.3550726387706383 0.32864120890093224 0.3549560827756807 0.33390824074851616 0.35946792949120765 0.3338829871056814 0.3588671808183605 0.3404150821989654 0.36049313554336515 0.34940024747638904 0.3830902495852521 0.36130557050362005 0.40954066943937356 0.37545761664312566 0.42208888399804917 0.3718961865853186 0.42336743765100393 0.3645121541829834 0.4165717429965578 0.3486327069542152 0.38684885423685594 0.3334733155123817
0 0.4302437509042893 0.33551844127489616 0.42379545732189305 0.3360081917258868 0.4160682862418531 0.3484777307538571 0.4243743511604133 0.3648221065836997 0.44296339908616694 0.37231190327947933 0.46397308655667946 0.37807213992140315 0.4746037944806119 0.38099100229245453 0.48029722677564013 0.3756730313662822 0.48171160050036754 0.36444200656242126 0.4787300358151477 0.3571607159031 0.47034561921057116 0.3535192069876021 0.4594050668341521 0.3508584943528414
0 0.4908117025493039 0.3792631694102732 0.4804908390778581 0.3760861573029311 0.47497175500823285 0.38039721471969395 0.4735188531298752 0.3887881606314385 0.47535800807860196 0.3950107351169249 0.48139981297974704 0.3922746933465784 0.5031062456624933 0.4031987883001535 0.5260135280015559 0.4102502054164494 0.5385610948708536 0.41588028770793123 0.5411759944072084 0.40537234124143545 0.5384458342546519 0.4027642948569376 0.5348834326627779 0.3942436263876698 0.51813386353044 0.3883806480027321 0.5041725706257928 0.38479007816582245
0 0.5415824830884595 0.40761863256079134 0.537883289890746 0.4167322250169824 0.5365658842394719 0.4258719347018456 0.537727539500182 0.4354159816840923 0.5432071424347082 0.4349868225367926 0.5582723169222182 0.43679602965542075 0.585730297975127 0.44206651584635387 0.6010472008399893 0.4439532110651611 0.6020351741172725 0.4382473678451748 0.6012029326779551 0.43233474576040476 0.5998091184087986 0.4266027853117463 0.5918504545622884 0.42662760716166254 0.5817424674698758 0.4252837604370275 0.5723511373558899 0.42133229912081327 0.5536847092781867 0.41275810081544523
0 0.6071089175073274 0.433445696391584 0.6022095223426754 0.43724045433576547 0.6011634329902579 0.44328193539222155 0.6042997579793766 0.4527320292707197 0.6041440261414108 0.464350494575476 0.6247854292396134 0.4753002749648046 0.6398888080360645 0.4845453171501936 0.6465114498438638 0.4830486531897937 0.6571614218446113 0.4873875550069033 0.6600084618368143 0.4801328133691727 0.6635528947306291 0.4688504176938048 0.6575502656724923 0.4652350260069789 0.6500180022734262 0.45973466627302056 0.6403945317035922 0.452530000128041 0.6298026757779789 0.4478554604744616 0.6213794071750831 0.4459696288414916 0.6205083137374465 0.44181268403924956 0.6159579388682894 0.43899785878996805
0 0.6471311387488371 0.48253235371721215 0.6605693869772754 0.4891436640823498 0.658980665027145 0.5013816023956201 0.6570824224692169 0.5092819342705367 0.651428166017197 0.5082484717395366 0.6314449799775979 0.499622470769743 0.6024387481963228 0.48185546473633023 0.5998444081155391 0.4754004259503066 0.6019747911293153 0.47075329890415524 0.6038922977640585 0.4642730064752969 0.6250952736921 0.47504212522851397 0.6405858770929873 0.48511341928720064
0 0.6039683825372519 0.4837404327834629 0.5942084442062672 0.48957427138929793 0.5904318708566042 0.49760346223590063 0.5902376108650081 0.5063818486485405 0.603191666415557 0.5142582222593782 0.6299522545668541 0.5235563624879487 0.654621635547383 0.5311501963054982 0.6564039697997314 0.5193253839288767 0.6580893359786262 0.5095918866712531 0.6320839329593863 0.5005262107432197
0 0.6014344254444254 0.4447794629384589 0.6037963012246719 0.4525770530703615 0.6042021422165451 0.46401485673900617 0.6019747911293153 0.47075329890415524 0.5969591638143947 0.4752193325212764 0.5869481447954356 0.47178417067764356 0.5411721082709406 0.46052141533716817 0.5371447780779922 0.45468584955965846 0.5362162162545993 0.4416730302445975 0.5392855081999564 0.4378802159119512 0.5429554140573559 0.4349093344366135 0.5577107440923792 0.4369766912915323 0.5862337547298316 0.442221492046712
0 0.5290934036856091 0.4568386498362265 0.5415627729292265 0.459245238267227 0.5929300528502311 0.47267102315731896 0.5943337205013675 0.4816164274635448 0.5935218533071323 0.49256282253171696 0.5891099208165289 0.4977058044643126 0.5843916156793595 0.49914276537422547 0.5694656830787193 0.49617347173470305 0.5421363279147403 0.48739966213714997 0.5276952167241654 0.48241258103227724 0.525944716416205 0.47844260809289296 0.524748746726033 0.46579463850463415 0.5254316974969926 0.45950378555289917
0 0.5313845064022831 0.48535408992383705 0.5287727719832318 0.491051216486362 0.531343821820548 0.5012330994234109 0.5397709318098616 0.5065359523445653 0.556398163224975 0.5098483614193504 0.5756071118929429 0.5123302152427142 0.5829366551790589 0.5122388135838531 0.5880212018718198 0.5071222930122748 0.587655787433069 0.4990640429846458 0.5692085119256405 0.49609430821614175 0.5432935981035952 0.487755897970676 0.5327792671468219 0.4843387462742757
0 0.530948059368864 0.5027365445826034 0.5253293243491823 0.5085915570532693 0.526040472629289 0.5232573141068785 0.5444278792276922 0.5336126295597311 0.5612727551777266 0.5364502780876391 0.5795619242125233 0.5372043165943895 0.5851801629621006 0.5383919899373003 0.5910560691348611 0.5326161409851957 0.5915907537318865 0.5248349632725314 0.5891382837490442 0.5163148525317979 0.5840048664095323 0.5131093917235368 0.5748157524129431 0.5129895436232405 0.5560914597316726 0.5108374642723852 0.5401962151576378 0.5072086216878456
0 0.5352949145060527 0.4385220375734829 0.5361254697574741 0.4431117571341128 0.5376476581149753 0.4585689288088444 0.5288444662713726 0.4562202640485311 0.5242545812873745 0.46004436865558346 0.5047194139520776 0.454753312745747 0.47219693796292944 0.44781206108642246 0.4718216832254812 0.43902843955796916 0.4680828612071401 0.43715519703800565 0.46991324186825717 0.4304952084189723 0.47393958305261025 0.4228859192706757 0.4936825546241307 0.42697684313281076 0.5153739904411375 0.4331122363858045
0 0.5246700243364533 0.4599916664980395 0.5245212618924145 0.46554402755068686 0.5260831422914419 0.47920756135299797 0.5278930152383233 0.4828346394216105 0.5281697015654289 0.4867121078796793 0.5130062784091046 0.4851143937232443 0.49585486438913606 0.4809182861105123 0.4838171871112844 0.4784768963043926 0.46773414974515737 0.47280380489348534 0.4667948549379597 0.4672776846373646 0.4638969247398418 0.4636768473652786 0.4679724674176821 0.4596944157211036 0.4733640484504818 0.4488936684207727 0.5043039709029988 0.45480601490329087
0 0.46650750119531587 0.4744126543677658 0.4622331674631087 0.49205839924976097 0.46578403126598933 0.49423495488121577 0.4670790656366086 0.5047463917262822 0.48475499310816866 0.5051310740012435 0.5132914816479626 0.5084977291850087 0.5252601114115639 0.5082090804232168 0.5308096334936272 0.5019715913224985 0.5284463878925345 0.49058957633774813 0.5303458160679019 0.4866596262866263 0.5288029545727968 0.48383708323739943 0.5281400152459684 0.4868835553150653 0.5128183201936443 0.48541770683473545 0.4963692066952938 0.48107661314763495 0.4830456736520478 0.4782394057487087 0.4673385527168416 0.4719596881148191
0 0.5245281245704851 0.5085255139329712 0.5256547158996706 0.5231385688290364 0.5247346054197634 0.526105877388141 0.516346360355135 0.5307471962838605 0.4959107631373258 0.5298741919347771 0.46796750471663745 0.5301212738568704 0.4576706528714169 0.5285769235514518 0.45627622297361425 0.5248971433252955 0.4549016390965748 0.5203205441629288 0.45408125499058727 0.5117610722274054 0.4648727685445706 0.5120130065682978 0.466970160657464 0.5061575529686503 0.4856155655257868 0.5048542222507697 0.5134892801621204 0.5089197875743419
0 0.5262184251226838 0.524576191432422 0.5174344176063715 0.5307209554873339 0.5249415825391461 0.536643555029734 0.5289866117806852 0.5445703805102395 0.5415087796218659 0.5496891067267266 0.5636154930645835 0.5581193597600351 0.5726263237210414 0.561615454410506 0.5833688012049056 0.5558929693094179 0.584585774879418 0.5512111863964542 0.5832612196127065 0.5385236350489148 0.5792750667399839 0.5372966005112142 0.5616881982268053 0.5363975759300951 0.5439827498591528 0.5338367791526609
0 0.5901967871482428 0.5070250267465465 0.5848017991565558 0.5125159503280942 0.5893008035777885 0.5157398440303939 0.5916617422058472 0.5242312269504921 0.5918402650853007 0.5320508093690377 0.6095681240984746 0.5385295360367042 0.6239716936866921 0.5482759448332372 0.6348837724297177 0.5516349473409998 0.6465459660073809 0.5515468713510978 0.6497808068163222 0.5470256607561016 0.651371233806765 0.5307599812543297 0.629972425187505 0.5233555795950627 0.6037723019213137 0.5144732168323803
0 0.5917730850351455 0.5324387943910119 0.5853707706437061 0.5384369678158872 0.5834680222023637 0.5396902467136327 0.5851235703037923 0.5522554723644603 0.6018442900935016 0.5565851861323112 0.6221238679548463 0.5642580584238149 0.6356771141620577 0.5700647350215448 0.6457049051464233 0.5749905233277776 0.6460413669260641 0.565081809988477 0.6485153329700141 0.5578743956608073 0.6353985699125239 0.552202079163388 0.6239381036616145 0.5484699373442242 0.6094562197403118 0.5382907568256134
0 0.6462868826793846 0.5751696701281915 0.6436891292891894 0.591942599473291 0.6314783610273543 0.5943137988949351 0.6107843814058602 0.5908043427343678 0.5942876575087643 0.584295924645555 0.5855917717157096 0.5787584673852147 0.5845738725618916 0.570476172255061 0.5846861512726306 0.5654024259798655 0.5811942860748623 0.5643275451773814 0.5834444434024871 0.5566425724275303 0.5880445922515288 0.5539719631105825 0.6016652056851837 0.556734391943195 0.6228849298961256 0.5642879994133454
0 0.637477220765286 0.5959560610881914 0.6376893336698173 0.6035816509957499 0.6369050672812375 0.615191510233831 0.6236428098405069 0.6094744070363084 0.6088920185422951 0.6035034293487377 0.5938500513013145 0.6000991410041031 0.5808561397086286 0.5981426232049695 0.581640031744632 0.5918452894531748 0.5817636319145889 0.584936037178888 0.5851441542830588 0.5778033505408522 0.5938511743590433 0.5841615645452445 0.6106388870226198 0.5907595560342642
0 0.580206982125512 0.5983514614265298 0.5764124323494688 0.604335038709216 0.5744759067067607 0.6084385728610918 0.5776654616788304 0.6112593862624599 0.5808770980404714 0.6183779758950751 0.5806081906635623 0.6225861787261152 0.5921694269897044 0.6257363430123176 0.6091809483696063 0.6328118929235186 0.62464807730109 0.6381860473675548 0.6313521403893636 0.6384107295732248 0.636500489570001 0.6387695223108213 0.6378890020574017 0.6289803233612581 0.6401057565362369 0.6188330803792512 0.6360543695476553 0.6165643035213139 0.6323947414007869 0.6138031225306224 0.6234637254321889 0.6096236128471918 0.6087465241590548 0.6034586426486341 0.5941074500427176 0.6003827069152973
0 0.6354593859688826 0.6421270274082789 0.6319556377830322 0.650856440834315 0.6312385514446077 0.662078315050422 0.6160174997953092 0.6588232325166711 0.5938015834675445 0.6525976316339 0.5831021791579145 0.6488954308042666 0.5720897046922323 0.6408058803431791 0.5708702653879486 0.633687540278948 0.5754368242119127 0.6312109234729872 0.5783580333359374 0.6302711514759662 0.5804738305632517 0.6233621487700637 0.5920575226315417 0.6254975638012271 0.6095391171862423 0.6325134813017513
0 0.6282278937045681 0.6617645585813133 0.627936343409223 0.6696437734105357 0.6278795489368451 0.6814775661491342 0.6207612712647101 0.6827600373312576 0.6068832590896522 0.679714042587451 0.5919531962068344 0.6765485334539072 0.5781423640819318 0.6731145536881264 0.5670400666476584 0.6690840002471953 0.5656638115009164 0.663756379481952 0.5639520304559743 0.6550561583402935 0.5696266857549239 0.6514903141580438 0.5716864372150128 0.6457900532181676 0.5727050850739832 0.643447297375749 0.5829342290325265 0.6498653933592021 0.5925704483514665 0.6526273230550462
0 0.5276749959608528 0.5441750275411101 0.5235334116511036 0.5512777731896156 0.5162803995260818 0.5586487399019737 0.518932139744333 0.5698859589654219 0.5199615475336572 0.5736764853533416 0.5341528170410553 0.578453566985459 0.5546565779713017 0.5812914722128578 0.566911696188568 0.5848595625105649 0.5819427163229068 0.5847868313680044 0.5847523954413453 0.5782957546736066 0.5848759956113021 0.57138650239932 0.584831645655871 0.5654472126799689 0.5813397804581028 0.5643723318774848 0.5744232301127217 0.5618345852505423
0 0.5193123899505405 0.5738853235749019 0.5124062251829368 0.5827933846645837 0.5122043106798947 0.5892698652167926 0.5143974863588534 0.5960749479486833 0.5219743285702809 0.5992246130981176 0.537855672085626 0.6030916141543602 0.5515210098272882 0.6064808072200375 0.5645709671871996 0.6072285832531447 0.5753267916166311 0.6044095168304657 0.5803749322509001 0.5973814988715942 0.5818083562225963 0.5855628014119528 0.5672026849550488 0.5849491359107719 0.5549475667377823 0.5813810456130648 0.5345221201406212 0.5789759121077438
0 0.5153151769663029 0.5969704323823692 0.5218399684699705 0.600000583142066 0.537933986418711 0.603524385876438 0.5516665042105284 0.6065255939201409 0.5645373771621219 0.607422575764132 0.573491036049156 0.6079310734493801 0.5772961585792645 0.6107370411401752 0.5811569525240222 0.6176467925512302 0.5801381174887635 0.6226458111367918 0.5779662744942239 0.6307635556087204 0.5693707844238258 0.629956646301705 0.5642222480669004 0.6322541163072518 0.5430468738113895 0.6306397985564524 0.5182790514591658 0.625876314792987 0.5158056469440799 0.6251149408912275 0.5119112629742446 0.6183991819911596 0.5091698869636903 0.6085646972047247 0.5111513240906941 0.6024316645427708 0.5138934488064009 0.6016410983566333
0 0.46004048443771595 0.5289268011931791 0.45497848614152303 0.5366091991471084 0.4558732540329335 0.5468360498914516 0.45912374546285983 0.554233971091162 0.4750476224767758 0.5577140953120517 0.4939695746970694 0.5592738370893039 0.5118989495976072 0.5573293689440125 0.5158118103752383 0.5578230267196621 0.5235406992039564 0.5516723780341258 0.5275904280678176 0.543678378996498 0.5232692420023661 0.5363062798571993 0.5165339071952051 0.532100533406644 0.49597670042002684 0.5307482362920646 0.4681970650995634 0.5310821867186593
0 0.5158118103752383 0.5578230267196621 0.5190616506706304 0.5744613512917959 0.5115077118842257 0.5842199322312118 0.4967516877996462 0.5832317485005339 0.47344947317617314 0.5838777341005169 0.4608154718173353 0.5814103134016485 0.45170504692634966 0.578605903648359 0.4478706290317552 0.5699620122035426 0.4465471926054141 0.565289732306818 0.4513948566341417 0.5603846197766983 0.45867603594988743 0.5537407474052022 0.4753784815833611 0.5588821652862329 0.4953517618938712 0.5589884921557062
0 0.5113130697293363 0.5838046088161765 0.5151471620566638 0.5970687019472046 0.5146797604311155 0.5997680871000892 0.5061138777796462 0.6045948652695947 0.48246143750427917 0.6026451880480296 0.44824909134016466 0.598633322632975 0.44485683028002027 0.5916297774496972 0.44270089264504664 0.5860903162308223 0.4508216299877942 0.5876871481292939 0.45413533408172724 0.5865401593681181 0.45156411882104297 0.5787058383689281 0.4608519666513429 0.58138427760175 0.4738194292844311 0.5839312922874483 0.49669831787985785 0.5832087881250055
0 0.5062420134762915 0.6047468863792597 0.5090508847160278 0.6088620659575034 0.5120373776024227 0.6189912467370082 0.5162902110801854 0.6257179401698122 0.5169032872200537 0.6284348583394604 0.5129663358408185 0.6308346813058814 0.4984756923100201 0.626915866572605 0.49176923088583824 0.6281019959640796 0.47300524616304157 0.6277435544856448 0.4594739088835721 0.6261064791344201 0.4495826597887329 0.6237840551706333 0.4458343283184306 0.6164903172741276 0.44621057559608784 0.6111885671754275 0.4482095647220068 0.5980793985675367 0.4826214631644567 0.6027128906127739
0 0.498732863463099 0.6269950300911664 0.5025110466762299 0.6317697586144272 0.5023524439334935 0.6365967481662502 0.5025592556295082 0.6494819877457022 0.4971386499707206 0.6510639347299835 0.4916586716730121 0.6529887765850365 0.47717753759417486 0.654490457228302 0.46813668977152 0.6558609338889351 0.45720675034229974 0.6548440462879376 0.44871993686732875 0.6545792121132726 0.4414102396019758 0.6537737948359235 0.4378693815211607 0.6499750487674342 0.43233102312474003 0.6381574138661059 0.4335775176953447 0.6356517454556151 0.4410454868566976 0.636325297056859 0.44239121153111743 0.6293355339653172 0.44443907130378724 0.6245483467372657 0.44917705703835153 0.6245621288290016 0.45937500962649314 0.6258954499397534 0.47374707330281773 0.6281524924767148 0.49215498761545656 0.6282207412419215
0 0.5155186976209487 0.6254804496141283 0.5429274368679798 0.6306669834668405 0.5644312453162625 0.6324105659556075 0.5696046855440369 0.6291272650157304 0.5760339643710087 0.6311063529797635 0.5711078549976158 0.6337434459373776 0.5722547886176689 0.640416996083656 0.5718191687010907 0.6460616410531279 0.5693063335391185 0.6519697968103194 0.563648237324647 0.654923323277688 0.5412443298405882 0.6529026684739564 0.5028859705669418 0.6452485040185982 0.5025804250372164 0.6298046733066207 0.5043906288308342 0.6287366274995155 0.5127091646877396 0.6307555177873201 0.5170713994147512 0.6290283641641795
0 0.5029156568864024 0.6450770565832122 0.5029450123591266 0.6496007330235442 0.4967924198592603 0.6514991135175797 0.4959415223169714 0.6548488987067367 0.5005604319269574 0.6602435944157341 0.5011041297058393 0.6649255978931885 0.5036858469586937 0.6640950426417674 0.5075530891302061 0.6683554288588706 0.5191257910187554 0.6719177871941301 0.5278003972858185 0.6742268701951627 0.5420635559829986 0.6778950739744921 0.5507481679721274 0.6785819665384901 0.5526375904254293 0.6762742069244027 0.5555160054495204 0.6760767392569812 0.5613222024145581 0.6769610994884007 0.5665156540864636 0.6704334176744543 0.5655665189805685 0.6641819259175094 0.5639844617140417 0.6561103349271262 0.5416992995078249 0.6534038903818509
0 0.438878054689345 0.6535360837157486 0.4343672229416628 0.6584680364536778 0.4317451519538097 0.6704824773289552 0.43453384632604675 0.6801895997191268 0.4441083862055179 0.685123316972983 0.46310986148399846 0.6841101789683304 0.48186400590809764 0.6837432489459406 0.4950494439228431 0.6811203792090442 0.49822488756490746 0.6768608752499047 0.5031216414655761 0.6697001058519586 0.5037352138755491 0.66537433820803 0.5006886866567605 0.6649783000507327 0.5004912189893389 0.6598611177856817 0.49612948053243183 0.6545455855952457 0.4923609721946303 0.652843790510668 0.47702910599687237 0.6553476944052317 0.4680476308131385 0.6563752761950927
0 0.5076816747067455 0.6683950106181511 0.503695521834023 0.6671679760804506 0.5032799133615761 0.6695682401758534 0.4951581834786195 0.6820567799045353 0.4985406042400665 0.6883349535869886 0.5039607136287496 0.693795692416284 0.5267302009749273 0.7015270353097858 0.5424770139516596 0.7060131150712547 0.5509636620032624 0.7086255111837785 0.5610233541395353 0.7068463170965665 0.5627551663903096 0.6952801754071488 0.562528343250164 0.6856393167017661 0.5571475950562707 0.683080063875768 0.5545465280527578 0.6777647522498228 0.5511042383822853 0.6788721592517178 0.5415887402949988 0.6782906710028077 0.5283147395919764 0.6743851972322855
0 0.22077513987032465 0.7092411526262294 0.21721951863863675 0.7144192318629403 0.21751698564682997 0.7327831142673983 0.2344863598292266 0.7363703725276186 0.2625842836358484 0.7442014316345383 0.2868580914519666 0.7516734984375208 0.2861118007895029 0.7429894174409953 0.2878454035621434 0.7317960543882451 0.28204941140478973 0.7321936763580194 0.27266832612027936 0.7320331619415744 0.24719965381047276 0.7220115179295591
0 0.29196873532216067 0.725701845753561 0.2856498650372955 0.7267566765046033 0.28473835616168025 0.7308396298374635 0.28789023596296126 0.73153713377154 0.2863059912520318 0.7430491939754192 0.2895621468911602 0.74786961329777 0.30599328244069635 0.7581092165788933 0.33032678351688977 0.7664178217664155 0.3490139003204864 0.7718974484544004 0.3510610800758064 0.7624369387051536 0.3405450733807286 0.7570180878437754 0.32197784274337404 0.7461209426839895 0.3117608019947642 0.7377941885044298 0.29891475957238484 0.7281127216095253
0 0.3644466102462751 0.7477395724769552 0.3576197226931558 0.7505470710105101 0.35375027465574266 0.7575375945641577 0.35185195331604213 0.7744073967054139 0.3587531451654484 0.7770771931780832 0.37466190223356444 0.7808834099995948 0.3927666974726201 0.7826384094638684 0.40528480169915415 0.7824009688131449 0.4117084474679583 0.7783784582094971 0.41908793486710394 0.7771046688971639 0.4246154322656418 0.7711699753867415 0.42307726907075915 0.7646966268717156 0.41366646206773405 0.7623451944527808 0.40579456772872885 0.7558312176875521 0.38786910209294484 0.7530405357564575
0 0.42552433744081275 0.7699295407329663 0.44240429664461944 0.7704893426061572 0.4558200460205956 0.7687636322708897 0.46666365084538003 0.7684630251105015 0.4722077233532639 0.7686811348436402 0.47803238467112164 0.772293372741117 0.4795902018692964 0.7769076018130545 0.4817055740178448 0.7809509023251212 0.47792529113597587 0.7945141798862383 0.472846117745617 0.797859667229608 0.4590132628591524 0.8009650491430992 0.4337231706834801 0.8005436155255827 0.41548412806501656 0.7960200802909849 0.4053565022949967 0.7907207824984545 0.40553633154435986 0.7825945047907535 0.41172095444981716 0.7787711382693873 0.41862239612226915 0.7778956371216168
0 0.21438321440440156 0.6870922002688472 0.2151733381755 0.7096985511304275 0.21974449429760468 0.7081057315695705 0.24772253193798438 0.7213543091482911 0.2724293032569325 0.7322323060238558 0.2822884342681366 0.7319945322757379 0.2843051428358045 0.730978997385321 0.2854556745747665 0.7266968999701794 0.2881148976131423 0.7231519354471337 0.2871744164881497 0.7144080779161844 0.2666798922617173 0.7075539240338449 0.24599117757275596 0.7006399936170814 0.23472813074607712 0.6971729546204978 0.22370410678274516 0.6935067715416325 0.21971602169431886 0.688188325464881
0 0.23018869492685345 0.6725943112203246 0.22143501343074778 0.672354205790446 0.21826752330107208 0.6811971357164447 0.21967118929350093 0.6884472460815863 0.22413732010862092 0.6933674039937748 0.23453394028354824 0.6971131780860738 0.24560279664769807 0.7005204405482338 0.288324698404066 0.7136712781214826 0.2928066893706265 0.7055057045531564 0.2962280632229064 0.6975590895461213 0.2898648601833149 0.6917822456729888 0.28492068364150125 0.687260375925363
0 0.2994693580027774 0.7012840498672274 0.2918357370579817 0.7052068218810371 0.287981149879826 0.7132928044359298 0.2888468270624402 0.7236499622015345 0.29158035439710284 0.7255822926847134 0.29939280529907847 0.7277144334449624 0.3117608019947642 0.7377941885044298 0.3222616980075388 0.7456628779850029 0.34073926384325753 0.7570778643781993 0.3515839582033179 0.7617797299238855 0.3537200532911363 0.762437271802548 0.35321253566897365 0.757099344344181 0.3581126292791068 0.7512442418471923 0.35968151348468724 0.7457273178829481 0.3489413447855201 0.7416030701050964 0.3463579249817058 0.7293535439117266 0.3256100166787608 0.7145124798695437
0 0.41495085077064986 0.7468038572219152 0.4073492762647233 0.7525406489891077 0.4065848263533412 0.7569555774534411 0.41355554183369814 0.7622830791177693 0.4233417549237328 0.7640717642675772 0.4245209867616241 0.7710430028816625 0.4262237116760627 0.768630146264166 0.44298108864679286 0.7693829783749483 0.47799762067355006 0.7664559319074272 0.4773947801861248 0.7603963696926597 0.4768590714418596 0.7528889739339707 0.45452494272670846 0.7504194823730672
0 0.4727714337146791 0.7362114675078467 0.47722207609529677 0.7380709826231052 0.4779991900747352 0.7441841904456892 0.47693953985358406 0.7524242446219356 0.454002122250669 0.7502585455496185 0.42125159402042145 0.7475196302153972 0.4100711929942815 0.7453017802030591 0.4060102286042296 0.7305904822407081 0.41118531089053634 0.7250857561959739 0.4185183584238225 0.7251402986044675 0.4334251861250602 0.7334002275403799 0.46244883927987135 0.7364604186543805
0 0.3501348968106588 0.7214674406427903 0.34689015960506103 0.7285453726053902 0.3488062712165285 0.7418621836980769 0.3651075110540408 0.7473696001448425 0.3883127830290885 0.7532889970965041 0.406437450398626 0.7556864629577208 0.40755044729403433 0.75137882570902 0.4142670934711616 0.7475723790225364 0.40992381703956626 0.7440326657073388 0.40570191582606546 0.730250826369058 0.35785672553383346 0.7213969096108989
0 0.42184401244148323 0.7112342826264788 0.42322419110851633 0.7202253753121534 0.41991254635992775 0.7255694634669977 0.41838431913767155 0.7248542883406337 0.4110915058102476 0.7245673812761227 0.4054874081281901 0.7304295454172594 0.3532853805356292 0.7202344884636931 0.3530177503636659 0.7132991132326717 0.3527367835231383 0.7053806337697637 0.3556596470818383 0.7001616190553043 0.35934651215158186 0.6968910305798653 0.3622022439671217 0.6931198494093275 0.3686370265030442 0.6941216326666435 0.39944320038351055 0.7038492699061433
0 0.36375893812786086 0.6703478141860494 0.3610370213983026 0.6775866829720979 0.35655925728021776 0.6801243140964203 0.3576580207063847 0.6875602820225408 0.3690258076929327 0.6939965592262586 0.39979174736753686 0.7039565611217758 0.4224473013292471 0.7109304901378928 0.425531101711396 0.7047820167993631 0.4268054838305918 0.6931815662232385 0.4101823703461819 0.689533067024613 0.38632046280911314 0.6799850456339919
0 0.4271266848769816 0.7008676810301289 0.4257053752034092 0.7048356624071794 0.4219913883961985 0.7125033971221993 0.42347893301225387 0.7198142916079346 0.4291488172364557 0.7315943580329377 0.43303640493517165 0.733525300980765 0.4626231127718846 0.7365140642621967 0.4729859414125545 0.7360327484596456 0.4776110814853545 0.7347642318310434 0.4843677376681747 0.7339070978402192 0.49010587463638317 0.7283309439629161 0.4934039585162381 0.7251854289278623 0.49466477976670026 0.7157835514715281 0.4931370009447827 0.7087050216418103 0.4877078493552462 0.7050757993357326 0.4657889509669429 0.7076291201498939 0.4307859798089193 0.7083575934976244
0 0.4350510298304831 0.6805452626080881 0.4314308481035612 0.6887313722429593 0.42624242914869015 0.6932529940558071 0.42724738749456825 0.7001705870620761 0.43074574560305706 0.7085899581536421 0.4659229902530939 0.7079151304137278 0.4890082322110627 0.7049865892784114 0.49722620807314827 0.7031107866061959 0.5000959491577603 0.6907776776125139 0.49520340311316635 0.6819291416584176 0.48207887193741455 0.6835183361996813 0.46265359751189117 0.6843917577474626 0.44396565126028265 0.6852473970704915
0 0.29381055572000797 0.6714616060753178 0.2846084316226031 0.6874127729291818 0.30927046720014006 0.7065429680167097 0.32549662890697145 0.7139528346475515 0.3466314090246402 0.7290455143470016 0.35061514606065525 0.7211482433630062 0.352644553144446 0.7059408808438251 0.3146516641766638 0.6824387856901851 0.2962652336401629 0.6700704950372858
0 0.22268879237402484 0.6393716801824622 0.21920368263717122 0.662986163930808 0.22190767420690688 0.6694536592749509 0.28450558508879253 0.6868444341616341 0.29385466792161596 0.6712068448259491 0.29134174728890677 0.6647981657506167 0.2889906533320349 0.6562925804115246 0.2553326783443624 0.6472735396165086
0 0.30424782146243595 0.6483771242391322 0.30019097377344783 0.6508850888917017 0.28863800152899527 0.6548423253582496 0.2919149600999862 0.6649746145570486 0.2966914877158238 0.6699333663255382 0.33522809942367193 0.694944532801264 0.35292384848468833 0.7054901746138985 0.35970078473295164 0.6895974962824128 0.3575256479628633 0.6870495560422943 0.35648256049416327 0.6802883071005303 0.32877776624497324 0.6647832580265417
0 0.22864320216162803 0.6154439466623693 0.22430558427345254 0.6393326878342098 0.25567070801680736 0.6476459334034984 0.287638534642255 0.654803005263565 0.3014697360004306 0.6504737027564595 0.2990891519725454 0.6433007399330212 0.29820789117968266 0.6344425847274976 0.2707080525686411 0.6305392483332768
0 0.3050430701405002 0.6263496965093766 0.29920735806642296 0.634481904822182 0.29875112230010037 0.6429283461460312 0.30424782146243595 0.6483771242391322 0.3290129493836076 0.6645873130459837 0.3561886430233263 0.6796611520641718 0.36115673319583874 0.6777020300050239 0.36422922774832944 0.669255916427607 0.36176041931722824 0.6625924761029057 0.3337763297277957 0.647538133258844
0 0.36887513942811234 0.6505605366066342 0.36127543090936476 0.6619065047977367 0.36490528709321934 0.6700007040015867 0.386731240306021 0.6799393424448531 0.4100711388844398 0.6892706497723197 0.4269148714137827 0.6931138589120008 0.43170675858968743 0.6886854368021035 0.43530835375164956 0.6806705332804869 0.4314581823695793 0.6703617952752561 0.3894520662947688 0.656089593621265 0.3721235911673865 0.6480720681281905
0 0.37355127860838105 0.6200674991253353 0.3689504623695028 0.6245547375040434 0.36690692477476583 0.6317075486604912 0.36944908966866424 0.6402719502683938 0.3721677033689945 0.647817306878822 0.3905543797153196 0.6566972524834974 0.42547624898955605 0.6677153909252102 0.4322224661176851 0.6705970603504984 0.434913064605947 0.6585449691872362 0.4390288924369618 0.653371759503359 0.43178380219984713 0.6382612223619443 0.4115446591958115 0.6365929041825273
0 0.23280437124337167 0.5925742504880033 0.2285549777584121 0.6159534691611066 0.2706052060348306 0.629970909565729 0.30005986621774483 0.6342076473986874 0.30461681606483926 0.6264868252211239 0.3021187633725489 0.6176676623638525 0.3016783787859417 0.6097502397128666 0.2606568616574527 0.597927841935499 0.23891888703804287 0.5909680260417193
0 0.3099246565785658 0.6004816816113976 0.3065587361748865 0.601323950056008 0.3025455090678581 0.6105538435556571 0.30203053896933296 0.6181771848625898 0.30489611140508166 0.6260361189911972 0.33376170759720114 0.6464602719925588 0.36108435997233823 0.6618476885289261 0.36881640509590974 0.6497374365897176 0.3721235911673865 0.6480720681281905 0.3693167530638403 0.6410362340164997 0.3675242497874533 0.6316292362175543 0.3371590845504871 0.6163786206465022
0 0.23849435363115112 0.5666867394158982 0.23918478929681158 0.5719977333043872 0.2340541350189893 0.5865187967719669 0.23824282769315297 0.5902232384677394 0.26050990292203424 0.5976142644173198 0.30272195787428996 0.6095347985581826 0.3066615827086971 0.6018922888235559 0.30977769784314735 0.6001681040932184 0.30259109612841106 0.5893690120169442 0.29781456851257343 0.5844102602484544 0.2638039417218614 0.5739409644001634 0.2425217112491258 0.5655113972789826
0 0.2444863393324595 0.5381943930045044 0.24293251392850274 0.5471682026712892 0.23895041673799527 0.5602835562885857 0.24480573046747794 0.5659971837971766 0.26542514513948434 0.5739740147216158 0.2990055906644714 0.5833330853615931 0.30361169527596266 0.5821434761326513 0.3064508480141477 0.5742171913819086 0.30982520547775416 0.5716706155242768 0.31598453835519036 0.5699813226481384 0.31232541512777257 0.560054710940578 0.2765135565915017 0.5480531472916784 0.25796511294075497 0.5394100715043105
0 0.32325189174473606 0.5520104206877602 0.31875264893692545 0.5568182095012006 0.3186445928572209 0.5701482819558784 0.33771048069427656 0.5828618595373083 0.3542150194780679 0.5930319746094898 0.3706555418050145 0.6027392664000867 0.381805626177575 0.600672569754081 0.38792943797678625 0.5963648626798451 0.3881262967520531 0.589580825720411 0.3804501523939148 0.5816770274124614 0.3804146313156898 0.5790586132143639 0.34883411465551284 0.5637964693152626 0.33014298955385457 0.5531538627550926
0 0.3176804480720469 0.5714811697737439 0.3090753814379534 0.5717657364915513 0.3058795250724894 0.5746931943102886 0.30175474643107025 0.5858090171547831 0.30355751795160746 0.5909270438648874 0.31055517899540086 0.5999257285265123 0.33747601085774326 0.6166869233672033 0.366610793761263 0.6305443411079735 0.3693427861267613 0.6232369397825265 0.37344920709105606 0.6192860358585713 0.3724856594438938 0.6121447976568487 0.369701281168076 0.6028133886557671 0.33747839940979074 0.5827904192888504
0 0.3889113433010729 0.5963411819610284 0.381805626177575 0.600672569754081 0.3750036296330247 0.6018381001721984 0.3716115116303058 0.6030754689307815 0.37284266164017876 0.6129065615790596 0.37437753222899933 0.6195717968524025 0.4111887580596634 0.6370959498913283 0.43234427316410906 0.6377413006794957 0.4341476418226582 0.6343852013700118 0.4415206627398609 0.6369807310333085 0.4416461807896719 0.6291969286874736 0.44412803276256596 0.6247459430243141 0.4424149596446089 0.6134627627800715 0.4132443570938583 0.601223993850998 0.39308880642181754 0.5976271064332684
0 0.25396824090119446 0.5088455879246172 0.24900453695540636 0.5177475592509363 0.24689714914890376 0.5285065789451497 0.2554122188114111 0.5386242287712749 0.2613214112962431 0.5397913515574239 0.27767396301393066 0.5484103485339674 0.31266465678494504 0.5595072677637402 0.3150209907080281 0.5628400844464155 0.3181990865343796 0.5586034195286295 0.32071705672351053 0.5482967220439793 0.3201463309198641 0.5402985989527709 0.2871019858273164 0.5236080481765218 0.25689619633494176 0.5074653386691187
0 0.32625268074896885 0.530444621769692 0.32002141000806494 0.5396082752790178 0.321413300576968 0.5485110427893526 0.323608893941021 0.5527721846099712 0.3306071521228262 0.5532967432520083 0.3494054375971711 0.5633204663868825 0.38186069920894805 0.5791778129924628 0.39160871029536404 0.5737041774081014 0.3900205580892061 0.5631113208376123 0.3889676106084697 0.5578981731602337 0.37838097278669053 0.5569208942166256 0.3480680229216293 0.5413970681345177 0.33100146681137177 0.5312545433135523
0 0.26159831813682566 0.4796542198643672 0.2557685325968141 0.48647006656802966 0.25603190971302653 0.4968836157445988 0.26097362452815803 0.5101149341121374 0.29123204793485924 0.5263175276244466 0.320528592289426 0.5391242888406828 0.32662270144017913 0.5292900647619229 0.32469894333591015 0.5224984001697766 0.3200959914551274 0.5207370840933031 0.3176063664675717 0.5127379844182709 0.2926490813793989 0.4957562989524947 0.27163441239241953 0.4813659097251026 0.2640698065407442 0.4773152613470253
0 0.32673783090553005 0.5017722369050551 0.31845532454158987 0.5123104826173223 0.32022799551140996 0.5214665498310321 0.3251140385829243 0.5215929290236708 0.3271698007434759 0.5291140593535458 0.3309804127883867 0.5309758898542011 0.3478450757997538 0.5409890639909841 0.37840535797717656 0.5569401611107214 0.37965064371821894 0.5542237476724041 0.3847253090841622 0.5547526052260049 0.39123419798375314 0.5484902188516947 0.3906877296768091 0.5397116065589603 0.39115975866014596 0.534001839185532 0.38785871075855194 0.5291971222939741 0.3689755052484368 0.5189070076603973 0.3539595300213788 0.510151736150709
0 0.39313981950438487 0.5449438252514667 0.39227146285402387 0.5529425042622637 0.3895168832593739 0.5569163996634404 0.391063396774785 0.5629031075336624 0.4139836872823962 0.5737471031608264 0.4344328048842653 0.5824527484547768 0.45135440163195506 0.5876616263642372 0.45384465761586357 0.5867061083381583 0.4520907542260334 0.5789334816157113 0.4447344847433062 0.5632368255381921 0.4221348205864065 0.553524774009719
0 0.3939684325075313 0.5655194272120331 0.39093107722032605 0.5666509506464891 0.3919492590124305 0.5741971044163507 0.38127128105906094 0.5791761440593446 0.3807617169157441 0.5821190304502473 0.3880619991566779 0.5891880562034221 0.3889481768924997 0.5960047442355548 0.4133214585137486 0.601440936426071 0.44254261705017905 0.613191244527811 0.4462969263551199 0.6109027535546776 0.4481465606339581 0.5987287296301053 0.4449965998668131 0.5915596101169837 0.44192202491780425 0.5854469437183583
0 0.26803308321098585 0.4544261449733386 0.26397659963714704 0.4614434411895996 0.2639759686407943 0.4703980588907109 0.27587888726433446 0.4837057095709148 0.31766298470571797 0.512410997041504 0.326115345784097 0.500891789198936 0.32573904768976836 0.48665490592534494 0.2979896478469656 0.47088023487821973 0.27771070045771185 0.4567163186034127
0 0.2712603227853255 0.4357878644976223 0.2639590940498626 0.4421507652961143 0.26301535158136535 0.44909299119241536 0.2660520758722178 0.45691608545907075 0.2685801825142826 0.45425013956496185 0.27090058378375215 0.45427558366918364 0.27844642205543746 0.456942791555998 0.2981782701413945 0.4712827132391817 0.3246260815031849 0.48562347625083574 0.3233066719367117 0.4693742011724347 0.2923500620922648 0.45571201569006603
0 0.39812190896308375 0.5206462449465304 0.39278260448822255 0.527613073618583 0.38950000866844214 0.5286691060688438 0.3914616174308675 0.53375034279296 0.39166869180710995 0.5400135704957406 0.3938001552839742 0.544113845089556 0.42170095775940236 0.5530468046645619 0.4448477212195988 0.5625828507846582 0.452073248638749 0.559640805722226 0.4580916564731895 0.5532274373795256 0.4554509443511848 0.5475927403260571 0.4287954276167991 0.5359433673127338
0 0.4489636625151713 0.5149427875366297 0.4551697461495115 0.5223638241065582 0.45813108462222774 0.5291304652587175 0.4549989449405435 0.536776712788526 0.45114985124112356 0.5455799278570118 0.4288520458549454 0.5356163799359669 0.39800867248679117 0.5213002197000643 0.3946700894252172 0.5137286218259808 0.38946373550116775 0.5079929896840955 0.39216169685767144 0.5043460816596858 0.39586575151740805 0.4954553242504732 0.4022826086258553 0.49549153147267483 0.4285333124932922 0.5076205827339423
0 0.3256636618716321 0.4855984528108492 0.32636058631667225 0.5009672801831311 0.35431800703024663 0.5095732523813701 0.3689755052484368 0.5189070076603973 0.38834919182370237 0.5293481042623643 0.39272598625007626 0.5279400609953498 0.3977068137160696 0.5215517160926363 0.39448146713078824 0.5133261434650188 0.3897655942718892 0.5077414932915236 0.355827931880207 0.4993611527173995
0 0.3314380911662028 0.4612003580817312 0.3240423935344373 0.46960067412502 0.3251731808064816 0.485447470842459 0.3563184129453575 0.49951213468578964 0.388897868617881 0.5067855546012093 0.39216169685767144 0.5043460816596858 0.3956335459682335 0.4947379098692757 0.3951249283194459 0.4842488697085115 0.39154110472529674 0.4766017808502328 0.3658096163848892 0.4700586680010124
0 0.2745448115941642 0.4078679789440279 0.2720730076920693 0.4146842463119254 0.2666016991609255 0.42092160924624905 0.2707892402965178 0.42806570531938376 0.2713735592616181 0.4351338897440884 0.29327440598441934 0.4563409670036133 0.32336329017485804 0.46904721379566766 0.33289350030715453 0.46001863346416666 0.3340046794627768 0.44786936661848126 0.3244590662723334 0.44630865872613606 0.30719839109211855 0.43410708737616605 0.292635361770231 0.4227359168523419
0 0.34473927565429263 0.44256333959872046 0.3347970192986487 0.4477688521942995 0.33296615259980045 0.46132631661013485 0.36630009745003955 0.4702096499694026 0.392390062799315 0.4761742790492842 0.3991623288151183 0.48032544185154324 0.4063503210742886 0.47461651580658537 0.40501151293147264 0.46593841793803253 0.3970318118327832 0.46279324070606104 0.39269349906091844 0.45353623840393426 0.35969926363955707 0.4426909807840646
0 0.40652017578872757 0.47363555367628435 0.3991623288151183 0.48032544185154324 0.394936306025017 0.48384639134754953 0.39587878650080877 0.49481340085347075 0.40253813153849594 0.4951412295587081 0.4292690340910179 0.5078470556865274 0.44956738005661434 0.5144397947514859 0.45177454484979124 0.5151192136092417 0.45464236092073396 0.5104913434545311 0.46503693218519554 0.5116245495459276 0.4672068773165689 0.5050597785706019 0.4657172975374804 0.4942687744730572 0.46243501721587643 0.4908474980727624 0.4324024357654076 0.4822915727544967
0 0.2829928358406084 0.3863056604185957 0.27609817970851075 0.39072195276604355 0.2718107266629449 0.4030924372007316 0.2748770558176338 0.40750997739010025 0.32521642783219873 0.44691254031419986 0.3346401598940314 0.44736140558877174 0.34381800184996714 0.44303493620991513 0.34301296430583283 0.43175318001474744 0.3345971201726171 0.422828276667419 0.3140269278973679 0.4097533054894222
0 0.3507930312543193 0.4098325254099711 0.345633360614464 0.41130923867146585 0.334955288989253 0.42252986504565176 0.3427891555895074 0.4312756215925662 0.3453625814746736 0.4420800689339368 0.3605838203002602 0.4426788887245446 0.39263730892114274 0.45315872698038007 0.39630863287980517 0.4487718764856943 0.39987881241065837 0.45027952901025614 0.40963825754697925 0.4514447319180997 0.4108140956009843 0.4419987312904073 0.4033827477727971 0.4388938528410768 0.4012903421690713 0.43150679257622465 0.3895054843028917 0.4252228071246978 0.366338474518888 0.415639451576085
0 0.41011983935728397 0.44689333076518895 0.4102202350799406 0.45162387871851367 0.4001362111520615 0.4505630949214503 0.39687928895354857 0.4507865292851994 0.3949203075686926 0.45590481269211436 0.3968000387390228 0.46363507127883713 0.4057423761668389 0.4659790749631765 0.4062790678629284 0.4735002457599551 0.43283735994575556 0.48208419690087023 0.4625518041518628 0.4910266912109977 0.4672538461338662 0.47183652790222985 0.4674780292027679 0.4670015608381249 0.46428847423069836 0.46418074743675675 0.43682362582335155 0.4555220686062076 0.41552558727932437 0.4475356894139793
0 0.4070887848142659 0.4183754333765454 0.4012792078861414 0.4306860358321727 0.4036401465142001 0.43917741875227084 0.4109484557012948 0.4412227612464589 0.4107578626574708 0.44586373579957667 0.41549199725424674 0.4477296819249665 0.46173675538252745 0.46298660181291945 0.46817247262275635 0.45945069862020027 0.47197853103430554 0.44897535259527993 0.47209118409762074 0.4385890808337982 0.4679278927508763 0.4360815247647704 0.43673604897021784 0.42770591270864705
0 0.2815810228146356 0.3579924298915001 0.27998129289930296 0.3647992947089153 0.27445223620924897 0.37727480443683253 0.28143286347417373 0.38742476712548407 0.28277850571409324 0.3857334209972207 0.3137853542731353 0.40973631085953494 0.3348899218393775 0.42283025331473395 0.3460701615955285 0.4105502320078398 0.344064007498207 0.4020719039784006 0.33275463532129257 0.39199316024487557 0.3228137237139361 0.38373937349847126 0.2905993001613267 0.36610257859733336 0.2850481966539814 0.3641130719702727
0 0.33586892778038563 0.3867754838195143 0.33334669218977886 0.39161392505642617 0.34438693591870945 0.4020309380156039 0.34714667538746413 0.4091971551052291 0.350560435010465 0.4095461373013487 0.36566068095957505 0.41475584391125553 0.4013812947222604 0.43038376361065805 0.40684112491105157 0.4183080577761828 0.40591109884949206 0.4139510094639298 0.4032282348536769 0.40694882767267987 0.39583964038206876 0.40341109861636193 0.3695989425598852 0.39140318279324743 0.3571589994477341 0.3860297837793419 0.35362973373723705 0.38817192694555785 0.34039757463909626 0.3867657995321771
0 0.28729481209344865 0.34262599090780527 0.28484932339039015 0.34945325298302476 0.2815810228146356 0.3579924298915001 0.284548441787179 0.3639592353007995 0.2906992511346872 0.366133345931228 0.3227906482135151 0.38387264146295186 0.32775734382405064 0.3868052224702793 0.33623800720173 0.38646798192775633 0.35362973373723705 0.38817192694555785 0.35748970542530434 0.38472787146843007 0.3595198351207853 0.38029943275386224 0.3517704531264654 0.3685091170814579 0.35108660859786 0.36212228196810065 0.3473347511963947 0.358861801811211 0.29213873840098514 0.342011501465854
0 0.3600063494104939 0.35012902240078364 0.35736147310227934 0.34959560764848446 0.3554544984659711 0.35209676019253394 0.35137919830243847 0.3561763881581703 0.35126343504415997 0.3623170846003705 0.35194727957276534 0.36870391971372785 0.3603425184080901 0.38041230346053867 0.35859694368933753 0.3838053657931559 0.37408130983236265 0.3934848199748038 0.39576276490912926 0.4032470633179866 0.4039357978096594 0.4040784671218948 0.41609512489882144 0.4032034675269949 0.42131665632219045 0.39633696770283616 0.4215006706129793 0.39112491348141426 0.41929754483269976 0.3820647179335348 0.4096167001183349 0.37602621957204024
0 0.29665234936256624 0.3106632432296319 0.29136749171212384 0.30880281112831776 0.2899976285488519 0.31772612334735767 0.2872710606971699 0.33043705415358215 0.29127559639734335 0.3417156108974306 0.31755920760187295 0.34980634393081367 0.3479248072909796 0.35962086149402794 0.3520967650070645 0.3557653471396069 0.3594937044560206 0.34846369045387354 0.3584832902002752 0.34114391844365094 0.3590723153407299 0.33571824107269066 0.3539154042816133 0.33413081876867246 0.35368540003018023 0.3293875232181171 0.3360650357130039 0.321860925103815 0.31725453268631887 0.3151360970939215
0 0.42369304829339993 0.3642541851676899 0.42257929232203234 0.3706864613274483 0.4094625196139762 0.37459204147028674 0.42033904992294024 0.38261259597107333 0.4222707652399331 0.39068321626027713 0.4264420809282605 0.39593886886747615 0.4450607710725829 0.40073565435448905 0.46568841530904914 0.40708534357056186 0.4687979668976988 0.40734166477171874 0.4745572755813844 0.39533066041904813 0.4733675648903808 0.39005831921570994 0.4746094814623268 0.38086199719937425 0.4437318813986641 0.3729924961008497
0 0.42664683827623245 0.395768273412375 0.4214769827515065 0.39627948908633853 0.4157308325426828 0.4031547998071539 0.40348443907044673 0.4040575575254073 0.4035994411961633 0.406429205300685 0.40719446220039285 0.41804895295473576 0.43681784325425776 0.42810224708595773 0.46490586521221183 0.43487942364962867 0.46831014338034127 0.4293858505114319 0.4708826617002262 0.42363624151774854 0.4712030632016722 0.4167261268763048 0.47222727796003694 0.40979903829305203 0.46635382318764484 0.40729017225495134 0.4453423391772009 0.40012145364699075
0 0.4812865378341604 0.3922494771338428 0.4745037448835976 0.3958626503205365 0.46908189613952217 0.4074201825550241 0.47291641134016205 0.40996879886868576 0.47132907779672645 0.424074947416835 0.4758008863400508 0.4229430027455907 0.4938374451988867 0.4264427037420209 0.5350314644291183 0.4384390922505006 0.536855315764825 0.43580791236030164 0.5364688465978045 0.42519895805174096 0.5377560684953381 0.41578933621263653 0.5256777789223473 0.4104750429408899 0.503232169788204 0.40379378328977084
0 0.48119808750029397 0.784546671186155 0.51071088315948 0.7900825545714035 0.5356188800489662 0.793589094905569 0.5351023916069549 0.7986922262255786 0.5285731313902359 0.8067171001034419 0.5249193837917339 0.8156271265102738 0.5178008439563231 0.8153938650535791 0.4718589891074175 0.8109194617770278 0.4642518672680552 0.8002563146698929 0.4732608542785667 0.7975226306729551 0.47839559025892664 0.793841107960077
0 0.4866421451595798 0.7668872562623809 0.5192917515749179 0.7749795992641612 0.5387366947030338 0.7803533500917247 0.5364701304061009 0.793973505272659 0.5100540233972896 0.789635607484121 0.4820694549603597 0.7848148992252364 0.4820094399518204 0.7803909301817473 0.47820452462092455 0.7720155859805927 0.4719269830416904 0.7674370015233803 0.48550634824902683 0.7678131399580063 0.4783908276260834 0.7663052983548804
0 0.5927841078868314 0.8239159332487626 0.5893544978528199 0.8410118183144023 0.5464745597802049 0.8290641679656424 0.5281930288787269 0.8228107520207814 0.5246107978858215 0.8163877572327048 0.5291455154048283 0.8071430588697929 0.535385794512857 0.7988928117205104 0.5382486273096653 0.7972703918213533 0.5627692905904371 0.8115470578910825
0 0.546083907296078 0.777775174918533 0.5395440461709494 0.7802999475956546 0.5367489971310634 0.7930532653717749 0.5424568925741714 0.798722277270016 0.563609209630615 0.8121185640026898 0.5928870019214955 0.8233216892104228 0.6010377706413229 0.827082528153703 0.6042529225423898 0.8125807762741175 0.6064645709232988 0.8079412780868842 0.6013312627344595 0.7975982788683993 0.5963343821060156 0.7973119524482281 0.5581945195984599 0.7810336771376827
0 0.4821640763118511 0.7382262257337718 0.47799815797778483 0.7439854248531201 0.4766433387410113 0.752487700411019 0.4780737517517725 0.7659158005763222 0.48673899064492004 0.766705419327903 0.5197196781138786 0.7748234435888174 0.5323133423766778 0.7775906094741831 0.5426386772279355 0.7732721042916951 0.5438560655166707 0.7689524660503642 0.5456220308688248 0.764175775816912 0.5458711692562356 0.7559590621933611 0.5435999771587453 0.7541645788720635 0.5427087544423272 0.7518560076203573 0.5236297947722033 0.7502079829726308 0.5166873142542189 0.7496357123752002 0.5126481148654012 0.7521868021498705 0.49819918925590223 0.7503852772893681 0.4867576208419798 0.7455864446757351
0 0.49716467833062566 0.7193718754514915 0.4937444550656899 0.7248911796114127 0.48386139786053184 0.7345237605789695 0.4823957312309369 0.7348549894882384 0.48305544236936093 0.7385006098262092 0.48756328965096696 0.7456779697470329 0.49531982235937144 0.7490044946249245 0.5051836179470423 0.7508813757851635 0.5123588148278156 0.7515893611836261 0.516678787531694 0.7490071703253056 0.5232870057781123 0.7494765468880722 0.5424773862054251 0.7511588695473533 0.5507400057057168 0.7488514450243818 0.5553943840222533 0.7443379610414566 0.5521722821506719 0.7358351121191903 0.5527900763819316 0.7261670864113441 0.5213174024730078 0.7249289178091717
0 0.5554458310395853 0.7440408390222867 0.5505256909138639 0.7494113910511669 0.5438916058176879 0.7511247626572543 0.546016840244615 0.7564733412452255 0.5499502436130442 0.766290501327024 0.5655491496194677 0.7710922229446782 0.591013055998357 0.7792435896098683 0.6054122005254621 0.7814852849315672 0.6095005183102548 0.7822743303187806 0.6118926612751013 0.7704923435866458 0.6143189111300468 0.7612245250540894 0.6072309029647748 0.7581037882455256 0.5871407730985192 0.7534843522846438 0.5696734377285533 0.7479510034609751
0 0.550087387878899 0.7661762383289936 0.5456477543774907 0.764027214807327 0.5425272564707468 0.7732378062801404 0.5373411465367528 0.7764920846448152 0.5345646490108307 0.7751681437974662 0.5353015306752527 0.7783680811066823 0.5395697696796155 0.7801513865860695 0.5465467871109743 0.7771352639052721 0.5583916376041713 0.7812508341703769 0.5966086706377252 0.7970834264521676 0.5989915701745878 0.7948438334664824 0.5998061957293752 0.789461339109868 0.6003038991398296 0.7811646604998416 0.5912101740040684 0.7794607466425626 0.5656091233593245 0.7714236429754028
0 0.5035503765631583 0.6932798702722675 0.4992662294325198 0.6939556334468496 0.49732250733446937 0.7033299465037658 0.49226576415410755 0.7047651496613895 0.4931238851981695 0.7084484902569136 0.49670491298425273 0.7192385228196763 0.5214336616376135 0.7251410363845873 0.553295109880899 0.7262583213813752 0.5560497216875329 0.7263939264321556 0.5581571221525562 0.7197768563952097 0.5604749103017261 0.7174985364460853 0.5593358808317401 0.7135862591684837 0.5568391490538837 0.7082587844033403 0.5512908487542988 0.7088303430810771 0.5426916324558662 0.7060408294766641
0 0.5646574841488554 0.7186435678686757 0.5581961988388733 0.7189340876159122 0.5558234162187918 0.7264667303750661 0.5527644760753588 0.7262374456807857 0.5521863499251878 0.7357471897823809 0.5569615321567447 0.7433431556677094 0.5702348794215298 0.7481413451745996 0.5876361975762611 0.7537828254790923 0.6081746092470595 0.7579680529192698 0.6151665283625818 0.757698408872623 0.6169771026170867 0.7552639561843316 0.6176878545924986 0.7462224362941354 0.6201856304069643 0.7367337418992314 0.6183911044416301 0.7329046194117845 0.6126713626396394 0.730146680367408 0.6015283137324481 0.7260042483650183 0.5826910093926361 0.7224851292765849
0 0.5669915213281488 0.6698080524013573 0.5614100524119319 0.6772486126736377 0.5548885452798908 0.6765941202045246 0.5547060181619996 0.6780990711660911 0.5568947228399564 0.6830399159966585 0.5631937184404535 0.6863318852277872 0.5633644264707011 0.6907556175597237 0.5655477459608396 0.6912195446234247 0.5810133188347901 0.695667995621807 0.5923916669367566 0.6980256931747508 0.6064779450694344 0.6987191376945519 0.6153137813205742 0.7013349465886871 0.6194354146434822 0.7005221689808527 0.62028538101855 0.6924577439902609 0.6186610806199082 0.6869621057764435 0.618621477556076 0.6826828065488066 0.577828245288991 0.6730397830637385
0 0.563278881780667 0.6912496639077984 0.5626116331984006 0.6951032254227809 0.5611115271790733 0.7069224026587403 0.5573946464932351 0.707651621314057 0.5578163173934012 0.7101751656059675 0.5627924442420988 0.7179514870876011 0.582761527600381 0.7225373180564657 0.601721660303536 0.726188114647504 0.6100901700406731 0.7269948560543759 0.6222328444902182 0.723135131221824 0.6233800967112275 0.7029853475874086 0.6199712722469674 0.7005830431326349 0.6152225654303562 0.7014109439409596 0.6062898420888144 0.6984530834032947 0.5922434530323343 0.6979800693400661 0.5811444238012057 0.6958124287261067
