0 0.11388262807642047 0.20091845155467328 0.11866391554060657 0.22648738035348895 0.2230016415366713 0.20458205151302203 0.22287162799938848 0.18146074901798115 0.23034906868996907 0.17018842501730638 0.20933816844368414 0.1795695627991263 0.18762716984927574 0.17879934251361984
0 0.23330979723290274 0.17000294498899973 0.22230760751117928 0.1816482504871649 0.2224345888871464 0.2111607744614711 0.22863426601547365 0.21868509051934762 0.23680725681220416 0.2271509568048974 0.2827711363996067 0.2198586139155018 0.317037276159136 0.20447338623804687 0.3359312044738142 0.19978989239020697 0.3502978080762405 0.22856251769216376 0.3481975130318702 0.19810844349018444 0.35299547738329284 0.1885256541530407 0.345392571397403 0.1670898434397766 0.33312777892000484 0.16557568160016647 0.2974553781415972 0.17344063610149907 0.23795803899849033 0.17884179277203982
0 0.3420251253553844 0.1330631341189199 0.3360885074629385 0.1653902015718598 0.3460972179875 0.16765436928820507 0.35440628664414464 0.1864590951102649 0.35638718071583714 0.1714225916397747 0.45633517594022205 0.19011663074598228 0.4639502105713747 0.18598755554218507 0.45578934841990715 0.15195680333957404
0 0.46693368032417626 0.13786791441938848 0.4726948022596036 0.17828786666038765 0.4874984449742719 0.1773604665188545 0.5264143425800467 0.16761847588480702 0.5561713505952184 0.147342038481557 0.57902100273065 0.1253679806512673 0.5848094141179188 0.10826693957887845 0.5697396800060534 0.07573417768886041 0.5631135763300891 0.07554061189704535 0.5593045429338549 0.08080076023857652 0.5199637348611009 0.09467789039905276
0 0.5856546868099037 0.10958349274491908 0.57902100273065 0.1253679806512673 0.5651987105678807 0.1379507934953513 0.5754901893768758 0.13852340510728833 0.583099159685397 0.14717677286202183 0.5902817034462813 0.16316089088281652 0.6170764668378614 0.14626554424750582 0.6875805439446653 0.11963224985990184 0.679138429589422 0.08409744302206638 0.6137166011991321 0.09626078122848576 0.5984880480174846 0.10132332089644754
0 0.6826571142979334 0.09650690448310668 0.6870165234564561 0.11981975132908566 0.6995565038149985 0.13562041076245093 0.7139397843046612 0.12924131792844848 0.7481998597415591 0.12663853320952426 0.7866893307996969 0.12422729284153806 0.7838813570039138 0.0995999142703956 0.7614641957387507 0.10146077887609328 0.7403172176325514 0.10050305712140302 0.7255120588372252 0.10462606800256886 0.7054931217074445 0.10329334330951097 0.6987279080102501 0.09915213946045087
0 0.11372987332926976 0.2257313101541224 0.11808321816516099 0.26182659995863206 0.1265359450850092 0.27499213161903885 0.15416991684594272 0.2721957811082994 0.18744560956962586 0.26432880516608964 0.21790119985226303 0.2573993365697987 0.2170619914829096 0.2433003404452273 0.23567921583578577 0.22752595974326495 0.22694220455084618 0.21924759492689894 0.22074252742251893 0.21172327886902242 0.2194768925055285 0.20495503301051246
0 0.23694788291409197 0.22790298412250962 0.21720413366545538 0.24085675702320694 0.21776057375037522 0.2566473092521865 0.22198238896832578 0.2728169073012879 0.24228106222122436 0.2788492973692028 0.24707751049198912 0.27246211877169174 0.31996919916957034 0.26500451026276095 0.32843557081533936 0.24940954526647374 0.3478980678602003 0.234951717730552 0.3359312044738142 0.19978989239020697 0.3173185283629117 0.20597744087327138 0.2826305102977189 0.2191065865978896
0 0.35567950196442444 0.17724928727061165 0.3519989660248151 0.20882634884681647 0.36200009614608736 0.22706857026132507 0.3799081256668929 0.22031649592983218 0.4481424760949394 0.2231937040756573 0.4580060122756395 0.23429267669328838 0.4733782237204906 0.22359094286367345 0.47184346524498744 0.18975375645287762 0.4573465684205803 0.19027924576055924 0.35639172105400646 0.17084769013376033
0 0.48061097974247174 0.1788910495896219 0.4717903197805196 0.18932625272810824 0.47317815223542997 0.21480343562859003 0.48255677345256875 0.22454772278650728 0.5276246292519051 0.21278100756998652 0.5679287117967328 0.19359448473399055 0.5792454953016385 0.18533063150337425 0.5800068034919762 0.175645344153605 0.5858756128626367 0.166620182732651 0.5895469630170738 0.16389911157784795 0.5828199005785505 0.1476997745044688 0.5746513977848174 0.13926814426976822 0.5679916777412207 0.1406246111323052 0.5514119578203303 0.1568547382574382 0.5479313415849641 0.15629687958077607 0.5396422953674919 0.1626967271552969 0.5284026191731874 0.1679337924652815 0.4870057066568016 0.17783704452102203
0 0.5922086471076077 0.16278656175807474 0.5858143934670267 0.1691723927283344 0.5817709832343128 0.17317916220717863 0.5795098476792833 0.1845812038826892 0.5839211858072947 0.19749269070243006 0.5912468824711632 0.20890281814144926 0.6101433375869378 0.1988933063942215 0.6267816893089987 0.19389461484323908 0.6337354151958152 0.19690811462269373 0.6541359249468144 0.18639859895764255 0.6760394786125994 0.17751948653452312 0.680651457575496 0.16373838336759708 0.6951315209610663 0.15146942059940413 0.6941002628805556 0.14595455360358112 0.698142662392831 0.14407819128449204 0.69852372965383 0.13330115450626057 0.6880034329707674 0.1197579246529834 0.6170295914705655 0.1460148684749684
0 0.7009652916349732 0.13781466603918538 0.6952252716956582 0.15197077214447896 0.6818732492865062 0.16386473197430443 0.6849700556893542 0.17401811148250798 0.7001970927903438 0.17215118255417886 0.709881718625588 0.1641389912237418 0.714485611824976 0.1674011453348567 0.7328145089310065 0.16503556011595558 0.7663694324175883 0.16293345312848043 0.7762405490015776 0.15805437204794823 0.7853566061066389 0.15981651440559297 0.7970130295296285 0.1559414840424617 0.799743929478056 0.14491579293256995 0.7960876508289725 0.12536308267465213 0.7872528459276866 0.1251049949522319 0.7485284926728499 0.12732806003740857 0.7146913062620541 0.13005651954941433 0.7000277842890543 0.13280115058843722
0 0.7850743431824247 0.16044286693012358 0.8068821246727407 0.15532321728143952 0.8085645842932018 0.17499958089156178 0.8088407828947846 0.18715567132556185 0.804230825372765 0.1966759601729777 0.7935119092956945 0.20556450598685702 0.7846760936739701 0.20743682542419187 0.7756517658626234 0.2104368489311322 0.7680367312314706 0.21456592413492945 0.7502743814147459 0.21141798998525896 0.7434133955420825 0.2110362489106343 0.7214201340234598 0.21089238114965844 0.712209315463368 0.21075929440669403 0.7078795994246856 0.22391404504908938 0.6998956261777968 0.21325527111405662 0.6963280446611123 0.2048559481999892 0.6941707670450603 0.1954552698230235 0.68412427763715 0.17376676189634488 0.6996325669419154 0.17340388760324021 0.7099754693601799 0.16464034276881664 0.7149553762183741 0.16777749590047564 0.7665569338867719 0.1639361562186301 0.7764290611911999 0.15692666797834268
0 0.5761146068252039 0.20914069145509814 0.5708352547953398 0.24284681256380666 0.596304368536932 0.24662783737426489 0.5959313870394417 0.24036161687445542 0.616892379757115 0.2371210247993634 0.6412344632427276 0.23914664538843414 0.6661461261789614 0.2292675251296679 0.6882392027548072 0.2171303014771879 0.6957635188126838 0.20610865324905056 0.6949227943626726 0.19520526786411177 0.68412427763715 0.17376676189634488 0.6766029937405892 0.17839718864521695 0.6538536620226001 0.1870249514821732 0.6334531522716011 0.19753446714722434 0.6269702014986209 0.19276691077363362 0.610049586852346 0.1983919548491467 0.5918103975991531 0.20978052025214308
0 0.47882890569252134 0.2249740394011963 0.47487823547396074 0.23161256758487048 0.4704527472598093 0.24852678100170125 0.47693670875322797 0.2511639302155369 0.48172406054004546 0.26395041605582187 0.4876465283463514 0.26144904883945347 0.4945054927781376 0.2660916042335884 0.5247750976722488 0.2549638218075152 0.571117517719554 0.24222046003927597 0.5756448424318059 0.20876434088947918 0.5921864112579591 0.20965551927268722 0.5830754077550906 0.19724134111626693 0.580167113541865 0.18596025753845788 0.5679451535500085 0.19321840011040556 0.5265806189200204 0.21335972932981404
0 0.5714925206579216 0.24422586621957518 0.5958346041435342 0.24625148680864598 0.5910320915501379 0.26542110836468763 0.582746651690702 0.29586642298953275 0.5799300867711912 0.28934750527630876 0.5183606296228964 0.3039577959728771 0.48950739295204915 0.30130177997752144 0.48067562021207905 0.2946524707758358 0.4835970537910061 0.2782382612768284 0.4824760878576577 0.2637004140969102 0.48783504053597376 0.260321344769848 0.49412947911933147 0.26621660521304424 0.5243053332788509 0.2545874712418963
0 0.36425567273870474 0.22738376796446758 0.35335127663332744 0.23100879636868712 0.3482745868792257 0.2337615131712186 0.328247058625717 0.2505372493360792 0.33209387090529996 0.2647014412048813 0.33669675338424954 0.2700940024757513 0.36686755394157605 0.26911690430337887 0.36940286665731126 0.27413176738137846 0.37673260620293403 0.2770202661813772 0.3871682486353518 0.2708884800517835 0.41123110135806584 0.2671492316861196 0.45494344723460534 0.25102006245456104 0.4584283959415223 0.2354835550662475 0.44781333780342925 0.22356938082765057 0.3792034790767959 0.21975197008140376
0 0.24834567221007597 0.273904346730814 0.24204415858364825 0.2829219364059036 0.24626395236072163 0.30335234877451517 0.25612597246076385 0.3176469321317789 0.27586315202654976 0.3185408057694898 0.3250251691546815 0.3059251402352093 0.3398792247581807 0.2977919908070706 0.3500235077824372 0.3114602216398037 0.3585770604799473 0.31021425472699954 0.35670103506767104 0.3023176309852583 0.35943395645697573 0.28703112555585636 0.37532230230230146 0.27802162164427546 0.36959036812649504 0.2751344704715281 0.36668005247239227 0.2681142012132292 0.33679050411884137 0.27059535402082613 0.3238225811320041 0.2653210555931549
0 0.37588682815072993 0.2767689165952141 0.3597162193811899 0.2864047730313258 0.3569832979918853 0.30169127846072763 0.358858312683723 0.31171830936222394 0.3635539351768258 0.3197426293379239 0.3830078410979589 0.3233932626599206 0.4251173280024892 0.3179147815998862 0.4590533187500697 0.30503563783417964 0.4658215646085797 0.3027856202039744 0.4689193817318663 0.3108085925524229 0.4778529909699368 0.30091599602114244 0.4834085416013837 0.27936596534643393 0.4815355483504232 0.26507812012542736 0.47693670875322797 0.2511639302155369 0.4705464979944012 0.24902813254677605 0.45494344723460534 0.25102006245456104 0.4114186028272496 0.26815193477626925 0.3882025388771783 0.2700121255683412
0 0.22651666559055006 0.32376254673435534 0.2255639974380526 0.35070513867993386 0.2313876609075738 0.35835445571726626 0.25112888335511396 0.3507267007159567 0.25694951466331944 0.36476723923255444 0.2834569615284924 0.35915028092054985 0.3205865415748286 0.3505346467288564 0.34399212843496085 0.34541634470742394 0.3534953171236527 0.32361900732830656 0.34870796533683507 0.3108325214880216 0.339691723288997 0.29678928771692104 0.32464915549587536 0.30605014121466506 0.27661517934416197 0.3182908038105781 0.257911279299764 0.3186509828491799 0.23319217143490673 0.31888077039932017
0 0.3532629181745345 0.3123172191512416 0.35357703757731174 0.32123124057082686 0.35134396767849935 0.330992042818984 0.3519735758472289 0.3459337275707443 0.3699916879184364 0.3467978536661975 0.37514409763105955 0.35698934959890627 0.3795378280059051 0.35588944743054607 0.4162146152224484 0.34946851967393155 0.45187321139994324 0.34194312520504067 0.46741175082122843 0.3353345831070473 0.47027990634146977 0.32897003326100976 0.47213192486742483 0.31717147957158087 0.4685692832531363 0.31114107751305603 0.46532555381273694 0.30392244356818104 0.42584343495650767 0.31849072545475005 0.386874862050121 0.32423057691337415 0.38171560552162365 0.3284708714177161 0.36484680970327493 0.3207313882527328 0.35772084179311026 0.3101137631793883
0 0.11381786138660221 0.2783689474135021 0.11685709242643105 0.3057192832434221 0.12869069129845356 0.32461224973659847 0.1430934716210684 0.332275262303029 0.15310563250053816 0.3303302944796282 0.19780158301692036 0.30578755376211825 0.21379537166853602 0.3053126902260508 0.22222571448113715 0.2921342674236634 0.24041809509080114 0.2895450615534099 0.2382260676057043 0.27782273882939257 0.2219913461338141 0.2714604560395102 0.21796869039403222 0.2582715300804004 0.15435362212339132 0.27319403672523596 0.12773746317407764 0.2751250003396735
0 0.12270775063171724 0.3259094784609058 0.12184216655272095 0.34902412751797235 0.13123624064642042 0.3631942900193847 0.16774278117047614 0.358667118430212 0.20095340309934462 0.3531604608248573 0.22537228298520018 0.3505765065329651 0.22623917995878678 0.32469452446425784 0.23283495583293207 0.3183514974617 0.2515144536615065 0.31836725219678375 0.2461495997805404 0.3035493505962779 0.24127317601307502 0.28856907658946873 0.22247058598518266 0.2906694147146913 0.2134287208597629 0.3061263027836885 0.1987784432439218 0.30546280894951133 0.1535940626140389 0.33016792207332474 0.1435819017345692 0.33211288989672555
0 0.12244449860340739 0.36611699333284714 0.1251131401506922 0.402582940755327 0.1297525697816539 0.40242406940126435 0.1474473300156851 0.419368567018799 0.1810259156479171 0.4102809638441658 0.24733063177928777 0.38754707643555947 0.24977803392515263 0.37566588235747944 0.25698664500670676 0.3642770570766711 0.25064493089873924 0.3497839002887722 0.2314730642728931 0.35823251699491393 0.22586071309870093 0.35041413412666156
0 0.2566199941979337 0.3650906696343088 0.249656254620425 0.3750146422061451 0.24806262050224365 0.38868718433192456 0.25501979560680077 0.3925998768182916 0.25940910215535573 0.40497519021976364 0.2728363351455596 0.4101956145871604 0.31105960198711446 0.3898798080119021 0.35025447747730964 0.3803085886705993 0.35501437351840864 0.38356829047951163 0.3602666383567793 0.3783636208471985 0.37223251969025184 0.37576916339858374 0.3755376285475712 0.3573773183332812 0.37017146177201476 0.34532674974441613 0.34318996490851833 0.3453039929048507
0 0.13230862228634327 0.4188674455909252 0.13449014661471764 0.45272843240806787 0.14388553360300743 0.4641312618978395 0.19712047729081533 0.4547346686456832 0.2249583679711759 0.4510141075096666 0.2379076740046015 0.4342582401902417 0.25744750433381103 0.42222867791482144 0.2669738608889606 0.4149114164744428 0.2598975322688565 0.4048128178134602 0.25501979560680077 0.3925998768182916 0.24647555085701395 0.3885230613995006 0.18151434576141778 0.4101185914378623 0.14708067920691192 0.4201821795764367 0.14097727213003836 0.4180608351377691
0 0.23558730274182543 0.43572134237309323 0.2343629452215979 0.44304560591795356 0.24131618164238405 0.4552602974392426 0.27282058041047585 0.4434036107268484 0.2989509350354694 0.4361003534954331 0.35853415730419635 0.42736025197297217 0.35683187282719053 0.4127082238310107 0.35964986446559943 0.39171141816037097 0.354892594213681 0.3829170503281773 0.3491558379455806 0.379982093331872 0.31057117187361377 0.39004218041820554
0 0.14242024326250524 0.4646183791167499 0.1427698264416044 0.49978009571044074 0.15839302560067597 0.508420843766933 0.21467770348503523 0.5042359222515713 0.2560685451440981 0.498085026599364 0.27157521657680334 0.49500520245795926 0.27450973594157857 0.4857289689852165 0.27158571973352574 0.472866538364834 0.26768878198224244 0.4520268535221365 0.25731259608318036 0.4492507678798938 0.24119440233765643 0.4546090572879083 0.22654543761640572 0.45117823044209043
0 0.26793627927546865 0.44502733478988316 0.27231902135107205 0.4712393132495585 0.2778043416421754 0.4894757880130392 0.2833001650900013 0.4855735986833947 0.2974620125923416 0.48639946492387537 0.3587514580218454 0.48400939250845393 0.36314995483253254 0.47701337482844147 0.3760953221821871 0.46855950654393846 0.39587608533167123 0.46336709059446823 0.4049192633516813 0.4451428695138304 0.394550954820161 0.4257627858017437 0.35914436672242467 0.427849119718003 0.2989509350354694 0.4361003534954331
0 0.3754158492428436 0.35672607818194696 0.3727209498037526 0.3756067909922803 0.35977820824327855 0.37852599325350195 0.3590409679419614 0.3884552174036995 0.3761360219144867 0.38277218318307793 0.42240853891937624 0.38053222949111715 0.45280904657737775 0.37941837948655827 0.4688067739127643 0.3706415169155688 0.47613322561527516 0.36820593082101677 0.47418606963422383 0.3550187553880273 0.4761437287719977 0.34606726672789145 0.46845719073366526 0.33547980032187796 0.4525825555975966 0.3421405700325611 0.41656313229245134 0.349272702227071
0 0.48898438444659875 0.30098682914072555 0.4700547635356175 0.3135052591611766 0.4733493692362143 0.3172520781889993 0.469925106863348 0.3294580170796863 0.46687012108843545 0.3353156773894541 0.47553351935376936 0.34557839898286064 0.5033740358233106 0.3363231718235628 0.538538378206182 0.33016702459299413 0.5890889256116214 0.3175124800580459 0.5839676303401105 0.3039970587602087 0.5794578573814182 0.2882031721957617 0.5196271378194651 0.3039427924504759
0 0.594740663623523 0.24231087257707848 0.5920431383952512 0.26672625141069317 0.5872714263028396 0.28837254670654683 0.5974027406978561 0.2926134850577616 0.6013193718679941 0.2719431747258492 0.6325775862374501 0.2643186737340677 0.6854471920110751 0.25296836002790846 0.7049843965511041 0.2464734637757696 0.7077958237165614 0.23931332316333317 0.7041385058909624 0.2280781176582262 0.7082908183030137 0.2253142856988264 0.6953585798992622 0.2060948238669227 0.6890037368453915 0.2192749971954305 0.6660462086162672 0.22967383330333435 0.6402811919054565 0.23893081098875257 0.6174520074540114 0.23614422218978737
0 0.8147685830461713 0.18991710112466967 0.8257431623121491 0.2180880516167092 0.8153564732563645 0.23745063006759168 0.8086297278153594 0.26251374800029986 0.7630865737442452 0.27142847561190714 0.7352499959584748 0.27238170373628295 0.7190139615919944 0.26878675395804125 0.7126748732732074 0.2487589311468611 0.7055946059693324 0.24696233152080047 0.7076740444118338 0.2386620830119989 0.7052371454226916 0.22840461299695355 0.7084139105023316 0.22319819283852005 0.7115946142657427 0.2096897736451645 0.7225823224776236 0.21018739402079736 0.771903260784474 0.2159264450772721 0.7937621494818693 0.20520111363064095
0 0.6017162673698389 0.2742876042601302 0.5981546604937292 0.2929168981543823 0.5858288119847254 0.3131178083691046 0.5986131556107938 0.32497115317576525 0.6025253197404029 0.31628990718577027 0.6686140567793717 0.3010292675800447 0.7163461555656992 0.2871742530089908 0.722271554461277 0.2784947050293326 0.7125750405012226 0.24816956756253408 0.7067728615622411 0.2467435664038208 0.684860983972253 0.2533569202262874 0.631919882890378 0.2635758223300165
0 0.7187226826626933 0.2702808687106703 0.7232191088814683 0.27817970256110386 0.7169380587013807 0.2876484547216707 0.7221419669659178 0.30202181927416133 0.7256870182412436 0.31828859465669795 0.7748340811190952 0.3173826414897581 0.8152181758718052 0.31536399162199696 0.8168821268920269 0.3027333287067852 0.8286097047265862 0.2954797818858403 0.8258966289613712 0.2728976750456978 0.8229422073139743 0.25978941439713255 0.8109809246437485 0.260410929281906 0.7628944480806636 0.2723708350125771 0.7358929676284665 0.2732954662932217
0 0.6022890678892314 0.31502650129218174 0.5965884592750518 0.34912827235705146 0.593503176624543 0.36223143897460636 0.6030904792132797 0.3731346823455704 0.6083083960630955 0.35798060366385515 0.6689493319398401 0.3431890717397991 0.7135986950911639 0.33706859774371717 0.7246213378954665 0.3179718941781324 0.722023841040332 0.30139011632736706 0.7164642814912849 0.28780595595578506 0.6688515821382959 0.2996083604523418
0 0.7259232700924152 0.3195520005502865 0.7133611697322398 0.3384895048714201 0.7257962296125613 0.33771048875253235 0.7326539008352992 0.3609276945601427 0.8088049911808531 0.3537284840699753 0.8249108693086018 0.3537420681526698 0.8341501616593443 0.3493286375767939 0.8280088870366366 0.3137957713222005 0.8155738271563151 0.3145747874410883 0.7748340811190952 0.3173826414897581
0 0.8185167872339387 0.35184186528127653 0.826684031700141 0.36053329933329237 0.8292828020630281 0.37443076416276627 0.825366817410161 0.3911649492166356 0.792088107301134 0.3935053935939727 0.7475594170909011 0.394888944494266 0.7301503332584511 0.39597956706070897 0.7228163378101122 0.37828848852979585 0.7360833732005445 0.3711941409533021 0.7331276780453949 0.3607701933260283 0.8104625746623118 0.3545193862612208
0 0.6066508125816368 0.35718970147260976 0.5995288723371701 0.39176397623982256 0.6171678404820287 0.40535832467342536 0.6798207376169891 0.39325280378099753 0.7094299029863416 0.38743544618078674 0.7231719890946222 0.3774992843488872 0.7360833732005445 0.3711941409533021 0.7260337549714854 0.3362895816248294 0.6683574288041586 0.3427148700271192
0 0.825722468694671 0.390375745035727 0.8367349234369528 0.39275354564047366 0.8417127679123391 0.3843890001290442 0.847748651686987 0.39244703322392893 0.8516468072313177 0.4132932304681398 0.8447713069000433 0.42765640695860957 0.8165860201764832 0.42763263481389435 0.7869781283148833 0.4307656793928138 0.7341577001740993 0.4362476584007542 0.7297806733886626 0.4262962144758234 0.733809689936105 0.4209309844539142 0.7296765560483554 0.3961370682948233 0.807364556934277 0.3944656830916901 0.8219297039984002 0.39700438095122476
0 0.47543999554017957 0.3471312828964606 0.47720169636194537 0.37808133126870613 0.4822900257164019 0.38645436683181966 0.49507946337348063 0.38757045955331454 0.5178220429658269 0.3773260872945336 0.5795312062038539 0.3574826298064601 0.5885278791646618 0.3652273584434529 0.5964690598417134 0.3511808824315486 0.5961223231114716 0.33317989546341714 0.5890245795143043 0.31675222282609256 0.5382135656162311 0.3302888389082442 0.5037485022203358 0.3370495059028043
0 0.3601333539991243 0.38879196160100643 0.35648580970550436 0.4116658556961658 0.3599282764412731 0.4279561675151394 0.39545730545990854 0.4251265122325371 0.40402749503051893 0.4434104506800048 0.4190396161377284 0.4452880826848032 0.4400245950343407 0.43672691797228214 0.46026045980225283 0.43475468359999975 0.46185069783747457 0.4241878591148655 0.47360838281259776 0.40654272249045853 0.47957622679195105 0.40667208727428655 0.4847089634368422 0.3980975524016332 0.4822906374012279 0.38516505112867966 0.4767928699310809 0.37695454431927217 0.4753036665317699 0.3711097142976841 0.4688697570912501 0.3706069623385177 0.4518943450274837 0.37942017153862856 0.42298725605305054 0.37952012197016555 0.37673471037954553 0.3822164014209
0 0.48554808181934395 0.3983469228571966 0.4934792167552542 0.3877854464361153 0.517728659404052 0.3776107273505049 0.579748456885526 0.35752135576295313 0.5885996895996503 0.3730702412953027 0.5882176118202257 0.39221694871714313 0.5326317237792714 0.4128090722638613 0.5158413340331576 0.4247307215544289 0.49392322145220235 0.4346587442165024 0.48674420893102216 0.4322903933966566 0.4755526212909662 0.43601089498990936 0.4602654736123024 0.4241865220988523 0.4728622769699274 0.40679075593000863 0.4810684384772918 0.40617602039518613
0 0.5873784934377241 0.3919675782615797 0.5960527259302749 0.3874989653016367 0.6028546744820802 0.3984458620421755 0.6089055033811656 0.42020895372341194 0.5922011068408137 0.4474234330106995 0.5467766491677013 0.4736190382195217 0.5137609642485313 0.48565133406973215 0.49734964399581233 0.4847671728391478 0.4887774489011822 0.47071049899213907 0.485982058896193 0.4663565436398785 0.487109239756278 0.4490754350787174 0.4931761128475221 0.43702040995628216 0.5164004120341554 0.42560151262488105 0.5324456986996087 0.41181426447363406
0 0.8004416990670771 0.8137391791671198 0.8019714121807792 0.8365713097618509 0.8083393861032013 0.8550996625433225 0.8169912577075864 0.859965446789189 0.8248505000200531 0.8554172438522262 0.8901072245022823 0.8369493010538908 0.9356602764196525 0.8269670920453777 0.9319206216215157 0.7888551801287901 0.9120020290819972 0.77031539843159 0.911994681921886 0.7858018197082716 0.8161058627485607 0.8060658593094857
0 0.7866095942650201 0.8139360229084632 0.798676291652183 0.8215375862659448 0.8018468088198569 0.8591935349972631 0.6808987905325686 0.8955301774255585 0.6695197115033651 0.8786677030818352 0.6663393981222095 0.8616603160527587 0.6681640672144096 0.8558924016498354 0.6778406314589651 0.8610627055866303 0.7169047796730463 0.847431158393717
0 0.5582666253609101 0.881458596255222 0.6152134506277062 0.8573660190370695 0.6449405579328134 0.842967458158971 0.6633801273491392 0.8587730934468031 0.6675888069505207 0.8683417895284672 0.6688357667254614 0.8801854034297363 0.6678037269251799 0.8953673050154892 0.6254371110223912 0.9094515499891779 0.5947988936978691 0.9241529978559578 0.5475347553090544 0.9405105279470045 0.5346766531566582 0.9209139071939131 0.5384420230151842 0.9048233446421157 0.5478950955982842 0.9010356245813504 0.5548444524180212 0.8942092384202888
0 0.5531431757047531 0.8840220432606017 0.5556759616193919 0.8943629242379892 0.5483421791920148 0.8999960540770108 0.5377664160179285 0.9043106093091146 0.5355027536618024 0.921038668884013 0.5247863643858283 0.9246011967985046 0.5206945627051606 0.9315529012444443 0.5060315460923801 0.9332323287035896 0.4707825397002938 0.9401577544181263 0.44723885353937015 0.9391980112225587 0.43539745544829334 0.9367443205961526 0.4308928719459093 0.9222662786514594 0.4344252013803414 0.9059152434558057 0.45148644212850425 0.9010422266979049 0.46254306184032745 0.881477258717014 0.48082308791867034 0.8753140966021854 0.523829271124455 0.8618160122618311 0.5377876411471385 0.8595720589542574 0.5472247507802015 0.8780017818379496
0 0.34341477500735695 0.9259070888437767 0.34076748522196454 0.938854996000221 0.34535288518644036 0.9711206155772402 0.3737244969364537 0.9698949699660656 0.3856523065320252 0.9697914324470585 0.4215216341916449 0.9680041219947152 0.45364439437803095 0.9616697428455258 0.46122892535317034 0.9577002196620631 0.47239830417463835 0.939988396049395 0.4477769246683698 0.9380364685695266 0.43610589549888645 0.935641072849541 0.4305746917398245 0.9215502905680332 0.43313425026705604 0.9139414022008547 0.3807352215800891 0.9183275186406871
0 0.43402072477494225 0.8412396098384699 0.4326518399642239 0.8532798134817835 0.4265988296193357 0.861567341701012 0.435961583531909 0.8806596552310165 0.4478893931274805 0.8805561177120094 0.4682533928862223 0.8771653616321005 0.4804379829078819 0.8745628908741004 0.52423635322689 0.8609681052100354 0.5369335879080982 0.8552989284210218 0.5435851417854403 0.8424679962754583 0.5568772552285912 0.839980057347999 0.5597794930548162 0.8283955378465061 0.5548404194798137 0.8232794747674688 0.5473436197628351 0.8219099791616653 0.5384057792516495 0.8050899783899134 0.48352759375458965 0.8271952479834357 0.48045813914569285 0.8320773610407107 0.45608987529500133 0.8353511421097385
0 0.5622522365165147 0.8241945078216218 0.5600353572882766 0.8278277650544853 0.5571331194620515 0.8394122845559782 0.5444368009734711 0.8431503008980196 0.5366777236746378 0.8558667012130425 0.5477419635780174 0.8801859448821135 0.5525969706653702 0.882916384962528 0.5888144747797499 0.8655664806940365 0.6164239909851488 0.8544571907770906 0.6447161172106513 0.8411901199324321 0.663377714785959 0.8345035941604287 0.6642348711297565 0.8235989361011562 0.6663686000629727 0.8156488954226976 0.6627134286184109 0.798038166148696 0.6588809622722718 0.7949677953471713 0.6490018989296389 0.7866668296360694 0.6455102794972378 0.7834831485941747
0 0.33250217661197706 0.9411199792174516 0.3411905662380967 0.9449896296524184 0.34577871478045585 0.9714617678885205 0.3536163614111723 0.9727179532539538 0.34516917693646876 0.9991790971785228 0.32795961446690125 0.9981422027528074 0.2729151283797974 1.0116139054551394 0.22349507446568317 1.0222504089678797 0.2187296310217467 1.0103186292042545 0.21618656396181501 0.983166629525932 0.22761089082411567 0.9668181935682157 0.2737951895392892 0.9524302362215605
0 0.21322774542677336 0.9344307126196343 0.21994229336132654 0.9684020937530557 0.2739651548998443 0.9533391613248615 0.33343881848028545 0.9422567463916632 0.3393191148867353 0.9388537744100507 0.3420495549671497 0.9302226506992012 0.3368555333513146 0.9237431999652124 0.32893382023294826 0.9201013916011563 0.3244288219856111 0.8979460368106492 0.26103129603035896 0.9190217415194781
0 0.34173802621750043 0.8685388266364592 0.3402850749191324 0.87819340728115 0.32639441794352764 0.8852247501349447 0.32264052092927176 0.8961269650138766 0.3297004967407017 0.9203292336720666 0.33821892100626616 0.9232899590037323 0.3570486515568735 0.9213746792289746 0.38099108581354946 0.9177597458486663 0.43313516645968386 0.9120102417538826 0.4339055077379483 0.904513442036904 0.4520544606537075 0.9008936222959143 0.4593922893216643 0.8781802674347494 0.44712271661972713 0.8803282756410988 0.435961583531909 0.8806596552310165 0.42728052344681156 0.8613407212202718
0 0.2116313983540556 0.8871727151988286 0.20523845728805717 0.8936423932114547 0.21152534324333927 0.9311349429275401 0.2722792441837101 0.9152825035872665 0.322639604736644 0.898058125460849 0.32613946990269505 0.8838613624799931 0.3373874180560462 0.8801221245477815 0.3389253520346918 0.8709220064547413 0.3292984881550082 0.8697779097395074 0.31183214525935254 0.8712399485527849 0.30689398787697775 0.8641927250267752 0.3067276872869337 0.855559158135585 0.2925820822704964 0.8612271133344284 0.2742613316089266 0.8678003288660614 0.26139413156716335 0.8725605805517739 0.23071790933075098 0.8827585021850782
0 0.30732714701201536 0.8490845937622776 0.30680900519670024 0.8637382624751249 0.3120030268125354 0.8702177132091137 0.3298951993022065 0.8690968267071167 0.4176545757597557 0.8582654640580657 0.4277081854260825 0.8578195526376078 0.432821805324779 0.8541887385850848 0.4327432359928959 0.8402161529046284 0.4244852569239306 0.8270318525460808 0.422784687125752 0.819873761960042 0.3657846831996372 0.8248239864213839 0.32539936298114697 0.827629867446887 0.3224103100893889 0.8426222452906739
0 0.19718466037557975 0.8360651617324572 0.19195051744675506 0.846519113736614 0.19348462037644049 0.8547230481105655 0.1935514020858915 0.8760499696704951 0.19569997314053716 0.8857924173905912 0.20892633645927572 0.8866238368691345 0.2619942965111456 0.8715962437829065 0.29422140991518164 0.8587042661529751 0.3072993246594682 0.8482569297735072 0.3212977011615661 0.8427319540184102 0.3272279790803519 0.8237683496584797 0.3027728940638102 0.8257983837737862 0.3007810411144775 0.809904087877341 0.2874787996023409 0.8069194112766643 0.274325006664656 0.8152134905339986 0.2403278862198791 0.8308723664579377 0.2207918540153639 0.8382382657286572 0.20133418086350524 0.8425282409112024
0 0.15844456612076202 0.5082144821871509 0.15041444391575015 0.5108839946297673 0.14579334629436486 0.5203809096864073 0.1467857795094809 0.5439330568374872 0.16133470997580973 0.5510374836384483 0.21332597389975821 0.5417143359746429 0.2738478936117092 0.5323983832698916 0.2788704973433451 0.5227679925911207 0.27496957312759307 0.4950651502276879 0.2563011578667276 0.49785950434157006 0.21494926624249078 0.5047829687906423
0 0.2834044391744299 0.48543763753253866 0.27848194215939215 0.4956033696916437 0.2763689086722504 0.5071096140393002 0.28027630835115125 0.5211634071419292 0.29632252259101927 0.5453973223217716 0.3429908626335375 0.5440985408957346 0.37290144898141964 0.5375668693621896 0.3940822453519611 0.5276824783654547 0.40532765417055217 0.5171206363153897 0.40634490999440537 0.4883514279667212 0.4025322208128119 0.486207184061763 0.3687099178105965 0.4877844286665484 0.3587756095025041 0.484832136069751
0 0.37574436906891784 0.4683872937032541 0.3629952010136388 0.47546869663524177 0.3683567437745724 0.4871750985548926 0.40193050126936514 0.4852699767232256 0.4057431904509585 0.48741422062818374 0.4179842702162401 0.49358000109879674 0.44769572237478406 0.48370280506111607 0.4871455863836567 0.4666078524856952 0.48695563614868853 0.4485758301831888 0.48992006013822575 0.44060104897702757 0.4873955895797494 0.4313057980631261 0.4756126832469328 0.4355723408674406 0.46482211905078474 0.42832611851196917 0.4608097985725933 0.43490193563915747 0.4412563063851515 0.4368592041205983 0.41849229452986875 0.445475206002379 0.40628004733059625 0.44464250574932745 0.3959703986411628 0.4637957338815168
0 0.6160096065750071 0.4067286667037961 0.6080028844223131 0.41724863558563535 0.599136773117408 0.4401438905707952 0.6088358855760471 0.4604942499234886 0.6260176525534515 0.4505510314907289 0.679365205457235 0.44490590612330677 0.7194857318006975 0.43398626379406435 0.7347485013152175 0.42105411384921226 0.7304917112040185 0.3982900436944638 0.7228191632653255 0.37907941758854996 0.7094788331265347 0.38774559898794997 0.678961325227466 0.3966817987433837
0 0.7341008043642847 0.4369859034794517 0.731322417749189 0.44637225807068 0.7397399039573419 0.4695665964536749 0.7418694463172231 0.4785303315118676 0.7510444911419336 0.47910708196094726 0.7541432843196507 0.4690097326121434 0.7761219713021257 0.4677479929692054 0.7833745767511069 0.472590711963737 0.8162367611241801 0.46891985073587045 0.8297853415514043 0.47106507292093375 0.8462141391293776 0.4740662423453634 0.8486721191818516 0.4653908825117105 0.8568870916229792 0.4656823172143345 0.8608372428229362 0.4601377818964805 0.8530640116528713 0.4282665539407906 0.845596272089767 0.42712223147688455 0.8166819443080875 0.43008515742526016 0.7869151111998867 0.4309135693618675
0 0.7284513790326929 0.42616991067786203 0.7332460044292001 0.43968798950604654 0.7307864350048154 0.44531594538645153 0.6769014888833529 0.46567276605286706 0.6363495470073623 0.486407501462542 0.6286655260258531 0.49137987554844287 0.618854257293026 0.4825519145377882 0.6153366689298787 0.4758630567560282 0.5996528096213651 0.4768455996086794 0.5998702383440516 0.4683106030396909 0.6115032632212363 0.4602119936551175 0.6267648854314747 0.44969814372944694 0.680325277840818 0.4451912218697622 0.7204458041842806 0.4342715795405198
0 0.7540357172625891 0.4708589308774563 0.7463482543682352 0.48308620502090166 0.7495488780816058 0.48323115750269263 0.7593498210758983 0.5138238186859806 0.7602000317938566 0.5207949327361118 0.7689448083903206 0.5287684762464425 0.8055420098492276 0.5232514762313474 0.8483276192293161 0.5168861776720968 0.8559029258494821 0.5161813018706901 0.8721211785304587 0.5132076677490194 0.8726636030328931 0.49428847634572964 0.8703269576888601 0.4720950376838921 0.8622184050005126 0.4723727047351369 0.852189707544999 0.47207974029347044 0.8456797457569145 0.4760573336143828 0.8290381086733811 0.47191796068221575 0.8168775742494231 0.4674978612207196 0.7841206623248483 0.4741561242216365 0.7752683186713226 0.46803177897661863
0 0.8748972705369911 0.508657913196154 0.8799024408304948 0.5281507955704391 0.8838411189876356 0.5467892604443998 0.8634610229054237 0.5517509263570056 0.8258991598458072 0.5666558107023711 0.7853506598826616 0.5801356460545016 0.7738274966711018 0.5815484571353994 0.7633754148130316 0.5741424856398952 0.77884987652883 0.5647668392219621 0.7775751341040334 0.5531010181371747 0.7687308215804791 0.5300485727578864 0.8052216032866061 0.5239624709889226 0.8489672850502774 0.5178824881761276 0.8560081982979804 0.5191687036437403 0.8653983772368141 0.5160470575621943 0.871907191720617 0.5144877642604634
0 0.15539860926165888 0.5559036539089678 0.15802524491088166 0.5934648043632311 0.17515292953259398 0.6014509426069398 0.21792592614219575 0.5976544739783277 0.2559894043095331 0.5843493231256222 0.27358572171218126 0.573939643521608 0.28703852900403415 0.5727245757340051 0.29636266316861737 0.5494305700001948 0.2878598727859657 0.5379257653536054 0.28084922855901084 0.5317877813740394 0.21392801177839155 0.5423091609544558 0.15942496117722016 0.5513079965544873
0 0.29705324818708323 0.5478981346974597 0.2855439100177498 0.5725700133607515 0.2851961446779293 0.578548489305889 0.30025331065953786 0.5885258043109184 0.3163525362453141 0.5831738206274205 0.3280983218697579 0.5855158844060532 0.3438328140675457 0.5812040750645253 0.3683238539172085 0.5789252047551231 0.380972627241243 0.5760231392915315 0.4052330599463193 0.5751237904653359 0.4135163709220284 0.5645529542731681 0.4118010361135078 0.5449288802080421 0.3871940744839048 0.5492005758324902 0.3778872501334347 0.5360087735099118 0.34316077527848665 0.5436445731639871
0 0.40687822034076987 0.5003139114107666 0.4057202389566619 0.5176360354143398 0.39341304889597906 0.5275902706672185 0.378347228007314 0.5358558596903834 0.38822871559630984 0.5495080520252722 0.4120316432580944 0.5435493587248353 0.41570775700324764 0.550144435609262 0.42364082980854867 0.5507643336560012 0.4508917369014875 0.5475679804294279 0.4712466851321178 0.5388469470551276 0.4791884128444754 0.5212239410736726 0.4794227292349433 0.5120260321498112 0.48701421877689277 0.5055937604072634 0.4981708459452304 0.4973248742766485 0.49668240903541505 0.48413966616897053 0.487147450370946 0.46711512703582914 0.4482774654052026 0.4839455385063158
0 0.4973717576385871 0.48521336001312015 0.49874550918375615 0.4977852642889591 0.4875888820154185 0.506054150419574 0.4794227292349433 0.5120260321498112 0.4803377393215268 0.5221447210982938 0.4834379534128605 0.5308855371172947 0.4980425600123524 0.5253789910605432 0.5029938133368475 0.5100529894794661 0.5447358780799256 0.49813065721741734 0.5616416104641079 0.48925341291613833 0.5783154992884099 0.484361819244951 0.5902749240092723 0.4803860599372097 0.593497241957015 0.47410340490674036 0.5967220327353455 0.4626084915825012 0.5970710344904597 0.4540238864904789 0.5901750756281513 0.4484992063427519 0.5471628169669065 0.4719181004827649 0.5135831957584222 0.48568693845523114
0 0.16218064035880725 0.6033639056684843 0.16165150423195884 0.6411914997449984 0.1805643850775881 0.6435930034158358 0.22384919454442004 0.6349960842297565 0.2645771940619036 0.6282145720699388 0.2696094960508336 0.616404653677876 0.28665275793035716 0.6088079812124013 0.2972254256046269 0.5917772406321242 0.28649561926659084 0.5808628098514886 0.2732930694668564 0.5741494090957376 0.25854800472533734 0.586291928667888 0.21798813818315327 0.5978446868249515
0 0.17911509854973118 0.6455229422726377 0.17042121176784492 0.6532402545195046 0.1742381028393119 0.6891403529195577 0.1855682850950573 0.6916490588799133 0.2350733216894491 0.6814670179188237 0.2977014225590646 0.6659569524800012 0.29992288275044154 0.6526678930122761 0.3010691290977111 0.63308713531604 0.2991672005542214 0.6292661255776986 0.2713913837587786 0.6317418486034545 0.2673030531791792 0.6292392505939506 0.2231675007169442 0.6352227047104967
0 0.2864998457767642 0.6094847159536813 0.26901278490363534 0.6170857367102668 0.2709479677131029 0.630939015224595 0.2981446598130077 0.6296060562988087 0.30410902270710727 0.6285887073158188 0.3114340246782753 0.6329115987122658 0.3585503842986184 0.6293162107746831 0.38078950017923263 0.6243366681492529 0.3911867053371807 0.617983965147508 0.3917843326770068 0.6153717216681452 0.39528053307254674 0.6088996004751784 0.3992902943202631 0.597429612804226 0.3913713297797801 0.5879943230992531 0.3802156938477286 0.576738740007337 0.36820198537925186 0.5783189754216659 0.34340789193454485 0.5812516041794131 0.3260388272308069 0.5868537788919133 0.3152504264724504 0.5868007573520851 0.2988455936856667 0.5888250664316511
0 0.17363235850058134 0.6939320484304808 0.17406503120161365 0.7338759705591954 0.18851439457327335 0.7393076351080888 0.21626567142921804 0.7360525917798976 0.2399550715559322 0.7270401093024454 0.2751358303173002 0.7179035046496333 0.3011825948814316 0.7112347600144302 0.30395333711153905 0.6884217652564079 0.3049108263823699 0.6798584600587781 0.297789219333748 0.6714221550201304 0.28715146589982354 0.6704095759196624 0.25658748778440843 0.6791486316897041 0.2278814197672781 0.6852798763568565 0.20735563403005686 0.689544620801894
0 0.3069194361774811 0.6769162404046568 0.30108194854290443 0.7118368393058297 0.30594629787070715 0.7184647479825627 0.3192939477378586 0.7191450770195141 0.33971584940497823 0.7223069364962784 0.362600618445404 0.7169736675782891 0.3799654879027776 0.7117695573069979 0.39627330099465136 0.7134559899812687 0.4007393819437779 0.7133928496497304 0.4123846780068323 0.7061097942927357 0.4266386845426575 0.7002339889353579 0.426741489368901 0.6950822265570239 0.43125816329825567 0.6941493361939189 0.431914253175434 0.6862548480987541 0.4362317929154506 0.6819764332315138 0.4328254664414694 0.6694619267588218 0.42800847236232037 0.6687887926809243 0.41877652993620207 0.6661716281312647 0.41054565467606485 0.6689078783849466 0.40296493345188644 0.6762612690325339 0.39443535690774206 0.6739792325300122 0.36412272482768027 0.6817818004574218 0.35484018942133383 0.6800343859393289 0.3374780180736055 0.6795513923519518
0 0.30162025566092976 0.634894092686144 0.2978920241599915 0.6662703926417962 0.2992445440779241 0.6712226610828395 0.3074210490043297 0.6773181062628599 0.3204172461195297 0.6783995816621097 0.33065457268706167 0.6772707948412412 0.35519164217328536 0.679633239577031 0.3635210052842335 0.6808445931188843 0.3751140895012726 0.6778435501086572 0.3952383691282432 0.6737122812857507 0.40366729933386036 0.6765963970796717 0.4101441485658143 0.6690413540070774 0.4178228180188746 0.666772987926759 0.42735615983864544 0.6687213353739533 0.43137553791658395 0.6582872129787759 0.4286199051004905 0.6492524261282558 0.4263169109968047 0.6380769928523045 0.4227561074724938 0.6338588403329807 0.40183259297852547 0.6302951149980133 0.3983745942804579 0.6209252001003551 0.392905827299563 0.6190471879437531 0.38121101750013864 0.6249251517888472 0.35922990701874125 0.6293893901711755 0.31130645566524306 0.6319583484951715 0.3040303715662915 0.6318183974098918
0 0.18859225886920483 0.7391696662227587 0.17862377864930667 0.7492578019700105 0.18424183253330845 0.78835817835543 0.19893072641133053 0.7892815336416966 0.23503315479897113 0.7779249042683882 0.30200157801598737 0.7517911052811296 0.3041114281867615 0.7449606373644507 0.30337681473190603 0.7332692833086458 0.31140826776553376 0.7257605850719274 0.30890638879219856 0.7188503136524608 0.30571811598758936 0.7186198830064559 0.3007112967242061 0.7112520156994732 0.2760551471529711 0.7178357259476779 0.24211629892976938 0.7291182662760628 0.23511259985302496 0.7304788086717591 0.22355212615252135 0.7359348562236429 0.21654903933911945 0.736004863512949
0 0.2049659118949398 0.789210710001267 0.1917505307700268 0.8026363170818792 0.19327777351680087 0.8237416583205138 0.20112660735244337 0.8411325521921827 0.22834571305078954 0.832729070958519 0.26313949224637084 0.8195494051952573 0.27447218844202076 0.814169079390544 0.2878554944446966 0.806816722754907 0.3003857062650207 0.7974898862349762 0.32213937637356316 0.7883226567206209 0.3308004319280872 0.7738304143706358 0.31764980153700584 0.7707827684079814 0.30273313015412995 0.7699351348688851 0.3017157846740708 0.7541441939012753 0.25080720620759694 0.7717132719470478
0 0.32833713441564105 0.7201705467840406 0.31126334486195917 0.7262034121385997 0.30288217763749015 0.7329155274805434 0.3041989597684959 0.7456830881017377 0.30186533484963557 0.7518123754663125 0.3041874440069033 0.7699561313793731 0.3180459153005234 0.7696318607344711 0.3319651873400626 0.7739270805207757 0.36535199720032246 0.772107464094308 0.3905502030399819 0.7694410431760789 0.4153099331011333 0.7615668846673481 0.4151234664769314 0.7562753698246582 0.43106219873962415 0.7527612412176797 0.4349707115234632 0.7464653025457154 0.43087776430864444 0.7431862481495247 0.4319520208537144 0.7360480209707373 0.4233229088613837 0.7342769571139393 0.41797059327277464 0.729988962903536 0.4155160442598167 0.7254514433305425 0.412244667038021 0.7165457650829078 0.4019778342415702 0.7146053403277576 0.3821981639183649 0.7147566372863565 0.3641791706865995 0.7214606238554113 0.3424462600680859 0.7226181510372601
0 0.33391842763537105 0.7729208502975261 0.32250976357052363 0.7877774230415069 0.300080271439529 0.7966614245614378 0.300074852257603 0.808084033162678 0.30290165712122386 0.8246324084962063 0.3270911489459176 0.8237289226618861 0.3338298535820814 0.8268422289476752 0.36809835678354264 0.8254433051761255 0.42051219649279276 0.8165845931718488 0.4254956432194426 0.8017226012459423 0.4316722383920377 0.7946726673042818 0.4191366458090901 0.7949140638939829 0.4141674244349959 0.7797917082416341 0.4044073195381205 0.7719724246814869 0.3911805646246178 0.7685176870080301 0.3658553381111942 0.7733677356650861
0 0.43109292000869615 0.7950839996615531 0.42599648736075435 0.8011070984498122 0.42076961418058967 0.8136668419761725 0.4233762039547978 0.8218187606500429 0.4263023905844826 0.8273392683938582 0.4331087616391706 0.8405883043972581 0.46533036396348776 0.8305981164376766 0.4778751001034206 0.8267885156178864 0.5388178023367344 0.8040037209678207 0.5468417909775359 0.8006147718359667 0.5527016957343673 0.7957808178428412 0.5540422223552423 0.7884811574502418 0.555196331379213 0.7715035470747762 0.5467947147734912 0.7656388495468329 0.535970871945703 0.7656297204590006 0.5271854652407743 0.7634999876646059 0.4785962887793772 0.7828994848179506
0 0.5557050845579434 0.7727773699527668 0.5528929061023834 0.7953565145197721 0.5458229152569 0.8009534841673954 0.5383718730385593 0.804512702373747 0.5469592225595978 0.8214985289282616 0.5547899467876211 0.8228634202505921 0.563257126000248 0.8247382058876322 0.6284713342552335 0.7900720052828468 0.6482144477281103 0.7784583272084471 0.6515278478649393 0.7730279750001884 0.6570080706120881 0.763269911478381 0.6618497843298711 0.7573314907729792 0.6623626455981262 0.7499462393887395 0.6521199653718479 0.7327892308509437 0.6298303472789686 0.7438065107102104 0.5985606887052074 0.7603342563166766 0.5900293162488502 0.7595630244831297
0 0.5610057365240624 0.7389095660110424 0.5486522107521455 0.7422948635077634 0.5439989686760291 0.7535816970649162 0.5290961995577603 0.7621433125213244 0.5373079751586408 0.7655459552849266 0.5486412558467468 0.7653857282070445 0.5556415759958006 0.7724377447125548 0.5900293162488502 0.7595630244831297 0.6106622342733149 0.7512609207279924 0.629894540522699 0.7427029569067173 0.6516747207552603 0.7318550332131651 0.65136402476042 0.7157251165750544 0.6478669457530365 0.7057048026256264 0.6427780446025563 0.6958529319331296 0.6399775057339824 0.6938980327571485 0.5924666054658397 0.7219575170815068
0 0.4391436112314071 0.7354110678252014 0.4359551741741016 0.745850207644999 0.4309215654067152 0.7536561107171752 0.41493915073201726 0.7564440970899797 0.4160187962884464 0.7622177261735832 0.4102872780190757 0.7648445725597224 0.4189954825301132 0.7954982609880069 0.43268542683338035 0.793472377360917 0.4783415698492183 0.7829841629008077 0.5275043774146635 0.7623117557782555 0.5438077583080131 0.7540060003879855 0.5434328690694425 0.7389796375533679 0.5407648247778537 0.7261585565081702 0.535420520015627 0.7178345429422356 0.5291829872938755 0.7134148502755636 0.5098229792386182 0.72273674266012 0.4826971248806554 0.7281470108751478
0 0.535334135828995 0.66426462424558 0.5438593736918412 0.6766943443210071 0.5450314132135405 0.6906145528567551 0.5429491466797868 0.7024366501799105 0.5300360439036556 0.7111813973534158 0.5101622333014737 0.7222401437011133 0.48305081340918166 0.7277550314787238 0.44016749299128427 0.7343791346010441 0.4235540240263215 0.7348141295011849 0.41715798317556874 0.7299444913756666 0.41564460852434904 0.7256776475370074 0.4124493041107673 0.7175179902771811 0.412903814058618 0.7059190236137445 0.42733089504414556 0.7001689340128835 0.42665969239045987 0.695304124352778 0.43137501059520383 0.6937365765250995 0.43160256734821745 0.6873010000603735 0.44575093619515566 0.6775096115132784 0.4793721753147072 0.673646573628823 0.515633708803368 0.6647718500476659 0.5275896540891052 0.6623872294599996
0 0.43438259309542676 0.624367516692668 0.4295486680487633 0.6393303428808287 0.4288136352877935 0.6507045693960759 0.4321768912543408 0.6597623825044248 0.43671822232435326 0.6700185414883725 0.44647993337435954 0.67885724765818 0.47903566865059954 0.6731224481977925 0.5289368878618892 0.6619393586520915 0.5337647773267867 0.6596983951240799 0.5401060414429041 0.6617242754347273 0.5480780799358075 0.6571660937555817 0.5570042581282222 0.6526087168206717 0.5618339582676495 0.6465511944946153 0.5570705024682127 0.6312809355812591 0.5384933738114155 0.6301427494440736 0.5352968622814807 0.6245274647162771 0.5245244241227981 0.6166607547854083 0.519752518508889 0.6192011035962608 0.494494601280984 0.6218738430474714
0 0.400159413453063 0.5956770323475308 0.3970658162524563 0.6097433121756397 0.398407618001651 0.6207451177618656 0.40272441010953286 0.6310759218804648 0.41299540784202515 0.6311594192017062 0.4241073704556984 0.6331893232335309 0.4304486345718157 0.6352152035441785 0.43398949902215395 0.6248161922448116 0.4695178104243747 0.6234991363808569 0.4952807894275296 0.6209764919431843 0.5219991152465489 0.6159102797177173 0.5254797709386625 0.6141171869976138 0.5279557351038657 0.6005742278562999 0.5255496366277125 0.585156288162112 0.5120785060162258 0.5870906237091638 0.4991756637290966 0.5742082043604158 0.463533573950369 0.5787430484567332 0.4318194071134866 0.5851520683616892 0.41037684156727305 0.5903723993218717
0 0.5401428584916759 0.5841209132078183 0.5313846318522268 0.5895764459912511 0.5285733681392691 0.6000509071695048 0.5277257641181456 0.6120985493850855 0.5291253603928586 0.6195831814561075 0.534960355617373 0.6240033392852465 0.5398965914351881 0.6299942639190061 0.5563409017308322 0.6312054857023724 0.5674546750190351 0.6294188309361524 0.5927721974469883 0.6194123591716931 0.6126454044909935 0.6096257990900106 0.6284197192493051 0.6034278386812415 0.6461023134066392 0.5972314877609431 0.6521094850913551 0.5936444975765008 0.6513859199357405 0.5808471850374649 0.6572257436256674 0.575089852738485 0.6522907149242055 0.5665545555726956 0.6457796885805929 0.5674470782115701 0.6382615564773635 0.5616784794932937 0.6285546221619924 0.5556835311383571 0.6055396803226878 0.5626985643071138 0.5813454562635645 0.5710596241323015 0.5751685223513532 0.577565017266266 0.5546253197700155 0.5799423951558131
0 0.6279146574740553 0.6032777436677033 0.6465513913309004 0.5970821974916405 0.653058192767277 0.6050949787148704 0.6592272804231927 0.6151280070390995 0.6596149424728762 0.62612900788109 0.6261526015336414 0.6499729956042914 0.5963966623650039 0.6694048729407083 0.5736026381387702 0.6839783785709032 0.5488443506625257 0.6982508894297862 0.5453113324684831 0.6921114792709595 0.5440839126539718 0.6766196991863557 0.5358385940460683 0.665686905525133 0.534325822953025 0.6601478754204589 0.5403305804050347 0.6616496303000761 0.548022096084819 0.6568667084727409 0.5573413683505065 0.6518606559856872 0.561889942118638 0.6468505797774561 0.5574635965414855 0.6308322600291155 0.5669496132437853 0.6292687359226142 0.592323119522727 0.6195616494409958 0.613263037526397 0.6091024784032156
0 0.4237035892849465 0.5517117167823365 0.4180398207889825 0.5568676010696685 0.41243429591903724 0.5610222121499288 0.41381847603101957 0.5657989168721138 0.4052642690494079 0.5751887270031816 0.38648791152363604 0.578484956746541 0.3861390709908177 0.583183175002976 0.3918548708798608 0.5901202273685303 0.3989573357740622 0.5965963005122866 0.4099942758591905 0.5899814769869858 0.4313710961871044 0.5848388454632582 0.46251095150726224 0.579396349137859 0.48920207857502784 0.5751054725692302 0.49665773256510515 0.5677173805545807 0.5017465194804094 0.5568611765060167 0.5038302443279103 0.5483131817573444 0.4958107907764643 0.526431376262837 0.48252160719871834 0.5315038042980672 0.47616761231664506 0.5303430732663191 0.4737369106062076 0.5396610233134388 0.45166551532912674 0.5476529864200571
0 0.6464180229818667 0.6387065030909208 0.6532850284788173 0.6544253530069476 0.6594574590266011 0.672993534505865 0.6513654737133754 0.6822296848963333 0.6317167042439106 0.6979261707737779 0.592596381076213 0.7210776389634682 0.5606417362150871 0.7392285392018766 0.5493179265629228 0.7416837818605656 0.5440618634490898 0.7398307536983951 0.5412377444922822 0.7260409335171133 0.5351755889635964 0.7185644154640104 0.5302683663825819 0.712013169045405 0.5435024124507788 0.7013949092872673 0.5500900030602209 0.6972411265047326 0.5741280147094714 0.6840131360495815 0.6265400063480908 0.6505515558806775
0 0.5023585418692034 0.5103028158726827 0.49731923439287806 0.5260886485143783 0.4990435069154827 0.5341545657545986 0.506711449165166 0.5485957440705779 0.5256725678194517 0.5425803312697873 0.5513432892314224 0.5354862799692189 0.5934336793524772 0.5226457467330033 0.60919209009434 0.5179830046157424 0.6091424854119021 0.5154077561224476 0.6167172305650691 0.5120257150337227 0.6171773369532838 0.5064013096140266 0.6255670732496443 0.49929268311743424 0.6265875885306516 0.49089023791588393 0.6181542598202129 0.48275089350106737 0.6158701249746665 0.47631095036832716 0.5993512469007064 0.47690693531738454 0.5896924253412977 0.48069383022342677 0.5617337430948246 0.4894123981118729 0.5444990832425469 0.49888546545538787
0 0.5035594390748829 0.5502195318986544 0.524401842846851 0.542714796702359 0.5293310095612821 0.5448197805615538 0.551444684875702 0.5360285142583127 0.5827074706788778 0.5264995099754306 0.6088361121996595 0.5183893159526621 0.6172732668990545 0.5184642006468606 0.6192515751022092 0.5267336379354415 0.6220448744485572 0.5312764898161547 0.6270748902374172 0.5350757736388173 0.6303184577146637 0.5547314022385667 0.5813145804076632 0.5698702367451208 0.5767888099909468 0.5745424527397972 0.5646397828783272 0.5777173299811555 0.5547781700303592 0.58041975630901 0.5395785284717362 0.5857606556675388 0.5282428527927573 0.5886651445241513 0.5245342597986379 0.585002512413464 0.5116231256443684 0.5875668295097408 0.499075074792841 0.5747479815022359 0.4976538960633734 0.5706128984780449
0 0.6361829377056157 0.48560573209094376 0.6298341388197661 0.49031123082825495 0.6249884983934362 0.4985947564784911 0.6177884668757493 0.5046953457002445 0.6165421386128194 0.5114116226077207 0.6139898479081943 0.5126308023248134 0.614968792042883 0.5178659096186886 0.617913363996827 0.517257726951029 0.6187596714605603 0.5262439575434047 0.6233372241632057 0.5313948619626369 0.6275224956165322 0.5359347693324357 0.6380593803374819 0.5298369944924558 0.6475506507905434 0.5211211969419095 0.6595261346241437 0.5167693959938128 0.6785044539576063 0.5082360761014212 0.6895620350261698 0.5078964502210751 0.7089319320135079 0.5014571732462336 0.7236569025695577 0.4939671223035855 0.7372050293776509 0.4846440802126377 0.7407411893850685 0.4782786867126023 0.7392408453073226 0.4687684763272102 0.7307461088750354 0.4456432344687112 0.6764960782502281 0.46627289113029285
0 0.6393636259361813 0.5280231688083478 0.6295218696376802 0.5415301084961557 0.6308200192218812 0.5553140723709012 0.6399502360656143 0.5608081577554276 0.6455670046336901 0.5680388652194653 0.6509878767440022 0.5650995235489656 0.661223584445747 0.567382999043298 0.6736702738635154 0.5632452547572427 0.7049899089507781 0.5482844731441041 0.7387185806995442 0.5325228377981807 0.7607023892905869 0.5223714955571842 0.7592018677854734 0.5120665318087049 0.750382763530116 0.48543005543050777 0.7405474826947638 0.4852879458575119 0.7237832535369787 0.4937041050108077 0.7095281677572954 0.5018547519116526 0.6889512494179171 0.5081266671599904 0.6783129563620635 0.5082515088312561 0.6593409832198293 0.5162643631345379 0.6489018243533138 0.5197347293099391
0 0.6610233710125508 0.5663123160826299 0.657406578288721 0.5743381213122091 0.6517833342574963 0.5807564631089752 0.65328385576261 0.5910614268574544 0.6503710477865414 0.5960100978189707 0.653879099842908 0.605647683456796 0.6601966154271706 0.6166257812831726 0.6729425457508752 0.6163689029815869 0.7089779889568306 0.6038207555094791 0.7577636794619231 0.581916363561916 0.7631714308386222 0.5738510189500979 0.7791490062410935 0.5640032893519803 0.7775342619247347 0.5534800177828213 0.7683304095458532 0.5288975485264987 0.7627036098431605 0.5234441121660591 0.7412277240776459 0.5322573255457298 0.7043871101634731 0.5496221073490339 0.6746734995172128 0.5640489864736492
0 0.6700146647643153 0.8004381023224734 0.6673936952865316 0.8161170775247123 0.6637960102230397 0.8247169159112114 0.6636278082246347 0.8349531036589082 0.6588895969830735 0.8374537411798076 0.6623146886421168 0.8483463423385617 0.6687636891507825 0.854994506116062 0.6776637005764097 0.8599023831580427 0.7168728489981229 0.8468677982658193 0.7875360520000352 0.8127337005074348 0.7948864499072933 0.8130665913794098 0.7916339516526985 0.7826815506754023 0.7862484025725692 0.7724406787612593 0.7775945461760887 0.765137272614313 0.7286654550857323 0.7800149105747668 0.7006479098202896 0.7879407699260347
0 0.7962171351139851 0.7626483455095295 0.7904995734430896 0.7636235972932232 0.7870656989719593 0.7712434997295826 0.7918792284006362 0.7821372719299481 0.7964386982692884 0.8120878264708814 0.8171049673462643 0.8056803266071498 0.9120180719893052 0.7861588963507159 0.9112910245575785 0.7692792289919651 0.9077879798677934 0.7505459691904801 0.8729105901909682 0.7570503801788643 0.8400751240908051 0.7633387191273231 0.8216978119008465 0.7652833674866523
0 0.6634238106935053 0.7484886155073295 0.6617865830510992 0.7564367246492174 0.6563922511588832 0.7647083563301879 0.6517328712292721 0.773198402134307 0.6487080840984412 0.779294089875072 0.6504188733655455 0.7884428911734718 0.6596447494134782 0.7950933970341953 0.6638083061599614 0.7987994108780528 0.6789190675959859 0.7960897275668973 0.7012199294717417 0.7872878696398118 0.7295642176406988 0.7792533887477754 0.7782480319831173 0.7649200295327759 0.7818439604841918 0.7600226918652995 0.779399097535691 0.7488042260842397 0.7757348770971706 0.7254971511543604 0.7630795179841511 0.7172102959324395 0.7149677232931847 0.7308907548612162 0.6791065917809819 0.7451260319099514
0 0.6531529271224185 0.7065545602335103 0.6522506514426173 0.714721083498547 0.6526509559708298 0.7317093723980661 0.6632600001011437 0.7494685514574693 0.679923888180372 0.7439288528782743 0.7146409803896704 0.7309993764019848 0.7622630998659696 0.716556224604605 0.7687979579362553 0.7143837937892344 0.779829263624999 0.7028500027603735 0.774776605416845 0.6795417567888825 0.7728214176830115 0.6690859838764257 0.7646554799387807 0.666247771317105 0.7488885978521016 0.6747284487883313 0.7104117665493672 0.6935351988822372 0.6654000771763474 0.7145143797915142
0 0.7770462401172713 0.7158064131937296 0.7762245523118376 0.7262598440229633 0.7824168584168526 0.7575185412195653 0.7972292485426455 0.7630228029494864 0.8222658501460289 0.7646830283709098 0.8406471437422572 0.7626858188411004 0.8734826098424203 0.7563974798926415 0.9077065137122169 0.7501103119857943 0.9213491277854489 0.7432612997093191 0.9222557948712935 0.7258385246467256 0.9198162016100451 0.7035125567085979 0.8910760003189191 0.6853024969035584 0.8488522466994624 0.695480417190816 0.817070928375957 0.7052771499888518 0.7986058528792354 0.7117198537809224
0 0.6620126875951179 0.6179278442559206 0.6601051387356851 0.6269491399059516 0.652119444506419 0.6322997541406495 0.6489967213972169 0.639628230285724 0.6506320683619096 0.6471721938256039 0.653113446058916 0.654434905161708 0.6632589924837207 0.6654401270447472 0.6655317051488822 0.666781381294984 0.6903858477664621 0.6543253587133063 0.718041756522023 0.6424356307408245 0.7421031717257438 0.6293445165796647 0.7591842648576295 0.6197720871270165 0.7677528844084163 0.6115318154406576 0.775104055588447 0.6063921403587916 0.7749492624053035 0.5983559854623044 0.7708847040015656 0.5850296748577872 0.7672924845707123 0.5790348725596602 0.7641748782337303 0.5755781624584746 0.7586206695644964 0.5819177076483607 0.7087020137067513 0.6045033578079355 0.6735917383157307 0.6161753242646252
0 0.6601396805559987 0.6655784790256482 0.6596605192201537 0.6726272190476049 0.6509852930324576 0.6827001783004789 0.6457480616227178 0.6895334309276304 0.650236772453106 0.7003224073755353 0.6540938028854923 0.7053305528394606 0.6650859485728574 0.7148561684913619 0.7099284200367197 0.6939580315544408 0.7481614185369426 0.6749575889526765 0.7612777375390394 0.6646064096573426 0.7687355153559794 0.6576340470089613 0.7723317144985595 0.6552403711155527 0.7756670823513334 0.6454448738648096 0.7735571222927693 0.6353628181279883 0.7688007578096145 0.6315522686510965 0.7629914031530414 0.618506452210026 0.7183059989933094 0.6426473279339852 0.689485945185447 0.6567213087277018 0.6660068867730004 0.6681211194645632
0 0.7630974412597038 0.6178721186708728 0.7695940537537205 0.6309890062032163 0.7745091911317457 0.6344472323850597 0.7792145264174326 0.6343807095357604 0.8088806109576085 0.6200254765382681 0.8348971930367499 0.6089802632174423 0.8619180102128288 0.5984998284251545 0.8714891592698131 0.5944193973494206 0.8797912622283268 0.5907608445793504 0.8824892643806319 0.5871680566182503 0.8894174201945059 0.5821690076382721 0.890054217364728 0.5771646523759913 0.8841410987224789 0.559959753364625 0.8777493872746314 0.5486052403478531 0.8639492216165716 0.5516952243877405 0.8550120270785759 0.5567630703380049 0.825665193918881 0.5668185946633135 0.7711489464728518 0.5852413720509478 0.7751080353001738 0.5980036621672559 0.7756325405310198 0.606815534745113 0.7673298690422594 0.6116724415425455
0 0.8904715474284178 0.589007566547726 0.8926348108054365 0.5981732785012895 0.8949063864101048 0.6019112408062509 0.901510742601524 0.6107987327173544 0.9035140960231788 0.6227134760206908 0.8930424758549327 0.6303882111381824 0.8434402287264353 0.6546659227623849 0.7845339176634737 0.6772439925186705 0.7728006422899639 0.6697620035861164 0.7682563540201344 0.6646827870309181 0.7695815460882931 0.6573527948051857 0.7721202068154811 0.6553106841664965 0.775455574668255 0.6455151869157535 0.7780515184256245 0.6341682543022709 0.8089866490642712 0.619391142999115 0.8352674736146988 0.6085576268714498 0.8610719794805151 0.5987810806289301 0.8708019014323698 0.5943483262581478 0.8794725793780924 0.5938621992241717
0 0.8871724269866976 0.633837340836079 0.8997540072135078 0.6362446614554084 0.9017579291654094 0.6469610507313827 0.9064604217998627 0.6528862980188945 0.9093052577118578 0.6741066213373532 0.9038570871492864 0.6798118329880865 0.890426065008682 0.684875888736706 0.8482317035601505 0.6959074573316112 0.7979994816243915 0.7108092758897474 0.7883761663094458 0.7134093426940145 0.7781211705964985 0.7102285785143018 0.7780707099292773 0.7051531521607481 0.7803451281851789 0.7028993443288982 0.7746996631956964 0.6787160183465192 0.7787205832951734 0.6725866542691358 0.7850096678178384 0.6773853766608872 0.843228721043357 0.6547362358133287
