0 0.13731541930517804 0.24077692315882251 0.1449538357675736 0.28072683678686355 0.20369471014440432 0.27225888078617005 0.25464220813166516 0.26667061055937025 0.2691488585778027 0.2525912018129925 0.25042569253188457 0.21316927000072453 0.24255285466859805 0.2093436790256932 0.20824645852821444 0.22567236578324387
0 0.24531551215413705 0.18157431837240604 0.2409466786406878 0.2083960124822185 0.25237414671317315 0.21401157502668952 0.2699648232243903 0.24897515964475572 0.30177093822331247 0.2473562893963038 0.3142248004203485 0.24640686151049188 0.35190203122840136 0.2391351554599868 0.35524535128846835 0.231376263535965 0.35811410418415746 0.21463024050716248 0.3554273854876606 0.19911363088734357 0.32096162606425965 0.19578285826929023 0.31459018982548603 0.2006283138465107 0.28562663412140377 0.18743200606835445 0.2640622297873987 0.18157196991595645
0 0.25564284899095086 0.2682853710090355 0.26936060906251874 0.26838897118420796 0.27565522584108154 0.2943316741245858 0.2702582368607444 0.30272273515366566 0.23474077038311192 0.3203856097235973 0.19969655006310427 0.32828889776504805 0.18853277934144946 0.32836050870965006 0.16262441408809164 0.32864460403160867 0.14758904793354033 0.3126029481665787 0.14595447662685934 0.2823415972365288 0.20427405171217944 0.2735226318821738
0 0.2563535988985569 0.2661438029718219 0.2702018866387871 0.2503442722582692 0.3013234453309525 0.24893612504483656 0.3151992476787849 0.24995246696235132 0.35076998202928467 0.24092571414353894 0.3613819257907666 0.25640622473400054 0.36267245760173206 0.2617773136705445 0.35295726096730723 0.26813275529403297 0.34771875459881885 0.283685463943209 0.2878453906872872 0.2876950727497008 0.27615510593514014 0.28889014847166455 0.2695186513387833 0.26930171292655025
0 0.16175562190422105 0.32987343032648003 0.15809621729162504 0.3358068387658173 0.15959893992289087 0.36322460295133063 0.16826198916749996 0.3716139026380733 0.23545504297539233 0.3682352887084148 0.28440125924408166 0.35941749758228453 0.28181975528656633 0.3424264138314426 0.27779011757740546 0.3254004052794682 0.2715496493428785 0.3205916358457175 0.23650498868728664 0.32224601800941427 0.2017240253825251 0.3295875736621842
0 0.2772614018689918 0.2952793406680605 0.2711008354437657 0.3034247538609886 0.24966916045634435 0.3129061162086349 0.2538297661697519 0.320277899749638 0.27523568789190817 0.31897628828193986 0.28266103286283467 0.3243817149055039 0.2852145818771634 0.3183080201475245 0.3665466950481343 0.3153840157467 0.36825720514385746 0.3023593964036438 0.36680863105662753 0.2960755657247575 0.36301649709744765 0.28666757566405043 0.34916688835046455 0.2837203887443414 0.2792356093155453 0.28794189481407745
0 0.16304879572869235 0.37273795452954733 0.1660791135853204 0.40689592026511817 0.17669061701121808 0.41612752497782585 0.22468901995790458 0.40808218927539586 0.2564156734831101 0.39975804227801875 0.28329760532373577 0.3905217406524119 0.2858511543380645 0.38444804589443254 0.28229608379328147 0.376409168447239 0.279951643250163 0.3607871973099104 0.23706121900330257 0.3691829552518895
0 0.285635881168674 0.318659029501186 0.2806078042781489 0.33126278988831587 0.2834001780492115 0.35155383125486545 0.339535116210015 0.3530212600165397 0.3834528152525948 0.35055832339978554 0.39611666659200967 0.3404110413741735 0.3983274971173757 0.32819380225594996 0.3924284263650585 0.31078185954918175 0.3659411598795098 0.31605110965289046
0 0.2935371143107314 0.35179830486279245 0.28474353739745994 0.3593121360647749 0.2813478301356943 0.37093271799318517 0.28866884103880797 0.39031043050328024 0.31194419580412047 0.38939475319037586 0.3658936163692385 0.3886507643125716 0.38837920008881277 0.3894202841657099 0.4011220725663599 0.379729373011269 0.4035961601069721 0.3669504015043646 0.39680210356993495 0.35269813009466194 0.3842692202347667 0.3531911871093027 0.3388505599032582 0.3532319830515591
0 0.16979266674195226 0.4220964453324079 0.17089940301138823 0.43473454340655787 0.17521805100106025 0.4430190686899032 0.17466578370530306 0.452322284347213 0.18180123772454992 0.45397138248389823 0.21573916211070587 0.4396789022460515 0.25475887159583854 0.4276676892499481 0.2751117652570104 0.4286130073369732 0.2831675179906578 0.4126737774188909 0.28758961937697425 0.39448820506019766 0.2851670383668921 0.39090767480720573 0.2569950150508853 0.40102179337402255 0.2250051045104336 0.4099076727600805 0.17787549374761763 0.4167241821676391
0 0.3114967029117605 0.3909745888389085 0.2952249534902796 0.3906957775439615 0.2878004891905217 0.3977881626759053 0.2833517538677716 0.4116556741590389 0.28095668746529173 0.4248910165371145 0.2977034443867348 0.4404058648145961 0.3240069153307539 0.44240362384849313 0.3781667653738351 0.43871068670864277 0.40036201780614533 0.42947497219714825 0.40365206999334513 0.41307995852200713 0.3999123232358639 0.3998102784569116 0.3894850556870801 0.38956057048435194 0.3678420705505271 0.3894930693385367
0 0.17406024853667856 0.4529893782534035 0.17340320683752408 0.47001597391949024 0.18003966143388095 0.48960440946460454 0.1993133334332191 0.49472750210854727 0.2367268668904416 0.4817686225689691 0.29744150837824157 0.4597143148365386 0.2963343317732214 0.4408273108846348 0.28082527912546085 0.42829633567033176 0.27542784980953944 0.4304384908216578 0.25644406876188097 0.429071726664594 0.21521264808021362 0.44080236702341313 0.18135374483218997 0.45555121813243105
0 0.2971769303562426 0.44152932959195773 0.29786280766975226 0.4600653241902 0.29667881160452125 0.47196647875589454 0.31134526566926046 0.48379543526287455 0.3586591123091903 0.4759608225954639 0.3854886569481173 0.4705862109742455 0.41076441276083275 0.4604022428051639 0.4149232571319031 0.4427784028351514 0.40960396828294526 0.43287911710214083 0.4017839579569417 0.43144074200047494 0.3795887055246314 0.4406764565119694 0.32432299988328295 0.4442291073331777
0 0.29749433591552454 0.4621015307099039 0.2946251426842511 0.47259864786095257 0.3065795651228128 0.48333965150581587 0.30605349142790494 0.49071202216093135 0.29149401344448445 0.5024042150339437 0.2847017182497846 0.5131475671352566 0.20871596819978938 0.5365378240224054 0.19747317634000222 0.5361530640958362 0.18702015552595336 0.5340831070032247 0.18227976790918643 0.5191986664884639 0.18085650675163717 0.4984861790518756 0.20007691087810808 0.49497314994469893 0.23654263101332773 0.48278672582882104
0 0.30692228361177554 0.48948319586606 0.35813259827869803 0.4770842873728256 0.38572572036251407 0.47195532358775893 0.4058681845457228 0.4758495899368302 0.4141893959725378 0.4905931570188365 0.40931980169386145 0.5103585650260625 0.40144784450174353 0.5190307858065389 0.31535091145549365 0.5339968182058126 0.30647699239733706 0.5223075609033622 0.29294346820288303 0.5211858574683378 0.28649213015480857 0.5130771304188794 0.2922313972885241 0.5045807078722898
0 0.18641506069291325 0.540999106787169 0.19052504054695935 0.5772282038435762 0.22780760599993521 0.5739235493149694 0.31111348628187535 0.5574131931824077 0.31666763686730837 0.5374370621401624 0.3077408902718689 0.5233605889643466 0.29275923232576917 0.5222039607281898 0.27996265163977047 0.5170098442537575 0.20826847530742942 0.5381176596709382
0 0.3179577283426896 0.5365592451989526 0.31221934188014266 0.5575534795010498 0.3173282012511373 0.5704017134961067 0.3695391567773456 0.5596175654525374 0.4194069927671884 0.5519581639049013 0.41556159093514133 0.533914052093075 0.4175091644452613 0.5222585453635322 0.41240074540985094 0.5156592172462292 0.40342249228388144 0.5179422458303098 0.3562666879202162 0.5266896002400627
0 0.19307902989687237 0.5774034149633508 0.19218536511890538 0.5993098038936779 0.19753172823988108 0.6197760563800021 0.21275088993596192 0.6285507031074263 0.2433983217993338 0.6244043306669669 0.2767573449532989 0.6150970052108702 0.31711953311551133 0.5983462852691684 0.31809221903161056 0.5768962672100123 0.31177228932336704 0.5653822210273366 0.2965535679628705 0.5628564801776663 0.24829190800093787 0.5714635482687771 0.22754434898468912 0.5744852817036502
0 0.4194069927671884 0.5519581639049013 0.4300708833947847 0.5573280786132205 0.43712819694706795 0.5710186176342424 0.4308632964540288 0.5931363167137014 0.354639161982884 0.5964107433540751 0.31967352246542435 0.598521496388943 0.31980360979850236 0.5763694596224639 0.3192766554324259 0.5712440185220717 0.36877557933245664 0.5593719176163856
0 0.21138177732244845 0.628972149177465 0.20364122847016147 0.6342390508247241 0.20819870121656747 0.6688883122325985 0.2172297818798199 0.6689924995218833 0.32444142468979353 0.630221809534771 0.32551976568045865 0.6135462232223459 0.32288587452124473 0.6004168294758924 0.3163035684689237 0.6019623274374052 0.2774947287973385 0.6172734980492162 0.24447798379675173 0.6264754619878031
0 0.34700382786957856 0.6002031708703109 0.33020556441760546 0.6010478243527256 0.326572793741443 0.6112992936676226 0.3283383330523707 0.6319064195867012 0.33368381550217774 0.6398748603175176 0.3395820055833264 0.6447889912687781 0.4356844665512652 0.6334727516106488 0.43986950452318485 0.6139180666384422 0.44358173667306383 0.6103718740724703 0.4404475250842071 0.5964351001011842 0.43041580356166886 0.5947161523622341 0.40958922340728776 0.597281514925936
0 0.32391491065930134 0.6313452743121329 0.2149128559443037 0.6701864010156223 0.21117487052915973 0.6819123444615424 0.21451995193156392 0.699149076048536 0.21923370561189726 0.7097154556877371 0.27963270288275255 0.6920845703483759 0.33718781985201507 0.6705221454023613 0.33873984733588947 0.650335878439209 0.3345002204843497 0.6425077240270348 0.3283383330523707 0.6319064195867012
0 0.34179371677986103 0.6450695639060623 0.3367918334901852 0.6557424792909979 0.335450235484274 0.6729797979921041 0.34487730250935633 0.6878636513927523 0.37541951963374665 0.6851917530833159 0.4276042815591057 0.6763384500419409 0.45137951641847673 0.6699812470761154 0.4509568961202133 0.6508835200891921 0.43773901614270394 0.6453383942610984 0.43363079763099505 0.6341049207157068 0.3888181128036954 0.6397275286295266
0 0.3575154005835062 0.6858961202470885 0.34845856665498876 0.6939716838377517 0.34730164486177567 0.7164398051567598 0.3537796168462837 0.7288665930817779 0.40169899865483794 0.7203648865081768 0.4655474113959104 0.7059984468692783 0.4652300058366285 0.6854262457513322 0.45656739692760373 0.6832858519423434 0.45135332281762747 0.6719120920783096 0.42810460198874856 0.6771458302667736 0.37707852319893975 0.688526635500156
0 0.32660383103371965 0.678106413320721 0.33753097867656207 0.6829145956403595 0.34637914446945356 0.7027836038227578 0.34451103243305015 0.7211443873012259 0.27737168683360924 0.7394080288597573 0.22323847072696174 0.7474190268751674 0.21712853016109707 0.7267071265526915 0.21939174788816174 0.7106281974300793 0.27936944586750645 0.6926463027370566
0 0.3534373386929054 0.7289719545992875 0.34872490601932493 0.7371522925933481 0.3481202515218691 0.7503171982550464 0.35336095956827884 0.7660090189946397 0.36120760383071604 0.7717654549718652 0.4042032428165582 0.761895222898863 0.44949005447265133 0.7590108402120701 0.46894708167793475 0.7506180178406529 0.4720528979880207 0.735241107425364 0.472104844854135 0.7251305115432215 0.4590969540190046 0.7103875315753276 0.40143574163959184 0.7209266188968574 0.3790034257928848 0.7287932207948385
0 0.2296001057583953 0.7485020079156461 0.22606457676137037 0.7560460467587992 0.228859300500995 0.7735845572091509 0.23213069971822736 0.7812927594895109 0.30444202528866726 0.7654892968439251 0.3488894793300388 0.7537440076036276 0.3467675705632613 0.7498781805036471 0.34830490473997655 0.7377846606807096 0.3509386668637632 0.7292270641005052 0.3434240414815385 0.7221794580260563 0.30021431827340705 0.7354804588741866 0.2784502691591908 0.7412116034853126
0 0.23529538256013027 0.7799958074887061 0.23303335364430933 0.7948946928353707 0.2340948993962605 0.8052198567912333 0.2397004573938043 0.8180196939221593 0.2622956219381745 0.814292212865535 0.30356050851366106 0.8009443081782027 0.3369578081757829 0.7896954517066096 0.3551684436689922 0.7886087784907971 0.35827888127038665 0.7702208737406009 0.35270938820508807 0.7674162967082904 0.34943769330357444 0.7555119692249942 0.30442443634896654 0.7667858545990217
0 0.2421049719329187 0.8179250977523388 0.2362886423432472 0.8248800788855085 0.24231988310498392 0.8569160323293498 0.2879698901001938 0.8493195702070779 0.33370813747818867 0.8394364445122595 0.3598743045832665 0.829767934305225 0.36607877358347957 0.8110731833716742 0.36128733344495145 0.8099658179562189 0.35716663848930186 0.7931582594705815 0.3383192529554906 0.7905675094346382 0.30428549893704804 0.8023350678574118 0.262967549858178 0.8153765206070975
0 0.2468460107265945 0.8564911380565734 0.2422671162858817 0.8608057055946395 0.24944784749807342 0.8966840342188602 0.26109927835424224 0.8982620150091689 0.2879552580033055 0.8925773799915365 0.3324030077289582 0.8850282159541752 0.3613275379571341 0.8787068308959407 0.3645980501215228 0.8738266575674923 0.3643321462360428 0.8639021474733882 0.3571186026186996 0.8641859359828503 0.35237992929927375 0.8591888973021051 0.34907276083407734 0.8456815601260659 0.345589111603311 0.8367475500951206 0.3341502264449574 0.8405915022583335 0.2884119790669626 0.850474627953152
0 0.3596799391937145 0.8314416940024792 0.3469150828193359 0.8360165981304063 0.3510706599701058 0.8460349159029142 0.35303397259529523 0.8573736375958282 0.359010376747961 0.863926387884406 0.36645375931853896 0.8635718493704326 0.4164882953649097 0.8533345794073491 0.47088947583845925 0.837556934155614 0.4769353486970843 0.8263350778149968 0.47620976690513483 0.8165520677299156 0.4711876007605283 0.8029270767101631 0.42339809605884027 0.8079542694875507 0.3675994058733377 0.8128645969126418
0 0.3608707862161826 0.7737095673555109 0.35608928942492646 0.7887577242889153 0.3581165438515779 0.7958535409341563 0.36183571649596113 0.8104146007304568 0.3694178987247655 0.8115412456693174 0.4236587447686865 0.8065574806905978 0.4708132820129756 0.8021578421145145 0.47709763626488333 0.801554374885753 0.47565353283614764 0.7932142426703667 0.47791214562276013 0.772820047220375 0.4724725312238175 0.7598533886739133 0.45967026969941954 0.7574053899953137 0.44985751051846984 0.760692197165245 0.403737993140127 0.7618450107632748
0 0.2572758016637371 0.898155176580484 0.25606546935600416 0.915116713480805 0.25745494667612423 0.9331211845041208 0.2656967505982313 0.9457907106746016 0.30884407356270993 0.9355041483346239 0.3789598052983937 0.9153032393992397 0.3838798406308696 0.8898268915920754 0.364520638268786 0.889795663234069 0.36233661654996535 0.8791782442627624 0.3321877085525492 0.8856939815245296
0 0.3667778785967314 0.8649085859919002 0.36539030079321816 0.8738606020481368 0.36250067400968805 0.8791277433974732 0.3651768681076769 0.8895936597729127 0.38458650098258274 0.888918157426739 0.4575552501972343 0.8812023552487559 0.47322901503268266 0.8759167856217397 0.47915934908080865 0.8602671455794653 0.47809883090973704 0.8541423337498166 0.46257614655535456 0.8543125460332316 0.45780508112993706 0.844721884186181 0.4162604571137189 0.8542846945936372
0 0.26918004395877626 0.9479441010142217 0.2663919113730928 0.9607832766483821 0.2699266905334637 0.9772057624391289 0.27383980406870145 0.9898253505640561 0.31702479162474617 0.9767623662726473 0.3523728967630667 0.9663421667947466 0.38870513560232284 0.95262379689405 0.3948499576229938 0.9362169252823064 0.3849305476842956 0.9358143254093317 0.3770164365668325 0.91705346704615 0.3089072699967882 0.9368671088776948
0 0.39466103710667977 0.8878905917589885 0.38213132689280266 0.8965161828347954 0.37955116191831006 0.9152077435037566 0.3794753096158506 0.9207991488226107 0.3857720605156723 0.9347695879986319 0.3952919461920391 0.9346231643543845 0.4124801177421752 0.9356957209868576 0.43305542201808417 0.9313507347588456 0.47045894030396074 0.9208313203536749 0.4946390089830004 0.9080189117382108 0.49621788607900985 0.9007716840450622 0.4828420032167039 0.8993210490795273 0.47430082251921546 0.87669511988359 0.4580389973582908 0.8826951998353462
0 0.3589477323900489 0.21573149137711034 0.3555194476784415 0.2309243335348404 0.35193402157646464 0.24010660492209865 0.35552985212098004 0.24775152718914098 0.3660123862059391 0.26017701759215245 0.37591298089017944 0.2561195506274176 0.3867820870194062 0.25984254261798595 0.4610101131838767 0.2467549856846647 0.46176476098102087 0.2285141626471896 0.45573451192682957 0.21118376767951796 0.417403597935581 0.21726061794199894 0.4119649218600851 0.22230085363103683
0 0.44940958814773796 0.1920940401345398 0.44979450492140843 0.20948798805055294 0.4559483571125019 0.21001848172724547 0.46229528469291276 0.22800197675113595 0.4806530864266319 0.22315926632598695 0.5453914726974564 0.19326260417460114 0.554141783719739 0.18194753992273405 0.550436592247877 0.16638391930546112 0.5423929479918703 0.15377231211145048 0.48761513901462755 0.1746755814109389 0.4754405516535991 0.1778843705506433
0 0.35343313321986136 0.2679785171193631 0.34940520455142277 0.27972587204127486 0.3542017327622382 0.2852543581730065 0.3632481336104211 0.2873192538565342 0.36695283148029734 0.2958780525624538 0.39299995688291406 0.30160064123154817 0.42976059082671947 0.3026782417607509 0.45257404726997946 0.28272344710811476 0.46516192638230425 0.2807345470995802 0.4692933630893115 0.27191897267721826 0.46681336578054017 0.26109722693452314 0.4611897604651463 0.2461241406290989 0.3865923305313663 0.25992668848651934 0.3756568780212488 0.25628791215270325
0 0.4629004178285624 0.22916281245112083 0.4609979190807932 0.24618319406028374 0.4672117296400452 0.2598969125910849 0.4736902934356579 0.2611357183740053 0.4774972653391389 0.255114242801092 0.4794445477622824 0.2453544716157532 0.4927261401570341 0.24503798433214533 0.5404217330089713 0.24274953928381096 0.5577616034577302 0.24253092593886047 0.5660978823257378 0.21948873968879393 0.5642964236066093 0.20441679224074097 0.5578758437712126 0.18834192366651667 0.5464982309301869 0.19265249507502105 0.4809777980311511 0.22386757843221486
0 0.3713950391040037 0.29936023059441813 0.3679132724070274 0.3130948401849124 0.3933104809986202 0.3103959827301978 0.4003954119348466 0.33030767899148594 0.43244785101362104 0.3228659594582223 0.4522814126579785 0.318377240552192 0.47156955273385204 0.322408499844609 0.4750217104482382 0.3073358942605752 0.4766587155566684 0.29228319253226337 0.4727766105922447 0.27919882882078334 0.4665491061461652 0.2805769615937571 0.45285446880110997 0.2831759707018717 0.42980488090010815 0.30293403027322185 0.39227688141888994 0.3020926434687585
0 0.48015294213550797 0.24594467685961138 0.47777768687026934 0.25556676639484904 0.4739117438026011 0.2624146609363599 0.47006122222870994 0.278687580863832 0.47398663006255104 0.27801808926507665 0.4771309784721521 0.2926766626948355 0.5435824901163208 0.2808427819222373 0.5677400702550172 0.2779866680296901 0.5791910885500356 0.2682650592158429 0.574290558698666 0.25279997067320825 0.5588979706730507 0.2432588128328199 0.5412629976023628 0.24410711006508198
0 0.5691715400922668 0.2780848710363379 0.5795605838299291 0.2762339817458949 0.5827932655853146 0.2879017212449191 0.5841376360817438 0.3085028129606845 0.570812494016582 0.3190707445988512 0.5035645014543961 0.3368076650140024 0.4949903635216969 0.335136239493047 0.49285025251022896 0.33094542028686436 0.48102949213432417 0.32919569561498296 0.472528759655618 0.32211323268868475 0.4762023677369474 0.3083195696670055 0.47730813876570666 0.2936998167447192 0.5439957818676171 0.28206267105340715
0 0.4009119649237189 0.330956937666529 0.39691339843687756 0.3405398776263037 0.38516727751992985 0.35089117032746237 0.39717987928018783 0.35258184156815897 0.4057403233260597 0.36934511839288925 0.4522990553606908 0.35932396453924237 0.4936780700177859 0.35089725332758676 0.49527078505282746 0.3355887630868039 0.4926584111258758 0.33100447371804925 0.4813984938122319 0.3301597962336818 0.47199752557594704 0.3225461814947102 0.45164691734073165 0.31938081981434424 0.432580721233787 0.3236333249956351
0 0.49587591818847704 0.3367495987867888 0.4939584915489163 0.3513497769213438 0.49317669172169776 0.3561706090828283 0.4990953996590208 0.37051401150094093 0.5093814289601001 0.3727361636223013 0.5717438195627076 0.3419543581391234 0.5899682574742752 0.3293394602652085 0.5841082739001466 0.3106672279228216 0.5706945516882074 0.32072358253604644 0.5037859518213393 0.33808660757635706
0 0.404869696551071 0.37015196257375543 0.4014319731264906 0.38063994972104415 0.39129423553935433 0.38861018852305773 0.4011677134921156 0.40011968438027795 0.41567375964697956 0.39403783910421825 0.4950983139781363 0.4011114171947751 0.4975902775667852 0.37232443494395934 0.4916417138458794 0.35314062557663056 0.45147271865909083 0.3603865972325795
0 0.41595418117811 0.39449036269797516 0.4010201621811511 0.4004345263239337 0.4045775555410557 0.4128105779291858 0.40077132404055316 0.42933928636912877 0.4103342778776083 0.43205344072769947 0.41659213170925624 0.4425205368152949 0.45257047222385743 0.4414141475946291 0.506848383710969 0.44679869978444153 0.5131634810998544 0.43192250021370343 0.5099594211230877 0.40758311288551247 0.4949950527405604 0.4016820476509018
0 0.5093224577959128 0.373562582590899 0.49824019437780914 0.38074588106776835 0.49884606791643726 0.39241394963478293 0.4975332808105405 0.4011701415579696 0.5103134949092041 0.4061270100296032 0.5119671555163754 0.41801138846563535 0.520172044970174 0.41521630241221547 0.5841871089759816 0.38230923154236346 0.5907978025887817 0.37380816999566696 0.5973943087127689 0.373394137841392 0.6022771958614264 0.3479125023969763 0.6004316938699018 0.33608717739212907 0.5905437816273347 0.3291622999716539 0.5715519781783545 0.34201341157030823
0 0.5199655224950221 0.4163575633244689 0.5134872055004023 0.418621168497225 0.5144177906435494 0.4309975491704676 0.5079255329611095 0.444850594691322 0.5120435225822823 0.4546292825284115 0.5202785146206566 0.46017701437988423 0.5929110194285806 0.4151875137207523 0.6036981802247552 0.4086338991311944 0.605379475406574 0.3938369859153535 0.5972320763110057 0.3747911872661163 0.5918898797307136 0.37428026837715533 0.5845561106538893 0.38327333216106224
0 0.4151462275822008 0.4470069522453923 0.4230264054314803 0.44350355408574443 0.4539429708969198 0.44233876956987456 0.5064057297780753 0.44774322561540897 0.5107302418744 0.45638065254024496 0.5122811348459809 0.475840483343757 0.5065114590255795 0.482196704716048 0.4314995033355389 0.4772673086639158 0.4065447018758469 0.47551922933198637 0.39425167858445836 0.473376034497533 0.39304116551216634 0.46755195214188655 0.4110299655679777 0.4617451410980388
0 0.5130330788896167 0.46617924423305634 0.5211344603048464 0.4604523776800866 0.5924240754222984 0.4158762510392487 0.6031226560716956 0.408811059424749 0.6060597416031663 0.41410366089973166 0.610856023012989 0.4161297360757867 0.6167010786953261 0.43238176494356567 0.6126731500268875 0.4441291198654773 0.5968252013855225 0.46463398298253744 0.5483045058369492 0.4854971155025917 0.5249001037468526 0.4962040450628213 0.5221103227253536 0.4870941906885064 0.5127832535450474 0.4810743604555452
0 0.4074216000226222 0.47645047221463965 0.41630525459766304 0.49007203277721745 0.4104931447043282 0.5137853622268623 0.41888089025184094 0.5230355300022521 0.426257217099451 0.5158928685641482 0.4818221262401801 0.5217568733920147 0.521679852212631 0.5213198178934546 0.5237753540687384 0.5032745961574322 0.5220777580159276 0.4874409924850547 0.5101447096809528 0.48032616542469647 0.5048648410432973 0.4829954475800244 0.43183953859309737 0.47728612268015685
0 0.4267528073423634 0.5157403138669207 0.4191669303091426 0.5246874974786268 0.4164611034025863 0.5377005394369115 0.41943560121390794 0.5503570537067929 0.4310636464159662 0.55721776462049 0.4378505239964367 0.5707887569814282 0.48624801890593494 0.5729430061049651 0.5292126654343958 0.5708535580838761 0.5331957128840786 0.559187374207511 0.5334036691466107 0.5347631146118309 0.5223281034143096 0.5235562950117655 0.48168874714164456 0.5224939377311785
0 0.5252807690884749 0.49689513325162027 0.5237194211957409 0.5210399925998195 0.5345092656553563 0.5351187922079256 0.5444593154494499 0.533795943088363 0.5679426439763292 0.5262192014747792 0.5933318436031672 0.514575751422308 0.6069412934230279 0.5072544010938482 0.6163960717588249 0.5106080541559287 0.6242107808378872 0.5029824445253224 0.6317969766557237 0.49855920839803186 0.6343694244637443 0.4862832307789107 0.6235606169285143 0.47360228250051817 0.6156498173329148 0.4701213588420299 0.6053562006854434 0.46493789950552733 0.5959779122213373 0.46504073609342383
0 0.5339614279629904 0.5602897065146007 0.5379202909789934 0.5642527736812188 0.5446582631996144 0.5771783238426834 0.5385648040340677 0.5951445842773674 0.4921225624789519 0.5974409035253996 0.4441419079059077 0.6026652736680176 0.441377909383593 0.5961526292923663 0.4371951341865462 0.5944402566626619 0.43362465209560097 0.590357636427196 0.4380300903584625 0.5720928264177871 0.4860112445775983 0.573959051516049 0.5292119415297972 0.5718423949686827
0 0.545043646248123 0.5345151993285561 0.5334226896840383 0.5465467662528177 0.5344691954081987 0.5584970766766737 0.5465550856010402 0.5727763402612995 0.572696493746161 0.5701838031203031 0.6112502313416937 0.5506798362956649 0.6336559391827177 0.5312376445898166 0.6410190667843313 0.512335107180755 0.6330711193877188 0.4995092956091287 0.6247808725820951 0.5047884458252548 0.6161621879345347 0.5128959083461292 0.6069302108886896 0.509192427991005 0.5937403701190245 0.5157070709510224 0.5677190979631915 0.5272624241842593
0 0.44790633063633606 0.6031428197486197 0.44503880574531135 0.6113889836225628 0.440154322463573 0.6150743149856491 0.4362417907866625 0.6326419541583759 0.43860279734770774 0.6439149082245597 0.4514498390622702 0.648414631811415 0.4651033643454632 0.6504843312580851 0.5311291208974876 0.6443415000357331 0.5519374719296454 0.6392997904703304 0.5496651308780527 0.6143634871557974 0.5488130654394671 0.6058986978179575 0.5377880421839518 0.5953836904150628 0.4920628692188766 0.5982774419099391
0 0.5485121009086329 0.574628413536256 0.5391325145623972 0.5960607136753405 0.5491117815628891 0.6052613035156992 0.5522792716925649 0.6141042334416976 0.5607639587837632 0.6123106043115876 0.5905494038469786 0.5976874995385126 0.6196623628979256 0.5791805855148588 0.6243224343525288 0.5706553534478064 0.6275632294863083 0.5598397978858205 0.6377057161155855 0.5534450410920452 0.6306246950168161 0.5479885598570134 0.6275168981472157 0.5383090915464755 0.6108918219581964 0.5521537689824627 0.5730700138119615 0.5711597090527003
0 0.4590338549214125 0.6494898746382719 0.4516406656147941 0.6571759346059283 0.45192321365651567 0.6716966533074785 0.4580435137156712 0.6836088317975809 0.4673338982670356 0.6845362059808845 0.5021840196310554 0.6889572128809256 0.550962099757728 0.6917959847427428 0.5662975949250594 0.6889689373128222 0.5715412654025981 0.6665253189882563 0.5654499507998946 0.6454067812081715 0.5525735255583198 0.6401730203496374 0.5312076603034348 0.6456679005049081 0.4650497322807402 0.6514252215579132
0 0.5516234411348242 0.6147667587314581 0.5521585605610667 0.6389481923960743 0.5666945979914667 0.6455646743117446 0.6066259962202931 0.6359779498967226 0.6502308871090604 0.610111715801218 0.6488368522318595 0.5926869855194575 0.6439766832932508 0.5903958835164033 0.6351162520677397 0.5931233391559049 0.6264029783261734 0.5814683151595448 0.6149643139466648 0.5833663364049144 0.5904875741134108 0.5990162560726024 0.5604543913035087 0.6142124808677055
0 0.6520981056966058 0.613865146213694 0.6546918227795779 0.6241577639913011 0.6640274201169303 0.6358917345394474 0.6479219482694939 0.6459891335392102 0.6484855575518145 0.6539310263996111 0.6305281032456203 0.6662215876132564 0.5768623555250093 0.6913976175810662 0.5723282128128002 0.6898176953445888 0.5677493529149774 0.6844643582575017 0.5723117376830772 0.6662881489326474 0.5690067582334657 0.6554029364162678 0.5713621488599557 0.6479150688287011 0.6080929903389984 0.6374199634677608 0.6498753798258343 0.6115737138103899
0 0.5676754024727243 0.6863807119397576 0.5745954080689983 0.6923659518413858 0.5736777783045744 0.7069856015328563 0.5684476093545133 0.7107596771839647 0.5659887872289439 0.7223370762295364 0.5328877124249768 0.7268456200878505 0.5034164042960855 0.7253676024435386 0.47601942555308535 0.7229805430528095 0.4682402567056659 0.7202354157769205 0.46158681962176473 0.7122745296791343 0.4613050149806045 0.7083035832489338 0.46755773199529155 0.7069198709910492 0.4674673064233156 0.6853066782613638 0.5026434540137351 0.6904388649279819 0.5506065924745019 0.6932579827519149 0.5678682683430312 0.6898380101829721
0 0.6350917270146557 0.6656283320739848 0.6531690879496522 0.6727777858142759 0.6624744608296169 0.6761351618668217 0.6698826384648356 0.6708791037684074 0.6756172067833774 0.6758766857720812 0.6744327607063935 0.6889553909025933 0.6770854399030183 0.6949016531287023 0.6763451920799268 0.7035154176799118 0.6605804869873035 0.7132374075583771 0.6443118781265738 0.7212209212962928 0.6169453716411484 0.7307270471582809 0.5763029588458698 0.7432377675916468 0.5683306763279563 0.733518751315427 0.5621366736267349 0.727039517264697 0.5658406385442507 0.7226531928369315 0.5695293673329792 0.7123202757828074 0.5749521543531599 0.7084869076177966 0.5766255158696499 0.6947166767585919
0 0.5600618791815786 0.726694714639145 0.567257971750624 0.7339169660951278 0.5710841912117162 0.7478389762027114 0.5654820257761769 0.7661732531915924 0.5168082303075384 0.7630364520972414 0.47828692339590745 0.7613044127567257 0.47530926569150195 0.7588235500367796 0.4622411755781138 0.7552963185070247 0.47140076576672485 0.7509667931564273 0.4739635631500949 0.7347005933680238 0.47696109936989944 0.7258504770522607 0.5035104109164057 0.7271153382978658 0.5334714274032298 0.7284624800071557
0 0.5743093819076985 0.7419387449698646 0.5716012105118354 0.74918980644812 0.5690586374441255 0.7590323600652648 0.5732979882249478 0.7671647683589442 0.5806181930900425 0.7751038057029812 0.5963533143674514 0.7744126023680962 0.6292703810419764 0.7650349215107878 0.6417590499069594 0.7619455969866561 0.6625385228882068 0.7495092458955482 0.6773424561449828 0.7385348155358065 0.6816428256730462 0.7323036181801607 0.6757488748117377 0.7178856199553936 0.6712612994388166 0.7083196398856059 0.6609439041541784 0.7141380517217829 0.6442995481731026 0.7226590461828067 0.6169445441030577 0.7314570752582025 0.5766047677840926 0.745384618169964
0 0.4899137548029339 0.7621296654080529 0.4777083921931653 0.762924456476315 0.4790252229023943 0.7733809278454268 0.4766648154288519 0.7925397043610655 0.47863064146694007 0.8024672530508948 0.4782886605485759 0.8104720312911109 0.5638164794370683 0.8068555803033787 0.5766526003453301 0.8025751647740472 0.5873785065254393 0.7861076236653131 0.5866748001054827 0.7777664409992341 0.5812481681644337 0.7777911590538187 0.5729182389868811 0.7681769047916541 0.5683384961135634 0.7616871525101119 0.5662115519079074 0.7679373625136457 0.5186877906159784 0.765779873955184
0 0.5899559492999372 0.7767564236934517 0.5878110695744879 0.7843287393881432 0.5766346648255367 0.803897270465205 0.5668453253121256 0.8072398127820243 0.5710827857565066 0.8174555358308376 0.5744189475526313 0.8295944313433615 0.5803146166034605 0.8337042325751813 0.6034987917338807 0.823605265559647 0.6762595181981323 0.7804715400801127 0.6764023993353343 0.7613370796049622 0.6730303664996228 0.7518423954747536 0.6682703638966538 0.7457372776859533 0.6419497297724162 0.7633846463697882
0 0.5645016473160865 0.8079612537147259 0.5706860937470448 0.8165902087256923 0.574707423422188 0.8298347776495633 0.5725452111980901 0.847286813981302 0.47879658380366796 0.8547504139246479 0.46352620276868267 0.8535263764236348 0.4580448597365362 0.844680989132858 0.47136765176379913 0.8389341797258284 0.4784160182505645 0.8268901362906761 0.47744177148084466 0.8169865016272376 0.4790820445674995 0.8122026855014016
0 0.4879010569486332 0.8545810056694263 0.48047363246162694 0.8601588088353308 0.4743630386838497 0.8761930833703473 0.48381160332118667 0.8979705491855232 0.4976216694885959 0.8993149608466856 0.5527166409364506 0.8895966081829263 0.5897643872830876 0.8725969282821365 0.5896549651008923 0.8548567175914137 0.5875088793331529 0.8453138033943262 0.5809456764125263 0.8344974155870566 0.5755913895717959 0.8377913258229001 0.5733385952170137 0.8490174681915929
0 0.6034088126243413 0.8259369865424904 0.5834155060682639 0.833078849762141 0.5874727067829937 0.8436792073036966 0.5915299074977235 0.8542795648452522 0.5901784117911978 0.8635825347502347 0.6049627247283268 0.8748305810748352 0.6406580708367206 0.8542974486601933 0.6567750394288644 0.8447282083521346 0.6711426142627308 0.826481380952134 0.6909006484874868 0.8065752394069192 0.6885384319505095 0.800061171084889 0.6842651004665417 0.7924896594183908 0.6767103182775467 0.7816493575847302 0.6395367217817836 0.8036249698506787
0 0.5647337252640724 0.15383489345444845 0.5587797836206428 0.189752280068708 0.5651966288493717 0.2045488161011365 0.569108943566169 0.21308297330006057 0.5728119172829363 0.19463028584382894 0.5852286603416443 0.19486580389819033 0.6216934289086883 0.1933795262476413 0.6579940692616906 0.1757130003067792 0.6581562150742355 0.16376052254015971 0.6540810111443319 0.15662907083650537 0.6255580528376264 0.15594117951055705 0.6035838611148072 0.14972075195481702 0.5816993515634026 0.15456374485741278
0 0.572989794824643 0.19565758221780125 0.5609320282517809 0.24319233675389962 0.5739123805928092 0.25136974766866205 0.5793209226849512 0.25565614990575886 0.6057538198766037 0.24427330883753284 0.645966031545842 0.22459116782424524 0.659093541370815 0.21838609910314608 0.6688126402470972 0.20538534932367214 0.670886474032614 0.1974431260630216 0.6628689787287126 0.17691751342195913 0.6588090109275965 0.17573265434466342 0.6219602452212483 0.19492047080859973
0 0.6664722379492073 0.21530321878048075 0.6442177283863505 0.22621138933723958 0.60631693355855 0.24518202018370072 0.5795432696120845 0.25694027037322414 0.5800479167807522 0.26922851878512316 0.5730397158141862 0.2732794029678585 0.5795594969416202 0.276953226028049 0.5829089457766585 0.28809526263792185 0.5843027328536722 0.30200340216256566 0.5871477823202297 0.30437378111765606 0.6142769535499214 0.29115353291896057 0.6498071216224445 0.2737241770337074 0.6592451592581278 0.2673022530953825 0.6761351005138951 0.24533132288078685 0.6719554738841635 0.2282230396066713
0 0.6369554708449005 0.1223664017842964 0.628799320143232 0.1536453528549413 0.6546977084172395 0.15448928967201372 0.6611285896169994 0.1655018394529728 0.6830875400485275 0.1657024120749143 0.7225564956373187 0.14844885876970718 0.7346276501729555 0.13174093362558606 0.7269249131014268 0.10534373286622294 0.7195546947559444 0.10900447887147857 0.6830837146331388 0.1114150422619274
0 0.6611285896169994 0.1655018394529728 0.6590450922420705 0.17356726533368852 0.664229826717036 0.17336329234251277 0.6703817327154693 0.1928138016674955 0.7092666037084787 0.18223610926484593 0.7462706751792723 0.17084535853852176 0.7352892872558139 0.14360138732105754 0.7241069016642598 0.14936362022486685 0.683240094745755 0.16658346139564748
0 0.7426110626304281 0.17382789475780855 0.7533614932772735 0.16959064209806915 0.7602256045602049 0.19717400157262058 0.7430202837512425 0.21035829616201465 0.6755947266143346 0.23296953675791374 0.6681722398825954 0.21623016639218906 0.6706114148536191 0.2061992356070368 0.6729995965768489 0.1938639783885667 0.7090887649104314 0.1832188617170641
0 0.7428212417863298 0.21136130341233736 0.7576117463989782 0.20601769748524035 0.7610126013711191 0.2188086044941885 0.7634827247927807 0.23821185217782018 0.7524823131162368 0.2483192495667715 0.7131565923506855 0.2643783095876823 0.681799933251803 0.27679820434019137 0.6762334661031042 0.26348783048661945 0.6717076227680064 0.2664624545709184 0.6633482366288613 0.2627098374513643 0.6764704484445161 0.24601882452002177 0.6754517306496386 0.23328536777565836
0 0.7594333813270364 0.24222589284403942 0.7652379173256599 0.2534861586660633 0.7708043844743588 0.26679653251963537 0.7604754538186546 0.27906942136197643 0.7250263635555891 0.2986795396837226 0.6949476727812237 0.31505505905252157 0.6838811808790052 0.3093682002159334 0.6722735575597752 0.30740619915195166 0.6781412764280395 0.2933436600393829 0.6863268630954135 0.28924247819094195 0.6839655454283611 0.2773176711848153 0.7135680985028771 0.2650423678791126 0.7535218504213252 0.24918534956959293
0 0.6012881151282548 0.33755990366643 0.6027614267737622 0.3477812357992059 0.6005965389362128 0.35754103424461503 0.6049712131572714 0.3605434176758617 0.6143690500929923 0.34974323686318765 0.6816954735312449 0.33099535540288444 0.693150841227923 0.3235154660473623 0.689858429840887 0.3130633670709028 0.683924630746948 0.31133164995793217 0.6720570325590699 0.3078682157319909
0 0.5865616435780492 0.3046531878782906 0.5849987187125345 0.31000173386520796 0.5908774930107692 0.32766186376683054 0.6014818179038683 0.3352387112875303 0.6669083666225984 0.3086826620300018 0.6684349208318205 0.3031240645493997 0.6727973728768002 0.2995687233608459 0.6768324890151461 0.2941229187291295 0.6855210224488132 0.28680218485833714 0.6816788022319537 0.27802878655998725 0.6760548251987817 0.26471516915722987 0.671340925256982 0.26815744726887936 0.6646147858950071 0.26381174545407005 0.6599252006144072 0.26835277524253337 0.6507397366587498 0.27472024006168244 0.6148940778932741 0.29194932664816564
0 0.6144495681551336 0.35009778807565617 0.6055480836068018 0.3612652091361186 0.5981414810892296 0.3749822293252745 0.6059789078401754 0.39243409577663485 0.6034961360610809 0.4076452015136665 0.6085300386667221 0.411513212331756 0.6222892005509881 0.39885048036513515 0.6357083159909986 0.39552235384118184 0.6944944807982488 0.3700024716110069 0.7008133201505724 0.360432654070407 0.7071543944408195 0.35446770416766166 0.7046477334901199 0.3425983228882498 0.6983381735693341 0.3278865527160115 0.6932273676996724 0.32444351593131376 0.6821275704716927 0.3324752681915039
0 0.6217506938991022 0.3992168964457002 0.620586027469833 0.40378907312764784 0.6089147387905669 0.4119967443179742 0.6113548787312383 0.41565992483699893 0.6171149983349188 0.43154407942405143 0.6227428111335124 0.4414494411030357 0.6300072760032326 0.4382100092591201 0.6434595600463862 0.43768078203877203 0.6768586413434968 0.42459062532219427 0.7055208670333135 0.4119553342945628 0.7158948148707388 0.3971242425717627 0.7193015286405335 0.3924638613530904 0.7131454076403039 0.37168533880771576 0.7082656791701885 0.37218418422919614 0.7056387479020756 0.369180454626526 0.6951319418483362 0.37020754698172825 0.6636782285008886 0.3841034269608987 0.6356973823257793 0.39632832217543107
0 0.6956097117002841 0.31493485885857714 0.6934770884304087 0.3224639041778706 0.6989775364946283 0.32611606674600585 0.7053990095253275 0.3417026215353103 0.7266046080334884 0.33517502397622495 0.7542722407214766 0.3262764459971106 0.7735747726968538 0.320334658475379 0.7775476971383678 0.31185731425534446 0.786999914688877 0.3036023585365721 0.7813104710366939 0.2889358960410428 0.7763322515600669 0.2767231684410317 0.7603129245581363 0.2801270675826997 0.7252636317328973 0.2993159004351375
0 0.7267781897169341 0.33599872140312104 0.7054837803171096 0.34152173936845326 0.707477004623743 0.35303321003007904 0.7010198469767328 0.36043844790769447 0.6969790586379738 0.3683897658789692 0.7058954672592304 0.3684828528251614 0.7093718259434019 0.371798395699948 0.7134130869203555 0.3705543975511272 0.7160703254640378 0.38031359191458325 0.7637315705201334 0.3628045308848992 0.7819737115137937 0.35641521912172197 0.7963718701426439 0.34346979531333305 0.7886829601366343 0.31694293157800174 0.7740439322723529 0.320675241116594
0 0.7163812462282106 0.3809918212672648 0.7200841802591481 0.3912030635017985 0.7079896940629093 0.4096308675020408 0.7130773594844103 0.4188998969579787 0.7320966842289538 0.4125293286208918 0.7696826556627033 0.3927041130496777 0.7988613631279022 0.3790785693358283 0.7997507711162303 0.36745369284127083 0.7926844115958585 0.35234426754498366 0.7823694503335679 0.3575832982897918 0.7646359813544188 0.363558049034072
0 0.6116782113799286 0.44675928150807476 0.6019148037981448 0.45853599596413414 0.6023388940761518 0.4609852450410757 0.6063098672052667 0.464922471898143 0.6163994347162779 0.4695560413497224 0.6234507913906926 0.4722870720022794 0.6300504152861595 0.48134866340270377 0.673331363461993 0.4664778611715143 0.7019022869684142 0.45045961375112414 0.7147036690676973 0.43723177818286035 0.70907827121616 0.41703516010326674 0.7054746854485864 0.4129848425053977 0.6771860949290077 0.4250464894583705 0.6434855696114796 0.4382581023375825 0.6304006729298671 0.4386742388171287 0.6229964591016737 0.44172737372665
0 0.7325223960639504 0.41298313874708614 0.713424111180421 0.4194235387127783 0.7119636057799614 0.42436499492184104 0.7146709597155009 0.4375687220343274 0.7102119251142268 0.44343319826022903 0.712672454589856 0.44548321087194936 0.7178548644320306 0.44866055897292756 0.7225762786073505 0.45647168994402215 0.7556824833631364 0.4372970426897176 0.7826381359421966 0.42394607714570615 0.8116392161600907 0.413895871932628 0.8073787976516256 0.4014509580914171 0.802825918023973 0.3848849359802083 0.7921232577319419 0.38509130881888654 0.7703342027101383 0.3954481586877813
0 0.8122850730010958 0.4139778038582215 0.8191587432479395 0.41354637539494354 0.8290330000618573 0.4413884955537439 0.8145179335219044 0.4584899897835113 0.7688793550668922 0.48068017865386664 0.7367257375315219 0.48833190340066945 0.7249001552759309 0.4832690923279112 0.7160272083910948 0.48066629638921715 0.7133198544555555 0.46746256927673074 0.7224686786623133 0.45706629646973385 0.7556671854197832 0.4384247210733519 0.7829303398906013 0.4244176143358395
0 0.7049994337269108 0.449810349086249 0.7166707506950578 0.44790208859602854 0.717455317709371 0.45243319938837073 0.7127815975595877 0.4667860308254255 0.7098149500993916 0.48370154947431887 0.6383732082324559 0.5076582467133945 0.6332211371062053 0.4985759707652828 0.6350347810577 0.48594576713195087 0.6320051416286141 0.48182500175632953 0.6688332508261151 0.47076915881206577
0 0.7084926405306755 0.4857930423904007 0.718933692761008 0.4828597755943202 0.7276067376991231 0.4855241062008035 0.7372043456787716 0.5154165818657006 0.7240419274234585 0.5245216553322527 0.7156457884903952 0.5234565402995371 0.6499550520775259 0.5453621962437628 0.639237351012924 0.5503458185459402 0.6316714157534511 0.5467792080747987 0.6285645150952521 0.5373481213777557 0.6347612182728197 0.5317909755964237 0.6418335046124723 0.5130501570660332 0.6521049936120079 0.5042734970906082 0.6715877844456262 0.4988377061729721
0 0.7295751612796264 0.4871641162901798 0.736742835670352 0.5127512225760877 0.7505365843356641 0.5158044726583576 0.7620538931871498 0.5105747116850231 0.7811677331848148 0.5066562044155611 0.8136438933845139 0.493571089011758 0.8273749072517187 0.47923762614937776 0.8230527826282759 0.46400428368297547 0.8175164627227189 0.45756696976667227 0.769171559015297 0.4811517158439998 0.7374024474300156 0.4898080496388588
0 0.6386532002868968 0.5530523152455382 0.6281509562831515 0.5604962955761568 0.6249685945913164 0.5713018851167444 0.620847914939289 0.5779044344617407 0.6261840757273427 0.5807537119659684 0.6351345410120741 0.5923164003059488 0.643776475721918 0.5899369455199716 0.6494201384017296 0.5921300818306982 0.6557096579225461 0.594405150067018 0.6976582136764616 0.5800886555186765 0.7383915454651333 0.5599699052009754 0.7356372690164047 0.5355509289199339 0.7315770096254428 0.5266940514907984 0.7242265314268262 0.5255877990480978 0.7157842414929211 0.5242561480864212 0.6507393619210566 0.5462437359562403
0 0.7348057794889022 0.5198045689590365 0.7319306625180428 0.5263044462262585 0.7362522727999208 0.5342386465329316 0.7382678760643958 0.5507434768707278 0.7451420606528045 0.557611190567179 0.790734745277757 0.5388040368477273 0.8168293411257382 0.526560352429546 0.8234258481967478 0.5208801373126356 0.8233174767393635 0.5105260305987536 0.8145819541739237 0.49412455812748485 0.7824441489234715 0.5079477466503826 0.7623769501930434 0.5124404631877522 0.7510133922874368 0.5173421535643362
0 0.650173852358554 0.5952669783104444 0.6504823829334417 0.609209121436402 0.6542501812052164 0.6139448905955395 0.6560500702380524 0.6243397918250302 0.6630627078289868 0.6320071133083652 0.7040724312811454 0.6061884364047029 0.7308587778001909 0.5906436487612118 0.7420226909298591 0.5894530641322818 0.7501258544021703 0.5790979287352699 0.7455727176037352 0.5588823355441964 0.7389754390203782 0.5536138374215128 0.738914504417748 0.5617741220359153 0.6975814667889133 0.582077476356984 0.6563402168201978 0.595614760376246
0 0.7459110725529821 0.559620408663291 0.7501258544021703 0.5790979287352699 0.7446367141805849 0.5875254350673869 0.7485735613415917 0.5908054552461395 0.7770519397776536 0.5826006042779861 0.8124343271764835 0.5680593969994212 0.8225676203442756 0.5621327003169773 0.8377440988393691 0.5476350307090334 0.8267780302901624 0.519567512031257 0.8231644973058317 0.5218028144350981 0.8167678921815431 0.5274214948842193 0.7907194473344039 0.5399317152313616
0 0.8206917559362386 0.5646753331653883 0.8351617001584793 0.5619055873261182 0.8427602886709181 0.592413409668908 0.8063169425942884 0.6081234327410923 0.7826979169945072 0.6176398803074946 0.7569873127550499 0.6235890316140025 0.7570023535276207 0.6188117821505031 0.7510506746144863 0.6099756448735486 0.7482507615064804 0.592589274823275 0.7774825967285844 0.5838717492550033
0 0.7309972308027168 0.5914432565480956 0.7422072949332269 0.5905192078481268 0.7474973047204385 0.5931019494233932 0.7499435649358441 0.6108779247382068 0.7554954399555369 0.61983713135074 0.7441938453356902 0.6311768214323802 0.679011798615212 0.6706126569146388 0.6727225362651779 0.6719871597581834 0.6705080597371115 0.6701421484076352 0.6631272428225711 0.6749408238120682 0.6539159409884883 0.6715999547542796 0.6439970761984232 0.6653887251457059 0.6488709554657099 0.6546239301207265 0.6487319881216193 0.6465251801741133 0.6656925433646308 0.6362509480195653 0.6642929725668015 0.6330321196142256 0.7043493372861971 0.6077876519784705
0 0.7500983445648529 0.625148138460915 0.7662139125324858 0.6258022222881565 0.778287347931117 0.6566170321811395 0.7409686758631846 0.6891602990822472 0.6907025282592311 0.7259698553186186 0.6765701674738898 0.7185289610373893 0.6720331001311552 0.7081344027022753 0.6773072976334489 0.7045456805014467 0.6783368889121952 0.6946835082355021 0.6755377473165367 0.6882458514248224 0.6767978364287105 0.6760667877238197 0.709703882066993 0.6533041040574398 0.744732102231658 0.6318533598836854
0 0.7607087028552002 0.624408693764314 0.7665214144242439 0.6251460810946554 0.7789793557729636 0.6569655000356945 0.7712295880224702 0.6632814590883017 0.815192718357731 0.6508715105582976 0.8367204224886186 0.6414373378118654 0.8592626771256817 0.6269182422629876 0.8520957742473033 0.6122798492166737 0.8489575061900507 0.5941554060473054 0.836779042554207 0.6004309134786808 0.8302896210866695 0.5982173799101501 0.8057327918682611 0.6108299294406904 0.7948919357444866 0.6138862655723494 0.7862655561487784 0.6187876130545568
0 0.8377199322222233 0.6411296644729191 0.8573725434574212 0.6451868378144917 0.8589110815993412 0.6565044161664448 0.862310186205945 0.6664070400536213 0.8636949734019859 0.678052689002325 0.8177483787136508 0.6935998769064519 0.7855027163473791 0.7043681008751967 0.7774744995671392 0.6871874178748486 0.7726602690485707 0.671544072886102 0.7852382794070738 0.6614959250392833 0.8152388693585729 0.6511380464872589
0 0.7665397984169864 0.667813255669397 0.7724603671018496 0.6716056075538912 0.7775668015688231 0.687720489732771 0.7852566633998161 0.7041630996140249 0.7417407738127513 0.7349643701367351 0.691181907918828 0.7640032470232437 0.6735892507534702 0.7511704423893758 0.6726506756224956 0.7433178311139196 0.6773866162288213 0.7390525704617857 0.6828913115645424 0.733146956825899 0.6793537539554128 0.7224447251518386 0.6902412754215941 0.7269540671088701 0.7421989406009993 0.6901853053881074
0 0.8411983554241997 0.6855391783204347 0.8516090689386084 0.6885108393714875 0.8573149520749624 0.7007915464671349 0.8596074613444893 0.7188955923786988 0.8227184175443579 0.7381117199373651 0.7770642839752102 0.7577800161114902 0.7732656326459469 0.7516500326397568 0.7774933979014464 0.7371537346093193 0.7706337397440437 0.7182096292896395 0.785287516457305 0.7055573139266205 0.8180405826620558 0.6940714140965852
0 0.7680041613791821 0.7176153656583043 0.7762631331636318 0.7361287283034592 0.7714820702395937 0.7547257373460904 0.7297494858880996 0.7788017320826023 0.6870783264056308 0.7950251155436581 0.677374147164075 0.7803255307239314 0.6767726411284352 0.7549631371682466 0.6911666099754749 0.765130925406878 0.7416793248685561 0.7358255125914083
0 0.6914608712901391 0.7947990312359288 0.6900465168905217 0.8000070233739526 0.6911541409107284 0.8064038856690238 0.6712419789800915 0.8288163870089661 0.6981688358679223 0.8432677757912764 0.7479278368041793 0.8108254664960602 0.7683326189715067 0.7961221098381913 0.7836633627540442 0.7885955117932264 0.7808027722141906 0.7830189974372198 0.7762955292458151 0.7594203690952428 0.7720664781364035 0.7556688117263571 0.7301186938948352 0.7809340195142926
0 0.7770180808391802 0.758856905215354 0.7811948996563143 0.7822885643285961 0.7840165158263528 0.7868418804891676 0.7921750398309186 0.7918254379936936 0.8385982585662217 0.7705186972076223 0.8794140256024878 0.7520543350737601 0.8762684137232518 0.7359596615316913 0.8739176387013837 0.7196203179262884 0.860055347845204 0.7141599801797377 0.8598198542321615 0.7190164808746976 0.823109490808864 0.739087506230009
