0 0.23655471779213444 0.07850050141031358 0.23241280842192946 0.11935661787766431 0.28925551286022455 0.14084489091874142 0.3380632625791484 0.16111056187492542 0.3554692741674944 0.1553020772774416 0.34918524358989705 0.10939893665137812 0.34296049413565505 0.10191962116851065 0.30656453223501784 0.09992411297568886
0 0.35332392474869423 0.07755219793171746 0.3417375252566434 0.10023871454289875 0.3507551690858556 0.11115311331644599 0.35724176834242627 0.1523568956770945 0.3871867142476376 0.16674227917281256 0.3990004806632277 0.17208238348934948 0.4359772225271668 0.18415902715396518 0.4412569939617652 0.1786350141505512 0.448621733309453 0.16454124363618342 0.45049011931558214 0.148812543667923 0.41946982068074057 0.12850950410377396 0.4122009731642499 0.12981975625022849 0.3890539998714113 0.10311776749107016 0.37070623847482964 0.08691354585458251
0 0.3385373656946742 0.16310753724422108 0.3512271443723288 0.1700552781469138 0.34977468074072554 0.19725294005475588 0.34241316960444557 0.20233733282143354 0.30451947617683667 0.20097396211597943 0.2698065730427498 0.1907980351953437 0.2594355856245396 0.1852884022140351 0.23533394967783378 0.17261121821166567 0.22590038347409586 0.15022785749853673 0.23288691153745517 0.12135359324695998 0.28943761188839534 0.1423059874259852
0 0.33979804566388305 0.16147691207220563 0.35707691075365017 0.15374472214488222 0.3863279434249677 0.16798356556168817 0.3989078170434383 0.17585652410957264 0.43442453847060297 0.18525377346392868 0.439914435389346 0.2049074584132015 0.43960196165118853 0.21053203432380826 0.4288085954356367 0.21157219489829826 0.4195819265046355 0.22337590988554623 0.36294179074531385 0.1971882785790541 0.3517669850340256 0.19245732316402522 0.35111723931314476 0.1709804957921056
0 0.23418317476780892 0.1733166257384893 0.22912321345157866 0.1769902034515197 0.2228133571827185 0.20316208480697717 0.2284885813410401 0.2152674885158036 0.29173813426174805 0.24569617354699191 0.3395976777496205 0.2619678937645846 0.3419778779614726 0.2449246373679926 0.34302520423512917 0.22712569199098046 0.33859019039521376 0.21955011788279735 0.3056325399966642 0.20358008638678307 0.2713215460091163 0.1930148206830075
0 0.3509976496197371 0.19893384668036773 0.3429971777791554 0.20340909054553746 0.3204622391170002 0.20149546095592605 0.322248746519919 0.21040858007830043 0.34246166571122194 0.2198934794942179 0.34782764434279395 0.22861408136596095 0.3519016883377756 0.2242580847119666 0.42813302402349296 0.26217038950789956 0.433378312579302 0.2509485305544228 0.43380069137664357 0.24439873699862424 0.43292790732598674 0.23378172266477829 0.42091480044283114 0.22413159886596626 0.35488959458654784 0.1931167535191296
0 0.22333918461642838 0.21370582910136707 0.2165519970206346 0.246890112835219 0.2237971466749148 0.2607496932091133 0.27056086778235444 0.2772642121309338 0.30231601895269505 0.2853928822286774 0.3298354967506858 0.2902559977005131 0.3339095407456675 0.2859000010465187 0.3328718991062345 0.27667081318046044 0.3350872417293106 0.2610153832516561 0.2929611031407597 0.24737708017260385
0 0.35219369242513043 0.22479396357401857 0.3439906519055753 0.23396856570460323 0.34087882736963193 0.2541768138199105 0.3925139543423154 0.2835754140168371 0.43392571004616987 0.303227631789636 0.44851835760874315 0.3001445186741311 0.45400069772231494 0.2899211474053021 0.4534231459704209 0.27083063418581804 0.42738415826000714 0.2624864582515834
0 0.35020894493700155 0.259466636682851 0.3399446343665674 0.2620411638040407 0.3335313294613389 0.2711195073093097 0.3348749884161136 0.29274287476014144 0.356712785632967 0.30351934201853087 0.406942844698468 0.32977593908260183 0.4275749144757045 0.34172042269041086 0.44211260950868575 0.33909991839750186 0.4479968587687966 0.3284872083455331 0.4457017653715626 0.3118792679038002 0.4339429514855646 0.30607655476466733 0.39182004110842156 0.283428873937925
0 0.2157244808653463 0.2628386229218475 0.21319989271552064 0.2751092510135685 0.21487649505925538 0.28494758778113477 0.21175065729532527 0.2932975351737205 0.2179032127805805 0.2983905365041524 0.25338545132895574 0.3020899399084457 0.2929385056609046 0.31044272440643467 0.3115437882660518 0.32148497895491146 0.32349115760303626 0.3107300331059077 0.33270058509464273 0.29607739514362835 0.3314603747762364 0.29154756554298505 0.3024981179808659 0.28685397873592117 0.2703410576639863 0.27911464742131736 0.2247281114665715 0.2618947209726732
0 0.35585401481029705 0.3047606284074064 0.340845444873198 0.29637477958332964 0.33196896077055155 0.29924238686234356 0.3239480192791672 0.309878085500172 0.3180088174894644 0.3209534043747367 0.32917716677793696 0.3437031152851458 0.3530040400766825 0.3586933434004947 0.40425772755362954 0.3823208276079024 0.4274316269200865 0.38484360609902185 0.43508837035512915 0.37128571444670594 0.4353491197751025 0.357114369611005 0.42856083179695326 0.34240284163137485 0.4085127701944265 0.3315301157476697
0 0.21100179153183934 0.2936136039174042 0.20560888682664902 0.3090722123137001 0.20625863254752985 0.3305490396856197 0.222689511831206 0.34492581461758354 0.2610195972841434 0.35159769248996064 0.3235094994247864 0.36147476779442106 0.3277893403101493 0.34341003512732166 0.31693023654842634 0.3240451260539958 0.31132397814768364 0.32333541424529505 0.2941065220103242 0.31258623985464234 0.2525816330358778 0.3028686174747254 0.2170444419579105 0.2996318228930281
0 0.328373348484859 0.34448179285142544 0.3238015035121413 0.36201064665647315 0.3193600332494102 0.37245382804367017 0.3296351288364233 0.390746979392892 0.3757049367099692 0.4071149582358004 0.4020908810373298 0.41553240420949117 0.4283873899563091 0.4187146130557149 0.43719490830137664 0.40445131387657535 0.43504420284211615 0.3926160017397134 0.4281977341229671 0.3873764603303694 0.40502383475651016 0.38485368183925 0.3527842299583144 0.3605437786908783
0 0.32288778015987935 0.36371454186794455 0.3172782935477287 0.3720142078069339 0.32534450293448147 0.3879440335895799 0.3227854319058664 0.39451681573123804 0.3060011395824276 0.39808552625519855 0.2966850352430449 0.40465400411497954 0.21966066628082853 0.3883880553557379 0.2093446313922102 0.3824158135518334 0.20023432394320878 0.3752755553985094 0.20002097024765636 0.35910723519351273 0.2045206212513873 0.3391920672360296 0.2233284725355078 0.34553496351909146 0.2605627356080124 0.3524496400956964
0 0.32393620681589125 0.3938114082044144 0.3749011184168912 0.40789363580208016 0.40192602344855377 0.4169202306772788 0.41950767764225483 0.43059159808241887 0.4230806924480924 0.4484178363271678 0.4130124941338159 0.46431176067832275 0.40327723920849956 0.4684206543462122 0.3192447721497659 0.4392936128977241 0.31430117231553534 0.4240232174701825 0.3020682553140117 0.416223528961754 0.2983648657981875 0.4054829631348557 0.3060733335514143 0.400471840407634
0 0.1977302054441858 0.3813857287175717 0.19136216843432574 0.41702959664331524 0.22685842021068786 0.43258730077032986 0.30873695359875325 0.45888840782964624 0.31949906514692344 0.44314102355740337 0.3151771845776 0.4256308540563383 0.3016113936378807 0.41707547656748983 0.2912059233408809 0.40586799763611836 0.21880189545815854 0.3896293417446135
0 0.32094184414430316 0.4429714948926317 0.30972287092000195 0.4595708267706103 0.3108499479678164 0.4740352517641355 0.3622889626843421 0.49011445473109677 0.4106775618173323 0.5079205414953892 0.41218174976711974 0.4892696485126415 0.4172621807341526 0.47943561602695234 0.41437985095080104 0.4707652956088056 0.40541393143977317 0.46839766576035263 0.35923421850704323 0.45295490456263604
0 0.19368095969377008 0.4184677045646992 0.18669765984181863 0.43833259106858585 0.1859046265653198 0.45997894710527726 0.1975503071807258 0.475716255637292 0.22713105502959552 0.48717944611852265 0.2606759418142628 0.49521185759095054 0.3028053086142216 0.49984078292231265 0.309733655936581 0.4804385052410219 0.30710884736179483 0.46660621773486444 0.29370791401085156 0.4566630137782282 0.24654228375687293 0.44053783363954757 0.22645651106414894 0.43297663955346977
0 0.4106775618173323 0.5079205414953892 0.41905624494224253 0.5182257913674285 0.42175324748601545 0.5344443930260216 0.40973045596863633 0.5518224024702799 0.3381367028018076 0.5167863135171152 0.30512409987366595 0.5012788908436968 0.3114684390213156 0.48080485543830215 0.31241987346377487 0.4757894284292034 0.36165000198004027 0.48950530582958884
0 0.19616248071293813 0.4754231754794678 0.18750580672865985 0.4764403474680981 0.1819965405414697 0.510842929004966 0.1903407407875905 0.5154503329269423 0.3006384620979219 0.5330523595239014 0.30632337089046713 0.5181296299896575 0.3075700376316891 0.5046407040949206 0.30103281443928964 0.5027859645226599 0.2607481357832495 0.497598171743386 0.22755020561552924 0.4896390303104141
0 0.32999184302325235 0.5164889290774138 0.31417945479307535 0.5088817578196168 0.3079310074766229 0.5165722748570981 0.3037783130898388 0.5365607128540373 0.30649578528441435 0.5466188597399716 0.3105838425073828 0.5541211638086988 0.402867846192448 0.5916297497993864 0.4122421312728305 0.5755892853693194 0.41668037332415375 0.5741554817298126 0.4176899885076129 0.5596680681504277 0.4088716851459664 0.5530636888591556 0.3888408649828343 0.5450398859504818
0 0.299834643804844 0.5338310370901812 0.18785709193937006 0.515400051473346 0.18109683041719465 0.524405124939159 0.1793555909096443 0.542057530237259 0.18075743060541888 0.5542089111178048 0.24171189012889283 0.56802965570726 0.3011341352466056 0.5767846918340204 0.30824458159713586 0.5588435106599733 0.3065130267238091 0.549467782715003 0.3037783130898388 0.5365607128540373
0 0.31255567714988025 0.5554860016906268 0.30491940336564016 0.5628834385702839 0.29883258542655594 0.5781955068876677 0.30339151755364224 0.5967041640733807 0.33246045119678896 0.6094819109829428 0.3833326991779996 0.6273382792008317 0.407162800688153 0.6333191295684905 0.41213655480740974 0.6154009369803031 0.4014390804230551 0.6036575791868796 0.4007861064907664 0.5911901295626502 0.35765680914157205 0.5740204845676025
0 0.31566214564536327 0.6011923207841817 0.3049959259283902 0.6041561866885112 0.2976107169298998 0.6244104119755378 0.30012562044550184 0.6391679171268873 0.3469442940825336 0.6552198272261117 0.4101798337752546 0.6737902115345785 0.4156654021002343 0.6545574625180596 0.40823492520637544 0.6482461633846116 0.40659603395283805 0.6350962948194181 0.38356975073576244 0.6283367668854796 0.33306170081089337 0.6134025916820781
0 0.28918999412102897 0.5785302599353339 0.2979705863924782 0.5884461710242334 0.3005921667558564 0.611287836278081 0.2937015305236943 0.6273785821617446 0.22631975286700495 0.6107778803548366 0.17387757938983583 0.5911673354718797 0.1740316519620328 0.5689118305336806 0.18064752554623487 0.5551341287629964 0.2413099809823539 0.5684189944904
0 0.299778663828555 0.6390946470874311 0.29311106592616887 0.6443255799330209 0.28885169469160865 0.6562298578274618 0.28930209994492384 0.6733966657171062 0.2949600826638508 0.682653146450901 0.3375980354581247 0.6949768931016219 0.38039761762976687 0.7149221910322449 0.4007958640606485 0.7168588092077158 0.40799574581956016 0.7041528651611358 0.41088453202572744 0.6948044300839022 0.40296593878835607 0.6746378548584372 0.3465423849359946 0.6556091660092516 0.32353334315831384 0.6516985610503445
0 0.1794717158008966 0.5953489385776546 0.17407409537877927 0.6005777396265858 0.171737786868087 0.618235059268822 0.1726053178559424 0.6270159635928678 0.24409127240655576 0.6484809806314066 0.288602131263559 0.6597913505398504 0.2877208549546332 0.6551471767153192 0.2925439805798161 0.6447021210824496 0.2973902613748141 0.6380831552421343 0.2924028818247625 0.627795357722916 0.24860254214332805 0.6185456346742912 0.22681307377526727 0.6129888510290972
0 0.17590394576991347 0.6273941320491029 0.16962071356654485 0.6400783100650869 0.16770405577666309 0.6501818514312424 0.1693052611099024 0.6648494924076617 0.1913023871022057 0.6726791623106072 0.23331268352364792 0.6809139987091992 0.2674385424084822 0.6871653721473562 0.28462845583283564 0.6952535917878645 0.2926785761263814 0.6797582106293589 0.28830259186414964 0.6743760269871184 0.2886137088484665 0.6617043954361276 0.2437106899127935 0.6496743428047347
0 0.1715612654303354 0.6659627803667222 0.1642144221997764 0.6695062126971859 0.16080583171724272 0.7022218882370693 0.20526604476229016 0.7179796293519883 0.2504505223039766 0.7316612868272117 0.2774277857337495 0.7357661585615146 0.2884328519383894 0.7215316673256117 0.2843014257912857 0.718111729234162 0.2852029506297701 0.7004698463718028 0.26845584309604226 0.6886539382477679 0.2335941421296614 0.6825656035530298 0.19162074619910463 0.6740201264474773
0 0.16512176031877385 0.7040886227937161 0.1596640842359559 0.7058019747570538 0.15624174843235195 0.7426543807964517 0.16660142549854295 0.7499370628699765 0.1930989825468047 0.7580802637947662 0.2364311934316356 0.773281360930155 0.265025575251881 0.7818673677455704 0.26942905015625335 0.7789760903887815 0.2719708485550253 0.7696414324000888 0.26520283559372626 0.766301568522907 0.26221315692790936 0.759301543911473 0.26294175689687393 0.7451259094801932 0.26222182787256043 0.7351024423283053 0.25053590087065514 0.7329530503095678 0.20535142332896866 0.7192713928343445
0 0.2767773222188813 0.7372209607872894 0.2636566115447682 0.7350870055484284 0.2646948996659807 0.7464514368371867 0.2633295815032183 0.7579451429947262 0.267029779344604 0.7670058144659789 0.27403077283612337 0.7703948789976751 0.32329819844912056 0.7858940703750313 0.3781709021084776 0.7984373469612077 0.38692937384142934 0.7910523880583131 0.3890052111797605 0.7816193287605927 0.38817674841895333 0.7664780083337943 0.3424546765712179 0.7472694555676721 0.2893394511532931 0.7239521555469052
0 0.29410158282178034 0.6842874639322369 0.2854404020917567 0.6958516317826747 0.2853264348895137 0.7034433222441154 0.28468378996261917 0.7188017372521442 0.29139733044064786 0.7236334581898065 0.343088780566412 0.7461045631805959 0.388045806383321 0.7655778234085048 0.39404210528417133 0.7681571790547382 0.3950463572891062 0.7597030488983744 0.4028703566608062 0.7419220018060475 0.4014698808545955 0.7271825714614423 0.39028760800148976 0.7185184111737448 0.38026593139230397 0.7166646533297313 0.337180770817591 0.6946979564250335
0 0.16308637642765583 0.747928271233139 0.15719874818526963 0.7630502031121539 0.15342860395554686 0.7804376677756796 0.15751070545544155 0.7963012266737776 0.2004062672329895 0.8083147210474747 0.2710919869095936 0.8246058516488372 0.282811470132304 0.8034420301892192 0.2648707040264969 0.7937436292957253 0.2658287307145662 0.7828084646003136 0.23604452138212456 0.7737911113631943
0 0.2739557282337705 0.7717961692357934 0.27015407531812435 0.7794032729301937 0.2659950306102752 0.7828435836881908 0.26553590360933305 0.7938841056472342 0.2837219875585729 0.8029524260457691 0.3535452264953547 0.8322445582668063 0.3695626951152385 0.8351725243144609 0.3794580488551648 0.8236244870515979 0.3801955497005862 0.8174159576117935 0.3657553454049306 0.8098205758172705 0.36402623444574733 0.7985452389101022 0.3228200109411976 0.7866612022208984
0 0.1601353531554936 0.8000376349754692 0.1539430117527203 0.8105493075295237 0.15260642332655566 0.8275415066462154 0.15268906332917176 0.8411966891817109 0.1963995965847417 0.850654742487695 0.2321013955303698 0.8586488127698519 0.269642304644182 0.8640764233172803 0.27994927612325016 0.8519334246473358 0.27086527180645337 0.8466056387241542 0.2687983916858365 0.8252579694778271 0.20008193144183295 0.8096100011252698
0 0.29335163445081586 0.8070316672927152 0.2793108869712784 0.80877089332802 0.27166711326394033 0.8248126775148754 0.2700258512595905 0.8299590518873531 0.271939033058944 0.8460572900714617 0.2808068558023182 0.8506764776898322 0.2964421108633763 0.8602560047378294 0.3167399461577841 0.8665042631832939 0.3543753659127309 0.8754329714097784 0.3803944447529213 0.8756308638786313 0.3838944985630664 0.8696999617316529 0.3719001589996065 0.861674031195434 0.3703377808521775 0.8364295248106083 0.3535743269839674 0.8338703194996407
0 0.44908525804500143 0.16597868249247263 0.44163810367778117 0.17835289637000143 0.435733949931135 0.18507571780450982 0.43692006724022814 0.19395999540763864 0.44314830062520255 0.2107164780062957 0.4534679375752076 0.2118995642094287 0.46249960428162346 0.2207803140344927 0.5349996455368777 0.2457208199068062 0.5408241922246525 0.2291851513464721 0.5401021028286335 0.2101047275316613 0.5028549771135147 0.1965937341646137 0.4963962453249834 0.1985504740955887
0 0.5396010889729408 0.18924589616321094 0.5350710619096863 0.2055655403198917 0.540627769482868 0.20913110363279155 0.5414599864050708 0.2289752444270319 0.5598416272193619 0.23365443293525587 0.6282656288126564 0.23826996560859562 0.6395577991702102 0.23214938632539459 0.6404950816349119 0.21586839636348587 0.6365804379551995 0.2001575148952046 0.5799184610053039 0.19217851747634862 0.5677288549916845 0.1890727473626461
0 0.42929315048293204 0.21166687426422715 0.4222580425975003 0.2205469805656813 0.4251520505951262 0.2280686517715885 0.4329595847501765 0.2345016449166034 0.43398988398095595 0.24428763055611194 0.45653256852700114 0.2626034222635582 0.4903136776058565 0.2819635905472387 0.5170723443222633 0.2748565887271213 0.5293024138910809 0.27929984943432606 0.5356097945295066 0.2731897424021474 0.536350804046058 0.2619172966799343 0.5353434506335168 0.2452256399646228 0.4623000239317426 0.2207635540164744 0.4531831811269397 0.21192774919967827
0 0.5416949135479933 0.23035380169587436 0.5351489870457926 0.24518457328928256 0.5370573948352516 0.26100335757142573 0.5427161659766419 0.26538784191056297 0.5479376921991185 0.261706316013347 0.5524852369993327 0.2536298335259713 0.5648886336980623 0.25997022106928314 0.6097541672772018 0.28167118984735967 0.625892835697891 0.29012933481563913 0.6400959150434683 0.27292875845533576 0.6426601697716677 0.25805450770601907 0.6412234256284799 0.2399432270465248 0.6294632103455073 0.238257080877005 0.5599436907875706 0.2344733539614933
0 0.43713029203062354 0.24973502349296017 0.4300432476808744 0.26073047473881367 0.45434938678598347 0.27091342007138497 0.4553241308315932 0.2929139724853649 0.4871334227475528 0.30202353696920287 0.5067839086563983 0.30776804655570594 0.5235349584863395 0.3211397176814098 0.5309704664563389 0.3088889091927347 0.5367174021498303 0.2957499310587323 0.5367940937928123 0.2816793041234941 0.5306328589986457 0.27984660094534036 0.5172052078969772 0.27541622496972634 0.49028287759935124 0.28222287533087104 0.4557239141695988 0.26269844034582945
0 0.5529762277429899 0.25453088790288925 0.5480705557738322 0.26226595225595206 0.5425621659441158 0.26668426582872484 0.5344200671849226 0.27984901342590857 0.5382477389263979 0.28118891649997907 0.5370447293122684 0.29635063397667766 0.6019822853426333 0.3185693499932694 0.6251832429344071 0.32798732570653427 0.6385317762861052 0.324693109580108 0.6383330772309666 0.30790643478252516 0.6267419536104916 0.29137180732687 0.6101527580013434 0.2833500985751748
0 0.6264828880354667 0.328793362001181 0.6366354581523275 0.33226631971237786 0.6363546393729282 0.34469910459514125 0.6318131394005546 0.3644715842897234 0.6164891701651084 0.36761441844637927 0.5491546417086156 0.3504710828080049 0.5416744347160034 0.3446387925809353 0.5408675897190273 0.33968419974817055 0.5303991653488475 0.33215770358112695 0.5245072764249609 0.32134505105811123 0.5317887843624343 0.310390666487598 0.5369215292862476 0.2973877731112071 0.6020227488978315 0.3199068405867716
0 0.4556206579875261 0.29377396018694263 0.44922087732958466 0.3006619215700183 0.4354218167894275 0.30439257391302876 0.4460847047473316 0.31196013675541273 0.4493120847352362 0.3317785080864717 0.49529608209725623 0.3457420000309172 0.5360295625907208 0.35859669174117514 0.5418072982907173 0.34519842882354035 0.5406731261313029 0.33964313307283023 0.5304704289105507 0.33323590939099673 0.5238930856552828 0.32148113581572274 0.5059136542859856 0.3083816342052419 0.4870410227280372 0.3028013913201
0 0.5420422254336398 0.3465769860923828 0.5361624261654345 0.3591563279837801 0.5340831173530516 0.3632356359028082 0.5355409979540517 0.37949085640153557 0.5444537136224373 0.386688819165857 0.6109234157897959 0.3892969097086594 0.631365038319084 0.3867032395435861 0.6311778121730643 0.3664637292081019 0.6159154429506286 0.36908799379749296 0.5490006416760895 0.35176750672616675
0 0.4482781667836044 0.33209174427703503 0.4421441132750906 0.3400989781453209 0.43050528865771276 0.3424253037563076 0.4364261682276783 0.3580282824107269 0.45158466452147933 0.35963470771013434 0.5232384722096668 0.40586383075181165 0.5336368256320071 0.38041768024163486 0.533511199498998 0.35965960033888594 0.49423136413911917 0.346314521005113
0 0.45171752809619314 0.36019434395273936 0.4362009046334488 0.35824650051901896 0.43602214942225825 0.37149820642801973 0.4278492506565598 0.3849222388088358 0.43595331196754306 0.39221521965542844 0.4388147105982375 0.40504578656000395 0.4724840925601912 0.4219902584403125 0.5212968791859743 0.4540932129880018 0.5313316773580928 0.4434544770886202 0.5351991959082042 0.41928704080387824 0.522982408608932 0.40634133364373604
0 0.5441668500151974 0.38742560684141386 0.5318733710729433 0.3885505266165099 0.529156925672644 0.3996715903689525 0.5254796352428425 0.4071344852067922 0.5359365867039031 0.41811381691173727 0.5341308592292148 0.42995878360814593 0.5425235935078642 0.4314653658641457 0.6111227315914969 0.43292841445855673 0.6196404752565932 0.428348246664991 0.6258729736124632 0.43125915565301454 0.6375594992267442 0.4100718769753861 0.639170763113708 0.3981858436036371 0.6319484290822568 0.386826439569607 0.6107289522020718 0.3892558430333191
0 0.5420114663063947 0.43242037164799463 0.5353689043172639 0.4312833894700574 0.5327545224851732 0.4432233742487374 0.5228429243390756 0.4528249710135896 0.5239136871250533 0.4639484472466004 0.5299903760879711 0.47320539106782183 0.6099740845486732 0.4677700060281346 0.6218170363024683 0.46708152246962276 0.6275331719894545 0.4542018291192527 0.6253300464044886 0.4324734462204958 0.620520393175699 0.42933143439258953 0.6111939951532003 0.4340066202684265
0 0.43621361103569223 0.4084833248857465 0.44450428174613293 0.40917098611550884 0.4734968740540108 0.42353308241051607 0.5206210884032858 0.45474786731287814 0.522203978390733 0.46491633776204 0.5181746056198286 0.48373381167277324 0.5110392435266146 0.4867453860329541 0.442874307508345 0.44470829868530326 0.420227750033665 0.4306231968666557 0.409431998501047 0.42249599778166685 0.40994593506294263 0.4164913810827818 0.42825631231553035 0.420092363781136
0 0.5215861689002026 0.4751516443497235 0.5307066304258578 0.4738882273364477 0.6093290937724899 0.4681653755693785 0.6212336455392955 0.46695832244360186 0.6224698812669184 0.47333253922054935 0.6263476801122849 0.4776067082652564 0.6272010334922999 0.49559478889873 0.6201659256068682 0.5044748952001841 0.5997110208080348 0.5155710118181948 0.5488618150320554 0.5106800748203142 0.5241534664819524 0.5089174425899998 0.5241262851962994 0.4990775055435602 0.5171696783142758 0.48883737399474025
0 0.42077915854451947 0.43192461933551357 0.4251888948365289 0.4489914777997257 0.4131376232097004 0.46807508775319145 0.41831572507842035 0.4808411670145578 0.4271617022894705 0.47790290088025184 0.47703306777096877 0.5110932199153156 0.5141113006759596 0.5305959450439607 0.5211241104456317 0.5149113585473272 0.5239986560437945 0.4993827892969031 0.5149334721377088 0.4868257717373943 0.5092881151613361 0.4866635222497167 0.4431842968182373 0.4448955820033687
0 0.4276640665577581 0.47800898979154754 0.41811680836974086 0.48251571457551684 0.41195193086025095 0.49322970284492107 0.4111539269349825 0.5064503071873456 0.42000771204866016 0.5186193707790148 0.42248755795099036 0.5345920545736603 0.4667556868884024 0.5607628005102666 0.5071788542207352 0.5802852845379504 0.514149543558121 0.5714580216520967 0.5212044737600796 0.5489161115446831 0.514083999417952 0.5329933560849515 0.4767023189533531 0.5117099944840514
0 0.5243122485965807 0.5097483413965448 0.5160809744073744 0.5313552102013356 0.5221296356131833 0.5497981083916582 0.5317268221361144 0.5535413897228839 0.5556289082215176 0.5582457034972393 0.5824406490657181 0.560131366706155 0.5971160807875415 0.560140715068357 0.6049401731971867 0.5679725977798372 0.6143282980182605 0.5648055110446352 0.6226048263612795 0.5644934765522159 0.6284389550531536 0.5543962628515474 0.6219799783462574 0.5372399582543442 0.6156231953997395 0.530061251788943 0.607535438772222 0.5201138230930162 0.5988111486769301 0.5155249465921586
0 0.5145497965037079 0.5728625422592489 0.5171069470565136 0.5785143890683345 0.5197227888764834 0.593864202249568 0.5090253222063313 0.6074786955447165 0.46531966341836173 0.5864110458103418 0.4193649625402866 0.5672898380442264 0.4186319873791189 0.5598708699010528 0.41523488530723895 0.5561939920890017 0.4130714243034587 0.5506252843450947 0.4222876642258348 0.5358908556911804 0.4662506905713413 0.5615865984448681 0.506900364415433 0.5812017565597624
0 0.5320665256209213 0.5545001313893126 0.517911434095865 0.5598512233856864 0.5155242384984109 0.5714540621935043 0.5227182510373372 0.5907301703823249 0.5476845287351536 0.6013834036059466 0.5889106676946421 0.6025562862049536 0.6151472581575801 0.5957209011410964 0.6272849925482054 0.5818724751753727 0.6235192592306011 0.566010785099253 0.6143494728831076 0.5667647531262355 0.604080535943143 0.5699770400163641 0.596561307000216 0.5619320868632037 0.5825015784393459 0.5613843568761023 0.5551285413883541 0.5591013070029158
0 0.42272110558486387 0.5696128478269366 0.417745582285162 0.5758262995250191 0.41218135617778184 0.5768035997399094 0.40361800487782795 0.5911378175928909 0.402639899851405 0.6027691834294838 0.4132872499149545 0.6133580365321153 0.42536508582111654 0.6220966292354804 0.48830896009031166 0.649379340291003 0.5090186204414523 0.6550980092422254 0.5139177202341287 0.6308424928291884 0.5155059233398113 0.6225684910477461 0.5082379431082804 0.607312417414359 0.46502928719552294 0.5871568553758033
0 0.5240124148884611 0.5934248639371926 0.5092943031575888 0.6086116734072964 0.5159619671877207 0.6221267107142242 0.5164143480039104 0.6319078161515506 0.5247851418596322 0.6344826851509435 0.5565101592214858 0.6358014773130539 0.5887028338249695 0.6331833739849094 0.595418782945844 0.6276065077794813 0.601462279688575 0.6191971969176034 0.61266286808008 0.6183340048178136 0.607630485029074 0.609738047258324 0.6074684804357232 0.5992111322555361 0.5881642476238937 0.6037438761039372 0.5477566649118982 0.6024748119359372
0 0.4200169321829819 0.6181430141147899 0.41100264986817386 0.6215766882078579 0.4071849561255438 0.6351811899571554 0.40951281407224227 0.6492829092003541 0.41786615826826207 0.6547830746480027 0.4489365243759548 0.6762889411923911 0.4933652057336906 0.7032844585356282 0.508378302209988 0.7083229692731514 0.5195457943687998 0.6901326934373365 0.5198313834378784 0.6675094640252587 0.5093630208438308 0.6562253470650677 0.4880091217885059 0.6506483858964596 0.42505101125412087 0.6229422196303144
0 0.5156201327430548 0.6321945276353342 0.509322393468571 0.6548824415298914 0.5209410393702959 0.6682775306875585 0.560658224729687 0.6793336280062153 0.6083552219211601 0.6771304462172366 0.6119582594293475 0.6602782314212059 0.6080956856964017 0.6557264235287842 0.5991141447702535 0.653829708418331 0.5943098746632454 0.6386712919525461 0.5831708712780376 0.6347177744782968 0.5560795109717537 0.6370025964836272 0.5239637742667027 0.6360914530282079
0 0.6090319320131481 0.6815431961539153 0.6085450227535428 0.6923818432061889 0.6139041208267598 0.7079242930031233 0.5961344731783902 0.7092421504033236 0.5944257285329599 0.7168872542425433 0.5743227728805759 0.7193135564513131 0.5174914279342874 0.7158516410439081 0.5137313309823771 0.7121220696474656 0.510989932539993 0.7048715137881953 0.5203267979275953 0.6902976251860715 0.5203207286267674 0.6785542757634513 0.5246083622135427 0.6727881056427965 0.5616132571476654 0.6814033672665073 0.6076148457376243 0.678308420003678
0 0.5103829578403805 0.7066113895510173 0.515117492555013 0.7156171803173015 0.5101592181770775 0.728713949923898 0.5042495447527076 0.7296008709023566 0.49871703706381937 0.7391071270682539 0.4667595572447516 0.7267542016469966 0.4398494925407389 0.7106636124281929 0.4151181123263016 0.6947662509988121 0.4086766496520107 0.6883355093878251 0.4047443405266895 0.6776310757959028 0.4055987128494046 0.6738085238762928 0.4117848919139929 0.6756486469053703 0.4177733841595986 0.6555640782067981 0.4489462270483267 0.677892181247166 0.49262482955015485 0.7044624323220695 0.509590434923441 0.7099132724314302
0 0.5787207692349865 0.7210429175653351 0.5934731320442653 0.7367009737727171 0.6011576521348969 0.7444616840223844 0.6095031103443169 0.7432885547313354 0.6134160141248943 0.7507865082137083 0.6086432879642857 0.7623212707027137 0.609432177509681 0.7691594971901464 0.6063257519334708 0.7767763049886783 0.5889775307673869 0.7779162937436475 0.5716505316318188 0.7771927079242434 0.5436059555933284 0.772337735985359 0.5024080178668658 0.7636375862395846 0.49774685191615287 0.7506443118049554 0.4938242454632035 0.7415431182678077 0.49849086147123267 0.7393262286506687 0.5048140753912883 0.7315881442882813 0.5109189997053571 0.7307424562470062 0.5163393279408379 0.7188107235303551
0 0.49199740355482896 0.7401871139348661 0.4966403771397767 0.7504777405094023 0.4962765284632028 0.7652971062215781 0.48593118533659735 0.7794982076847442 0.44168292781672336 0.7522784500762351 0.4064532190092067 0.731432083756108 0.40438939351044423 0.7276446009514359 0.3932638644879498 0.7178470185326238 0.4029728901822997 0.718407743033134 0.40991914380660377 0.7046060396107013 0.4151848949363727 0.6978975504276099 0.43944561893038697 0.7123310388941015 0.46684650355845536 0.7285448793653115
0 0.5009245723462938 0.7614374106839232 0.4963763779733861 0.7668078126670453 0.49125363116517506 0.774663716621362 0.49289944843762656 0.7843214059624052 0.4974561123998251 0.7953386158854254 0.5122396597928682 0.8025570502180525 0.5453945383632597 0.8103034828834605 0.5578417915018588 0.8136768946629159 0.5806022376940512 0.8125249475034941 0.5974115260726255 0.8097438342028438 0.6031494449784426 0.8061142976591863 0.6017354767993698 0.7898022786847889 0.6002622787724166 0.7786914226467779 0.5890614448655356 0.7789328744264966 0.5712350511995501 0.7785199555907142 0.5434000833086645 0.7730141929180195 0.5020846819552628 0.7657788575915813
0 0.41700157055625586 0.7380045616311669 0.405461654924426 0.7326451999992113 0.40374480175817035 0.7429979960498447 0.39617351705509796 0.7595827387047486 0.39520700532174957 0.7697692834258861 0.39264094410495953 0.777020373493813 0.47295701668325946 0.8163863050286374 0.4860610646545525 0.8188289002271626 0.5006325887978574 0.8089177888873019 0.5023236200846185 0.8008324949049945 0.4972851899045336 0.7981449436125773 0.49226298633945986 0.7850701670968668 0.48984005068497866 0.7767655043926237 0.4861119549497616 0.7814982417645302 0.44265484785101344 0.7557609007748711
0 0.5056496179987993 0.8015348766625388 0.5015334406073813 0.8074844907333563 0.48567298299835154 0.8200457769260737 0.47565736166165495 0.8182553933595537 0.47671610866210307 0.8298437543288784 0.47639886129385883 0.8427650732010713 0.4807105614703553 0.8495203565474115 0.5050439090557615 0.8517366838718251 0.584625113352385 0.8480859871868719 0.5901335117275065 0.8304161899898933 0.5896745957833489 0.8199286245155225 0.5869764612551291 0.8118905533918529 0.5576142787541218 0.8151063979299892
0 0.4732816488658115 0.8177536921041649 0.4765914201649812 0.8288432990850021 0.476598804979289 0.8431320050327225 0.4696908008061561 0.8582332794081418 0.3806716517862032 0.818328270178368 0.3668571004263329 0.8095661818104727 0.3642600429659162 0.7986270852062521 0.3782273151525789 0.7999531439569442 0.3881462803218242 0.7923065874185085 0.39002544957935587 0.7826374849056389 0.3928903210992033 0.7790212839815656
0 0.3891607683775908 0.8227186584722057 0.3807070689301815 0.8241804912650088 0.3705365163165167 0.8359951201084453 0.3731785861853953 0.8609061609542737 0.3856053374619137 0.8690504668628233 0.43941892469492166 0.8875583532712369 0.478545141088206 0.8903009646046215 0.48342788652754226 0.8737978739810149 0.48411919938715225 0.8638779208404511 0.48107282124706163 0.8505709819168267 0.47518297256626657 0.8509507074344563 0.46994017780039987 0.8602341898958942
0 0.5043053733375138 0.8538536755635345 0.48376136051079766 0.8504893298855293 0.4845449086375074 0.8623442824354276 0.4853284567642171 0.8741992349853259 0.48146165636704286 0.882149759543896 0.49200923838602956 0.8999631679653154 0.5308742720704108 0.8987541284487337 0.5485061905186416 0.8979317136019578 0.5669541103236044 0.888189800858494 0.5908661695590071 0.8796018010024241 0.5905061202324767 0.8723821928402558 0.5886712099196266 0.8632275852687531 0.5847121742553527 0.8494032041368605 0.5440712588314187 0.8512113378930074
0 0.6572768634026741 0.21137420926363384 0.6416652974568757 0.2417023825020188 0.6434577327821093 0.2586265485236173 0.6446874541545341 0.2684933864753684 0.6533051653891165 0.2532338970853125 0.6647515991174306 0.2596541240474997 0.6989787208489651 0.2764893283833072 0.7375995863198546 0.2782404897265937 0.7411080330336064 0.26723933317328114 0.7393331863673447 0.25859170194515496 0.7130804264105761 0.24370738255348035 0.6944539705102076 0.22696433308282452 0.6728023437841485 0.22052390248105336
0 0.6531814665775653 0.25427523516370654 0.6286465757398504 0.2923261336202868 0.6383842648227341 0.30639146442169396 0.6421946918222761 0.31306718140808754 0.6699009128147724 0.31571577837863257 0.7127148210780017 0.31755182784398267 0.7266297809800254 0.3183554572900583 0.7392937974791085 0.311155823358756 0.7434480295819605 0.3048277512617205 0.7417811097540504 0.28179219247780524 0.7383496651757622 0.2786657559949272 0.6987931726316381 0.27805133550089817
0 0.7343373397869449 0.3191825382814297 0.7106386133694615 0.3181808365505391 0.6701677157826188 0.31683958233139414 0.642040068307837 0.31436885400608 0.6390555248574061 0.32601437841014086 0.6314195181286341 0.32626986843434724 0.6364323751692571 0.3329326485242449 0.6364075197671972 0.3449363324664638 0.6337922560656482 0.3585278973192654 0.6357641703073807 0.36214670680065253 0.6646321939656983 0.3634394613395255 0.7024720558777922 0.36502569093407694 0.7130271232796754 0.36378545491285225 0.7348600456080058 0.3518504742904893 0.7357914200661845 0.3339003293346889
0 0.7330809282022176 0.21827012130294568 0.7167307009765691 0.24319766261711373 0.7405061602214542 0.25691575654989585 0.7433747391218076 0.27033848223628676 0.7636783715551743 0.28149240675454373 0.8051208210547027 0.28520896536111645 0.8210071748370912 0.2757468923630994 0.8212817454775324 0.24742450588746798 0.8134196933301769 0.24713744729636736 0.7789271296951535 0.23115612325594312
0 0.7433747391218076 0.27033848223628676 0.7391769327095237 0.2767759590877407 0.7440414420254573 0.2791764862494653 0.74428067316319 0.3002834105241407 0.7833059527226893 0.3098979836539749 0.820815818088173 0.3178192890307227 0.8182883809414794 0.28707418502229387 0.8063013257365264 0.28683150717333894 0.7635722826438784 0.28238549878705527
0 0.8165847261192798 0.31875676180537993 0.8277428289329055 0.3201976258213744 0.8263574408445931 0.34920092650692586 0.8067007524158376 0.35283155609489986 0.7378321245939232 0.34011892228283996 0.7356531236169919 0.32089109838512414 0.740732926876251 0.31280888935037476 0.7464128619259414 0.30256467617521055 0.7828649542992019 0.3107203497456226
0 0.8062344040726781 0.35366211164684885 0.8214492336601016 0.35609510056987254 0.8210087829060024 0.3696532666282548 0.8178476030743764 0.38887741063375253 0.8048084756961651 0.3927543906453817 0.7638344300072228 0.3880018594301444 0.731271611109718 0.3838555036588411 0.729850087997252 0.36873402619564705 0.7248180637824666 0.36923150194788773 0.7181216922568248 0.3615768277227551 0.7349778178096587 0.3526554127715748 0.7376108067579494 0.3403403327283215
0 0.8129653526164888 0.39057661664934756 0.8151835973122548 0.40391617659339746 0.8166051204247207 0.4190376540565916 0.8035801738753605 0.42525783107135307 0.7652027900086213 0.42573406557456694 0.7327135304115012 0.4258936148962689 0.7240506089050787 0.4150934100897108 0.7138394418747381 0.40747655140818156 0.7232308359763328 0.3973687737572775 0.7319726270953968 0.3976547238115283 0.7331335849762829 0.385418815063653 0.764029401406803 0.3888231007802394 0.805528982822952 0.39407664795588854
0 0.6395510533476731 0.3999790930275258 0.6380453503103092 0.4101920301619519 0.6332960376243398 0.4181598493604253 0.6365086304591142 0.4231286532127696 0.6482565173406497 0.41780888884348105 0.7159478001440317 0.4340540520209306 0.7286705440234675 0.43284049440211686 0.728554442236529 0.42150499829971455 0.7235392540067231 0.4169355911324312 0.7135088775471116 0.4077967767978647
0 0.6351422112180108 0.3621130063213333 0.6321903920728891 0.3662914491929637 0.6326793958605574 0.3856019399917306 0.6403828019110989 0.3979236707130103 0.7085062949033436 0.4059802859796611 0.7114834067690392 0.40158892050425316 0.7165270925597729 0.40047140328943004 0.721798412835671 0.3974375826406087 0.7319110771377123 0.3949896256071848 0.7308135622238695 0.3849359776531491 0.7293396281662252 0.36978276804763843 0.724001851190399 0.3706199154038205 0.718986429785045 0.36323110930672753 0.7133624972535164 0.3650991460543656 0.7030569126486779 0.3664150428140382 0.6649807995096457 0.3644855469007798
0 0.6482315594714474 0.4181778397992552 0.6368407045460327 0.42408601923300515 0.6261195576208883 0.4331048027012992 0.628483104985645 0.4532004938221477 0.6219074837008154 0.4660639019004374 0.6254881001553324 0.47216456988917527 0.6418030300708105 0.46729625293731497 0.6551800708540527 0.47091298658719954 0.7168555908452031 0.4766136103975093 0.7254030042336508 0.47089673526153675 0.7329582281083995 0.4685333410030339 0.7339688539113141 0.45627622669094553 0.7322520764038448 0.4394842405846435 0.7284807579283603 0.4337391903652668 0.7159326446345995 0.4356420250818876
0 0.6412007889878202 0.46736701715474216 0.6388363534301558 0.4710245432564249 0.6257089371963875 0.47280504121047034 0.626942206870787 0.4774202730582509 0.6278201649883326 0.49502484311134626 0.6302552218053753 0.5070198889082299 0.6379008507403867 0.5076447619216958 0.6505222803168633 0.5138731567196838 0.685167113514066 0.5184181961822328 0.7152922139061233 0.5210190366441675 0.7290776394092898 0.5124494201993911 0.7335456465630337 0.509829959897373 0.7336756192250651 0.48748961791614676 0.7290110606849177 0.4855148347248884 0.7274193251115659 0.4814177374358277 0.7173890174992448 0.4771221491200895 0.6843215261211845 0.4742958268052837 0.6549434925471195 0.47165480631656576
0 0.7333611330472349 0.4261128394093651 0.7292684766694821 0.43202845568549225 0.7333423101738221 0.4381620206683851 0.7349170766458886 0.455820990799672 0.7564125260226799 0.4603603837584287 0.7845656078323184 0.46592906943309703 0.8041319784188852 0.4700610809724781 0.8101973615960816 0.46418540253663615 0.821280575729223 0.46125269156312315 0.8201260305981357 0.4448124468603576 0.8189415320868346 0.43100250455685046 0.803132328433275 0.42615728419423365 0.7652439925318707 0.42644259862046213
0 0.7563420462916981 0.46121080250451496 0.7350464944946197 0.45569562070502395 0.7336603752829411 0.4673644370680316 0.7255928647651648 0.47100526229498835 0.7196123489539563 0.47635932133475145 0.7278533458304521 0.48089915732714933 0.7301450513088628 0.48570963099533454 0.7342415506703441 0.48657472667354523 0.7339634054295453 0.4969505195592439 0.7830733996137893 0.5045220230617963 0.801782326951249 0.5077094580788485 0.8187691480022996 0.5028981970070731 0.8190929683289361 0.47446249539347035 0.8044712872252517 0.4706111973923533
0 0.7340611342516139 0.49773466015579554 0.7346255358986076 0.5090518837613569 0.7182343409076739 0.5200969470747178 0.7203473624823569 0.5312322055497519 0.7397716159874197 0.5348252033786897 0.7801907142106522 0.5352168538797869 0.8110729045550755 0.5371575180103685 0.8151636158188562 0.5268233576755011 0.8128568691150388 0.5092846693319625 0.8018210719770759 0.5089901440525494 0.7837002500870298 0.5056724039394059
0 0.6185044776373234 0.5064165911738411 0.6061432775989263 0.5124591882048851 0.605848358617718 0.5149419150906314 0.6084239974346282 0.5205758518861959 0.6164770572796903 0.5299115140231674 0.6222476647740477 0.5359656611542292 0.6258208305820577 0.5476637725644601 0.6701282523649232 0.5554935762391916 0.7011191571741238 0.5549121909531992 0.7167048177880893 0.549041531569078 0.7171633794476182 0.5275058052011289 0.71496014966357 0.5219505134672199 0.6853426459083367 0.5190044210787316 0.6503841949728467 0.5144214299190891 0.6381351744292321 0.5082716801827565 0.6304123135611996 0.5074042744845422
0 0.7400388289284531 0.5354586014144492 0.7205217453159898 0.5318909116925175 0.7177792617314329 0.5357430635039669 0.7165798241635616 0.5493376029493882 0.7107978256784403 0.5525478722723256 0.7125032277012272 0.5556775849540575 0.7164155827734866 0.5612120573425058 0.7185986258947106 0.5708126423719075 0.7546813763961726 0.5695699558000291 0.7834252420477302 0.5706548430193371 0.8131382302442595 0.575821782831764 0.8126844990740709 0.5621550851614088 0.8131174484236748 0.5445212852887694 0.8031361331304374 0.5393669147028323 0.7800238649220237 0.538086520451484
0 0.8137140390999468 0.5762203384317387 0.8202084071346349 0.5792535545200995 0.8215412772887221 0.6100002677516817 0.8032783925731137 0.618606577584173 0.7547285961892622 0.616385612563385 0.7227664912386843 0.6074202253669788 0.7132244241072546 0.5968194805696933 0.7057288394031692 0.5899743909904857 0.7069282769710405 0.5763798515450644 0.718331803319155 0.5713102084105514 0.7543503655717658 0.5706078800432178 0.7835636881255832 0.5712379933897825
0 0.7041731957620764 0.5558571520339323 0.7155307876376674 0.559917380103912 0.7149851875224322 0.5645104248425429 0.7066192906909088 0.5754837299064458 0.6991161644509294 0.5896857580907497 0.6261457822931087 0.5762146242482699 0.6239205754673085 0.5652203515416054 0.6291506750249908 0.5544157012960076 0.6274993916709043 0.5490817636301958 0.6647520136600689 0.5572257012582151
0 0.6973025250907414 0.5909644953771777 0.7078074159549392 0.5934598671062916 0.7151003663323203 0.6002621645195982 0.7156006746353154 0.6327717549693848 0.7008385775263539 0.6346395271972319 0.6933530624024192 0.6294583043975598 0.6262911698434488 0.6169579642639306 0.6149537171281589 0.616225469753021 0.6089407609598548 0.6091395671305745 0.6087098032766719 0.5988433951851904 0.6160165940021507 0.5967860004962764 0.6278392293517714 0.5829422495913443 0.639828634135724 0.5799350288363412 0.6594199755771892 0.5846262271332635
0 0.7164646879505497 0.6027659346649837 0.7159216158795714 0.6300699639466609 0.7278531312268763 0.6397905270574934 0.7400011212489832 0.640694190232006 0.7588240890882076 0.6466079075425879 0.7926117883630978 0.6506966447912234 0.80937001999865 0.6442651938837788 0.8096424987261259 0.6279822895225013 0.8063179074736782 0.6192484600726851 0.7548670422671153 0.6169687629338304 0.7229791951455393 0.6091268843124148
0 0.6136516983748072 0.6184431208439686 0.6018227642129826 0.6200994460876098 0.5958362460171837 0.6285287026855243 0.5901605994854899 0.6325923014811797 0.5943076830088792 0.6378993869332564 0.5993578154444152 0.6530906626238747 0.6080389973682743 0.6552009048598815 0.6126555377939232 0.660053216439215 0.6178478870752595 0.6653040836185231 0.6607642006319935 0.6729823351122297 0.7041839505993863 0.6746738541900427 0.7084908620846204 0.6506572801468331 0.7072146386434904 0.6404173264742175 0.7007102010286516 0.6357202436063215 0.6932567800291425 0.630268841704377 0.6267706963258592 0.6181670571707226
0 0.7121439361172182 0.6356422008104139 0.7076520014213246 0.6402327317037466 0.7094297758891399 0.6497477324013468 0.7066614969923612 0.6660574889763594 0.711105611831758 0.6758586087283974 0.7586623757423894 0.6811933464787522 0.7862967873871489 0.6828748101753731 0.7940088467660362 0.6809029998182607 0.7968174039834176 0.6712487103613887 0.7933260432966381 0.6516783507616437 0.7596446959751756 0.6484429429857262 0.7397764623780041 0.6425854439479128 0.727863200807027 0.6414543938370286
0 0.6124730426275203 0.6633381578323845 0.6088419931391975 0.6764191912869961 0.6110048971001201 0.6826920427573274 0.6097532262475217 0.693229027745951 0.6141010587136416 0.7038406848048061 0.6593784971297723 0.700385374832576 0.688581750103439 0.6993516213996057 0.6992672507500661 0.703823831176428 0.7096896995890847 0.6982700481101385 0.7111477755363342 0.6772522964056603 0.706511095950384 0.6690722512672567 0.7041619260551115 0.6766079000718502 0.6601342731076058 0.6747880044963348 0.6180926851065401 0.6667405634616866
0 0.7112541274897619 0.6781056258783783 0.7096896995890847 0.6982700481101385 0.7022325078216286 0.7033422050899496 0.7049611510580878 0.7083497453807207 0.7336710372012463 0.7149665911431787 0.7705624396255519 0.7191568526757813 0.7816230001851354 0.7187230464457998 0.7997675779831922 0.712861319801933 0.7974857244444347 0.6813602875363021 0.7935072957393507 0.6816279527932765 0.7859978706871678 0.6836425553162896 0.7583313649179828 0.6822312707219407
0 0.7791693637204091 0.7201435863367976 0.7933638361698604 0.7248029047293887 0.7918378012058126 0.7568845735201674 0.7536343104480043 0.7532480962989773 0.7290614382480842 0.7502744692090605 0.7035515376276181 0.7429486104237525 0.7049076750496704 0.7385267343487248 0.7018719309170531 0.7273612929784573 0.7041606833314212 0.7098424434966525 0.7337132009058226 0.7163602788204414
0 0.6884854677301623 0.7001621587064228 0.6991388742523638 0.7049045475855175 0.7033180519001785 0.7099414539353216 0.700591936707976 0.7276448981875973 0.703222412187185 0.7387247552260634 0.6895578141208976 0.7435938636379401 0.6180423798026627 0.7476013009566621 0.6118249039236808 0.7457343856091926 0.6102900421031725 0.7429176441956337 0.6020984562418747 0.7436803616459541 0.5944965195843618 0.7359819425940288 0.5870449839688263 0.7252687612512063 0.5945883885294084 0.7177222001850428 0.5967349240979766 0.7101437592145484 0.6153470734143195 0.7090890381388163 0.6149537597250352 0.7054055411456721 0.6591859323832187 0.7020064494462104
0 0.6967261587685232 0.7409533185785806 0.7114844851095377 0.7496091052324889 0.7140212062597264 0.7842104841208187 0.6702767442801305 0.7957443149474853 0.61332895694033 0.8047668340928723 0.6023162162372431 0.7908089896774831 0.6010299232159624 0.7789051692253324 0.6069283432346618 0.778212096154648 0.610653789712288 0.7695823048340968 0.6098671623337193 0.7622153108478082 0.6144572647868631 0.7515524632067807 0.6513625075592666 0.7468830326371628 0.6898668004010294 0.7444899852765587
0 0.706771662310612 0.7455673309599726 0.7119539420117974 0.7491543313597457 0.7145649209909881 0.784879218823066 0.7056049615274493 0.7868644552870458 0.7498535025779873 0.7973166560284103 0.7724642197597158 0.7993220032547743 0.7974442459970179 0.7971194352356147 0.7949119382750593 0.7799672614494536 0.7970943387360001 0.7615950824949308 0.7840395290337991 0.7613307879636322 0.7786445454257584 0.7560371286184231 0.7523322916946524 0.7554657473899248 0.7414221321770462 0.7528847913290092 0.7320468344799482 0.7531205766816526
0 0.7734773913932371 0.7995359640842782 0.790559092317302 0.8131137066971562 0.7888058704380183 0.8243756446607952 0.7891752741990543 0.8352549669766248 0.7871873238686407 0.8467442918766351 0.7402183237778207 0.8382101970649126 0.7072952804784484 0.8320884034958005 0.7046786453473373 0.812148854355114 0.7046100436702558 0.79524000745749 0.7190952486235109 0.7922059344887518 0.7498214084535617 0.7975868351306827
0 0.6999834336644561 0.7887238290986215 0.7044074093435515 0.7951972152915893 0.704614457098486 0.8126892125596589 0.7071247402761696 0.8317754322276274 0.6581237407663864 0.8385987540795304 0.603087760544024 0.8402702191907944 0.5903815727822744 0.8195847494323307 0.5917175710440253 0.8118351397982329 0.597307004782593 0.8102459450889298 0.6040700807768101 0.8075198156977687 0.603796959389051 0.7958299560751216 0.6126247715869403 0.8054489949019871 0.6711294452915241 0.7973091712883513
0 0.7642254567022042 0.8424491353343898 0.7730431993199429 0.8504043073817199 0.7748832766526359 0.8646407293156532 0.7719224330093037 0.8825715605043002 0.7323206411248667 0.8819632716808746 0.6844649605142543 0.8773962790714366 0.682665161502164 0.869815324255644 0.6906578838047046 0.858486255757667 0.6896201595826514 0.8374953562669241 0.7067616353273374 0.8330835355730883 0.7403567698556739 0.8387933474353583
0 0.6873490182843279 0.8356309547647524 0.689805182793311 0.8569213994168011 0.6801473367885864 0.8717762223511866 0.6346892885900264 0.8732546942757082 0.5905672386532173 0.8669835565661321 0.585699601384084 0.8485073394823441 0.5922675845874908 0.824691300161771 0.6027567497196172 0.8413081434339832 0.6578248240664052 0.8393664992204468
0 0.5946941830163051 0.8689629084591384 0.5919196053073227 0.8730852393728602 0.5911493463211083 0.8795695378273977 0.5663902081868383 0.8904044110124062 0.5872961660060628 0.9172528095409627 0.6425467355192538 0.9120262239342566 0.6655967008627897 0.9085851969492719 0.681925753916685 0.9092639870327112 0.6808402098381351 0.9026647381873388 0.6832913182586048 0.8785332137532943 0.6804242289442926 0.8729425230920778 0.6344325355946216 0.8754161270938873
0 0.6841195643934831 0.8783716759291735 0.6814090028653096 0.902183350435887 0.6827458831302109 0.9078144396932207 0.6889101797394427 0.9165100962625926 0.7379392728148377 0.9199420886467523 0.7809706468715458 0.923208704120845 0.7825759644451865 0.9067148267343965 0.7849869831841955 0.890391096718809 0.7736681998066386 0.87840448564696 0.7720853960448262 0.8827897314008153 0.7324090859574275 0.8830633364747783
