0 0.22020876862196742 0.11419002193508428 0.21574270910957516 0.1386789238938487 0.21689726618010313 0.15189827355456886 0.24433642637041653 0.16340208863798603 0.2744750403388936 0.17184282363101377 0.2946201266154592 0.17921117539638418 0.31506947060424645 0.17418727016464372 0.3301800519312994 0.17478320522123472 0.3256267061385295 0.1639602293728757 0.3149031688774976 0.13626359970249236 0.2743122718514021 0.12405849563398903 0.24929071151806648 0.11514131246989501 0.24929071151806648 0.11514131246989501
0 0.3248058770497741 0.1118847626578996 0.31556122947876153 0.1405547384204436 0.33205988097619893 0.17206605863771182 0.3554197880519705 0.18841765380293699 0.38687452322297555 0.20544066623186716 0.40941833880474043 0.21227753736908536 0.4193587880805739 0.19413492541944333 0.41135004191022667 0.17635398574101935 0.3649722265744621 0.1374947635084088
0 0.4217150386874675 0.14480647700937146 0.41699306228418276 0.15834188845557703 0.41236897187904775 0.17760720510428565 0.420178412813838 0.19378899191257679 0.4534492988958923 0.2184618351853049 0.4851858879880831 0.22983513560452237 0.5091319066972622 0.228144761762924 0.5177904426348672 0.21751675500720358 0.5211550234928096 0.19902349856501847 0.5083075443692493 0.1859299525828215 0.48402659332280645 0.1740550432568331 0.46332486568238407 0.15826480044114125 0.4447400134259753 0.1475927890070099
0 0.5394756880243198 0.1660419343344952 0.5210677372124322 0.16371162075789494 0.5159660208898117 0.17716683901131003 0.515861068413147 0.19115824887855373 0.5309233089188707 0.21509993144481446 0.557403684034956 0.22484420727251783 0.5873017184250616 0.23531022183533543 0.612146377313876 0.2358857071418984 0.6172103525329395 0.2161942637935327 0.6163753904871543 0.20356142721805048 0.5688736927059042 0.17744039548941734
0 0.5292050440059712 0.21318000580351962 0.5193919509978384 0.21058866289851988 0.518730357157317 0.21615818171544213 0.517467314370867 0.22679089945683908 0.5134069318081037 0.23475679208612235 0.515644096981303 0.238862383682788 0.5184567740701375 0.2545079788772504 0.5503549272943282 0.26124420707165014 0.5839713454314187 0.26990036090734465 0.6011799315907067 0.27249641479802095 0.6107713155722466 0.280231149820286 0.6148092943439741 0.27900780217840077 0.6160794036089389 0.24865376936725692 0.5861624986670548 0.235069642256964
0 0.6174698026630894 0.21728709677121816 0.6118869271837262 0.234792874164213 0.6054879602103563 0.2427839275292009 0.6174780734970957 0.2499871819233138 0.616730397731688 0.27266622315495503 0.6356985231466898 0.2735577702470033 0.6649384969355315 0.2797326460918697 0.6842262173752761 0.281210706269156 0.7072169842494843 0.26790013563697035 0.706426829785771 0.2417822090866919 0.6593013386845988 0.22560202808572263 0.6342797783512633 0.21668484492162865
0 0.21285928740837562 0.15312162119645403 0.20889679084376206 0.16681741902824046 0.20850998444591162 0.1864585409051969 0.21008555577858945 0.19613365131878477 0.22545205399653484 0.20768307688793464 0.25580884375234747 0.22084107729857053 0.28183046350272567 0.22789336727845563 0.292963210952644 0.22920633008448435 0.2943654140800581 0.2206790851056678 0.30174556991869206 0.20770502600899554 0.30698291334301925 0.2062159380530344 0.3207325658854724 0.21171468564851917 0.3121035002174182 0.19587883234709466 0.3021736506593569 0.1844394716921164 0.2956992014788732 0.17995807486720306 0.27611428980542174 0.17115095661728072 0.24231743698455283 0.16401376245892862
0 0.33239834655272016 0.17577068427042508 0.31594924023210336 0.17333501676532972 0.3028352444998783 0.17886995287519417 0.3035723205475136 0.1857728842481732 0.31382176513031756 0.19779875798838945 0.3224508307983719 0.213634611289814 0.3623801339839459 0.2314092341752396 0.3881198998131384 0.2441112361648374 0.40664814041421177 0.24542890995654265 0.4061327733931694 0.23338258646629836 0.407279059629691 0.2139018509749229 0.3875738581670539 0.20610737250989555 0.3551792084735991 0.19044293337272686 0.33935395488994674 0.17620152195575864
0 0.41957696386790944 0.19885219083705155 0.4106589778001545 0.20838736461508653 0.4079335869916976 0.22805364722774757 0.4076104587276974 0.23732779167738313 0.41825851378161544 0.25255197115786504 0.43750495987854565 0.2576544637750741 0.4503748427931419 0.264005464769873 0.4673841237168728 0.2650023657904164 0.47699791148944864 0.26599455582528325 0.49432678743792235 0.2675779699310647 0.49880111778432085 0.2757891531243959 0.5065197391994761 0.26651971966043697 0.5123998059125462 0.25634300034007823 0.5172574094175377 0.25477371919132646 0.5154636622975244 0.24038134336013042 0.5121474222609111 0.23552885229264595 0.48512574309349027 0.23034145549696983 0.45199048411314274 0.21763474252169548 0.42425413268912243 0.19880186936564226
0 0.5183364842809517 0.2555206186621453 0.5114598913900964 0.25770157363183965 0.5067791893296261 0.2676125526381224 0.5007788328273702 0.27880191174337615 0.5004521713241127 0.29793671372788505 0.49802750498862003 0.3150713968783087 0.500200992027969 0.32954396590229523 0.5052012891131822 0.3202194999812505 0.5091413818867598 0.31326624713686213 0.5163823773844296 0.2981867152776096 0.519401426187336 0.29571014827245806 0.5269360796794553 0.29782033202071495 0.5450621765701571 0.3058003576070279 0.5567928397267465 0.3119107790234554 0.5664667723939152 0.3123966491658748 0.5815172088263753 0.31349890411491327 0.591191141493544 0.3139847742573327 0.6015644091047911 0.3151373506777805 0.6087830008114251 0.30680036380592607 0.6122643382192957 0.2971551251137194 0.6125084510369246 0.28526918800905604 0.5999204220435141 0.2732684750045445 0.5832118655927475 0.2697399745217637 0.550674522319071 0.2618307201568881
0 0.6174297326757664 0.27333292943298343 0.6152491791579026 0.2785816754787438 0.6123881612477389 0.28628182779395095 0.6117643085107745 0.2980875717058239 0.6355900374307679 0.2974098376491205 0.6604724374231392 0.30422154805063406 0.6798391733092551 0.3083114008829482 0.6926901856720729 0.31154428933027173 0.6916971927335451 0.2936878674447338 0.6925203507060665 0.28348127640299386 0.6859256117363971 0.28001251936297544 0.6660175717989455 0.28047954556268856 0.6360181181714326 0.2741442833322412
0 0.6120839035355171 0.2986740847910618 0.6086627110222393 0.30781300359082103 0.6020833093650909 0.3173230166331514 0.6157539464611728 0.32020997157360837 0.6173106472420721 0.3267669694397209 0.6185029454161569 0.3462225441953917 0.6419076600740004 0.3490890493858207 0.6729484474613702 0.3499349859921363 0.6901381630688797 0.3494129273353373 0.7009135743904983 0.34390315196117743 0.7023829888910201 0.31514827202016643 0.6600325526092108 0.30464767475029114 0.6360299222446962 0.29698371094946346
0 0.5186608169004433 0.2986678744343524 0.5013402117859759 0.32978454548066666 0.5037283413734029 0.3588350374571348 0.5081996903675935 0.3488287961564032 0.5141203919036373 0.3399216244400516 0.5277415714556897 0.3369170286533422 0.5694716882397919 0.349362712300217 0.5968731073265484 0.3546303022886835 0.6129613442796081 0.36010388914846375 0.6176833206828929 0.3465684777022582 0.6161938312751012 0.3197838448739514 0.6005042047931556 0.3175085637544369 0.5902512269710942 0.31534334754909416 0.5825361387951964 0.31475212347817966 0.5557927803097039 0.3137756722076643 0.5446824366508216 0.30572016441423744 0.5271955298096052 0.2989131649984003
0 0.19920872521956368 0.20577417902531484 0.19276141742486452 0.23711097989997243 0.20674811630643175 0.25044510546054083 0.23660487635372296 0.26453555246328125 0.2600850732186803 0.27987450784361145 0.27637261540729696 0.2869472475735246 0.2871480267289156 0.28143747219936477 0.3030782327892325 0.2816874737490893 0.31503413821167225 0.27279384551337804 0.31432299919433027 0.2492877116181275 0.3065100250202827 0.2429665823447098 0.29430173594620784 0.23104606253298873 0.25422973918041214 0.22102662441985613 0.22431283423852805 0.2074424973095632
0 0.6190819905710495 0.347901890258315 0.642287399993336 0.3491692425786111 0.6922361679011148 0.3514130461694225 0.7096027849531454 0.3592326853701544 0.712776331409537 0.37184036120993214 0.7123105095653153 0.3888696904318607 0.7032722337083746 0.39941750399479065 0.6867217081503506 0.40111258882206546 0.6680354366565346 0.39457132972030456 0.6384157229483574 0.38831626068264763 0.6206658327377337 0.39027708582399856 0.6205903505306198 0.37780463563409733 0.6135215188827223 0.3586651226639119
0 0.5269219467224255 0.3372629621602086 0.5142942282639894 0.3425517395959306 0.5043675314228884 0.3600080636276108 0.499923875701532 0.37775442059897696 0.5201892517672834 0.3841101325794525 0.5543245701646735 0.39495195237051783 0.5890613375079922 0.4007305732371083 0.5986939958323465 0.40484087581945055 0.6184664086680913 0.39240771932228363 0.6204099158468412 0.3793235953114397 0.6129011993850152 0.3606102090409113 0.5980123270845552 0.35487088186705495 0.5694115433451991 0.34986903219266435
0 0.6186468433518699 0.39088875964494113 0.6384758678429502 0.3878099407902001 0.669554396333877 0.39489210249146645 0.6859622283116793 0.4009522024364845 0.7027120591052605 0.4008562704793425 0.7086039298915942 0.41351897877620597 0.7058407979795803 0.4269490362939164 0.6862523530668714 0.42800257557886745 0.649237146207539 0.421742795555534 0.632908329676108 0.4182944882655437 0.6230350917733823 0.41620946525299146 0.6066461303473584 0.4132674778554486 0.5994122013282034 0.40862569464495424 0.5998332155903533 0.4050814553978219
0 0.30654302852909077 0.20664206475269134 0.32365019545097157 0.21336887097573795 0.3639592385558812 0.23122368705395402 0.38742056486906007 0.24344452988680895 0.4039038790539764 0.2619770800217283 0.40365976623634753 0.2738630171263917 0.40731447184948194 0.2824201338265895 0.4050737734370253 0.28817519976479733 0.3972159916809059 0.29533916046617587 0.3873203499871442 0.2999966824410217 0.37145028882142006 0.2992403609988497 0.3495079221855837 0.2873402909371567 0.3148949778707081 0.2706883727507977 0.31598111921263694 0.2517139571518697 0.30701005472880394 0.24203413575260532 0.29538081080962175 0.2317929620038076 0.29228627979960153 0.22179707881905783 0.30098609008002086 0.2075446396234146
0 0.39127810895700893 0.2437401419222662 0.4076670703830329 0.246682129319809 0.41666053865790165 0.24961940573167532 0.43776441000869554 0.25874729675275954 0.4499349579792134 0.26443159146953 0.49280782776057996 0.26725719715990276 0.4999592080941062 0.27914784525024267 0.49955353114447726 0.2956708545797237 0.4984673898025485 0.3146452701786516 0.4852932491757305 0.3206865261809636 0.4614521829432161 0.3083854901553183 0.43507322706453816 0.2945104619952447 0.4217823298877919 0.29170370024757813 0.4070137473765177 0.28495173328882684 0.40397936126109024 0.27444953021162966 0.4035842840292336 0.26139056693649043
0 0.1956083487970685 0.24258580224642456 0.18698997960662622 0.25865718529462534 0.18734516594276984 0.2794485556008511 0.2007562932114984 0.2973471527738489 0.22350577780122144 0.3139220323626206 0.2421932004239566 0.3319932208183627 0.2589089598038537 0.3369357216594884 0.27513367908003916 0.34601196276538165 0.28737121983977143 0.3500087567400998 0.2901848118472282 0.3411864006729952 0.3008700511700544 0.3255514977169826 0.3007812545860185 0.3203536551404262 0.29549104609851073 0.30840746528297985 0.2851941371618591 0.3029371868229663 0.2845083856038194 0.29384666840941126 0.25994450750031906 0.2806552378834187 0.23880829466453546 0.2653627006525299 0.20610317434080316 0.25233531433526846
0 0.3146138562909526 0.27525051917514604 0.3038055838115781 0.28003043250418264 0.28752309937111414 0.28035852092164476 0.2832395922052773 0.2926370727335597 0.28593765388417725 0.302623375713166 0.29790239458629186 0.30891669205719935 0.3005458962536683 0.3193622995106687 0.31900116569680803 0.3274971072871609 0.3702535572004711 0.34491211890797885 0.3849944481847753 0.3456709571839805 0.3905264253101432 0.34071845257219957 0.39745663929611147 0.3299404831642616 0.39689712604737504 0.32275992932819025 0.39307362756549236 0.3163025687754258 0.39075748596725707 0.30310113447877807 0.37233645309662955 0.3006234737527053 0.349314168449289 0.28634511653324896 0.32280965852270804 0.27462717049255186
0 0.4091849291433944 0.2876887451058661 0.39696130151716336 0.29546554970585015 0.393151716168782 0.30078178772778785 0.3932544258863191 0.31775322887904633 0.39986798778389254 0.33044970993848116 0.42031844906163646 0.33665172875581484 0.44165578365725794 0.3472784745660416 0.4578805029334434 0.35635471567193494 0.4793098392658557 0.3632342790092258 0.498655187179628 0.3668487887291187 0.5016901435570209 0.35493627133276195 0.5025118297115415 0.3314095975596312 0.4837495236382718 0.3199141651020348 0.46230306901960333 0.3102060282395342 0.4377220726298467 0.29418602418833184 0.421149669845509 0.2939820614498995
0 0.5203883549894153 0.3860340017970061 0.5007905304570366 0.37859956292214586 0.4921582481330929 0.38289734739564446 0.48111141216861325 0.395630930144416 0.48781697580297756 0.40458022873091487 0.49735004457829995 0.4164807698250114 0.519577457644554 0.42258721757863876 0.5407543173583597 0.4256468517609624 0.5546800133225661 0.4243502320954177 0.565103160568521 0.4317304751329149 0.5777600631341852 0.4292242597915186 0.6006967563502448 0.4293597493849262 0.5976167745906802 0.4225885777223614 0.5996697315895628 0.4112514592398475 0.5967534298645688 0.40310237415569355 0.5553069071938458 0.39529138125965674
0 0.6061602603305879 0.4130929506723064 0.5996151715780393 0.41171076371371057 0.5977258946137273 0.42166996877463525 0.6013857130610395 0.42950524274898894 0.6032653745670865 0.4463811128365412 0.6534875361573126 0.4546328593617726 0.6797770111905543 0.4592429982484297 0.6984708441187994 0.45942413660518705 0.7001825279150397 0.43906924639114947 0.6992068580131261 0.4294466768217 0.6877470705482245 0.43079321878760113 0.6492746147667741 0.421726981452363 0.6223507430342611 0.41651204472778014
0 0.1900513344972541 0.29099061374933793 0.18238274931407272 0.2968917506796863 0.17925863000517905 0.31481226544385854 0.18762965208017235 0.3346766176574918 0.20599567002032731 0.3439050971562307 0.22313113388332334 0.353274785707051 0.24101646850294905 0.36191805693093926 0.25622900258693726 0.36513062852668643 0.27523914334150756 0.3726842737601767 0.2853242068585382 0.37437164271101736 0.28722400270469606 0.3499991549154495 0.27545323576171055 0.34574386418869957 0.2595611912101856 0.33707914723706295 0.24143561868458274 0.3332514023570238 0.22386088226002715 0.313614042106465 0.2008671729221792 0.2976985668054584
0 0.3020736476220658 0.319956049082611 0.2907713102793381 0.33968859176021454 0.28899615071555507 0.34904623409933855 0.3023531037567042 0.3483278475802041 0.32158438656851634 0.356812967902057 0.35858239082342774 0.3721467618582162 0.3883762014113008 0.3810929199662246 0.3911223737889554 0.3719403353885314 0.39446462360216683 0.3633560172357348 0.39162194544964507 0.3565622812686214 0.3885581252398814 0.3488370702131452 0.3703300238335632 0.3458724478343253
0 0.3971846504940474 0.33207854943041354 0.3910318911199366 0.33918457179769884 0.3867698929332113 0.34713227093845506 0.39259295826351664 0.3567673390300521 0.4013129777396256 0.3643598603151399 0.4159455186838682 0.3696618855767915 0.4414451624933936 0.381240302643954 0.45863189079674727 0.3901784299441647 0.48060633443329 0.39791568721133735 0.49240222033085906 0.3796145334598496 0.5002567674267359 0.37773415295927465 0.49932394631033483 0.3660350923334204 0.4579453306921717 0.3568543999284355 0.4198928805914086 0.33643166927985296
0 0.3029323821771419 0.34906767536401623 0.29011222878950055 0.349205606879174 0.2860662112504927 0.3772782049786115 0.2869217538617548 0.385046296337426 0.3312363089997634 0.4072083797557129 0.38327657333039367 0.4272082634218095 0.3861448898857584 0.42402028311723466 0.3899646408835824 0.415816875803561 0.4021113506881324 0.4093719494368324 0.39791661661738775 0.3937854852656069 0.3892082183149253 0.3862558883291431 0.38826001208387395 0.38226193759055177
0 0.4016156775394487 0.3656396171267135 0.39507845434704925 0.3637848775544527 0.39003573447021367 0.37030737824251453 0.38908107181634655 0.38433218299930344 0.3993593956147675 0.39361595660083526 0.4035541296855122 0.40920242077206065 0.4228016012063689 0.41184444647435536 0.4533682663764873 0.4239900558965501 0.49286636817884427 0.43280544921713493 0.4974554545909567 0.4181255183871187 0.4874346520011012 0.403679777697576 0.4820309622793318 0.39827070762346023 0.4599184024145182 0.3898072844780503 0.44144026630794997 0.38068873525941305 0.4164249070089822 0.3697154464685151
0 0.601016612241323 0.42956278592954183 0.6027998914328339 0.44748528279960637 0.6011685569844676 0.4642124704525146 0.5773697101416958 0.47293884378260875 0.5285759736507588 0.4645314735491463 0.501568310058491 0.458353801648979 0.4962745253959057 0.45201951392967143 0.49454619873398686 0.43363440823701094 0.49836917794321867 0.41642162317564724 0.5198977296333225 0.4238132885969533 0.5398391143880731 0.42660185437816006 0.5546688135084091 0.4245172289473031 0.565696003070316 0.433484933805151 0.5779698593734448 0.4289637127682621
0 0.6027998914328339 0.44748528279960637 0.6024292369536766 0.4625818452804991 0.5936249468200169 0.4678357667119486 0.598475883034458 0.48688030275971345 0.6420103177415992 0.4946512312239311 0.7046478360316235 0.5002915570855726 0.7040390296123479 0.4664938201683355 0.6790581531921696 0.46121837732750043 0.6534932685972816 0.45487117676256145
0 0.5976720647413801 0.48765898032599314 0.5810461735839016 0.5078586198775461 0.5864293936548685 0.5194281447243206 0.5972195316590125 0.5273973618975207 0.630345267857746 0.5329701891780572 0.6675073369612639 0.5374985516022265 0.6823542775209945 0.5382628491464009 0.688437867248671 0.5319601585767072 0.6966926320864102 0.5313323253712168 0.697433941044725 0.5011392004094312 0.6560534400082522 0.4961942063343852 0.6102174554810613 0.4898340929238148
0 0.5017504090866618 0.45981489815622273 0.4954125263618279 0.4622701780662371 0.4914279177752278 0.4718614118476985 0.48452326831507886 0.47609385700864043 0.48550595742491975 0.4857856536972945 0.49112622905364933 0.4983536662287169 0.5153959508005391 0.5006336460156086 0.5564844477496571 0.5050427612286025 0.5734853219800562 0.5086329931619487 0.5809739796149149 0.5054723057251106 0.597964068828735 0.4881948591880451 0.5939719034369637 0.46790903675140466 0.5758719786147241 0.47357098126997643 0.5289778827972977 0.4641421347660064
0 0.1830066432385481 0.33393989981418537 0.17837699310423016 0.345168824548713 0.17555127933179365 0.3597082898088058 0.1893282012156422 0.3762890939819317 0.21008344096362597 0.38653134320528987 0.23616172831296228 0.39203853646721926 0.2655683084847222 0.3972720672600958 0.27835782456545494 0.38825460135876666 0.2851275717156842 0.38675464491931516 0.2841723466441687 0.3762993681336577 0.25544473550470154 0.3653500483327076 0.24181315585783536 0.3629596059470335 0.22650855365132838 0.3592393270420735 0.22449937043765733 0.35149106275327685
0 0.2876282294067165 0.3872827319444317 0.2770597911156769 0.3899335413506937 0.269667655685846 0.3966729710475461 0.2701879870326913 0.41387210934621105 0.2857155883878464 0.4249634475220274 0.2861260820914258 0.4338388950484902 0.31092408828784235 0.4439583638099716 0.35482206396946003 0.4659235807831501 0.37330629289929196 0.4644561577051529 0.385890562128235 0.4510009680405924 0.3818333672450602 0.43891409072129667 0.3799761739926041 0.4268035436728566 0.3268077934697249 0.4058101961140131
0 0.40497164633030075 0.41059843386930167 0.39084859220607343 0.41542816874730787 0.38678474959866604 0.4218939359751073 0.38230708942556313 0.4287605779499915 0.3850840031558182 0.4454597307688392 0.38792082150088053 0.45240624556346654 0.42862474202443124 0.4673495067384296 0.45970434475583205 0.47391287405059207 0.4838089534852139 0.4775384740389747 0.49285635917782744 0.46919554535378327 0.49671827879556124 0.4490157320892048 0.49550122611956504 0.4345990472909887 0.4547196486843488 0.426475088632621 0.4234170468042999 0.4125406620496022
0 0.18795583471631483 0.37551101421690664 0.17409793205868446 0.3750258348339239 0.17211760571449752 0.3916968861074721 0.16543662004855958 0.4078635200850484 0.17663855119182664 0.42145921747610554 0.20286550464026154 0.4318804502519393 0.2289615442864562 0.44032097902149353 0.25069640912704616 0.4453991959910389 0.26577801218490527 0.44174841562514255 0.2769266864375974 0.44654410649332493 0.2858431783279705 0.4362204738018543 0.28643006201385557 0.4251143295292035 0.2704886430930049 0.41442386610047194 0.27068278537216883 0.3973756098089832 0.23610514756027123 0.39251485221789206 0.20997027945824387 0.3874839747066355
0 0.2941727865324586 0.4370029853830344 0.28727212557998894 0.43652223781620664 0.2776977408162976 0.4462186727498283 0.2675641962499283 0.442125620643083 0.25693917720619763 0.4452527458000177 0.26097861979251413 0.45440628761168855 0.28383845196269286 0.4685108341148729 0.2802594361084143 0.4863090686260874 0.2945522324907148 0.48005038649606274 0.3101963192133682 0.48091277089698586 0.3678778645030668 0.5009061474961951 0.37002460924321073 0.49208247124417587 0.37736016392035054 0.48581935729799625 0.3692213741329101 0.477264911698875 0.36803982605063046 0.46871489791590887 0.3569089040947966 0.46685254255535136
0 0.38619121818854857 0.45155272479485337 0.37407734727799224 0.4641307239616563 0.36826614906139465 0.46680963491321764 0.36956085864905647 0.47440701719483824 0.3794470040456871 0.4867483190701975 0.43600025814368093 0.5069916884093152 0.46132524341117526 0.5157576509223661 0.4763680180132015 0.5155165218147676 0.48250427231120335 0.4977700585779969 0.48098656357489356 0.48280161702552 0.4789951326580808 0.47798668824434803 0.45946026944820956 0.47288480154565843 0.42802342990380415 0.4662459932299079
0 0.48754441614910066 0.4954165813699321 0.480113452263437 0.5055656623250823 0.4790739225560235 0.5204823326031156 0.48207715929704276 0.5352762224192721 0.5249455768575957 0.544329142849841 0.5652001752217342 0.553806607756639 0.5856580827715205 0.5542207779521887 0.5902200475805216 0.5219821889136137 0.5828523121717815 0.5131023095709959 0.558599037343301 0.504562670068709 0.5174957276887967 0.5022299414220032 0.4926766453334055 0.49845345942644464
0 0.5957272658746894 0.5280278434813391 0.5879956459287122 0.5376251676822283 0.5862416425952894 0.5523909559530855 0.5799600460603052 0.5559470574024044 0.5817606585600702 0.5685339202015173 0.6009027803632203 0.567693694881369 0.6311758241222044 0.5687158249217783 0.6524402906444076 0.5746712323890811 0.6657146334782691 0.5769862337711671 0.6773159537524897 0.5779713986339671 0.6945975584410675 0.5742969485389263 0.6940838748184547 0.5385451656931662 0.6815417579074606 0.5393143818258814 0.6677404360025214 0.5383528866922257 0.6306055597469005 0.5334403578266911
0 0.6967409793190952 0.5747495945604548 0.6952244035690625 0.6090960998833408 0.6814408339609814 0.6110679402573101 0.6649302836511038 0.6144169566088543 0.6429125150470587 0.6117203183926728 0.6074894898069115 0.6047279747881262 0.5983710749268649 0.601337561442818 0.5758085749548836 0.5970610939674422 0.5739902101582602 0.5815408956607043 0.578089557359384 0.5809417994481546 0.5824363037302467 0.5720944534669912 0.6014475117311564 0.5692735241405636 0.6314198994298268 0.5697438974267119 0.6527975274574123 0.5747466733926692 0.6672567422356697 0.5763353662841738 0.6770896307417255 0.5798766616366582
0 0.16809407469584114 0.4191999444404446 0.16075651808856717 0.4517646696179341 0.17168471186617407 0.46563663502024905 0.21650237425770358 0.48261789795660787 0.24996486312477256 0.4966229759419196 0.2621910824472402 0.49226640525760895 0.2699608966481494 0.4962200603415275 0.27996284956234385 0.4850334840594989 0.28408817322179014 0.46855843043842055 0.2630279556366476 0.4560160390878952 0.2529668715045417 0.44579643653205525 0.22745024879784087 0.4415642709497593
0 0.3107149610563746 0.48169815806049193 0.2957074246854391 0.4802635013681133 0.28152101689388687 0.4865189524333516 0.2695378530538018 0.4961307223109627 0.26078794461835025 0.49312650741750796 0.2600509058661904 0.4993311468012722 0.2628532453714642 0.5085960609633067 0.2719132128122219 0.5162914169242653 0.3151516854154026 0.528313524701426 0.3746208441064437 0.5460760481738017 0.38264158609474763 0.5333146654873556 0.38375962352764326 0.5202519905634654 0.3801992228134038 0.5137180289998498 0.3691370219899497 0.5009741798491283
0 0.15870436748724687 0.46173903982114606 0.1547721820915593 0.49849215602849944 0.16552432390970717 0.5065448641117172 0.19402327423364685 0.5148760826933122 0.22492647907782465 0.5248714457098896 0.2594820467684774 0.5333252804677989 0.267875915132505 0.5356760992048922 0.27360538718961214 0.5166487690465246 0.2636323290372357 0.5093387951502332 0.260473949460538 0.4994204848318371 0.2173484614463987 0.4827965740177375
0 0.2733583955547235 0.522378688335057 0.2719973026394453 0.5301861640656466 0.2715243418264739 0.5451196894280564 0.30714802973139854 0.5555337126550502 0.33940839133834844 0.568706718422871 0.3525437652199287 0.5749498841557257 0.3651930281367438 0.5706826515019797 0.38004553500502625 0.5697717376606066 0.3876642558557884 0.5603947037289408 0.385150952899015 0.5523472438490645 0.38281763805420654 0.5391339228064526 0.37595697841241 0.5457800041396995 0.3159977726040977 0.5284922007625557 0.27812485968158807 0.5187596036343312
0 0.37954099604168584 0.4864032548123192 0.3702760818796512 0.4913851917105836 0.37127326241849334 0.5048945567872979 0.3858748414993811 0.5206986807162896 0.4194713374122973 0.5335756424500079 0.4741989905857858 0.547445818926622 0.478374231463856 0.5159479019125689 0.4618295502181833 0.5165014636316828 0.4368489556948714 0.507756833043013
0 0.47785922573727285 0.5239340537042882 0.4754681213688285 0.5477138330183166 0.47651128297378836 0.5571854531838888 0.4902037074955634 0.5623898406957148 0.49716947942138917 0.5731121932891946 0.5094167212006626 0.5722293093902292 0.5327971034788199 0.5725410980343557 0.5477376363268318 0.5745398128525311 0.572341168321914 0.5791573604994942 0.5793778799231694 0.5783305364853444 0.5800098063912998 0.5547574631748536 0.5675405315864498 0.5538588346658638 0.5257262192689648 0.5444503115141495 0.4808835982681233 0.534980480274278
0 0.3847607402189914 0.522776237158347 0.382549623962512 0.5413901553096397 0.3898004962843321 0.5643150806671102 0.4168082827996523 0.5705967727490558 0.4511628399215343 0.580742781884355 0.4617389297802233 0.5829762326484756 0.46917766251902043 0.5787650598795455 0.4852993001703455 0.5781221601298668 0.49053478895767544 0.5705546685485637 0.4909157876384113 0.563696633008438 0.4751081451448984 0.5580455553437877 0.4746220341801333 0.5475351569571869 0.4220766025013063 0.5335476125076001
0 0.5738323321305333 0.5812068869991437 0.5721992889710545 0.602255713714753 0.5688569851298858 0.608488383040925 0.5646055267296043 0.6041213159499316 0.5533594016416791 0.6075284464437783 0.5087348775139082 0.6108252460936947 0.48893985455930233 0.6095359873166964 0.48537551769255677 0.6139871442349135 0.4702799553418918 0.6096428588829862 0.46267304294864786 0.586064537369154 0.4693116695648677 0.577636943627952 0.4865014274304646 0.5789542323473581 0.4914478796692942 0.5701692864838968 0.49561131208984627 0.5716267249153417 0.5098397647950101 0.5723186474207941 0.5337101941904386 0.5721557159696885
0 0.1533173970327144 0.5094247866046385 0.15006644224742333 0.5184317374422139 0.14895747023583755 0.5400078869074704 0.16056489493278464 0.5463365282103814 0.21521008951011933 0.5636925506490196 0.25580413184086037 0.5708111474592988 0.26306812685069864 0.5616823189573604 0.27535282758253693 0.553129085091015 0.27040920776549904 0.5457843298690958 0.2685832921110453 0.5366745978249042 0.22453785673320503 0.5249497443892212 0.19525609316737697 0.5144039751410137 0.16475962699838076 0.5079637541729435
0 0.28519050134277507 0.5498751809207577 0.2757074376542694 0.5532039713813414 0.2627696814967109 0.5611346192380574 0.2586410124147205 0.57141023778191 0.2614360506141459 0.5846020224192207 0.2759717641332254 0.596880474344139 0.2952859027380619 0.6087140077563707 0.3165801288072765 0.6161189520401412 0.3387520691731905 0.6222552286176343 0.3539826804924249 0.6225635722374828 0.3632377858879977 0.6303341495143421 0.371320031054837 0.6296175807566394 0.377464031131733 0.6207369068126986 0.3792051373818217 0.6060796905144215 0.3766347580533755 0.5909966521612039 0.35909366980720153 0.5795375502006043 0.3400779765563527 0.5682517165076758 0.30687788043620323 0.5539704312016914
0 0.38767611149542536 0.5623092048035504 0.3801136711315994 0.5708903335861856 0.36269923466422505 0.5706054856533553 0.3546346112626495 0.5742338212752446 0.35903750508945675 0.580010363629581 0.3764486421348774 0.5895033255839475 0.3814451272477064 0.6055833813984264 0.39934412498756655 0.6079092556278162 0.4540840272351271 0.6214078843443146 0.46826843010442765 0.6244033359573704 0.47112953128745877 0.6094979651010956 0.46223563480752566 0.5833860460714901
0 0.46969016981331135 0.6154947670971397 0.4846785004963028 0.6147825975687086 0.5224389616751374 0.6120939900348402 0.5647741102559671 0.6045553705468423 0.5715227245402414 0.6273062049703028 0.5604494269896176 0.6409620045780472 0.5466196341920496 0.6380414392553176 0.5201505305909108 0.6435992215086072 0.48138240391462345 0.6455903567425194 0.4706703152796395 0.6409048145975177 0.46634450735779437 0.6283591116568549
0 0.3796896986543076 0.6081207168109808 0.4005202846382537 0.607188287640842 0.45473708266084734 0.622030470353944 0.46843692425766204 0.6229848956704404 0.46651300151102876 0.6269406713699248 0.4707826447151291 0.6399591877395644 0.46923095380549207 0.6469016165935618 0.46084696386271146 0.6562785996534977 0.4552260680107824 0.6638157196008349 0.42659406044872095 0.6631006503837931 0.3784617983633249 0.649058721177263 0.36138435020241944 0.6459369926705727 0.35213254422880025 0.6289583013721772 0.353740399856182 0.6215430590892029 0.3628831758162652 0.6302592632240157 0.37126386633709224 0.6300903941856161 0.37781864120346553 0.6208117931030249
0 0.15720491013395765 0.5470809918843739 0.1521247402722592 0.556186324699294 0.1536312893855079 0.571044704181532 0.16309013246484255 0.5832203748998345 0.18098913020470264 0.5855462491292243 0.20364563184310253 0.593723552003277 0.22245758741018956 0.6006042922547624 0.2376111128244618 0.6076817964609372 0.2558856418232718 0.6037862098233039 0.2697154346208398 0.6067067751460334 0.27531870870750513 0.5962578883345097 0.26037222039894836 0.5843773635482414 0.2603017333378934 0.5727302960914954 0.25468413690791797 0.5710593020172964 0.21498543063914016 0.5655838043649263
0 0.2746656532817849 0.5956353023248802 0.2700138799748275 0.6072544748653365 0.25569952590477363 0.6022928832460475 0.248586403282906 0.6070915045968691 0.2517712950845914 0.6261817092528793 0.2812391745689175 0.6382208050783432 0.3181714873248902 0.6547442798648481 0.34620330475702255 0.6635720636648198 0.35228784069422014 0.6643723171713919 0.36841708749737123 0.6571156459276136 0.3688487834740659 0.6504213716316136 0.3617389602741519 0.6460118789608992 0.35319637444399776 0.6291829602431563 0.3530488014779807 0.6243050533727368 0.33987206410613285 0.6220070740596367 0.3158709086638115 0.6159691794594884 0.29670434302499193 0.6090135529176763
0 0.4823900694120762 0.6462878290424753 0.4674017387290847 0.6469999985709066 0.45920386470480223 0.6578703082080989 0.45600907463725593 0.6664044456166974 0.46466398990289975 0.682287737476487 0.47668218938932416 0.6882184516407476 0.5085056875969782 0.6896074974707269 0.5235325612324507 0.6855107476491326 0.5457254227855821 0.685350677069276 0.5625815114974619 0.6811555452703368 0.5724015634924364 0.6749898742358932 0.573675730235303 0.6612033985052429 0.5681946838499882 0.6430823163942047 0.5612709765685723 0.6401661503007465 0.5454434745413625 0.6387624072422918 0.5204489759448985 0.6441469212279102
0 0.5770764327530691 0.5989139035446832 0.607871344276053 0.6059018242320565 0.6433323514493046 0.6133904532646963 0.6641243944807695 0.6158426043877206 0.683034357140036 0.60965783689553 0.6799981629598634 0.6443978760818074 0.656106037531078 0.6466224686452418 0.6300300869541526 0.6488705568956946 0.6091642574396791 0.6439794523374605 0.597704405708749 0.6425287179049691 0.5803670551463369 0.6354747093858125 0.5709610773627934 0.6320343392600697 0.5705326808080524 0.6295204995345334 0.5644195001842346 0.6044804842565159 0.5692893335182638 0.6093862860432254 0.5722032999970862 0.60321621577951
0 0.5771017780177358 0.632361779337665 0.5712562232948275 0.641790153000909 0.5723343758533351 0.6541346927576108 0.5801324980094968 0.6649903051663278 0.594576803280304 0.6719180367918501 0.6130550699628758 0.6724275435956595 0.6364417129319581 0.6744582718930152 0.6647928969052956 0.6775374082549405 0.6732515088492452 0.6766977873919275 0.6769213094082337 0.6679197733827652 0.6789343327446657 0.6441732172108282 0.6567590929567981 0.6472450546548713 0.6306831423798729 0.6494931429053241 0.6104142035733747 0.6456974377856961 0.5973497956370165 0.6424538316146428
0 0.6688059371298428 0.6774155305905775 0.6699402544060952 0.6892872569183028 0.6698774908444431 0.7081762983903518 0.6535059634050492 0.7144124564858504 0.6279916600055718 0.7119324104465364 0.6133579393943128 0.7127194662652939 0.5926220610805927 0.7097945017132931 0.5828229302728355 0.7096638255903871 0.5676694048585633 0.702586321384212 0.5667035817355452 0.6892961547695567 0.5680515349614204 0.6779486324741163 0.5735777231431235 0.674268906248919 0.5745325233447851 0.6662310779563153 0.579367113148287 0.6653133460146518 0.5934568083473617 0.6721661913498475 0.6145296749675507 0.6722542753279884 0.6371509330754231 0.674608044473668
0 0.14710073512830563 0.5648188440852372 0.1370846689489722 0.5971155306070332 0.1464697255452983 0.6068522478901256 0.1834934465495433 0.6287264429760268 0.2230556027736606 0.6506520286652362 0.2442551211726493 0.6619143666711463 0.24758316186290252 0.6461382552472447 0.2544396815052171 0.6281992398624203 0.2503352330323976 0.6229703972273871 0.24050415811606668 0.6078080733545718 0.22311064283590976 0.6012268782643919 0.2028240822641479 0.5945194062805773 0.1798691352717603 0.5857944036872217 0.16333241310108548 0.5842408880481142
0 0.5691054669107571 0.7057976334097041 0.5829528814735888 0.7116299655966202 0.592323615726605 0.7092468019939898 0.6141794889732675 0.7119236119879933 0.6289993255030246 0.7126298827464922 0.654271348266259 0.7140894156375266 0.6567227993153083 0.7485343088917698 0.6096301468359389 0.750221499735105 0.5681936337390259 0.750195104359476 0.5558417453680863 0.7378931567475392 0.5527482618146732 0.7241536723909254 0.5671220800244254 0.7194343365597016
0 0.5696682387437008 0.750021836091805 0.5649250571884711 0.7562902883328649 0.5524366187728709 0.7604384287577673 0.5544486503458228 0.7710414873792154 0.5653259337120876 0.7835167032588232 0.6052492988518446 0.7871009471952864 0.6509235110442841 0.7851142111906455 0.6632852976810845 0.7697918167379738 0.6642610190699634 0.7554576412880204 0.6567789640330531 0.748061495462793 0.6089209266924738 0.7500717271544523
0 0.14706661625327377 0.6079476473287319 0.13767496081304031 0.6166271580887118 0.13258819210743478 0.6441487189467042 0.14906545013841122 0.6553831620363247 0.17368111805397168 0.6654282229392657 0.19486301468769668 0.6737787940809895 0.21902936486129893 0.6876063624157439 0.24334658742287169 0.6971037235993821 0.2522393592473091 0.6742633056571199 0.25136494437256335 0.6663238593418609 0.24384434638317198 0.6623122938097966 0.18213117098035803 0.6279540843857446
0 0.2538989555149865 0.6266310269948376 0.2471723870734252 0.6465361823858949 0.24572972617732414 0.6617410984034753 0.25224265866926276 0.6650551916355837 0.25543084989290177 0.6749372822700574 0.2972539171701211 0.690070211685922 0.3187342591578338 0.6989684825469488 0.35441662578011085 0.713773971885218 0.3614801825281409 0.6910319359203004 0.35556414074417775 0.6888132421267984 0.3491139718138912 0.6666101074226409 0.31751843189916995 0.6541216938552186
0 0.3686593681336142 0.6581361590758934 0.3495247466033685 0.6662121802839907 0.3549110853184575 0.6881906561171688 0.3631970681690587 0.691879180800909 0.3903335495392279 0.6990638654429717 0.4594120264660133 0.7020196245998732 0.468396206538723 0.6845299269570072 0.4560652393550007 0.6659316321877208 0.4276578906639185 0.6633253092547723 0.37892873787054704 0.6481879806096361
0 0.3615925119636305 0.6900863090623472 0.3545465769808641 0.715740111891451 0.35690991920359494 0.7356261708247618 0.378130358789801 0.7405921616733222 0.41245374926484635 0.745417178399773 0.4317326443391555 0.7514271780836316 0.45008095982097396 0.749970544881208 0.468503061785801 0.7509528651139941 0.47104809584958063 0.7325880276742297 0.46138221566453047 0.7252153775360206 0.4581378597231467 0.7158061003305235 0.45067672587345375 0.7021136073479464 0.3906881596109604 0.6991387517332982
0 0.4679854317492457 0.6849278540956577 0.4597666365377458 0.7020945108901997 0.45020978636623166 0.7029843479155734 0.4617929904540078 0.7248174503973703 0.4724665361365107 0.7328875728355353 0.5020324227130163 0.7318611609173232 0.5536259761113725 0.7228850046846483 0.5675328548139028 0.7190364094210513 0.56753945365781 0.700620181377979 0.5659976610140339 0.6799382681673677 0.5438962077091747 0.6854490590466207 0.5228795058067305 0.6848881616395031 0.5077403027357684 0.6899305383190509 0.47875368510197447 0.6891405828116827
0 0.47134654120356834 0.7331357273935327 0.5019200932775267 0.7328067877752765 0.5536259761113725 0.7228850046846483 0.5562525201575635 0.7374952296088889 0.5691451345187338 0.7513653900884085 0.5661012168391582 0.7555693203458906 0.5523066675721175 0.7584722887515342 0.5465910640499627 0.7698668024210112 0.4632268777397436 0.7861892134162662 0.45145755773346935 0.7628627843572128 0.4532162857488218 0.7511173349231223 0.4689138365752783 0.7505549379753438
0 0.14408328736889225 0.6514229871075686 0.12959713972365033 0.657087949796746 0.12237941116569595 0.6933683069343162 0.1360759533405571 0.7035308462723489 0.20902762102527556 0.7320229298232629 0.23543726048671598 0.7361460750204861 0.24078063217187468 0.7217649081964961 0.24845540197119032 0.7122381525559075 0.24401396519190205 0.7098461904947343 0.2434589168583613 0.6961580967414287 0.218263980000089 0.6879294032640679 0.19415379454423165 0.6736290215003367 0.1736249533362269 0.6659010363682425
0 0.1316718707148115 0.7022287029522395 0.12525403318966316 0.707101643769752 0.12213003191009209 0.7235696206421472 0.12222438466898444 0.7391601833795239 0.14686620508298448 0.7479971733508274 0.19145380653799315 0.7626033622173685 0.22153227561187733 0.7715504171028437 0.23716175719923 0.7743320181148055 0.2453237966675711 0.7547758004163162 0.23227347906919632 0.7499437590988598 0.23163782225896823 0.7389100753935104 0.20979334162128166 0.7327399105343205 0.20979334162128166 0.7327399105343205
0 0.25291385745953443 0.7138189215851566 0.2410782418262804 0.7216999100359728 0.23591638060906717 0.7356614481818354 0.23285252422408897 0.7516231051617831 0.24518463632660698 0.7526703276537359 0.26864596263978574 0.7648911704865907 0.34007127533917925 0.7960643733610236 0.34967325903849145 0.7742171357786684 0.35005653219708444 0.7644366714365853 0.3389461885382021 0.7563811636431584 0.3348740019021751 0.7415076286552195
0 0.1252021591290765 0.7403080488142951 0.11978084778171338 0.7531767539824723 0.12107456519320547 0.7685015764057729 0.13904263119116467 0.7712580166820301 0.1760165637076826 0.7811422291452863 0.23067670830097398 0.7994325938945126 0.23959469436872893 0.7898974201164775 0.24673780386824895 0.7690879830547216 0.2477225259727705 0.7542443197881642 0.23584210275744466 0.7756103982137766 0.22185187063662004 0.7721369301880815
0 0.12778959395206063 0.7709576936608963 0.12152625408039752 0.790914877323338 0.12417736703723198 0.8111975447426182 0.17496109699079593 0.8260741849089118 0.23746015278842825 0.834082476409284 0.24444169815594818 0.817910111572346 0.24320812563904898 0.8020789692565983 0.23895197107998595 0.7985850514808751 0.23163549337520223 0.8011921331502263 0.1760165637076826 0.7811422291452863
0 0.2680256431420788 0.7668362568635901 0.2548739063062967 0.766134967878504 0.24919667806804108 0.7680501825341222 0.23769246153279344 0.7993571116873985 0.24530613047128408 0.8040790880906834 0.2795806092096384 0.8170263806443292 0.34729107140130455 0.8401487867110117 0.35107313328213957 0.8279719485565676 0.35315580080185355 0.8169932973083042 0.35487759895401044 0.8090525654147255 0.34118809130615013 0.8030474979267933 0.3410902053080003 0.79731759272429
0 0.2486034999561188 0.8058134666106925 0.24318218860875562 0.8186821717788697 0.24507382172691883 0.838804452812569 0.2909622070719343 0.8490141490326635 0.35531868812343026 0.8610478389369111 0.3527430573737098 0.8532376217075321 0.34597141695951916 0.8414271668099826
0 0.35640242075437634 0.7372306228942981 0.3293394672441411 0.7356676585385448 0.24517989873185814 0.7101095849667667 0.24384490697755168 0.6984091949833889 0.25224752602426426 0.6768276977151096 0.29745544697697984 0.6894888002046512 0.3192586532718521 0.6992833975037639 0.3548115121091774 0.7145767423983614
0 0.3362349306867748 0.7366048161163258 0.35804167022090444 0.7365387558805648 0.3789273657843628 0.7409493814840409 0.4129647981836031 0.7460612960726031 0.4324706944106832 0.7522566216674975 0.45201786498057767 0.7548275148224693 0.4467097769438854 0.7864048952754984 0.35087615693034857 0.7640907379297187 0.3389461885382021 0.7563811636431584
0 0.35215453702931954 0.7664367902706707 0.3412895105435574 0.7989167455944228 0.3430867909028282 0.8034484638907456 0.35633641373676006 0.8098796580783348 0.4495719992095405 0.8311261431821336 0.45549687350468243 0.8074643338869786 0.452661792624812 0.7985612836799142 0.4462097472353641 0.7873373418676027
0 0.3539754255351176 0.8166473638014375 0.3465504621144118 0.8431065128729062 0.35242346234896704 0.8526511086222941 0.3673913500957984 0.8610022284511784 0.45167120839726704 0.8855476622380613 0.4560771230150664 0.8615650801717445 0.45294485090148917 0.8453329718920441 0.42768624422903956 0.8285804107628666 0.3630514424956152 0.8123357753334584
0 0.4551690076459334 0.774177735649645 0.44685247052410704 0.7786497105032053 0.4461307317889928 0.7847255492125749 0.4568955433928391 0.8087977464430355 0.4751041889691697 0.8095289071495029 0.5158413128147442 0.8041181689108395 0.5358920463324175 0.7958959579388334 0.5545853843047482 0.7827159019708475 0.5542693225192629 0.7722687313507363 0.5526147357402138 0.7599818282821206 0.5454150145853582 0.7714369277014502 0.4632190281590951 0.7883342428881462
0 0.45563603384564655 0.809569806649559 0.4496321441041334 0.8306198232896862 0.4333221981244808 0.8302896285471709 0.45282456111230346 0.8463456116769391 0.4892041111614077 0.8415717079949232 0.5239255411922055 0.834371558779165 0.5461568282277424 0.8209006017613983 0.5445812568950645 0.8112254913478106 0.5408699396265947 0.7933140370051867 0.5374110060097599 0.7962167307099953 0.514202063348216 0.8048100359245728 0.47744277337977625 0.8095037464137982
0 0.45294485090148917 0.8453329718920441 0.4569156183001089 0.8643372592123533 0.4556490422744016 0.8848306344886238 0.4960441673041975 0.8855759281521207 0.5341231117144227 0.8796038375639242 0.561569338383251 0.8713863375775946 0.561354695835173 0.8568084146251129 0.5570966073679204 0.8516922915467502 0.5511687212755441 0.8441278057278464 0.5435552604477286 0.8296935870542911 0.524305281111541 0.8344517519719554
0 0.554904979329491 0.7833024150560854 0.5651579571515524 0.7854676312614283 0.6510051159516926 0.7869880903098035 0.6508140815501418 0.8180890225917663 0.6033017840511192 0.8215499634677536 0.5465778424898924 0.8173563625142662 0.543122442112315 0.810398398684201 0.5411293897567445 0.7944068699828724
0 0.5468974375146352 0.817942875599504 0.5432356654229858 0.829107073969053 0.5525640660351184 0.8456096335485062 0.5635128455620009 0.8583022135667507 0.6051073352443963 0.8587817669161718 0.6561163074638107 0.8586543574303267 0.6570804228967577 0.8369575186238064 0.6515134164942202 0.8187557288697948 0.6038018137596406 0.8206175168756489
0 0.5616742908599157 0.8573949277103509 0.5608700034391726 0.8707196312995661 0.5333636318757515 0.8794434511783433 0.5332398088473084 0.8903167484981118 0.5450872285538262 0.9052751876645176 0.5889790283040136 0.9093540127181567 0.6467100957607981 0.8919614054176884 0.6450024305656709 0.8604595071717731
0 0.7063459549282274 0.24230756402426482 0.7444167754671672 0.2590077882060329 0.8088509601676708 0.2846433633454611 0.8055056747895866 0.3128050975093279 0.7927913574602032 0.32262964604481026 0.7647793944260007 0.3123838722396784 0.7197446635802172 0.28747710390150033 0.7039496168535984 0.3110851608186419 0.6930369448650999 0.30878063089151714 0.6938065689912432 0.2810372434742994 0.7090790544333276 0.26790383510071275
0 0.719559906172073 0.2859946775182384 0.7032630666387416 0.31382699455996005 0.7012143584562478 0.34322481189622983 0.7116317883151969 0.3314717989270745 0.7342136550640102 0.3449010774058267 0.7592421804129217 0.3559602205186035 0.7846434959167032 0.3608433148874739 0.7967794972052509 0.361962777131611 0.8029136368447369 0.3589279518081276 0.8060741648146772 0.32928379126099894 0.7647793944260007 0.3123838722396784
0 0.7130956297796917 0.33129979539128424 0.7002140481814042 0.3425324306349598 0.7076382143393173 0.3590154915047397 0.7248490148976242 0.3660180109106179 0.7448519450559146 0.3890065376464494 0.771065538087814 0.4022404884037581 0.7784754864450689 0.4066921346716527 0.7994918282325296 0.39380943662703377 0.8025408466898669 0.365104000552034 0.7978913169926973 0.36171643392075215 0.7843472289959563 0.360299612976341 0.7595384473336686 0.35650392242973644 0.7328613231121182 0.3441343564694881
0 0.7246085027331787 0.3650049467634205 0.7208477737982499 0.36324848586553765 0.7116361801001101 0.37092591806025016 0.7133897378081884 0.3895794194564531 0.7029723079492393 0.4013324324256085 0.7084516083137665 0.41596136853678384 0.7103582124900908 0.4211753686229081 0.7370353367116413 0.43354493458315657 0.7524302741284052 0.4406451178497564 0.7745518850261489 0.44579787961513895 0.7945821343394243 0.44425421491113526 0.8009283505420394 0.41816962453107864 0.7790122655302614 0.40824890072998316 0.7717695814419107 0.40238916775389527 0.7450367024640587 0.3904889640297113
0 0.707948236641586 0.41605010535736064 0.7062286236897815 0.4266729084930138 0.6999284438924098 0.42961475500309465 0.7006669114438346 0.4349585136174486 0.7417692578966146 0.4530985998355755 0.7827079620965942 0.4687628060458533 0.7848893710778362 0.4484722360150164 0.7528795097891492 0.44049175631540766 0.7367462998624371 0.4337279391135837 0.7100263422417781 0.4216767677351699
0 0.7009609103928264 0.4344102695563501 0.699588694903873 0.45944920351319984 0.6929126950311095 0.4617013540804547 0.6919599722432705 0.46394148095209115 0.7043107136311677 0.4659393707620901 0.7332391335482101 0.4805930804493655 0.773634220592352 0.5046871135509027 0.7859052182676716 0.49964936193600984 0.7896405205340948 0.4720578101826378 0.7820735060426425 0.46832365681995514 0.7422158039128703 0.4531929010900606
0 0.7042288925047675 0.46470143075816556 0.7049327052021835 0.5011647285137918 0.6993973381549549 0.5015216001808231 0.6986193528054528 0.5080709417525743 0.7456328863808536 0.5265438522464959 0.7664416568788921 0.5382621993491151 0.7919190475903657 0.5415063388183293 0.7937863446653658 0.5122996420430924 0.7873932485560575 0.5121702138569831 0.7734816735250879 0.5040445682353191
0 0.6981728067891971 0.5079766404980892 0.6965662231065795 0.531135089135431 0.6877635820638328 0.5320226413977487 0.6829070518127017 0.5401520010597406 0.6944243319234147 0.5395325589801628 0.6963325630293383 0.5600764456130246 0.7338757139514314 0.5734977550665692 0.778448494450607 0.5816899405111539 0.7853803447716845 0.5541631028508366 0.7782619537103105 0.5447255493216717 0.766594203946156 0.5389047446646987 0.7453388874318618 0.5270920963075945
0 0.695216197988699 0.5598406924768119 0.6946705034190386 0.5740682207890384 0.6971265065084453 0.5745868776887064 0.6962424322476475 0.582029311292969 0.726490377256207 0.5875015539382014 0.7442814919655735 0.5918689988059461 0.772895799976374 0.5976065817488215 0.7789595341662586 0.5985819513401998 0.7802658866584167 0.5933648510268582 0.7775200394476636 0.5817990353463541 0.7653440354981034 0.5841103602364699 0.7450969176993301 0.5792242584690571
0 0.6968415253311674 0.5827661578630378 0.6961037658961657 0.6082442410457856 0.6827517661506386 0.6127485421802953 0.6849075380495857 0.6312085474039635 0.6946538841084574 0.6204498321567764 0.7401884051671858 0.6340329268429575 0.7791329023071961 0.6395107092583835 0.7837994451068087 0.6368342030459458 0.7868697912929169 0.6283276383660136 0.786561911628143 0.6020184073587119 0.774140444299382 0.6006159122370539 0.7668896191279941 0.6000001841978039 0.7593579676069736 0.5959683334909508 0.7528587825863697 0.5967319973373529 0.7442814919655735 0.5918689988059461
0 0.6945477951971617 0.621342924189288 0.6850247221464179 0.6321487900637176 0.6804954764008875 0.6452299097414077 0.682091673014392 0.6510599682089023 0.6918075190469002 0.659825389261053 0.7244275686046435 0.670376050222996 0.7566010721461309 0.6808324099304538 0.7785081721413812 0.6775244379428201 0.7828162222926064 0.6585984662169201 0.7821172725392589 0.6413616074164613 0.7629268890257975 0.6391399881658678 0.7411390505412021 0.6375905013922885 0.7406349511834415 0.6341272280974427
0 0.6793060959947189 0.6518648579298457 0.6771173894475686 0.6682796147442396 0.6731777078674742 0.6773190688058485 0.6789009294990725 0.6874438275816482 0.7280923863941361 0.7096140757687174 0.7676093624925994 0.7287859743453184 0.77364803658084 0.7141395507785434 0.7775898858970971 0.6990503213211428 0.769437735075546 0.691278523017362 0.7559639325498113 0.6820644689528 0.724795187312234 0.6710242100414537 0.6913820153391314 0.6607837080673242 0.6824455443602406 0.6515725443176457
0 0.6799551306775181 0.6886217529750996 0.6706337417325395 0.6927035021903332 0.6699905203302534 0.7081709001039685 0.6596265077917367 0.7129877688220279 0.665864168559569 0.7248133330961721 0.6903987574783188 0.7354078958020088 0.7161836276148489 0.7475402252627715 0.7394679353158182 0.7565970212136826 0.7648374902038635 0.7641835781589418 0.7713486285610333 0.7314862297138189 0.7683452045741459 0.7286229356019 0.7276633258245807 0.7092050337527288
0 0.6615135072033151 0.7172074638506937 0.6551723870754087 0.7203264173852921 0.6571245165241069 0.7481239325832046 0.664762228209424 0.7541949253886407 0.667922664008598 0.7637784769647867 0.6938573038448329 0.7686184682019155 0.7145419252224924 0.7774446976601332 0.7298795719899902 0.7870523569608072 0.7453532431361225 0.793504408537362 0.7506770625764688 0.7888968889023517 0.7561434096039379 0.7629844353558464 0.7157545670452936 0.7471311832467831 0.6896260149058865 0.735881575252388 0.6661825276564678 0.726154297233042
0 0.6671499214361658 0.7642521564151661 0.6630394827227144 0.7707080835120627 0.6519121374605106 0.7839614519725701 0.6531718285270359 0.7934620390195649 0.677312089630953 0.8093866943982447 0.7253292340261697 0.823348119020675 0.7561195645061474 0.8295319647095575 0.7608153366973471 0.7980434152176393 0.7531175693513292 0.7884569733266097 0.7444213210152408 0.7933076059193059 0.7299533729717612 0.7864310755468863 0.6935136218419561 0.7695011896682832
0 0.6517486224397356 0.7953905206957189 0.6513477914164147 0.8188699395559377 0.6554148264304924 0.8308739793533771 0.6706186165555186 0.8375874709823784 0.6974714331915648 0.8467609953370777 0.7177892173965323 0.852643856469109 0.7480513634192059 0.8612636271591616 0.7529801161406259 0.8298242783217575 0.7256844936139542 0.8243784424505846 0.6765024465676355 0.8101710145555844 0.6543114082721599 0.7959317278953725
0 0.6701526554950779 0.8374890696733504 0.6586374856265296 0.837923204619325 0.6564350337583089 0.8584746919332339 0.6484883728248376 0.8590255552829968 0.6489868989038383 0.870912866676648 0.6590629496278532 0.8825937193021341 0.6900356148260954 0.8932741368520057 0.7210220253454082 0.8998178239023625 0.7446152822945316 0.9022527636980744 0.7507827386488246 0.8704381367193194 0.7460030167230154 0.8624232254578525 0.7215400610498738 0.8572571567338866 0.6978266927793492 0.8477913187669873
0 0.6534482617327485 0.8775868138012447 0.6468141054139209 0.8771411175957353 0.6478755487049487 0.8923316386770477 0.630067736784287 0.8974871313469373 0.6328085218626504 0.914624461199164 0.690698394829965 0.9258943013977449 0.7310156041430009 0.9363190595249374 0.7334995146172352 0.9174191770548591 0.7349639566677464 0.9030805038801609 0.6904646753956508 0.8936831788679943 0.6594920101974084 0.8830027613181225
