0 0.2899526686019279 0.2906389845907853 0.28918403149016575 0.2951631631703352 0.29144663450162905 0.3041455355903901 0.2984432326192095 0.30973580670922596 0.31245808301628214 0.3096388948675455 0.3278632831390931 0.31019153522228 0.34294679987396015 0.31379603722870825 0.34560686805495805 0.3162395897409233 0.3499248417299593 0.3084903369746535 0.36002382268696054 0.3123278508346257 0.3565765448490409 0.2917228797009572 0.3470482875150942 0.28717094600289034 0.32892576924642725 0.28627153793170057 0.318464894477989 0.28586736842988386 0.29656881664649015 0.2887666286948861
0 0.36067646759363914 0.3116721132176836 0.349558308853127 0.30919968848958634 0.3461388816911576 0.31672830024336635 0.35385153046588635 0.3349013152549117 0.35557748077575474 0.34067098432930093 0.3767141996262821 0.34774388833029385 0.40586669437790074 0.35904197431824775 0.4094516022992374 0.35271142458184346 0.41275039819072784 0.3463272609474486 0.41293753311200676 0.33624786888547215 0.38872472464936564 0.3223742609072133 0.3732251864833826 0.3144126074357342
0 0.41056203579579015 0.30896051197578217 0.4042242628153486 0.3303359143786923 0.4108094785672085 0.3342930268757 0.4126514210821605 0.33619425498748146 0.4143820104574242 0.3446879169050933 0.419487177505769 0.34331045693216417 0.4498691802891541 0.35678402594237996 0.46057595666394563 0.3576232920486491 0.47184567896763896 0.3531218002644543 0.47361029853593534 0.3336125683369164 0.46068576863856886 0.3261334399473532 0.4512394325882461 0.3216401884704389 0.43975010190550645 0.31715312241405175
0 0.4728602176857545 0.34903271828935684 0.46879278468250185 0.35994106050330155 0.47256636869018254 0.3684285370003863 0.4763706962325148 0.3779620307620463 0.49657812503535875 0.38420955851095373 0.5102712920444874 0.38716450832096694 0.5262533552923863 0.3905483693149054 0.5277102086689247 0.382262977568729 0.5298738345718207 0.38111234402881683 0.537714851582754 0.37869147831195676 0.536989522794815 0.36066074873280213 0.5042876914799573 0.35258773693156803 0.4818905323049612 0.34916881830122026
0 0.537594220312275 0.37983592643134184 0.5297288156026803 0.3813756443446083 0.528015215807012 0.38214301321664773 0.5272977523361567 0.3904986862863484 0.5324792258156548 0.39865357621374087 0.5360994204494467 0.4030327766596846 0.5487506314180877 0.40692732613841937 0.5657498846245124 0.4129428174371672 0.5768675106735198 0.41589690592325185 0.5866540685384333 0.4159892248189108 0.5950645545002439 0.41364673159031656 0.597540621485776 0.4040967321824041 0.5970317379702065 0.3872388350240195 0.5619453542012954 0.38088177078183355
0 0.6016489400819898 0.3728653708154299 0.5966838259445045 0.3843436015765425 0.6000097628115088 0.40390633317323266 0.6059363936879347 0.4065407785197234 0.6150799193203054 0.40498873388708345 0.6302227734741832 0.4084794056235604 0.6408825742332512 0.41113000793854154 0.6461462670509143 0.41385792210076194 0.6501013935439874 0.4135105879394703 0.6593150207881553 0.4128424607185142 0.6615184694263511 0.4043298524966936 0.6620455338880349 0.39158459484791264 0.6305637685532111 0.38046060938601567 0.6132893009661657 0.3739581556624172
0 0.6062791136470682 0.40638730474531554 0.5990993042981978 0.40634806805291035 0.59531726702136 0.41434717274825345 0.5963359052056774 0.42172199821282824 0.5978971840513834 0.42549768769427704 0.6023949512058453 0.4215512175498593 0.6115263591118482 0.42631006609407546 0.61623962316827 0.4280640554065944 0.6175256876333555 0.4313527824631925 0.6253935329337772 0.4326094252177242 0.6373143002651421 0.4372378797114472 0.6465132137496582 0.4413562920564047 0.6615383665394461 0.4428656502364278 0.6632363901354094 0.43295215969873335 0.6649344137313726 0.42303866916103905 0.6579069253324645 0.41845637411514564 0.6459411542820909 0.4142548770875951 0.6410651851425702 0.4109465316847945 0.6295823372749247 0.4083593957062039 0.614874806551482 0.4053856888739166
0 0.29093533784866277 0.30410966237985354 0.28428361160980264 0.30286321016942525 0.2807586090130464 0.31402962758998193 0.28070329094461577 0.3244548144513712 0.28539683552736855 0.3343784731017522 0.3062273871743354 0.3372383086436464 0.32589077491412044 0.34127083897139476 0.33638418368055806 0.3456721378586005 0.3427441189426228 0.34721176376549234 0.3505187574184322 0.3427551560915627 0.35541144147851117 0.34088917121617296 0.3532444459482542 0.3342217710605055 0.34619998091512083 0.3169005434526342 0.34206650741074784 0.31403887047232026 0.3283592497405561 0.31042674261391384 0.3119180072225338 0.3104765205219654 0.29971395610655166 0.3099288892797451
0 0.35636287327234956 0.34176316142689106 0.34978720589694146 0.34227022051657174 0.34442295409894763 0.3461349499189019 0.34465113068930386 0.35139548381922836 0.3491441577159157 0.3508460151385884 0.34897267727280484 0.35742306523366457 0.35117977631429 0.36618509085553624 0.3744691144683091 0.3754191528566344 0.40174395655880135 0.3864436048701286 0.41401162206122266 0.38143752851555884 0.4148026398101483 0.37393301686146013 0.4069948160623045 0.358903707476993 0.37639411085238217 0.34725602935828476
0 0.41975756017785165 0.3442505535324886 0.4133658177225673 0.3454877814239918 0.4064831448131614 0.3588078265377293 0.4158259823084345 0.37412477873998756 0.43483387739018087 0.37942588479285383 0.45614014493406685 0.38272271544010716 0.46692119651829567 0.3843951009985498 0.4722453448050613 0.37843574613001524 0.47292020017930664 0.36708309770960357 0.469474026526192 0.3601759952057768 0.4608834813474312 0.3575226767400075 0.449810638786407 0.35614346487802845
0 0.4829544856848423 0.38079036002064864 0.47246522507740896 0.3788248007657426 0.46724894284731494 0.3837608131359908 0.46635005904171767 0.39228866728837564 0.46858896527642235 0.3982738391118523 0.4744289329713354 0.39484610481488125 0.4967668393315162 0.4032061766052612 0.5200478811675269 0.4075687593417601 0.5329157212595562 0.4117192941234618 0.5348337994044354 0.4009474622173048 0.5319435486706963 0.3986666057512456 0.5278377342005387 0.39059233934023707 0.5107686580586929 0.3866980995427119 0.49662578800281015 0.3847436020451505
0 0.5353855741648066 0.40313796862277274 0.5322961839537413 0.41264675568248427 0.5315812250682679 0.4219047786366918 0.5333623237576648 0.43127751440265927 0.538793022385508 0.4302132165171872 0.5539191314284486 0.4302648504270717 0.581617141427619 0.43232445318282187 0.5969990860951313 0.4324240275623383 0.5976103270829374 0.42662508673871663 0.596394763346519 0.42083167679376726 0.5946315730087334 0.4152835000756497 0.5867048168060198 0.4162330851493617 0.5765474506866102 0.4160689776641963 0.5669335630095631 0.4132238973198996 0.5477776983599167 0.4068515082991153
0 0.6023508934161123 0.4212520792631092 0.5977181931396092 0.42560174424043046 0.5970709967995791 0.43174179923014755 0.6008131095884934 0.44079146766981037 0.6014174323371059 0.4523838184383813 0.6226960408467765 0.46089324251632924 0.6383462656158732 0.46834797626237634 0.6448458741278292 0.466087405872587 0.655738939927734 0.46917218856504306 0.6581009267763128 0.46161420556264016 0.6608943778515783 0.4499628525670925 0.6546782639984092 0.4470587699958191 0.6468151221821348 0.44245464747274116 0.6367573258013881 0.4363957182246903 0.6259002153537072 0.4329698213661389 0.6173857290383985 0.43207001420047836 0.6162462241654321 0.4280301155556379 0.6115291687074683 0.42575478996825117
0 0.6454294560814202 0.46550105847965995 0.6592487279672878 0.4705255834720798 0.6584660065363708 0.48290157439077763 0.6570914068338543 0.49099243343780347 0.6513911123888325 0.49061997143809327 0.6309201142641045 0.4843489942352452 0.600862887496545 0.4700203432574057 0.5978564743881257 0.4638913500250334 0.5996749827943417 0.4590143398817617 0.6011615967125343 0.45233587796874947 0.622987831823572 0.46060006881986576 0.639077817137364 0.46883291183736736
0 0.6025099154596503 0.4717203832092103 0.5931684560431919 0.4786662018637438 0.5899310962642269 0.48710370595553737 0.5903113905814873 0.49587126245608143 0.6037310054338879 0.502212303643251 0.6309975512063715 0.5083652763921459 0.6560694424143829 0.5130634424160678 0.6570720441176475 0.5010765061330972 0.6581147493321404 0.4911841953163308 0.6316157104333715 0.48517504397633154
0 0.5974388466398266 0.43320213683379283 0.6003014383393503 0.44069558673054665 0.6014533876893298 0.45204270427228593 0.5996749827943417 0.4590143398817617 0.5949703718133909 0.46404623319127375 0.584772902182753 0.4617875002399041 0.5384348469420838 0.45588712903493306 0.534041389654135 0.4505417759526876 0.5322657548393366 0.43768638033767115 0.5350754430394978 0.4335513235830332 0.5385371867609363 0.43016527604755533 0.5533715048270816 0.4305100836539035 0.5821288126767621 0.4324203341220856
0 0.52616137485241 0.45362201552799863 0.5387406053830938 0.45457040997942055 0.5907900179863429 0.46197583445872764 0.5927730767756533 0.4707240818719361 0.5926798298756333 0.48172316778650154 0.5886208664278605 0.4873592794576964 0.5840144454127854 0.4893390754825034 0.5689512172475115 0.48811558855774734 0.5411523426117384 0.48255104628544004 0.5264401946407558 0.47926111022570045 0.5244368510597927 0.47550966577127846 0.5224186750075789 0.4630488063613636 0.5226878139735229 0.4567025278954329
0 0.5303077225020033 0.4817627020783852 0.5280783294937339 0.4877416528918663 0.5313051528876591 0.4975860150127284 0.5400468257430179 0.5018893942704297 0.5568273071275962 0.5032569870235464 0.5761253908065669 0.5034971697257422 0.5834210683330299 0.5025543668256514 0.5881518161775335 0.4968664529015107 0.5872610501762405 0.4888813309038491 0.5686898500418682 0.48806661153742076 0.5423284950371335 0.4827714428769097 0.5316308059883781 0.4805891402397569
0 0.5310091718412351 0.4991297297364253 0.525794541275154 0.5056154021488872 0.5274616371330764 0.5201427106937857 0.5464559680053225 0.5283218636059357 0.5634222321405898 0.5291912104579289 0.5816910944551452 0.5278170381385571 0.587365588524345 0.5283473096642923 0.5928415862960694 0.5219106142721569 0.5928656055145283 0.5140969118456385 0.5898655354854659 0.5058942184891265 0.5845421216105576 0.5032974978284077 0.5753801408793461 0.5042459511937369 0.5565864252290396 0.5042779673359564 0.5405144610064372 0.5025100827223695
0 0.5311419885921094 0.4346544404625667 0.5322693986430302 0.43913017787482 0.5347961805728368 0.45435164040214837 0.5258729628157176 0.4530349113185685 0.5215505132378371 0.4573778438329377 0.5017438236812733 0.45437705801332845 0.4688913780740927 0.45124158064662495 0.4679433940004679 0.4425349909237511 0.46409635144630745 0.44110335640380316 0.4654844247653149 0.43425600680413007 0.4689980495702497 0.42620778162304623 0.48893330380517075 0.42798885381631974 0.5109432482270807 0.4315801891124675
0 0.5219609304289246 0.4572770645596655 0.522175674184558 0.4628255845372747 0.5246247527349461 0.476255622006654 0.5266648290811543 0.47965857685355157 0.527193920265834 0.48348913730370163 0.5119837610395803 0.48365960880904363 0.4946233271713836 0.4814725942900615 0.4824718710334316 0.48043936498137363 0.4660792026083897 0.47665683348574883 0.46478225726493794 0.4712608950343577 0.4616599793309113 0.46801052171367824 0.4654596944975051 0.46356963515865574 0.47012474857181963 0.45218344496330687 0.5013334064901859 0.4544778372866008
0 0.4649623871797907 0.47840210675599043 0.4618577645790357 0.496477414559556 0.4655373907651296 0.49823305017686526 0.4675145962031697 0.5085539949213066 0.48514840688623917 0.5068831352473562 0.5137963729715749 0.5069208208195984 0.5257005904375773 0.5052424240311993 0.5308212701660817 0.49838377350104973 0.5277230114505138 0.4873196977538518 0.5293583234414708 0.4831839742512656 0.5276368323732378 0.4805514641499069 0.5271755538832116 0.483663382107464 0.5118163446715137 0.48398360990640477 0.4951460615826703 0.4815705483307147 0.48168776941650154 0.48029243392039384 0.46562993372759287 0.47586190023004665
0 0.5249920732756014 0.5056427158916695 0.5270695863246113 0.5200692451632958 0.5263469406289416 0.5231321861005263 0.5182940035660286 0.5287306216818711 0.49787910445845884 0.5302357122499168 0.47005832952869125 0.5337290745406269 0.45969971106499785 0.5333871739817496 0.45807005190987715 0.5298834398615798 0.4564015410650472 0.5254839932124354 0.45502477341771247 0.5170524275665962 0.465791690148029 0.5160493467157021 0.46749834874501156 0.509972441861568 0.4859876076510367 0.5065073318970492 0.5140210074119732 0.5073182874474494
0 0.5277251232631841 0.5214358898506113 0.519376205153847 0.528578040155653 0.5272419444791634 0.5336057123711857 0.531789732434999 0.5410323105169208 0.5445988444359882 0.5446763866494231 0.5671724938833584 0.5505055906516974 0.5763775641532078 0.5529412540883406 0.5867051026874925 0.5459921866319862 0.587611412209387 0.5411867976571333 0.5854625525543515 0.5287014497370551 0.5814113608668794 0.5279423059219929 0.5638326493316773 0.5290904311846565 0.5460271844316125 0.5285968876829702
0 0.5903127647099271 0.49651673709571903 0.5852972304186803 0.5026137049693239 0.5899898504074261 0.5053025120201563 0.5928968595402353 0.5134872235183447 0.5935858442214836 0.5212563043394497 0.61166973705501 0.5256502645366726 0.626655588335726 0.5336857802309753 0.6377457105935291 0.535763933616393 0.6493577687574782 0.5343209565911191 0.6522847629198723 0.5294410372962627 0.6528059023217492 0.513052433821554 0.6310045205351008 0.5081629135582193 0.6043234849550191 0.502359005805301
0 0.5935442811537752 0.5216506197975049 0.5875584109464875 0.528369966316387 0.5857448258773221 0.5298395900477743 0.5882154227991935 0.5421646138555424 0.605155534766471 0.5445347760852669 0.6258594938741618 0.5498218085530454 0.6397407297965458 0.5540313980067954 0.6500523450625786 0.5577731361062391 0.6497398255504969 0.5478630289776361 0.6517332517449754 0.5403955472400037 0.6382956207129036 0.5362690839216705 0.6266348068018718 0.533882937960003 0.6115426502920935 0.5254253980958394
0 0.6506438182496614 0.5578839709534614 0.6491523429317436 0.5748949530734473 0.6371430380647738 0.5786761141352469 0.6162984033396868 0.5775848114006594 0.5994390199480344 0.5730182054398257 0.5904142587254382 0.5685123483896883 0.5888588457974196 0.5603798575687223 0.5886390426599205 0.5553123707840042 0.5850902035374235 0.5546473617006705 0.586829456206069 0.5467301470813718 0.5912375308959616 0.5435351277195699 0.6049868849358462 0.544704225102489 0.6266196168918696 0.5497631943830457
0 0.6432264197662271 0.5796150135902476 0.6439361859813297 0.5871869366823249 0.643913803391953 0.598843754660371 0.6303283040631105 0.5946895826302323 0.6152433402327067 0.5904554812110653 0.6000360847589693 0.5888121389810631 0.5869637276013757 0.5883730583442546 0.5873330000911681 0.58200859359176 0.587004494164815 0.5751112698221822 0.589905911673772 0.5676128826263556 0.5989954150577222 0.5729350793044089 0.616150535042916 0.5775571026888539
0 0.5863306913465847 0.5886565389550876 0.5829417083198156 0.5950583026585539 0.5812807866670039 0.5993712607317444 0.5846425919848134 0.6018106893763265 0.5883073265755386 0.6085289738895164 0.5883145192549131 0.6127524123345129 0.6000376777675074 0.6145470851090976 0.6174469712785342 0.619618841375209 0.6332065344314376 0.6231751467254875 0.6398997732940364 0.622619910483684 0.6450519845873657 0.6223790603109077 0.6457953246865331 0.6124657564359159 0.6473403508711164 0.6020995229328693 0.6431560779340368 0.6003101816453696 0.6393298861920611 0.5979847845943983 0.6301596542324857 0.5948590316474542 0.6150954719359361 0.5904277724992598 0.6003110398186565 0.5890647141337019
0 0.6442343120876783 0.625844773297988 0.6413145106046587 0.634948131037841 0.6413336910829904 0.646210633557832 0.625957785778628 0.6447367403450516 0.6034194600679177 0.6411164893376881 0.5925187691745936 0.6386717292060208 0.5810194124148123 0.6318926957821346 0.5793393102836687 0.6249431513353343 0.5837266034397072 0.62194528970256 0.5865752665862675 0.6206696269538118 0.5882313931194963 0.6135410432506233 0.5999105910045909 0.6143222186682645 0.617784270939784 0.6192799433407647
0 0.6383139805460137 0.6462479325088034 0.6385385788030958 0.6541310449235193 0.6392555376975728 0.6659264064605931 0.6322481782673699 0.6680311958228119 0.6182238691677981 0.6666095232872542 0.6031437004569772 0.6651910474980851 0.5891609544251138 0.6633750595044721 0.5778374401753317 0.6606500155083604 0.5761181725362714 0.6555025993346143 0.5738441996582535 0.6470344072255928 0.5792641733318955 0.6428226937604585 0.58094347895877 0.6369047651432416 0.5818051120859571 0.6344525495131049 0.5924148615053227 0.6396575178511587 0.6021949506260438 0.6412891351012987
0 0.5304572647480948 0.540790881786502 0.5267957242214301 0.5483478831523283 0.5200521285562262 0.556533656656209 0.5234283192327844 0.5674199621907842 0.5247015844217412 0.5710764394141149 0.5391511144375624 0.5741862086291158 0.5597623571706705 0.5746306207530093 0.5722040756332643 0.5767609948156494 0.5871731439954399 0.57494182080496 0.5895478304786681 0.5681489383898274 0.5892193245523152 0.5612516146202496 0.5887869109566912 0.5553400794958098 0.5852380718341942 0.5546750704124762 0.5781819566569086 0.5529507367877535
0 0.52406854816695 0.5713599200249478 0.5177709549518497 0.581036632479244 0.5179931556491403 0.587511932078961 0.5206228121624706 0.5940362556095119 0.5283767057559015 0.5962934482513176 0.544450389476409 0.5983002004811808 0.5582852672115016 0.6000884797629883 0.5713344452754494 0.5993169053138253 0.5818650671747123 0.5952586571339701 0.5864345990158555 0.5876707503099495 0.5870900178600231 0.5757304517210705 0.5724998122268058 0.5768164122392605 0.5600580937642119 0.5746860381766205 0.5395531562601662 0.5746636502225878
0 0.521595545638303 0.5948216897792338 0.5282935796204847 0.597082079167428 0.5445566947054713 0.5987222246510416 0.5584331355082723 0.6001161884747939 0.5713136637415953 0.599514063042853 0.5802664901234631 0.5989801420200778 0.5842405501622095 0.6013332477828547 0.5885383210077261 0.6077680516852115 0.5878501328307467 0.612866443928124 0.5862171853911635 0.6212056827172833 0.5776016586705456 0.6214007057056145 0.5726228923274242 0.6242877324911665 0.5514225739670247 0.6251402983350497 0.5264376269323576 0.6232731516699063 0.5239238658872557 0.6228021035692116 0.5196053135078851 0.6165644573958823 0.5162315203911182 0.6070859646763059 0.5178045207889304 0.600746011889228 0.5204845341048657 0.5996397981577017
0 0.4620833950910171 0.5334603276596224 0.4575428330514186 0.5417017347316803 0.4591026926603089 0.5517856903411538 0.46282439347670623 0.5587777282240457 0.47891515993952866 0.560394133083503 0.49786706375874873 0.5597490638390666 0.5156011083006746 0.555728464333509 0.5195313482942968 0.5557655392091593 0.5268287781016805 0.5487401395368284 0.5303405543318317 0.5403059505762512 0.5255539211018897 0.5334640594079888 0.5185693000603433 0.5300570145694571 0.49800192431875756 0.5310987681874121 0.4703498281706927 0.5346596541646299
0 0.5195313482942968 0.5557655392091593 0.523856416118332 0.571962893606707 0.5169691096270597 0.5825621657269183 0.5022046422538236 0.583292505319135 0.4790333256082019 0.5866439285131139 0.4662861130260831 0.5856540647913452 0.45702704074105754 0.5839190277946689 0.4526421903798671 0.5757536176859399 0.45101837801014166 0.5712529106711116 0.45552696366932255 0.5658031278963765 0.46234614717607997 0.5583384086766369 0.47932111303196007 0.5615193098372102 0.4992253392287527 0.559304183993418
0 0.5167480597787951 0.5821710416516394 0.5214345936438046 0.5949391100176962 0.5211454208110252 0.5976825388428889 0.5129276450064866 0.6034863708172528 0.4892377652324615 0.6042927073727983 0.4548933645419516 0.6042718449049612 0.45105621267255613 0.597689157035255 0.4485463821384643 0.5924213115999185 0.4567405974265209 0.593068375211232 0.45996671688288926 0.591540673299841 0.45689318132333706 0.5840349591583778 0.46632076710912057 0.5856238870863734 0.47940537484944673 0.5866542911624419 0.5021499745762557 0.5832758343081
0 0.5130652302426655 0.6036229230916142 0.5161324090288245 0.6073960308235803 0.5197696496138372 0.6171396136711701 0.5244460022480303 0.6233464981905693 0.5252343417138889 0.6259818335245472 0.5214692403880757 0.6288300283355461 0.5067775777241801 0.6266100496085435 0.5001741699015348 0.6285710075884252 0.481458157630647 0.6303944487885937 0.4678713007861208 0.6303360480046086 0.4578658814411832 0.6291719004472468 0.4536550451459451 0.6223415022432885 0.45368330221333264 0.6170162040897681 0.4548177800869974 0.6037246219835112 0.4894016074471761 0.6043415561018152
0 0.5070389449298235 0.62665902662887 0.5111148597733112 0.630976532049667 0.5112723854566127 0.6358035843020641 0.5123206771412073 0.6486157585521225 0.5070241053467788 0.6508216016336376 0.5016908007871055 0.6533759343226769 0.4873629318642873 0.6565547192796842 0.47844607088056107 0.6589705966056015 0.46749125247509105 0.65922772122112 0.459019422523233 0.6599501275297412 0.45168489330706074 0.6599972179008576 0.44790919735892576 0.6566244020293618 0.4416194330277702 0.6454953364495316 0.44269739676665987 0.6428543506503154 0.4501809759682763 0.6426575039856001 0.4510646812586194 0.6355379555415114 0.4527918251626888 0.630531008020114 0.4575126823224274 0.6299941474457315 0.46775898356592166 0.6301373146906831 0.4822238928649546 0.630715624653336 0.5005662207099999 0.6286444731189151
0 0.5236619006311002 0.6231995671295896 0.551305368508036 0.6251812592859989 0.5728413208931334 0.6244192997207096 0.5777804557198775 0.6205472993646813 0.5843146358609616 0.6217717248728464 0.5795796501675291 0.624971234523989 0.5811584480237111 0.6314861073284435 0.5810934581910786 0.6371598950894884 0.5789763824030085 0.6433375792168949 0.5735328795476003 0.6469373807285079 0.5510821419427511 0.6475279207226542 0.5123694195156816 0.644360417731339 0.511055522776515 0.6290108621879557 0.5127890234539775 0.6277365210760553 0.5212078731824324 0.6287810513152196 0.525440609771665 0.6265535449561604
0 0.5123877858983041 0.6441861729275766 0.5127127279496724 0.6486892240826124 0.5067076389932681 0.6512953590245976 0.5060789441351752 0.6547312780795157 0.5110329114331696 0.6595686926789804 0.5118805878958246 0.6641696978746694 0.5143981901902172 0.6630422878237486 0.5185292041815722 0.6668370588332589 0.5302907284355236 0.669041024747956 0.539083262589821 0.6703332653213726 0.5535319244306959 0.6723300222242865 0.5622283888229523 0.6720050825435164 0.5639597705759505 0.6694865392951167 0.5668143245309406 0.6689553291859728 0.572656234968207 0.6691615996143466 0.5774032302708688 0.6620552387499448 0.5760490668550853 0.6559378325733413 0.5739454156631522 0.6480808035917346 0.5515681435887928 0.6479743643708318
0 0.44914680570558135 0.6600546706190417 0.44497552503760934 0.6654920489763111 0.4431487774601269 0.677765476002777 0.4465613836047411 0.6871115922225156 0.45642199081316337 0.6909139003464745 0.47528493414503103 0.6876965007162079 0.49394372834358713 0.6851515917908272 0.5069075431658567 0.6810064540069743 0.5097924731126988 0.6763941478808088 0.514202516754763 0.6686915870746303 0.5145309927175031 0.664310978470411 0.511470170704737 0.6642704771479419 0.510938960595593 0.6591957145612927 0.5062463605032418 0.6544072769821546 0.5023809515664589 0.6531498872659689 0.4872710999511749 0.6574259432984956 0.4783909717326937 0.6594933310168881
0 0.5186598877843939 0.6668615473434224 0.5146086960969218 0.6661024035283599 0.5143515667402071 0.6685418307810314 0.5070770784583878 0.6819266550461123 0.5108570122554515 0.687787875190606 0.5166134475529985 0.6925979760472883 0.5398016633247678 0.6976539100714046 0.5557817956342579 0.7002930187038027 0.5644069134204888 0.7019092603745803 0.5743120251544567 0.6989678234047575 0.5752812055845191 0.6872444445323608 0.5744250534240067 0.6776666307906757 0.5688974904157869 0.6757424008348426 0.565958876307985 0.6707495794765408 0.562602073248795 0.6722527928777685 0.5530847744743634 0.6727792911050834 0.5396059970011079 0.6704312193620258
0 0.23551510081629456 0.740892993639806 0.23231148430327597 0.746464559134219 0.23380820771771366 0.7647239934778645 0.250947495926725 0.7663256299229421 0.2794503899799908 0.7708616955936544 0.30412025377796115 0.7754845265938691 0.30280915232977973 0.7669202158366547 0.3038044838174514 0.7555679889933172 0.2980565384386957 0.7566376365600295 0.2887006587010297 0.7575678868904006 0.2626738195079995 0.7505440329954117
0 0.3075137660952426 0.7490178079395274 0.30128789193771555 0.7508029258517713 0.3006467412513112 0.7549762666252896 0.3038322208034526 0.7553048437794723 0.30300651124016353 0.7669571984846565 0.3065653716438207 0.7713808844385212 0.3236033119339512 0.7796720991737293 0.3483873236843015 0.7851213484634809 0.367361516067144 0.7884085374578008 0.36878250236995924 0.7787461298415385 0.35795229927647876 0.7745699398426823 0.3387434109721269 0.765871915979455 0.3280209558142769 0.7587641459803018 0.3145909498830568 0.7506123284814344
0 0.38115637665438756 0.7625491904303234 0.3745389846844678 0.7661393421914804 0.37114120926944016 0.7735529241828085 0.3703528367172765 0.7905791311088984 0.3774022835190894 0.7924367968646502 0.39349930320417936 0.7943798104974094 0.4116499229427361 0.7940242158237337 0.42410487126616503 0.7923329791441632 0.43024113444893874 0.787579298583621 0.4375092771303871 0.7854528034836958 0.442627808766866 0.7788983557520731 0.4406723566239054 0.7726283866234605 0.4311436549534822 0.771379509947068 0.422875917686616 0.7658050952273171 0.4048362458920644 0.7651081090456127
0 0.4434521720307547 0.7775570195858141 0.46030449035462895 0.7761531107345915 0.47355638457937593 0.7728749544463164 0.4843390764837741 0.7713153812768411 0.4898763092588083 0.7708883973602338 0.4959149264395401 0.7738100193573979 0.49776843309443747 0.7782256596080135 0.5001400532577731 0.7820077516998666 0.4972607436410172 0.7959587147114856 0.4924195818645512 0.7998817103046582 0.47884235406757175 0.8045827589583618 0.4536209505579504 0.8071018313799643 0.43515562394825524 0.8047150259711846 0.4247201386755423 0.8006128012683317 0.4243680947932784 0.7924965489649708 0.43027926207966705 0.7879690309702719 0.4370972129683454 0.7862948610020334
0 0.22769969226120174 0.7195711154151887 0.22996451434792264 0.7419996238545198 0.23441415831199586 0.7398816621102605 0.2631517482867709 0.7498285626498801 0.28847556280464465 0.7577940494562437 0.2982816343350807 0.756411473994186 0.30022428644454235 0.7551654465431313 0.3010905330273318 0.7507659432037695 0.30350791390719 0.7469254462622663 0.3019994535486248 0.7383241528570502 0.2811348830199485 0.7338777017411781 0.26007295358088844 0.7293942679773041 0.2486261367786301 0.7272492743932046 0.2374044158727569 0.7248781182432618 0.23308385681356592 0.720043356483545
0 0.24249734744223783 0.7032916773523041 0.23376128142172442 0.7040697304128355 0.23118387864260798 0.7132470969272425 0.23305611982756463 0.7203065016973902 0.23782687067952574 0.72468893832542 0.2484287778682464 0.7272122917452029 0.2596782357601209 0.7293203026813009 0.3030971960445488 0.7374564852416787 0.30702837421035034 0.7288011424771289 0.3099172838522305 0.7204871769002604 0.30320068088243307 0.7154717685783684 0.29797973823770185 0.7115416570820251
0 0.3133897332895091 0.7238212993507434 0.3060415796584315 0.7286162292371204 0.30273021520978255 0.7371193747318303 0.3042696125627238 0.7473365220681183 0.3071190482744751 0.7489438426435241 0.31504114167582686 0.7501600033497479 0.3280209558142769 0.7587641459803018 0.33899624385451327 0.7653826081997667 0.35814965818686256 0.7746069224906839 0.3692604311487306 0.7780306594960069 0.371431379162952 0.7784374686240257 0.37057686952429014 0.7731788310249584 0.37507558744361646 0.7667765805631755 0.37627787786679606 0.7610983338025904 0.3653089898433092 0.7582378698729592 0.36193468831653675 0.7463351699874289 0.34029561909882766 0.7339616464860375
0 0.43140726857738 0.7557480563945846 0.42420961611802027 0.7623463790999391 0.4237366649464598 0.7668333423616556 0.4310290965233054 0.7713305207601701 0.4408949907550739 0.7719751665288991 0.44252542286926344 0.7787828417064458 0.4440639476683548 0.7761812970640231 0.46080676799185555 0.7749839289061558 0.4954987198607706 0.7679988315911576 0.4945020791292372 0.7620323825206355 0.493477674428392 0.7546158081273568 0.4710671110374601 0.7547511104964569
0 0.4883154360520442 0.7384767794511888 0.4928706929604836 0.7398120198268483 0.49404445066287417 0.7458116584532691 0.49352745876224047 0.7541434962050708 0.4705357601248884 0.75465154182876 0.437730823392004 0.7557289110453339 0.42644799339337774 0.7548187488294132 0.42144085162335054 0.740635346954187 0.4262364147938694 0.7345501838667174 0.4335451231304765 0.7337523624523898 0.4489351510329059 0.7402485723445434 0.4780483953471004 0.7399243477768476
0 0.3651817982365399 0.7380401626755247 0.36241207004861076 0.7454682242783539 0.36519136769826677 0.7585116940434645 0.3817905786249973 0.7621038242202541 0.405294479612772 0.7653040657932045 0.4235068918393665 0.7655861834441428 0.4243340769526414 0.7611655992942244 0.43077634899711137 0.7565931115714594 0.4262182202862844 0.7535715899119003 0.4211115098485603 0.7403328118812461 0.37286963268178563 0.7370725644118522
0 0.4359491301671408 0.7195127966021638 0.43791177585850827 0.7283092881365514 0.43496205889733425 0.7340178788995817 0.4333928983265435 0.7334830169353479 0.4261090821568607 0.7340446823885326 0.4209095007107788 0.74053577828649 0.3682396992725736 0.7364457919196218 0.3675197441795943 0.7295679085604269 0.36672224078345483 0.7217122118007612 0.36929283163599 0.7161733978870758 0.3727518791451991 0.7124868130367851 0.37535023396704614 0.7083981244458566 0.38182601358560314 0.7086483246136478 0.4131508252604075 0.71475903196891
0 0.3754124692037044 0.6855318439105883 0.37317409192834694 0.6930594741811141 0.3688792438987003 0.696107799329624 0.3704598916790415 0.7033877864294568 0.38220513969424186 0.7084785477643029 0.4135050592021219 0.714825411080708 0.43653026541356094 0.719140053347575 0.4392004249337932 0.7126566155893178 0.4397116732296517 0.7009522152697166 0.4229133249675273 0.6992493327820705 0.3985180955206914 0.6925105808618258
0 0.4405340687927155 0.7085717560682393 0.4393775419046504 0.7126898051452167 0.4361789032742341 0.7207599555196769 0.43813867716321386 0.7278701657701644 0.44455701109532375 0.7389465215247829 0.44855602492426716 0.7404183491938885 0.4782255123179577 0.7399575373327466 0.4885174451898257 0.7382738130459451 0.49304206632656555 0.7364726468149478 0.4997169832805164 0.7348335992935954 0.5050687895305312 0.7286118489126799 0.5081487109311015 0.7250950409117342 0.5087901636663564 0.7155824233542175 0.5068054976104525 0.7087083690648729 0.5011597749075578 0.7057238660310631 0.47949118697414184 0.710814614514315 0.44466903066583047 0.7156079290672287
0 0.44709984761724253 0.687405801023519 0.44402854162383504 0.6959814528761639 0.43915543015015585 0.7010888025631625 0.4406087452934882 0.7078632881848104 0.4446441384989062 0.7158440850283717 0.4796434117780749 0.7110839600313571 0.5024493780374069 0.7054838810000699 0.5105134667889036 0.7026602246031525 0.5125661116862412 0.6900405609250284 0.5071137827139655 0.6817942476342752 0.49414307491470244 0.684902565827635 0.4748488123008154 0.6880300293702453 0.4562879097372815 0.6910540951753085
0 0.305803066528439 0.6947699351157931 0.2976786361375523 0.7117297602447433 0.3234973049953655 0.72792124179316 0.3401460805804942 0.7334173074103684 0.3621869967609943 0.7459965316283389 0.365639355086147 0.7376663713976419 0.366666982931595 0.7222810448417745 0.3272824114572708 0.703283446865159 0.3081574711711972 0.6930988653054655
0 0.23285432696980302 0.6710670145590965 0.23092608253069863 0.694996634504269 0.23404254411648096 0.7011252945511791 0.29753903047528973 0.7111755357325165 0.30583035794036806 0.6945110171342991 0.3029080848407063 0.6884187456366276 0.30000995455035584 0.6802187417377649 0.26589051241961126 0.6751453355284736
0 0.31469165645333724 0.6705604065050084 0.3108141839361612 0.6735302643596303 0.29956384615163906 0.6788149861825783 0.303490650299068 0.6885279112843435 0.30857313955536725 0.6929127244224486 0.3485980079145288 0.7133504665034892 0.3669157542415735 0.7217995974280248 0.3726280485632265 0.7051798636526935 0.3702946381271619 0.7028943866421323 0.3688135586661311 0.6962800810446491 0.3402006739720785 0.6840535425907682
0 0.23722199889007012 0.6465383852788112 0.2344624176826255 0.6708402869900173 0.26625159797992337 0.6754770306084449 0.2985656123091072 0.6788919614178792 0.31206118908867164 0.6729718417105798 0.30922079022479687 0.666102816268426 0.30776385357307734 0.6573807782697514 0.28011351151340486 0.6566879870617416
0 0.3140440163516339 0.6485243858024191 0.3087620874156092 0.6573038030344506 0.30885970466448465 0.6657711211884546 0.31469165645333724 0.6705604065050084 0.340422153870128 0.6838310131585127 0.368479764517748 0.6956894679831835 0.37330088805359785 0.6931604708562492 0.37580959536007663 0.684389449897865 0.3729146136723439 0.6780382604186993 0.3440529576683127 0.6662931693785682
0 0.37921577065759404 0.6652253211304784 0.37238663103784014 0.6774112588079952 0.3765317664807009 0.6850528400578076 0.3989243224136599 0.6924173160966575 0.42278536339717876 0.6990008400542015 0.43981621874931326 0.7008720539304925 0.4443003995341622 0.6959036293223951 0.4473643808870738 0.687500691993221 0.44285501128128313 0.6776786012437399 0.400075812908282 0.6683421419545303 0.3822891978183587 0.662368827060396
0 0.3818808832187807 0.6343049156849654 0.3775908909200524 0.6393097288423014 0.37602268602962974 0.6466727961086755 0.3791150048061007 0.6549091885567769 0.3823164892302877 0.662109909078902 0.4012136524130764 0.6688193912314565 0.4367228539612118 0.6757374137236213 0.44363176522576536 0.6778241554406944 0.445524318456718 0.6655052579766939 0.4492863281209427 0.6598734432086538 0.4410810800736257 0.6456623411842441 0.4208099004865349 0.6463523148473026
0 0.23987241444979873 0.6232721554935814 0.23716741606621217 0.6470562212417993 0.27997390585114224 0.6561337625495148 0.3095934241839494 0.6569315212684169 0.31362834796746375 0.6487105266854359 0.31056332060292174 0.6402152162558403 0.30960707517377695 0.6323790978493639 0.267968864908188 0.6253687022567775 0.24585866890237196 0.6209614896620788
0 0.3172161173406308 0.6221875287884989 0.3139180616791989 0.6234177378711394 0.31052343478052186 0.6330788765585452 0.3105087377790638 0.6407330522188285 0.31387711927744233 0.6482290792716863 0.34396793482990806 0.6652211089033532 0.37219244255171957 0.6773748702587566 0.3791034564072604 0.6644121786367574 0.3822891978183587 0.662368827060396 0.3790331305703138 0.6556859425012592 0.37663254289992043 0.6465230437748972 0.34538604223858443 0.6348591261068907
0 0.24384856079520695 0.5968219346951216 0.24488353185752093 0.6020324847374185 0.24072159682221478 0.6170945124869619 0.24513649778174768 0.6202980995021359 0.26780196783399646 0.6250733957260449 0.31063260042823776 0.632043204632569 0.31405766734146157 0.6239719623833662 0.3170492202664393 0.6218922222577662 0.3091840635727409 0.6119693621342165 0.3041015743164417 0.6075845489961114 0.26953602378698016 0.6011073872316337 0.2477837647388586 0.5951830552972089
0 0.2479552914713104 0.5677416956447899 0.24699396812721702 0.5768619236661013 0.24388433280818267 0.5903901195876933 0.2500908468881281 0.5954015727291379 0.27115321843013007 0.6009519155359575 0.30521765278647206 0.606373067191199 0.3097284688223497 0.6046527201597421 0.312038701801192 0.5964266660279263 0.3152337572831517 0.5934976544855494 0.3212592283579322 0.5910990282364653 0.31696515828685917 0.5816354084202994 0.28050507078874964 0.5738411265176587 0.26146223929861806 0.5673864114206694
0 0.3273242267926051 0.5723519888736426 0.32315637476579373 0.5776643290640925 0.32392007414634616 0.5909562335124682 0.34374445649685004 0.6014058299387571 0.3608509784774213 0.6096192908707687 0.3778634743229428 0.6173791289059717 0.3888360358972507 0.614024571484404 0.39465496368654085 0.6090216227150417 0.39440762251971423 0.6022405245673621 0.3862440421493072 0.5952588293488251 0.38603749886381683 0.5926545068285468 0.35357951798836457 0.5811203378425789 0.3342638450510811 0.5726902814681604
0 0.323046724843987 0.5923960902962676 0.3144930043041157 0.5936795487836507 0.3115006677073936 0.5969672497218932 0.3081181909412073 0.6085201043660557 0.3102486514363283 0.6134091595848511 0.3178078995512753 0.6215604197402039 0.34572191531001917 0.6351294263790533 0.3756516467203806 0.6455484276033204 0.3778955815375612 0.6379513547143536 0.3817281183558118 0.633538287613736 0.38030143735864314 0.6265361955938512 0.37691769007101295 0.6175638614968739 0.3435085885307816 0.6013616311643161
0 0.39563158463164527 0.6088839271913814 0.3888360358972507 0.614024571484404 0.38213611000509584 0.6159761107887403 0.37883778288039094 0.617602961070978 0.3807068751291183 0.6272535743855824 0.3826715902200854 0.6337150827115003 0.4204882361534492 0.6468948047524622 0.44160543265635455 0.6450792669431943 0.44318256145666624 0.6415263733583053 0.4506971872900242 0.6432552247618444 0.4503134253996216 0.6354864559754502 0.4524948864553934 0.6307639974537452 0.45005078663178405 0.6197228253301194 0.4201911777833369 0.6109204759874162 0.39987720802087645 0.6096795051313207
0 0.25548267386279166 0.5374027020637004 0.25111975175124823 0.5468476191071104 0.24972366595610151 0.557810592082528 0.25886769167186574 0.5669002249018176 0.2648306889852373 0.5673762130199954 0.2816844106190916 0.574062120389864 0.31726732441458916 0.5810506259518912 0.31983254736076355 0.5840969362165804 0.32272161231474045 0.5795070740181987 0.32455628496119315 0.5689469892130878 0.32346491917258535 0.5610456241033702 0.28945530977714673 0.5482585918320412 0.25830926505535967 0.5356874542325807
0 0.32890390947172565 0.5505195396720266 0.3232953493681786 0.5603724440860803 0.3252638888593984 0.569079585536411 0.3277296645630803 0.5730693676653739 0.33473558098321793 0.5727786790170425 0.354117552082163 0.5805797541486117 0.387485855741058 0.5926052088537687 0.39683897862112144 0.5860196085766096 0.3945644486019189 0.575651616470274 0.39317474108583383 0.5705806669533774 0.38256450701300854 0.5708373552279417 0.35135216412955994 0.5588951988713301 0.3336875669547552 0.5507745339179991
0 0.2611755698271244 0.5074357425737768 0.2558134985175869 0.5149031186413704 0.2567565738641988 0.5252464346818047 0.2625443729974044 0.5378531387880973 0.2937467657717781 0.5504778160518832 0.32376896501970187 0.5598313608976754 0.3291970524173261 0.5493263768646762 0.32683666536442624 0.5427841120286886 0.32213609749707517 0.5415643965449771 0.319133070679118 0.5338850493458074 0.2931607170381084 0.5198682119452391 0.2712853614149706 0.5079746479389763 0.26348476322137715 0.5048184786230299
0 0.3275129912360522 0.5218998837252437 0.3199508537836164 0.5333605188896074 0.322315282084206 0.5422757465632477 0.3271909932909982 0.5418338492275769 0.32973056493102904 0.549087464081835 0.33364837836176986 0.55049938745787 0.35110339546066244 0.5585146554694098 0.3825900588258317 0.5708537150598368 0.38365304260554767 0.5680029266565018 0.388742967067359 0.5679400567752253 0.3948177354777303 0.560945117943061 0.39369951679167725 0.552263414722009 0.3937965202999625 0.5465205213550742 0.3901939648802157 0.5421176949041512 0.3707099837301762 0.5340611103323467 0.3551788446787658 0.527084126572701
0 0.3964842891069257 0.5571907716291319 0.3961420849234229 0.5652599229432017 0.39365774818972915 0.5695387997133308 0.3955897087325908 0.5753230096405301 0.41913161798492404 0.5834622273328638 0.44007198075682946 0.5897584009739977 0.4572696734374353 0.5929810384197144 0.45968799408304234 0.5917397696149909 0.45743269303380707 0.5842005370873742 0.44907837608806206 0.5694184663660052 0.42592986467787886 0.5623696261463361
0 0.39865471039094497 0.5775917860366415 0.395702877231635 0.5790719676242062 0.39721045251214826 0.5864710854802703 0.3868985714123523 0.5926720411736347 0.38658331340135826 0.5956629442485227 0.394317895506865 0.6018567215298746 0.3956462862002474 0.6085444893676681 0.42028216665249507 0.6111276332551376 0.4501602099811762 0.6194375055187827 0.4537506416578537 0.6167214434567476 0.4547974604468107 0.6043788037028017 0.4511908637793742 0.5976030144142259 0.4477284230311802 0.5918708977077972
0 0.26593676997355287 0.48155589915167907 0.2623544207922549 0.48901788688901965 0.262939126964605 0.497938502892913 0.27566663002363784 0.509812303659923 0.3191680993470062 0.533552726781931 0.3268353228031067 0.5210951239259378 0.3255298370345433 0.5069561450113097 0.29685489215713107 0.4944661940888238 0.27572726230271527 0.4827127447541138
0 0.2679334040431818 0.462613513010722 0.2610758811962002 0.46980065973520985 0.2605895210934548 0.4768261384671328 0.2641260604251149 0.48426657288346125 0.2664702824872558 0.48131698636883796 0.26878351712919824 0.4810726852557438 0.2764749880714372 0.48285285942566675 0.29706910541215015 0.4948452215432179 0.3243536847557831 0.5060579754309688 0.32197713271212414 0.4900238592443704 0.2902452686717373 0.4800110576010784
0 0.3998591649672646 0.5324066940099518 0.39499557750354164 0.5399674798585806 0.39179450242132435 0.5414009565556277 0.39408079089075804 0.5462349036817153 0.39469648448330663 0.5524502342840795 0.39708785895640497 0.5562872137185378 0.4254664094999524 0.5619438938014245 0.4491484334238385 0.5687538212382525 0.4561541534377524 0.5649833099335643 0.4617304380023091 0.5578949613203648 0.45873145243204166 0.5525885769588477 0.43141588566821026 0.5440811084726259
0 0.45013463349744914 0.5208167389195157 0.4568021905755501 0.5274883417665502 0.4601945739879676 0.5338851036007317 0.45757416383041066 0.5418662334640195 0.45431515515548615 0.5510832438017774 0.4314509143360985 0.5437487859087495 0.3997891076314881 0.5330713391377045 0.39596829770903247 0.5259165223947347 0.39040683557391526 0.5208077342557943 0.39285614363972077 0.5168611800495418 0.3959649428290005 0.5075738151430679 0.40235974860935586 0.5068641966560014 0.42930339797689815 0.5158965604244053
0 0.32538568111530064 0.5059124724291629 0.327084564726014 0.5211418288164554 0.3554981439374496 0.5264661863354657 0.3707099837301762 0.5340611103323467 0.3906924487260303 0.5422111046851864 0.3949605488356534 0.540299802422457 0.3995048370406925 0.5333569568110634 0.39575408445401333 0.5255374949403407 0.39069110616471076 0.5205221165824355 0.35633479071907725 0.5161174819647785
0 0.3295433114122497 0.4809361869176592 0.32272485848084614 0.49016397391592337 0.32488719726948595 0.5058190626481276 0.3568332745648919 0.5162108917458137 0.3897641958088579 0.5196706518926122 0.39285614363972077 0.5168611800495418 0.39568672580460706 0.5068861148029954 0.3944944085350879 0.4964960938720437 0.3904243566897249 0.48929457223855616 0.3643630820358097 0.4857665538802281
0 0.2693803606083487 0.4344181883019953 0.2673635203002711 0.4414957602546888 0.2623207482494173 0.44834519608504714 0.2669593412763714 0.4549754823718169 0.2680034613789582 0.4619488678829691 0.29120720769547837 0.4805301997270253 0.32201216138001243 0.4896915366804939 0.33091593671694475 0.4795898294327951 0.3312287287185743 0.4673576666892429 0.32161742097654283 0.46691217110507854 0.3036248501162576 0.45676285303872716 0.28837394040795306 0.4471272887680698
0 0.34157563848625844 0.46082438843200185 0.3320114831551845 0.46716545879691923 0.3310737916175819 0.4808840936968887 0.36486156588162433 0.4858599636612633 0.3912421397942233 0.4887700417823562 0.3982599835512065 0.49211841899062625 0.40504744906241164 0.48559591739389146 0.4031464759397484 0.47710642206516285 0.39499154981958295 0.4749005155503281 0.3900646449541436 0.46618288409926434 0.3564870426974305 0.4592130787516309
0 0.4051525350660763 0.48459894970226197 0.3982599835512065 0.49211841899062625 0.39428019528006875 0.4961170664176496 0.39593596772751444 0.5069328196935131 0.40259140106254615 0.5064855340275893 0.43005112374562016 0.5160366750959582 0.4507031746790403 0.5202455035727982 0.4529463519852062 0.5206658475874569 0.4555007460546765 0.5157223256895749 0.4659298369012064 0.5156432908175393 0.4676624066184884 0.5088513365382045 0.4654731216573399 0.4982744960451821 0.4619796934889476 0.4952476647402824 0.43150212155847684 0.4902143132248841
0 0.2763867776571727 0.41195619580446224 0.26980703670301076 0.4171568946611231 0.266344517779991 0.42997854054069523 0.2696879391237377 0.43402293972930384 0.3224113743582737 0.4674257435290115 0.3318285871643078 0.46677779091262556 0.340688697171593 0.46140124954596534 0.3391492706578457 0.450255975365974 0.33018205891722907 0.44234301949875604 0.30883547331558114 0.4317082163818151
0 0.3454668489025312 0.42751463211863294 0.3404233403980558 0.42958531927626886 0.33051935857847886 0.44200412146431195 0.33889509713201266 0.4498062424843077 0.3421649825795086 0.4602705238490222 0.35736744293366307 0.45909824044902675 0.38998399191842736 0.4658133389451402 0.39335459097113357 0.4610165457857005 0.3970097353226929 0.462103579038895 0.40680820841747667 0.4621302257450084 0.40736211715216497 0.4525835286162663 0.3997560918555048 0.45035404468626633 0.397188779943737 0.44323824796863254 0.3850380029551017 0.43834766569960576 0.3613327172844969 0.4314929616387724
0 0.40699044710258125 0.45754018055376217 0.40739968160455947 0.46224106059223063 0.39728469038238023 0.46235615419153375 0.39405476694707026 0.46295721761778247 0.39243780592175836 0.4682836730479167 0.3948156864690471 0.4757660765118 0.40387721563976864 0.4770619924738844 0.4049034999822668 0.4844921752605454 0.4319218352235983 0.4899571849790197 0.46210774929867726 0.495412604458328 0.4655374988888854 0.4757490522327892 0.4654447825143028 0.47090643188890424 0.4620829771964934 0.46846700324432206 0.4341566506406835 0.463032898984042 0.4124176134555977 0.45755190553362457
0 0.4021068027408182 0.4294830341211449 0.397124037782383 0.44242190834071654 0.40003104691519203 0.450606619838905 0.4074452432875817 0.45179489770015585 0.4075587411960185 0.45644036031501317 0.41239683192174353 0.4577490632626522 0.45946291092232894 0.4675739309737666 0.4656430076136787 0.4633036033386327 0.468749842901386 0.4524258260375312 0.46818314986347115 0.4420659860272617 0.46387179016347496 0.440051778298929 0.4322511537481888 0.43533276905850854
0 0.27312959152887073 0.3839147691513862 0.2719808920880461 0.3908816326584111 0.2672883593653348 0.4039521880287083 0.2749058938887504 0.4132523247061466 0.27613585765764737 0.4114110407286755 0.30859370806722897 0.4317193591264898 0.3304738755923719 0.44231096282867216 0.3408088653773745 0.4287784412435649 0.3382561440695697 0.4205655062791793 0.32633099217113726 0.41183935085120127 0.3158883850479173 0.40477218230155726 0.2826436861332534 0.39094606341226595 0.2769836585548404 0.38960920819090544
0 0.3290923709589909 0.40627962463002376 0.3268960066910981 0.4113927572256424 0.33857516583575126 0.42048716944911474 0.3417928363924921 0.427305414061588 0.34521641748136667 0.42725636326775135 0.36059974432256436 0.4306914811693314 0.39720597757728615 0.44210892308422767 0.4018556811304367 0.42944469488236753 0.4006443877624426 0.42521230260393145 0.39751402260795743 0.4185485355674086 0.3899222939163338 0.41588287989026523 0.36299653075483584 0.4069700278240256 0.35025268344534566 0.40306269285787905 0.346876872715434 0.4056068122217531 0.3336031519182264 0.40574371375350665
0 0.27781718306217984 0.36794281804261436 0.2758272765047737 0.3750282848368256 0.27312959152887073 0.3839147691513862 0.276475749594294 0.389514032258548 0.2827452679253627 0.39096509859873746 0.3158741086580637 0.4049076246910362 0.32101359794921075 0.4072518782823434 0.32943994550487965 0.40593040302100114 0.346876872715434 0.4056068122217531 0.350497029135991 0.40172730414956 0.3522299606760322 0.3970798003659717 0.3437393721300597 0.3862348879290282 0.3426406428177604 0.3799518246219349 0.3386899351890836 0.37713974613441864 0.28260250955490196 0.36676776559164487
0 0.3507424802394927 0.36696766084728 0.34807280086494397 0.3667436307779797 0.3463365751986346 0.3694568707359183 0.34254345503670036 0.3739945555690352 0.34282953001212535 0.3801253373843568 0.3439282593244247 0.38640840069145027 0.3530568914027601 0.39709663946826446 0.351539752773657 0.4006796393224918 0.3675979112425951 0.4085228583491087 0.38983498851407816 0.4157284023143147 0.3980312667689553 0.4156068733718124 0.41008712801784386 0.4133221965028504 0.4148399487685351 0.4058750438509304 0.4146825674867103 0.40066143919979663 0.4118955892108557 0.3918917405163203 0.4018568656760235 0.3870012087461707
0 0.28504980931626034 0.33501428078786866 0.2796634516385038 0.3337750691174998 0.2788820896463059 0.3428236140281348 0.27699677017004576 0.3558030239667936 0.2817233106454765 0.36657330468606486 0.30843577015930684 0.3715788931621016 0.3393273632499201 0.3778273483297278 0.3432314227444214 0.3735016919401606 0.3501229286217771 0.3653682392602359 0.3486378891726064 0.3581937390656682 0.34887001368868864 0.3527202588036767 0.34362896150559535 0.35173814967230244 0.3430897784046939 0.3470396320485154 0.32504447520671653 0.34158929616511075 0.3058659712880548 0.33707598263973976
0 0.4151101487948951 0.37363819104630674 0.41442108835594704 0.38017541742521893 0.40160952423176416 0.3855904050802508 0.41296894409776147 0.39231650284622993 0.4154208593340773 0.4001319318776737 0.419919847136809 0.4048828463172427 0.43878123809543734 0.40749774422926577 0.4597454468278105 0.41142618075476295 0.46285992053236763 0.411320172871936 0.4678121923036022 0.3986855982489958 0.46628237271076434 0.39357157338760534 0.46691842920829896 0.38426592593797587 0.4356439235751092 0.3800145842240834
0 0.42011267404105496 0.4046891056576916 0.4149959079137491 0.40579915279921625 0.4097210406506503 0.41331604753954543 0.39758025879245507 0.41563849468420117 0.39784985034290576 0.41798775349609474 0.4021907370098446 0.4291455155344681 0.4323585438930567 0.43571809014175295 0.46078268484030915 0.43920543428110276 0.4638149113668307 0.4333371626575681 0.46600180689607906 0.4273104863354247 0.4658692970425453 0.42038943365863096 0.4664368126916214 0.4133696831414515 0.46042171162562895 0.41155290451364995 0.4390215864092659 0.4068531603711691
0 0.47431444056856376 0.39483414799671274 0.46779363978753075 0.3992217844452641 0.4631479017944975 0.41136539711942555 0.4671344204179741 0.4134587151513802 0.46647520104841744 0.42769564585749614 0.47085600140122985 0.4260483501841111 0.48905268998802587 0.4274387475163897 0.5308741191513314 0.4346024256877563 0.5325190383538454 0.4317693127409814 0.5314405663492796 0.42124563938289666 0.5321078130435988 0.4117222389549851 0.5197281066260102 0.40783175790537346 0.4969311772005994 0.403784274111701
0 0.49986954180901016 0.7856488113939539 0.5296318953917107 0.7877340162366112 0.5546743211785766 0.7883327131671388 0.55449337353142 0.7934764454435106 0.5485135195035243 0.8022295322852008 0.5454560954947726 0.811530246799224 0.538349396295947 0.8121251018083075 0.49228988661927653 0.8130065202971649 0.4840146962955534 0.8032679554895067 0.4928107091962095 0.7994977607130923 0.4976852565710826 0.7952335516680437
0 0.5041385436171685 0.7674239546903464 0.5371928790465773 0.7716913696204631 0.5569150932290398 0.7747850204223923 0.5555474599494007 0.7886167389272051 0.528948319675206 0.7873651020518725 0.5007551266632962 0.7858147591734488 0.5004061592990751 0.7814145988713301 0.49606825331128435 0.7735132856791213 0.4895153122261749 0.7696816225167044 0.5030675908176593 0.7684783034167778 0.49588058410777097 0.7678030775860867
0 0.6136043866566065 0.8119011115457827 0.6113053307448204 0.8293304885538243 0.5678075840272023 0.8224112797573256 0.5491868540366112 0.8183061138204696 0.5451984038530746 0.8123238431372238 0.5491115689886297 0.802587354744607 0.5547888096370498 0.7936433340623946 0.5575346960822337 0.7916944048690849 0.5828952709126822 0.8030672550863076
0 0.5640658203808685 0.7713628536232111 0.5577158817302168 0.7746380007164828 0.5557651123582319 0.7876675943682496 0.5618218527428954 0.7926517328088697 0.5837693513370652 0.8035389814208918 0.613668045313003 0.8112971717107289 0.622033631930659 0.814096517790747 0.6242886159909058 0.7992763241859498 0.626188579199147 0.7943974702135753 0.6203987159634102 0.7846903589470214 0.6154021337304935 0.7849857978754481 0.5763433460330121 0.7732016103771912
0 0.4978040351206457 0.7393923739245659 0.4940304298212246 0.7456137691613574 0.49323653268664847 0.7542411313630111 0.495539254576748 0.7674519086086127 0.5042231344763861 0.7672315555133603 0.5376089697979611 0.7714860798241494 0.550335592164643 0.7727792355909058 0.5603393491044333 0.7672772806536566 0.5612697439036969 0.762832610099279 0.5627167522356475 0.757868877918376 0.5624278422421732 0.7496544795825875 0.5600479930712686 0.7481307547243358 0.5590092577947577 0.7459345351869563 0.5398951732170947 0.7465099029717698 0.5329417034317446 0.746746579431477 0.5290846310091646 0.7497573474364775 0.514572927995888 0.7496417537131664 0.5028612138385125 0.7461907799641869
0 0.5115151066427758 0.7188665853232491 0.5084686776500879 0.7247623429965427 0.49925287952297526 0.7355067560071397 0.4978144415736079 0.7360070461753717 0.49870994487322684 0.739562130341623 0.50366979953612 0.7461883318703485 0.5116142606056837 0.7486008298243109 0.5215632072018594 0.74932432031075 0.5287573790371934 0.7491957987930187 0.5328921233690683 0.7461214200442908 0.5395058769972005 0.745821084928187 0.5587332002939362 0.7452669366955057 0.5668135490588759 0.7420081129666891 0.5711551840240392 0.7369709297540353 0.5673895391378899 0.7288748696481001 0.5673730145044794 0.7191718412768083 0.5359391684935123 0.7215957499743632
0 0.5711870133522374 0.7366689598365083 0.5666366516834069 0.7425908332496111 0.5601398089151053 0.7450686164448007 0.5626065756880212 0.7501498735631422 0.567166727678058 0.759472584797479 0.5830201483482291 0.7624433220959776 0.6089199856876681 0.7676045694517635 0.6234108695882095 0.7681644435977226 0.6275352074671222 0.7684753925981888 0.6291480967522681 0.7564602545535024 0.6309593062881191 0.7469457540575611 0.6236942775329914 0.7446605734163912 0.6033786388970686 0.742393342724507 0.5856160746667615 0.7389108880809984
0 0.5672958810612297 0.7593428193908477 0.5627326668997465 0.7577178929596124 0.5602261103853606 0.7672560611015244 0.5552724569513805 0.7711006216388859 0.5524199830508635 0.7701043690583148 0.5533632303427798 0.7732064983482756 0.5577317963943159 0.7744870157577193 0.5644851098585819 0.7706715874857899 0.5765539088070584 0.7733950344402188 0.615660440496837 0.7847262670621852 0.6178878773389549 0.7822182852319245 0.6183475665274498 0.776761607164305 0.61830104863622 0.7684386629740171 0.6091305484617142 0.7677979935147912 0.5831015577391037 0.762766511565637
0 0.5161709542972603 0.6921318010712318 0.511947282120925 0.6933028434631977 0.5106237253852018 0.7028673598196175 0.5056800392872112 0.7048847338729513 0.5067756631356732 0.7084543380095285 0.5110483740065979 0.7187871683921285 0.5360688507708902 0.7217935511694357 0.5678820899371927 0.7192040403106138 0.5706350836834531 0.7190190223592507 0.5723019281130529 0.7121822362011491 0.5744619698780188 0.7096432412170447 0.5730715416850753 0.7058782152815906 0.5702360707103236 0.7008611525163914 0.5647462443342678 0.702075291218931 0.5559974090524521 0.7002956873340103
0 0.5787034748169851 0.7102978683423862 0.5722857669965878 0.7113381334013354 0.5704143983366335 0.7191178476894665 0.5673521107755927 0.7192449077596329 0.56739780617785 0.7287856470992109 0.5726513414358153 0.7357977953021987 0.5861878219346625 0.7390352616632558 0.6038916883748141 0.7426331080205616 0.6246255201430766 0.7444156887080741 0.631573207125074 0.7433345562001058 0.6332177591987391 0.7406989647473399 0.6333347912621045 0.7316092557482669 0.6352028166297269 0.7218664080251481 0.633164821866624 0.7182603941626611 0.6272865677396281 0.7161776277024293 0.6159151439442446 0.7133458665097496 0.5969194876561059 0.7120291777333655
0 0.5778364085628821 0.661376953763317 0.5727625444887248 0.6694378098827491 0.5662230715772669 0.6695436570189806 0.5661396128693063 0.6710640922364898 0.5686429561159323 0.6757317914183116 0.5751331676540318 0.6782792421924757 0.5755923913465162 0.6826663033071023 0.5777977280776957 0.6828747465458379 0.5934952308158071 0.685509051857351 0.6049843960290793 0.6865355264858732 0.6190623998748318 0.685589398862315 0.6280356001767149 0.6871684619855206 0.6320884207633993 0.685879811890413 0.6324080070473824 0.6777473018706539 0.6304306552793488 0.672461332363004 0.6301114787901629 0.6682029193401419 0.5888431434320371 0.6633370764138301
0 0.5755394664121679 0.6831684106076633 0.5751266519242515 0.6870848475520389 0.5744048361392218 0.6990333730560613 0.5707497660016974 0.7001917468100757 0.5713347883496209 0.7026566868667444 0.5768002928392578 0.7098251530553984 0.5969931489346856 0.712072973163485 0.616119773525069 0.7135065647735052 0.6245091726660249 0.7133377513766538 0.6363533426848789 0.708081642214915 0.6361791022456758 0.6878752150980266 0.6326262184158581 0.6858781836410842 0.6279496990947611 0.6872547701298065 0.6188576215633186 0.6853462159946119 0.6048337638389111 0.6865072998542209 0.5936352780191058 0.6856376999491155
