0 0.24107488370317637 0.08910683607029786 0.2353385087024112 0.11312070221054404 0.23579865191680127 0.12641523397319468 0.26256912251086073 0.14044310508441704 0.29219272339878033 0.15166643011653344 0.3119032445803208 0.16089049985656798 0.33256561242997495 0.15778079810818935 0.34760820739427417 0.15978069598973285 0.34363218279595464 0.14856058390492452 0.3343837819480296 0.11993404030519939 0.2945303010731225 0.1039833634665787 0.27003621544312295 0.09276068102392394 0.27003621544312295 0.09276068102392394
0 0.3455378039005669 0.09653562621919143 0.33481573851775953 0.12427593134097774 0.3496256111933346 0.1572450085659427 0.3720731424954211 0.17572944505996868 0.40256065652280065 0.19563655216364176 0.4246918694863751 0.20455353846601873 0.43555727780296416 0.18737966859246083 0.4284982922746376 0.16889715986681963 0.38426646270262976 0.1258190596028046
0 0.44048852266407085 0.1383905334482692 0.43506991182810634 0.15145378874848436 0.42944917505855884 0.1702420957328599 0.43639300429776395 0.1871108099371451 0.46829202626555094 0.2148180309922824 0.4993562856227307 0.22911540334828204 0.5233324089227314 0.2296563336062215 0.5325258823076247 0.21985953472052178 0.5368497854837899 0.20172426198326474 0.524718621871056 0.18746768476745326 0.5011180818514651 0.1733633640915474 0.4812928863228992 0.1556861461529302 0.4633116372465671 0.1433115795243288
0 0.5568513300117597 0.17052701912471566 0.5386101358862356 0.16649028375821007 0.5328169056540539 0.17943822212193827 0.5319802152750618 0.1933857881317074 0.5457531994064464 0.21867006834169508 0.5716592749189499 0.23085351105858745 0.6009369249974085 0.2440748062038626 0.6256909556765999 0.2469596573844217 0.63177279954473 0.22778717480824348 0.6316007880241918 0.21510745251036942 0.5855813852892706 0.18463198239008324
0 0.5441395655324558 0.21659500607439117 0.5344859489331724 0.21309727319744023 0.5335345842071548 0.21859169100862672 0.5317183424574851 0.22908103410270986 0.5272510963475382 0.2366498715917386 0.5292680182045023 0.24095353784517512 0.5312553075905179 0.25682262440341935 0.5627233368727673 0.2665092470683249 0.5958050000290075 0.27827093200053443 0.6128358482635144 0.2824612090858688 0.6219992072353628 0.29106918418220346 0.6260913520069964 0.2902243834339145 0.6289464100692412 0.2600624226459018 0.5998130668087568 0.2437288553944017
0 0.6319744435362167 0.2289014768013098 0.6254893116851132 0.2458453553913554 0.6186878614954975 0.2532217837897519 0.6302719122493798 0.26152267544842905 0.628339550326396 0.28407693137560963 0.647214826955233 0.28673050609373313 0.6760605204639618 0.29560991020322996 0.6952239287866507 0.29887829438613017 0.7188550651613828 0.28773848740277497 0.7194332563174717 0.2616106916234215 0.6732690648224802 0.241086847286587 0.6487749791924805 0.22986416484393213
0 0.23170650714516783 0.1272600347214837 0.2270371351016378 0.14055392389467278 0.22562369939284543 0.16011122465211533 0.22668925652379213 0.16990930871673826 0.2414140873232905 0.18285981743831278 0.27100853768235755 0.19880920909801017 0.2965978129142526 0.20826455530048035 0.30763475080928343 0.21060976140202312 0.3094796611457096 0.20223370535758564 0.3175206077551948 0.18997766861277923 0.3228230984178453 0.18897932614566157 0.33625157756605767 0.19574351543712784 0.32847202183205293 0.1791436598881584 0.3191648379843266 0.16680860322082205 0.31294061506660736 0.16173594319431853 0.2938641763883798 0.15112871280590193 0.26052305012504395 0.14086550545856147
0 0.3497694360692124 0.16097209013694438 0.33348782662713994 0.15701244692458394 0.32011620271034413 0.1613141854096356 0.3204903401644651 0.1682688560233493 0.33008565570604353 0.18121872215546228 0.3378652114400482 0.19781857770443176 0.37676732758893783 0.2192636723542388 0.4017798574910325 0.2343287533043823 0.42019402702128705 0.23736650361430853 0.420310147194601 0.22530159078121115 0.4224728216958279 0.20597492389674257 0.4032234076128699 0.19636667856490533 0.37172719168596025 0.17772741517312737 0.3566855606058535 0.16204880993713053
0 0.4355281272741116 0.19210573522004185 0.42613300989773145 0.20078823211267527 0.4223853701092703 0.22015312377948568 0.42157783025913065 0.22937462316167376 0.43140345837895216 0.24555207833649872 0.45033607218130184 0.2524322271539136 0.4628423371323492 0.25996476762898535 0.47975802907773457 0.2625412501929637 0.48929648938789644 0.2644251885485586 0.5065003130271339 0.26761648057731363 0.5105341567410623 0.2762238130841867 0.5187189282264255 0.267694857910382 0.5251170904330675 0.25808982552585286 0.5300449616995008 0.2569761661222481 0.5290085550974066 0.24245201543004413 0.5259542627541559 0.23730290583885702 0.49926979792036547 0.22961489587657172 0.4668800363830472 0.21385727071804483 0.44019653543344917 0.19249055340130616
0 0.5310823321857874 0.25782160945999866 0.5241083885335374 0.2593576692377479 0.5189205722179123 0.26880915990344834 0.5123494346065397 0.27941317734455695 0.5110224866001125 0.29847098557370977 0.5077072853234775 0.3153384145990717 0.5091183113217889 0.32997788222776264 0.514594259331266 0.3211412010268389 0.5188885300364825 0.31457134859438957 0.5269008080592114 0.3002020247999376 0.5300420700469236 0.29801228818560827 0.5374479702689035 0.30081811944363734 0.5551124190646272 0.31046458955781636 0.5664948258270228 0.31765117922342717 0.5761197738395498 0.3190356250507325 0.5910758811014838 0.3215350154605656 0.600700829114011 0.3229194612878709 0.6109885282166073 0.3250340335164397 0.6186257049010228 0.3173887464627275 0.6226031753256308 0.30809079751585583 0.6234685342913794 0.2962565185557323 0.6115390146701323 0.28311424333298724 0.595055761236573 0.2780402981275605 0.5630114685666193 0.2671240565331016
0 0.6290023014164654 0.28480705777687326 0.6265524591055789 0.2898402078421118 0.6232955588866489 0.2972555036123117 0.6220555805246832 0.3089744656359482 0.6458587284199533 0.3105143809504671 0.6703241454631965 0.3196237763434761 0.6894297346702767 0.3255049401043117 0.7020803064392981 0.32992520847315837 0.7020239331499778 0.3120199270194137 0.7033790678010651 0.30191475951713326 0.6969818694786154 0.29784108454720903 0.6770978909502483 0.29645535354098057 0.647502958649085 0.2873453155585098
0 0.6223437122185351 0.3095892751007248 0.6184527294962924 0.3183877315193068 0.6113918161995809 0.32726263750257245 0.6248781144634021 0.3314140472161034 0.626087978412323 0.3380998591745013 0.6262595079907648 0.35761893514960214 0.6494572419694784 0.3626552981621487 0.6803781583928764 0.36638623526991987 0.6975533134453574 0.3674642402490293 0.7085907332824846 0.3629700926733454 0.7115609476338511 0.3344219264066887 0.669863038364614 0.32000795193527887 0.6463198355185358 0.3101302053586643
0 0.5291485244365149 0.30089392641885937 0.5102421695104407 0.3303238330372236 0.511104636823612 0.3595256761404603 0.5160885939178108 0.3499596835922441 0.5224608725899609 0.3416248856468484 0.5362060641385529 0.33989449617618067 0.5771834032021117 0.35619112382426216 0.6042424874321195 0.36399445072303444 0.6200051706600006 0.3709510491051329 0.625423781495965 0.3578877938049178 0.6253392215619846 0.3310298716243007 0.6098068509123467 0.3273008622849142 0.5996921272144807 0.32418730499976595 0.5920267638854051 0.3228799513266059 0.5653996362251273 0.31941851546361194 0.55473779966841 0.31034927262132944 0.5376496142603904 0.3019324214367037
0 0.21533455446396044 0.1785147134552265 0.20726349344143025 0.2091755241820672 0.22051851524281596 0.2237780522073396 0.24956537080093527 0.2406111119871294 0.2721858775077524 0.25809656342457604 0.2880637170247551 0.2666669563280305 0.29910113686188217 0.26217280875234666 0.31497945832098107 0.2639038479785744 0.32737153086709925 0.25614388657783677 0.3278919029075792 0.2326288703764187 0.32042866551208665 0.22559646501909822 0.3088737652870568 0.21256950673284006 0.26942357239512327 0.198847433880352 0.2402902291346387 0.18251386662885186
0 0.6267492836761036 0.35934804660744496 0.6498318613656956 0.3627706150986357 0.6995415667155653 0.3696546194528201 0.7164567767188545 0.37907045569402503 0.7189629923190615 0.3919425870825313 0.7176073757258778 0.4088871082620385 0.7080392829447673 0.4185685902112513 0.6914403912799902 0.41872020416169525 0.6731418599809535 0.41045689469589836 0.6439215470760075 0.4014621736499146 0.6261123095202135 0.40176732931918724 0.6266895367921099 0.3893182408942872 0.6206392531633136 0.36956788845675087
0 0.5353703376437532 0.34016335483149635 0.5224966848245647 0.34426476225640573 0.511680900211316 0.36075529507001364 0.5063196265488642 0.37804512446952004 0.5262031231351352 0.3862702091529753 0.5596880742743489 0.40026049807131736 0.5940379024372149 0.40925586170676276 0.6034320559294026 0.4142520721685827 0.623806774027301 0.4036882072782008 0.6264300736850142 0.3908167184791562 0.6199186829576354 0.3714505416334226 0.6053663456207712 0.36434040153249536 0.5770969154997465 0.35669061635255184
0 0.6240662371343967 0.4021897296933317 0.6440080347783728 0.40096268112162486 0.6746403375658225 0.41091816244184626 0.6906911524875556 0.41848957028872125 0.7074052004414543 0.4199517508596333 0.7126202395175472 0.4331316082752586 0.7091612133650342 0.44627195572961903 0.689565366530519 0.4455010341881671 0.6529678219903495 0.4358137689337999 0.6368591879530074 0.4308551406648602 0.6271190836513589 0.42785690031619894 0.6109239619116515 0.42339776457554884 0.6039505002014978 0.41809447067607136 0.6045559141180544 0.41459802297804355
0 0.3223619913192628 0.18936350173746427 0.3390755573310653 0.19766503598560295 0.37835229287617206 0.21922544757189702 0.4011171064009633 0.23359862690311864 0.41659069405079996 0.2536191231748938 0.4157253350850515 0.26545340213501734 0.4189234523041801 0.2743295932972061 0.41638712229092834 0.2798622358907344 0.4081736822188089 0.28627790401489334 0.39805847657884674 0.2900037004069717 0.38226664282211303 0.28777316865245434 0.36100030688219087 0.2738612570671806 0.32734286228034293 0.2540305995281911 0.3294190490792046 0.23520342517201223 0.32097626031303433 0.22471279689900578 0.3099111357733433 0.21341495007059064 0.3073471010575276 0.2031555982600198 0.3167713689627603 0.18974703473980528
0 0.4049497880655011 0.23425230373969877 0.42114490980520836 0.23871143948034876 0.429962799909692 0.24247803101261547 0.4505377161727886 0.2535465291469799 0.4623812300337667 0.260348943220788 0.5050018354422648 0.26715521283136573 0.51151370811174 0.2796820359998726 0.5102445792209217 0.2961270646510901 0.50816839242206 0.314954239007269 0.49471028080289886 0.3197554700206104 0.4715708478818904 0.30526697375290185 0.4459820545920916 0.2889722738732051 0.4328703757244876 0.2849361810961611 0.418491013792354 0.2768270559386545 0.4160134667789035 0.266068211599794 0.41630256235694796 0.2530043137101172
0 0.20981706160594976 0.2149017993278023 0.20037887407247246 0.23013245056910883 0.19964544568489978 0.25090620953734794 0.21208749685382655 0.27000855722347955 0.23391441097783944 0.2886589596712574 0.2516108751910136 0.308424219227547 0.26802733724857675 0.3149093902920954 0.28373768899325796 0.32547256106975175 0.29573631802828754 0.3305978159761575 0.2990046186040421 0.3220586390676821 0.3104818059940734 0.30745564143782617 0.3106651630909666 0.3022622016957664 0.30601283434479937 0.2898530771037864 0.2960271986626233 0.2834384225566526 0.29581870944269006 0.2743062673749939 0.27200480846952396 0.25886231782012276 0.25172014748977667 0.2416411822070221 0.21977625359409536 0.22560367145852747
0 0.3268237460631764 0.2585554860596796 0.31579172956836266 0.2623184931261818 0.299531743723332 0.26113137073893483 0.29461628960785 0.27298160947555855 0.29678532198290597 0.28319452934790196 0.30839166751077896 0.29058533965047867 0.31048224318440354 0.30125137060205626 0.32846696488993266 0.3110828617534605 0.37868340079316803 0.333222366084244 0.3933486832962021 0.3353503859682266 0.3991262867467683 0.33092446703156647 0.406603493934793 0.3208173219353452 0.40642101121856006 0.3136022200058651 0.4029446586132024 0.3068049708969119 0.40132482314816564 0.293420273469929 0.38307828764431207 0.28923533313981875 0.36085909001314254 0.27285048608821194 0.33503219568712295 0.2586959361740688
0 0.4205137134498553 0.27975933917768897 0.4079130001167454 0.2863802969931054 0.4038345632133074 0.2913292606059743 0.4030491218183341 0.3082689130698562 0.40898232710077254 0.32154958448203746 0.4290584988605865 0.3296385649134794 0.4497878935452213 0.34222398079899635 0.4654982452899026 0.3527871515766527 0.48651546027656223 0.3616430698930541 0.5056245823058302 0.367048059187358 0.5092753770872631 0.3554468372244634 0.5113259150066157 0.3320538971510824 0.49321072359225443 0.3188414105745553 0.47232441550475707 0.30716221684750683 0.44864142143075325 0.2888949918819887 0.4321200589777283 0.2871501494802657
0 0.5263010896024038 0.3882079102400576 0.5071399545657351 0.3789688144413965 0.498303851330338 0.3824532529608808 0.4866177375300433 0.3941283662448481 0.49283876311450664 0.4036795400879139 0.5017260049766443 0.41643774974432657 0.5235797999850179 0.42459666377274313 0.5445450019642767 0.42961847558478744 0.558504611344759 0.42962022434610797 0.5685162535306355 0.43795193214542033 0.5812734430762778 0.43662902300730533 0.6041471752032584 0.43889749300567726 0.6014289459181834 0.4318563506879733 0.6040700300728176 0.4207377915776016 0.6015871708920364 0.4123373160221951 0.5606502603580953 0.4006904659516531
0 0.6104484062504737 0.42317847242642914 0.6039915733713863 0.42119090265683584 0.601585859321046 0.4309501285295048 0.6048268418221099 0.43910671087616077 0.605819023675696 0.45611629693701716 0.6554871370495724 0.46901903715090026 0.6814713819687848 0.4760630940708051 0.7001102009797949 0.4779824790047443 0.7028826292239214 0.45783637364795576 0.7024127633959938 0.44814649845182114 0.6909104438829224 0.4484239011579587 0.6530060266301118 0.435801478252414 0.6264205717934794 0.42809509238279153
0 0.20174117219165594 0.26267184884657757 0.19378253541905222 0.26784536628930683 0.1897284723695562 0.2854316575181363 0.19703985268277519 0.30602619847693696 0.2148783222854117 0.3169403960610741 0.23148184769462343 0.3278810065682402 0.2488714214463852 0.3381667137175681 0.2638788253122966 0.3427863566295865 0.28244747157788336 0.3520897087421572 0.2924196897061231 0.354710965304952 0.295589961848826 0.3305745450767794 0.2840704934594075 0.32523483709742756 0.2686704762050816 0.31511312964279947 0.2507893141520808 0.309608874258267 0.23428476365569373 0.28838474744369563 0.21217972141435298 0.2703694279983392
0 0.3119752096199328 0.3019857678941726 0.2996680497565223 0.320619028158774 0.2974076472931153 0.3297887705894698 0.31076964755074443 0.3303144459492785 0.3295101648694776 0.34056757224385875 0.3656158202989117 0.35930514759847165 0.39486901532924534 0.37100059486964176 0.39808733718834877 0.3621257232631175 0.4018705542718737 0.3538731741596835 0.39939023103891974 0.3468315937867216 0.3967380367528194 0.33884023923174994 0.3787094392877328 0.3341874677545033
0 0.4062203097112621 0.322924882673225 0.39971076985273346 0.329441335396859 0.395043351079555 0.33697327172247854 0.4003481504346162 0.34712646461089297 0.4086497077477918 0.3555115279752403 0.4229692166182568 0.36216159038074935 0.44780099241746185 0.376083489984377 0.46447823553271633 0.3865983585379002 0.48599435769143534 0.3963605811693422 0.4987189773671817 0.37920112731511696 0.5066527677158641 0.37805586800462115 0.506334282816353 0.36629854528683986 0.46553677297267965 0.35329164816855124 0.42864547998355595 0.32937945995024775
0 0.3113088090450319 0.3311063494430273 0.29851266869461746 0.33005156003970576 0.29300782296179295 0.3576794601461261 0.2934548755185686 0.3655082016724127 0.3365020210349407 0.3917379355053112 0.3873691768773163 0.4165292942365438 0.3903972930560229 0.4136158578897424 0.39463691990756267 0.40578770347756815 0.407091222440183 0.4004882254856262 0.40372214911485094 0.38454958268165623 0.39542889263122244 0.37622837125484115 0.3946919491227671 0.3721559582154333
0 0.40888471669429716 0.35681632105772626 0.4024604529182406 0.35435808135387115 0.39708877686758415 0.36039567708249326 0.3954026990303732 0.3742975262526469 0.40517028286649664 0.3845146578805238 0.4085393561918287 0.40045330068449375 0.42760171804203506 0.40487907153401265 0.45745849818850004 0.41983805856393747 0.49639918653550047 0.432305642431212 0.5017451093208919 0.4180882958226418 0.49250447985084483 0.4027457230943727 0.48739694148660306 0.3968472394561679 0.465781030622068 0.3863477738486696 0.4478249647057132 0.3755328108027547 0.42344463501330193 0.36225960805298474
0 0.6044556296064167 0.43912978432223193 0.605296907182685 0.4571744832481706 0.602794424363302 0.47370919612784146 0.5785970095412517 0.4802008142711851 0.5303619835157528 0.46727568530451463 0.5037433086903732 0.45860111606758847 0.498793812602396 0.4517898906870414 0.49803155616426 0.43328882088993154 0.5027457501801776 0.4164735353729765 0.5238351470142205 0.42584953620311317 0.5435820651711836 0.43048603008765146 0.5584847019791511 0.4297857727226657 0.5690158632601636 0.4397572565143908 0.5814963593936332 0.4363886235246431
0 0.605296907182685 0.4571744832481706 0.6041373433759661 0.4721997971956859 0.5950796287762801 0.4766220453605304 0.5989223885948214 0.4960713688152274 0.6419442211815127 0.5078724458904239 0.7041340706929763 0.5193248620684084 0.705294955506448 0.48555283048763154 0.6806509284632064 0.47796680122693463 0.6554803873894726 0.46925730718887615
0 0.5980797900118001 0.49677338752255035 0.5804376069700529 0.5153774703807202 0.585202426845332 0.5274194983791693 0.5955493522492307 0.5363728789110424 0.6283028402345714 0.5450131104609485 0.6651374724596029 0.5529868352187765 0.6799082605921551 0.5551301645983272 0.6863067711029467 0.5494086534222342 0.6945742743213101 0.5495501139691011 0.6968934019347479 0.5194994860740706 0.6558724107310439 0.5107177939772976 0.6104808246715532 0.5001100312817276
0 0.5038485234293548 0.4600755901986116 0.49739762571686463 0.4619354113703162 0.49292093545092813 0.4711326783960039 0.4858116750325306 0.4747126215348834 0.4862849211901556 0.4844722080633643 0.49123397694254844 0.4975323393216653 0.5153252963544486 0.5020640588028064 0.5560830305429066 0.5102840185108984 0.5728546600584461 0.5154467328688727 0.5804904345073358 0.5129902545073549 0.5983430470270462 0.4973351199112312 0.5954219069296585 0.4767274068780401 0.5770698546514738 0.4806921099434887 0.5307832828072634 0.46692467595085313
0 0.19246664838750754 0.30486129551476343 0.18726080820316732 0.3156322697289495 0.18368131135745858 0.32987350181098585 0.19655720952880446 0.3476952886313817 0.2167260431641443 0.35984300469911634 0.2424526833295531 0.36776228853741794 0.2715138260599773 0.37571813649586056 0.2847439574898747 0.3679121720784984 0.29157568763028174 0.36704551437666505 0.2911697818694708 0.35652686194294914 0.2630849892013029 0.3429322983318143 0.24961167702097053 0.3392798243733452 0.23453899120954796 0.3341451477715071 0.2329400709610222 0.326228886483636
0 0.2940426257283347 0.3678048977584199 0.2833612482842428 0.36946629394197705 0.2756345305867674 0.3755017743254452 0.2752537810032393 0.39270741169421947 0.2901632884217213 0.40521593288267505 0.2901084422415098 0.41410793972271637 0.3143166178984517 0.4265091865910935 0.35695849825680837 0.4525037880504333 0.3754744722285402 0.452759132381334 0.38873202674854335 0.4405071645439513 0.38531706844346897 0.42807237610586363 0.38409799101334224 0.4158185947382227 0.3321574424165257 0.3899312675989613
0 0.4098803841240916 0.4019777544474786 0.3955390540942321 0.4054821583951256 0.39114683896177216 0.4115542028987346 0.386320841595831 0.41798765703315066 0.3882173353924386 0.4349044085013138 0.39068382010792685 0.44209785052757095 0.43050679602250197 0.4607905266204029 0.4611673123840164 0.4702285772222143 0.4850235216952297 0.4760872821058386 0.4944853683266303 0.46860616319914256 0.49939363496288863 0.44883469880466453 0.4989337897869954 0.4343399359219857 0.4586765782563745 0.4224427281044629 0.4281792402878005 0.40563083291603386
0 0.19522889312081937 0.3467914622993212 0.18143013091973492 0.3450185602250828 0.17858244323815387 0.361464814212102 0.17107193658357223 0.37697067774691995 0.18153528945451208 0.3915751329900215 0.20715314402462703 0.40441031321940163 0.23274402888720092 0.41525743822429995 0.2541602698079024 0.42234481495065074 0.2693961340122657 0.4201056469658713 0.2802667527917102 0.4259265787091824 0.2897016297155697 0.4164574045780049 0.2908681278783078 0.40543289956317646 0.2755248382263445 0.3932857880055279 0.27661042726645924 0.37629711731725496 0.24237132082436508 0.3682321815084757 0.21656331815376823 0.3607827906412318
0 0.297970008476691 0.4180127354616558 0.2911113086287427 0.41689133793900773 0.2810529547534848 0.42567365241862615 0.27115823265373207 0.42064806366712487 0.2603954927044521 0.4227793528217397 0.2639462063123614 0.43228630009323044 0.28601244050943797 0.44848265034012397 0.28151098639911976 0.46590464987931357 0.2960964039445434 0.46099056701849345 0.3116572647870942 0.46330588579398535 0.36815230014418204 0.48861544113202443 0.3707554469276345 0.48001292470268025 0.3784008021199218 0.47444733729026983 0.3707293839852225 0.46515675218919444 0.36999802820365935 0.45651767163970947 0.3589916541213799 0.45362458106299525
0 0.38900308397164857 0.44108554085525964 0.3762606741903148 0.4525062060907777 0.3703234782244115 0.45463809975547864 0.3712175590163507 0.4623373943628483 0.3804339579844934 0.4755681303028318 0.4357903716515135 0.5010221285911763 0.4605950545523128 0.512122179886631 0.47561380094865313 0.5132807460395061 0.48266355566221225 0.4961482369110139 0.4819326532632137 0.48107509771702667 0.4801979777118531 0.47608667759575246 0.4609776176660993 0.4691803079398483 0.4299646815762914 0.45963377399778604
0 0.487814549666341 0.49426926953686917 0.47987071416084265 0.5037024840579918 0.4780533159566003 0.5184861328412818 0.4802752597739599 0.5335233124252141 0.5225656271691526 0.5465413132552989 0.562226331455916 0.5597397166457442 0.5826127362818434 0.5620556399313222 0.5888502260912161 0.5303198845799002 0.5819650099182913 0.5207763731882686 0.5582175862023718 0.510001771913566 0.5173364443377878 0.5038517630889863 0.4927753955699879 0.49777609152486063
0 0.5940277364203213 0.5368630310747393 0.5858128436917178 0.5457178692845536 0.5832906060308889 0.5602845513873421 0.5768382653263162 0.5632477476539077 0.577975980251255 0.5759714219926064 0.5971154311743853 0.5769136259750662 0.6272612561797951 0.5807489205342402 0.6481623523618272 0.5886675998624556 0.6612832448138662 0.5922115904806741 0.672804763634815 0.5942733784555236 0.6902365087141259 0.5922152175411908 0.6915945151250397 0.5565027472307198 0.6790427068267522 0.5561035644595996 0.6653253071308558 0.5538607694143035 0.6285379000855208 0.5455063431948269
0 0.6923510270838856 0.592866117582695 0.6890412273135883 0.6269879019095462 0.675188072314857 0.627672948030847 0.6585425291973206 0.6294781826546237 0.6367194757506791 0.6247402707835613 0.6017485601444572 0.6144703130697989 0.5928297347243963 0.6102400673101077 0.5705459293367322 0.6038755098453709 0.5695439697146284 0.5882239943400752 0.5736646742414184 0.5880076321696599 0.5784637018998184 0.5795861228107624 0.5975761831154077 0.5785402715687407 0.6274509508977123 0.5817971898166062 0.6485147720901205 0.5887760832027064 0.6628556487374154 0.5917057378995616 0.6724793136140629 0.5961529503397544
0 0.1731298260639716 0.38852665336279224 0.16410644307818745 0.42032959640668494 0.17428227178222677 0.43518418674824016 0.21810234583407667 0.45629251363474504 0.25075061311900915 0.47337577625540234 0.2631749742421108 0.47016696188786167 0.270719016788345 0.4748336458537758 0.2812818575339649 0.4646045874638001 0.2862590633463287 0.4485533569540244 0.26590633213743936 0.43408273621841914 0.2564044188786323 0.42295226043263817 0.23117136909287567 0.41635713803048785
0 0.31213355386535024 0.46413759796197357 0.29723763254265856 0.461310605598761 0.28275851347148767 0.46623136032275586 0.27030167763641877 0.474705178740321 0.26173025611614986 0.47089446495263393 0.26067040243014794 0.47701543918088557 0.2629811997711178 0.4865184262405033 0.27161649691451045 0.49503769187564667 0.3141206778874579 0.511052065574331 0.3725156844451644 0.5343024655080252 0.38118453010133524 0.5223181671456391 0.382983248656504 0.5093912993731127 0.37977336048815247 0.5025421062128818 0.3694048311139311 0.4888004202764631
0 0.16153745874269537 0.43008880182600523 0.15569202611370092 0.46638666210640095 0.1659966798647986 0.4754197961953633 0.19399034085541866 0.48638136872056187 0.22429533608741398 0.49922664833162583 0.25832444587518366 0.5108738560400549 0.2665748785786174 0.5139996505117188 0.2732858535222154 0.4955515603294658 0.26371952773987917 0.4873318126699813 0.26108774158207415 0.47714390629434034 0.21893702413792915 0.4565494478616546
0 0.2727396893232308 0.5012445494686039 0.2709734454800293 0.5089064131911056 0.26972035422343976 0.5237595717982463 0.3047124304617148 0.5374615374547446 0.3362050306259597 0.5536029465324693 0.34898178147705294 0.5610526073784322 0.3618234817520808 0.5579722601243463 0.3766874652632106 0.5584449765638306 0.3847782089088349 0.5497993914168543 0.38269205004960916 0.5415377758758279 0.3810557050542768 0.5281396233982317 0.37386405223603425 0.5341314146458213 0.3149553561913104 0.5113089998012407 0.27768388352322193 0.49807760298260506
0 0.38054577387009747 0.47523264867107756 0.37104278681047953 0.47934073283280165 0.37133076401494197 0.4929099361726019 0.3850699444161353 0.5100336349403866 0.41791091237124994 0.5260039931559074 0.47177960078129705 0.5449305267153025 0.4775925586983242 0.5138976704849313 0.4610592185794894 0.5129110855916278 0.4365969714744614 0.5018643455689308
0 0.4766609931589752 0.5218164684343426 0.4730316182370758 0.5453159280556669 0.47357670863524953 0.5548614988640341 0.4869634993084512 0.5613267224183152 0.49335133783359236 0.5726708328150493 0.5056149360980737 0.5729291987763734 0.5289220529828195 0.5754148052823851 0.5437216239704201 0.5787982498481659 0.5680236451172332 0.585692890225975 0.5750864728884174 0.5855225552309783 0.5769501408675208 0.5620656793584031 0.5645582544563865 0.5600094896759193 0.5233380287507797 0.5467347932413275 0.47910007864659804 0.5331172792151203
0 0.3838498647719184 0.5120025095237504 0.3806703037139125 0.5303654322085051 0.38670414180984586 0.5539089073129929 0.4133174971980342 0.5626872547766675 0.44705755598053054 0.5760038190928013 0.45749103477868663 0.5792154969291708 0.4651319645604174 0.5757064487187643 0.4812479655273259 0.5765645664986131 0.4868666120729547 0.569502454594636 0.4876054769421215 0.5626965610503615 0.4721319905092886 0.5555890019288063 0.47219693993322326 0.5450589938287573 0.42051129761789846 0.5262183436340678
0 0.5694039507196649 0.5878761152874991 0.5666736666251472 0.6087217810094365 0.5630134276924967 0.6146284047595277 0.5590007990318545 0.6098765532961153 0.5476038168827876 0.6122293974854288 0.502915516014307 0.611367700369544 0.48323616335024444 0.6082404741634655 0.4794476362709409 0.6123492741923969 0.4646161274717784 0.606611553702888 0.4582613005590099 0.5823831592823769 0.46532466523059957 0.5745935443136277 0.48240363264801356 0.5775064200415457 0.48779764071189824 0.5692029366189774 0.49187468189606964 0.5710440599560935 0.5060322752499999 0.5730576658898281 0.529853081621763 0.5751152873067262
0 0.15366881851983827 0.47715735377624785 0.1499545630497997 0.48583999727810595 0.14771948536054302 0.507260444358333 0.15896753717865358 0.5146532600972525 0.21257159761579836 0.5370494789119095 0.2526943287410526 0.5479263315088213 0.2604182251884167 0.5394953546105419 0.27312048358191787 0.5321055391974174 0.268573164342885 0.5243188761154485 0.26722829361531275 0.5150615090041178 0.22390356402746703 0.49926861104680453 0.19524485612274473 0.486025074000642 0.16515961314123828 0.47676410649835743
0 0.2831044289239297 0.529774549949324 0.27347031198867955 0.5322132248660486 0.26014916103312835 0.5389212310662285 0.2554929559951462 0.5487878168578709 0.257591026337978 0.5622074296491846 0.2714489554574981 0.5758079187069212 0.29009694661934055 0.589409007829817 0.3109518939229639 0.5987764608704147 0.3327487907945309 0.6069599716212282 0.34792616938736287 0.6086841424496455 0.3567521937590097 0.6172965956795068 0.36485223996513416 0.6173334910109821 0.37144588694073966 0.6090458949824916 0.37394957873641543 0.5945863208363412 0.37217456539947735 0.5793009565422985 0.3552757162714434 0.566238295762559 0.33689678926488925 0.5532113301839768 0.30452472598786695 0.535876937860146
0 0.3846898740357715 0.5517103315398888 0.3766969134331192 0.5595671848938545 0.35933980014824357 0.557663337929332 0.35110499684004026 0.5605327555205816 0.35519495201997 0.5667047336382413 0.3720670297471359 0.5777939572466204 0.3762100776799325 0.594299559096764 0.3939437907724378 0.598284528901278 0.4478441368146081 0.6168415590418456 0.46183727308507616 0.6211489857870942 0.46547121435251054 0.6065460307711551 0.45796508950304493 0.5796705099222115
0 0.46372162226983277 0.6123943518177623 0.4787107009588498 0.613077961226184 0.5165198403877203 0.6139079518301892 0.5591462633086504 0.6103252302809506 0.5646881748196246 0.6336483241953821 0.5529274159451977 0.6462409467084855 0.5392841080814913 0.6420412056318682 0.512588713417522 0.6451235942997439 0.4738108530198398 0.6435041088141626 0.46336999366759407 0.6378336637081837 0.45971108119476867 0.6249161839937097
0 0.37432617854404515 0.5966674436763327 0.39515480449566975 0.5976747101558071 0.4484630293766581 0.6175233682547904 0.46207956583949644 0.6197496721600474 0.4599533739491889 0.6235168703666628 0.4635315221705409 0.6369007879568191 0.4616204015849163 0.6436819847547908 0.45276625566579376 0.6522563425228586 0.4467647298513702 0.6592523105929337 0.41823987895098813 0.6558759594035727 0.3709595012364222 0.6373915197956378 0.3540869734603871 0.6326890455770218 0.34574598464645007 0.6148912157033037 0.347737869483548 0.6076435810296498 0.35640236535224795 0.6171889100108756 0.36477147571366075 0.6177999288866645 0.3717957153475014 0.6091535806511228
0 0.15557678876337805 0.5150834027066183 0.15003262700805764 0.5236940557410027 0.1507581551247107 0.5386563630291517 0.15955695804662007 0.5516821284774159 0.17729067113912544 0.55566709828193 0.1994641678183222 0.5659317318727349 0.21787031627461373 0.5745453852329141 0.23261665216034133 0.5830150576581457 0.25105047211523934 0.5808286494101591 0.2646937799789457 0.5850283904867765 0.2708300628954481 0.5751261094939766 0.2565415411176929 0.5618843726432909 0.257080569526008 0.5502591209523916 0.2515640792692941 0.5480697123786099 0.21224854060990467 0.5389152304146385
0 0.27021117033339803 0.5744443002810319 0.264962844134234 0.58560251403109 0.2509429364628979 0.579321650114481 0.24359608987203285 0.5834470004629887 0.24577447441746875 0.6027869247683831 0.2745407179745325 0.6175374611102237 0.3105186009715133 0.6374557094160447 0.33802028800360906 0.6488691901606355 0.3440481351700314 0.650233408651684 0.360517741786438 0.644494573469185 0.361298612900304 0.6378567575410021 0.35443680186714877 0.6327967312456529 0.34679546986673515 0.6152142727091974 0.34690345556794583 0.6103345226151122 0.33387904026628945 0.6068165907514396 0.3102522371094405 0.5985610895331522 0.2914962602463873 0.5898397505043418
0 0.4747795739886515 0.6442936036957386 0.45979049529963434 0.6436099942873169 0.4510438850328533 0.6536913513510628 0.4474103938142882 0.6619075569772387 0.4552132543176487 0.6785571397623298 0.4668918987939944 0.6855912032941983 0.4985652053552318 0.6899367255012402 0.513769805397801 0.6872475841112548 0.535916980724999 0.6891520311409364 0.5529514870528502 0.6865348802184248 0.5630701894969409 0.6812975780476066 0.565062524382908 0.6676631939841894 0.5605428766424817 0.6490764692940546 0.5537886012616678 0.6455234422943833 0.5380730943582593 0.642651024377339 0.5128577775728103 0.6456977178440574
0 0.5717137646000728 0.6058417277905509 0.6020680717368676 0.615676818837149 0.6370509124130378 0.6264453857002706 0.6576640170111103 0.6308254029781523 0.6768514866301371 0.6264144910203852 0.6720051814928631 0.6607875129510847 0.6480548712812513 0.6607845126252895 0.6219248263775958 0.6606018361633895 0.6013657146301287 0.6537819438384656 0.5900096771108074 0.6512688781936312 0.5730836065330361 0.6426195296322945 0.5638805323048904 0.6383127029522049 0.5635846967487341 0.635765142236531 0.5587964349018887 0.6102175446123194 0.5633977469915269 0.6155643326472459 0.5666274169527249 0.6096803163994813
0 0.5699891437227862 0.639210483567571 0.563664560902469 0.6480722031403752 0.5640942534629656 0.6604869497128504 0.5713054428540134 0.6720414110665939 0.5853521219262176 0.6802957121545633 0.6037587204313783 0.6825226161249792 0.6269821523797294 0.6867235573319147 0.6551031820227444 0.6924320978996872 0.6635851159561412 0.6923812462335371 0.6677052195432285 0.683965938153772 0.670955696272578 0.660464455945191 0.6486737638433012 0.6614663218382342 0.6225437189396458 0.6612836453763343 0.6025227355027553 0.6556120001400373 0.5896598487040456 0.6511611925249999
0 0.65911282300007 0.6926837645032661 0.6596232798120399 0.704632073200059 0.6585724444451471 0.7234692643634547 0.6419145379249257 0.7281675381259579 0.6165921355360043 0.7233204829072353 0.6019528852537489 0.7227445591674447 0.58142054490715 0.717898104013881 0.5716521209186902 0.7168563424635673 0.5569057850329627 0.7083866700383356 0.5566376209754129 0.6950390477144959 0.5585759630107747 0.6838445386981213 0.5642812032201727 0.6806877593021357 0.5656541954952207 0.6727583154155371 0.5705250217890165 0.6722924776050138 0.584221872454459 0.6804390930243519 0.6052387983098985 0.6824869209238219 0.6276818091932528 0.6869389286691772
0 0.14456922950421075 0.5318382708997046 0.13288788473464952 0.5631247037064152 0.14174068050716426 0.5737105941076367 0.17752981355146102 0.5989750303832251 0.21584850969456293 0.6245268284635498 0.2364071713931607 0.637733470178237 0.24055246957030352 0.6223053250795646 0.2483308089171421 0.6050477237444796 0.2445099178925007 0.5994498691711334 0.23549604366590837 0.5834101051315131 0.21848920883666373 0.5752271944458588 0.198602982501852 0.5666492362868368 0.1761604216673669 0.5558104791517186 0.15974525795043493 0.5527226898974117
0 0.5581703415579308 0.7117237256355854 0.5716788923195584 0.7188297796349277 0.5811514807518616 0.7173239804695676 0.6028140705702192 0.7220270547533426 0.6175608565048161 0.7241099777888111 0.6426949589899226 0.727916471587538 0.6433383727084943 0.7625054649206588 0.5962721662008728 0.7598085226836065 0.5549379713035173 0.7559282382219289 0.5432597768760408 0.7425074253002971 0.5408926423779208 0.7285136889646701 0.5554783498584401 0.7251427383617398
0 0.5564180491820375 0.7558925430207714 0.5513584729355575 0.7617045688010621 0.5386834359917936 0.7646810719957836 0.5401358423717073 0.7754454384027923 0.5503339589206636 0.7889019465255812 0.5899725545859467 0.7961906769868236 0.6356394474665215 0.798456876549351 0.648772748567127 0.7843215595394124 0.650496019297806 0.7701130519316818 0.6434191369599677 0.7620390270449766 0.5955725093873493 0.7595931513463441
0 0.14227880881774085 0.5748588411962637 0.1324559419298066 0.5826437040827558 0.12594170905906688 0.6096251104048536 0.1417910729668157 0.6223647141786994 0.1658212473321624 0.6346747754083385 0.186514666132839 0.6449751042003008 0.2098987264863985 0.6610166684353981 0.23365983669645696 0.6727526061207237 0.2437258964365499 0.6507949308276585 0.243268982426316 0.6427934964735861 0.23597657873492556 0.638092222385288 0.1762112641758875 0.598077849833018
0 0.24787344485803897 0.6034330387801704 0.24012187691206843 0.6226640772866157 0.23788724927168092 0.6376977749770796 0.24421093199425964 0.6416095541838017 0.24687435209740521 0.6517641018453395 0.2878038256396552 0.6707500744649549 0.3087663085956201 0.6816245268012308 0.34358717071997424 0.69971271880548 0.3518233241747853 0.677683053044941 0.3460377697627831 0.674919520926846 0.3407649224070973 0.6521705505567278 0.30989970840946335 0.6367739002031
0 0.36070604169025283 0.6455351348891809 0.3411955150653324 0.6518117983496768 0.34541887720073317 0.6742377117139012 0.35349170195712043 0.6786879192637794 0.3801861965233512 0.6883790293754298 0.4489417642501983 0.6977524830676177 0.4588190740376072 0.68114099574432 0.4474911580657617 0.6614411191015565 0.41928936417127327 0.6561990164094663 0.3714708581461307 0.6365663297129045
0 0.35198485267773205 0.6767501772935766 0.3436139421208423 0.7016861559768403 0.34493114134980796 0.721743584696337 0.3658400815040367 0.7286711626898922 0.3998274298105272 0.7366767975000775 0.4187449351765272 0.7444652607775235 0.43712476228081987 0.7447187275765795 0.4554505965345072 0.7474120694226777 0.458950230748732 0.7293286779397005 0.4496936137188501 0.7210749769168903 0.4469494293642311 0.7113868671310347 0.44022282548202385 0.6970337785231976 0.38053602493011296 0.6884867150440611
0 0.45838848137937205 0.681499747951371 0.44929159265696006 0.6978601687362489 0.43971146857231536 0.6978589686059308 0.4501242063770852 0.7207162247098391 0.4603495443757788 0.7297594206142253 0.4898971090955779 0.7314853916381198 0.5418345919458645 0.7273297466748857 0.5559089425166752 0.7247839861546889 0.5568790136320947 0.7064132328669753 0.5564229997195993 0.6856382997333766 0.534087074439717 0.6890800406734625 0.513150912835751 0.6865657748983102 0.497784784290235 0.6901877920396601 0.4689101049830912 0.6867037551816679
0 0.45921929490402025 0.7299028014840139 0.48973558059263106 0.7324182673894842 0.5418345919458645 0.7273297466748857 0.5436903695342759 0.7421486730932462 0.5558259280208556 0.7571841709791869 0.5525694866587895 0.7610947500555912 0.5386566645909255 0.7627076348244234 0.5323588531714765 0.7735427915685879 0.4483437924537162 0.7820718530929542 0.43782351899660477 0.757707597693368 0.44019245369020177 0.7461543364699427 0.4558811891927423 0.7470533172156267
0 0.13702823237423062 0.6179508018951377 0.12228099639076445 0.6222546282494323 0.11318275752174467 0.6577752972035996 0.12631425842687338 0.6691869777527136 0.19759758905704877 0.7043947908086903 0.223727183911835 0.7109642166603534 0.22980992402660122 0.6971150613248329 0.23796441313220035 0.6883253322195025 0.2336589365987185 0.68552610490025 0.23382136519940377 0.671819730369359 0.20911830542140164 0.6612677349738179 0.1858150093193156 0.6447597328630384 0.165740483080689 0.6351412132840208
0 0.12198902861979588 0.6674783886895534 0.1153318852481543 0.671742544981725 0.1113539328814499 0.6878798476058234 0.11063239879157932 0.7034412081369487 0.13475186502536168 0.7145485736431163 0.17846669615156296 0.7332662143679626 0.20800380933711732 0.7449890319283687 0.22344969228439004 0.7492175337960449 0.23261497902462325 0.7304680941834728 0.21984925096648023 0.7244340312932701 0.2197923957350637 0.7133681035167521 0.19832393386155855 0.7051812436156387 0.19832393386155855 0.7051812436156387
0 0.24232930639209277 0.6903169254191285 0.23011020925070508 0.6970779017632865 0.22423049131615813 0.7105253326553044 0.22033902665181904 0.7261631427511132 0.23258631043786693 0.7283548071338272 0.25535112396265813 0.7427279864650488 0.32497154865926653 0.7804684235840141 0.3356931320999777 0.7595674721394546 0.3365871596524825 0.7498464802289768 0.32592532309576505 0.7407772373866944 0.3226412001163674 0.7255611850755685
0 0.11354286625895221 0.704863236157134 0.10746150433291851 0.7171963650560856 0.10795031613406492 0.7326041838683818 0.12573040316100637 0.7370250948266901 0.16209715318083662 0.750324124715572 0.21566724489780803 0.7736538003104357 0.22506236227418824 0.7649713034178022 0.23327676623050014 0.7448769279391897 0.23503567080665727 0.7301610107458153 0.22206637098864263 0.7503700605714531 0.20829194103096932 0.7456038413931454
0 0.11452048986124508 0.7356788737817266 0.1072283001020981 0.7550048980767338 0.10881181956304375 0.7754847343260719 0.15869353643345158 0.7950484609781304 0.2206213750405166 0.8088501963426101 0.22843200907175876 0.7933665705550919 0.22802968497297754 0.7774592592145058 0.2239666907301966 0.7735779933352137 0.21653163997936414 0.7754982287047656 0.16209715318083662 0.750324124715572
0 0.25463055375697996 0.7446106396417206 0.24154754347613233 0.7426878339143221 0.23578394571489936 0.7440703519732427 0.22266985713681442 0.774231027582332 0.2300179382431854 0.7796496384182966 0.2635315579691555 0.7957532143862845 0.32986737774427 0.8251169528713507 0.3342772866807042 0.8133215412830306 0.3369292549251738 0.8025633395336317 0.339062296955452 0.7948020929539709 0.32572030550960485 0.7875384111342149 0.32592243144318783 0.7818133594500546
0 0.23321653740441023 0.7816864759032587 0.22713517547837647 0.7940196048022102 0.22796945614688757 0.8142688071785745 0.27321191538681044 0.8287216490217877 0.33678205645462245 0.846711733703217 0.33462130972178034 0.8386809858787787 0.3284840564485225 0.8262694796467587
0 0.3443409384523081 0.7232969266649406 0.31742567909817837 0.7192206813371699 0.23480824988099136 0.6858972996397431 0.2340886435595056 0.6741012454619616 0.24359988110919972 0.6533538357362308 0.2880352824410791 0.6701888232844052 0.309272949794245 0.6819874478200334 0.34393909629562314 0.7005502616471277
0 0.32425531593245416 0.7207968936656456 0.3460123914419076 0.7227592093543089 0.3666164582338567 0.7291016408610925 0.4003035353066534 0.7373668780952741 0.4194377931004899 0.7453613289057555 0.43880284541466563 0.749744015081722 0.4318556425807872 0.7807507766180238 0.3374228861472823 0.749577621573661 0.32592532309576505 0.7407772373866944
0 0.33857541292269033 0.7520368594327679 0.32603758773230945 0.7834271539714104 0.32759340249069113 0.7881149958166498 0.3404742868379558 0.7957628532282084 0.43237119520030515 0.8256292971888725 0.4395195600835742 0.8025761913228638 0.4371571693592453 0.7934311415053593 0.43130804777983944 0.781634444738116
0 0.3377649814199735 0.802294480878316 0.32897383213386133 0.8279985911046018 0.33433317802792833 0.838066176414002 0.3488276962491836 0.8477890960928646 0.43161810087110103 0.8801134927337121 0.437267988169501 0.8565991191217556 0.4349925670896335 0.8401152230987347 0.4106719388064606 0.8210542019222737 0.34704446056513594 0.7988375431415533
0 0.44093395967655896 0.7693401832109679 0.43240371932383115 0.7730277548207045 0.43136586689544837 0.7790216651601806 0.4408450622637128 0.804036444125391 0.45897110010011516 0.8064593849705407 0.49989206587435375 0.8048507311648775 0.5203241211457649 0.7985134403737869 0.5396614687573766 0.7871041321456542 0.5398927452198121 0.776653013833913 0.5388850072044744 0.7642421501913548 0.5311035237020848 0.774999709351292 0.44822373972522495 0.7842109273020944
0 0.4395482286703305 0.8046894783725095 0.4324576829026704 0.8251298046605827 0.41620474204735425 0.8232834484978678 0.43481959168490303 0.841114208155314 0.4713602809936561 0.8397355456331632 0.5063738241307839 0.8357823283154188 0.5292557217130814 0.8244118874590897 0.5281901645821347 0.8146138033944667 0.5254249678169285 0.7964007959136028 0.5218225987306339 0.7989747081197347 0.4982206128847543 0.805388448475509 0.46130530417978394 0.8066517940611728
0 0.4349925670896335 0.8401152230987347 0.4379594078463266 0.8594425325726648 0.4356237579403693 0.8797681845137127 0.4758814906824424 0.8842687579840126 0.5141801206831601 0.8818528856229406 0.5419894075897947 0.8762081390402336 0.5425379662749349 0.8616457635656878 0.5385579123260685 0.856146064124187 0.5330402201585892 0.8480486604384669 0.5262004654856383 0.8329414852223559 0.5067484435270011 0.8358976452519058
0 0.5399496004512286 0.787718941610431 0.5500643241490946 0.7908324988955792 0.6356228171887955 0.8003337809539303 0.6338051296128371 0.8313411850796936 0.5862275024090531 0.8303746415003016 0.529861135629638 0.820915439761062 0.526778174699631 0.8136530431202291 0.5256266118084153 0.7975150979066692
0 0.5301492673234901 0.8215302492258384 0.5259123337917863 0.8323266757575792 0.5343546406158602 0.8496566577078125 0.544612707247508 0.8633366502411889 0.5860807858805981 0.8676836819926601 0.6369721685347285 0.8723008575783702 0.6390690566558404 0.8507465422378827 0.6344678807029064 0.8320713114809571 0.5867750972100009 0.8294909733802092
0 0.542826097968787 0.8622605730304643 0.5413266564997254 0.8754780126389697 0.5134308818907257 0.8816222517499668 0.5127384983297076 0.8924575456535108 0.5237744723405462 0.908481459109507 0.5673459605329656 0.916632664586125 0.6258463332268513 0.9046519123912505 0.6257909238217234 0.8730679235830522
0 0.7193250932860844 0.262127244762935 0.7564294636573818 0.2823277029624024 0.819365504429309 0.31389376648027684 0.8145550205459291 0.34167575965960034 0.8013576802580684 0.35029383483134824 0.7739499847465103 0.33746766486436597 0.7303280124903542 0.30843294946895955 0.7133363306018374 0.33051442266295766 0.7025708082448496 0.3272005337655182 0.7047900182622593 0.29959630953253524 0.7207124058896865 0.2879153664546616
0 0.7302212617697816 0.3069369501681405 0.712508007298758 0.33318572233903715 0.7089262736115648 0.36232138052508295 0.7199332136904038 0.3515659082013987 0.7417574878130733 0.36706278215933913 0.76614645981253 0.3804228546504646 0.7912304284053109 0.3876565956442169 0.8032782997006924 0.3899020838082489 0.809556270919064 0.3874451791009965 0.8142600040818713 0.35816718662085395 0.7739499847465103 0.33746766486436597
0 0.7214024880807595 0.3515304735491549 0.7079646235987299 0.3615376483798689 0.7145083547089304 0.3786710688773611 0.73131087732628 0.3872572835075932 0.7500623824308004 0.4120502565108853 0.7755197551636647 0.4276900604480438 0.7826787548996407 0.4328200518867396 0.8043178906257119 0.42192343663920134 0.80886127432574 0.3935715105983695 0.8044002991763066 0.3897597495141522 0.790963328221959 0.3870866627827086 0.7664135599958819 0.3809927875119728 0.7404485628854967 0.3661721503722722
0 0.7311239518743178 0.3862243174264295 0.7274642772749401 0.38412235492673696 0.7178734596080913 0.3909243275572285 0.718646843877441 0.40969548596451516 0.7076399037986022 0.4204509582881994 0.7123405096145224 0.43555388127560807 0.7139696867038166 0.4409325109651321 0.7399346838142018 0.45575314810483275 0.754920657126454 0.46426789774545574 0.7767188020237816 0.471465608401843 0.7967810191112425 0.47178869006788693 0.8044764530331272 0.4463578933242056 0.7831327805349547 0.43442295082941157 0.7762143049931477 0.42790385973174955 0.7501691331513729 0.4135462558117044
0 0.7118337216546649 0.43559558402730447 0.7095625406275676 0.4460325717007892 0.7031237981224068 0.44838128091847 0.7035808954858837 0.4537807062618982 0.7436340773525082 0.4756994771432557 0.7836535470847064 0.4951331789940114 0.7868911912250143 0.4750949256364027 0.7553768219415901 0.4641566925861949 0.739636776731194 0.45590882392357807 0.7136123929992417 0.4414018218966728
0 0.7039028609475521 0.4532611421357328 0.701224017302206 0.47811145462294746 0.6944464532681636 0.4797371934514929 0.6933788537516736 0.48188325204381127 0.7055949850432397 0.48502500065110715 0.7336862934470108 0.5023336073906135 0.7727224439987849 0.5301260404101923 0.7852271119816958 0.526241869207907 0.7903968322561166 0.49906494444049193 0.7830436116598989 0.49463608962413025 0.7440746020128748 0.47583508131856916
0 0.7055781289760266 0.4837824661358063 0.7043725639166992 0.5202224017866695 0.6988320101635876 0.5200635672174642 0.6977132757172522 0.5265245955695075 0.7436458328658699 0.5493251714092059 0.7637908413158292 0.5629503684777702 0.7890364455867389 0.5685562226345992 0.7924272111524802 0.5395943466506294 0.786056459644378 0.5388706206238864 0.7726038848000866 0.5294708721087135
0 0.6972727510568857 0.526388991394194 0.6944584921456282 0.5493416010646291 0.6856308595069803 0.5494082696958743 0.6803608529215888 0.5570661274130424 0.6918824850881786 0.5575194007267663 0.692711266022655 0.5781907254483734 0.729460796300633 0.5950711783620667 0.7734964062700787 0.6073890613781041 0.7818515022985506 0.5805739996240605 0.7752441991212575 0.5704973636887322 0.7639094005145273 0.5636055367792491 0.7433238674042016 0.5498447355353713
0 0.6916099543717386 0.5778517150100899 0.6903212424327566 0.5919938314731932 0.6927441280647729 0.5927396544374167 0.6914728389212099 0.6000817321101931 0.7213608081931822 0.6083539646231134 0.7388800914763607 0.6143654978494709 0.7671245213055649 0.6227504819626164 0.7731224557862564 0.624287455222436 0.7746985709601716 0.619204565561007 0.772564505383603 0.6074115361343883 0.7602972391621914 0.6085847572868174 0.7403550702469965 0.6018274010962362
0 0.6920319227802748 0.6008725045869855 0.6899630145597362 0.6262199064440812 0.6764078864916512 0.629471384101172 0.6775926283863252 0.6480869270744016 0.6878781003642929 0.6382609138274348 0.7325910700273988 0.656046024274557 0.7711541172407914 0.6651326374769652 0.7759493203031842 0.6628966798595094 0.7794572282471093 0.6546964054410879 0.7805265279482165 0.6284226269318866 0.7682086935251653 0.6258682445384127 0.7610077442620723 0.6245796270541318 0.7537053752315972 0.6198570891308591 0.7471820690262674 0.6200144124248491 0.7388800914763607 0.6143654978494709
0 0.6877255456670652 0.639141963148168 0.677660336019281 0.6490357784827915 0.6724577537027422 0.6616637742611632 0.6737450488212099 0.6676280910621292 0.6829786438934893 0.6772758175340371 0.7149672499717066 0.69083472379016 0.7465153313895574 0.7042580258709696 0.7685421311360925 0.7029956613310112 0.7738298438810058 0.6845164781707026 0.7740343836003873 0.667256599131803 0.7550069761403522 0.6632555203224505 0.7333532767853308 0.6596833509765188 0.7330315946877654 0.6561816284498704
0 0.6709241476256398 0.668171937405186 0.6678819959930795 0.6843431400959297 0.6634789909493743 0.6929941501088298 0.6686585704984439 0.7036265544937553 0.7165703107251935 0.7303180271656279 0.7549880024262344 0.7531186438350855 0.7617782287536347 0.7390695470339734 0.7664999045019222 0.7243837001922593 0.7587742118432884 0.7158726132055486 0.7458152857636391 0.7054278241774311 0.7153000631710832 0.6915154964368416 0.6825040399858806 0.6781922264062356 0.6740712415278419 0.6681723316508944
0 0.6696485777544672 0.704899660329251 0.6601363489204952 0.7081044969776119 0.6586854810208775 0.7234743919448382 0.6480947088638161 0.7273155843880929 0.6536984927556725 0.739692498474784 0.6776190371475052 0.7525431819019951 0.7027063652452121 0.7670441731068597 0.7254601259311705 0.7782445487564175 0.7503709732633075 0.7881722128161881 0.758576889610924 0.7561601055376562 0.7557305817893221 0.7530244419109734 0.7161636953221074 0.729870075218959
0 0.6497563483555615 0.731700507684962 0.6432674994773242 0.7342220846992271 0.6437605811575076 0.7621334514360601 0.6510620694733545 0.7689000287210052 0.653713420536842 0.7787541830563063 0.6793316693526654 0.7859945296817713 0.6995041390496579 0.7967231072193508 0.7143017767551851 0.8077338962835591 0.7294002005413126 0.8156094159667928 0.7349521046669104 0.8115082811793856 0.7417608069868551 0.7861673665245615 0.7022997498421263 0.7665962211601905 0.6768233952810339 0.7529438357637539 0.6539459206486079 0.741059806234392
0 0.6529177786703707 0.7791548369180651 0.648479595747264 0.7852127314207719 0.6366859749520829 0.7973988761849883 0.6374455518863089 0.806993482421845 0.6606938726738567 0.8251245987935549 0.7078636249060811 0.8435180229836674 0.7382554292364505 0.8525505716415168 0.7445871603945062 0.8215754740196372 0.7374096817094082 0.8112964254115601 0.7284808447283736 0.8153264159487476 0.7144079017619521 0.8071209924082665 0.6789426428892801 0.7868431354901989
0 0.6359249195964507 0.8087848959628126 0.6342966838784193 0.8321698393937537 0.637725792184396 0.8445229073151356 0.6525413145139052 0.8526341289315043 0.6788487845051515 0.8642828507734395 0.6988092998728913 0.8720411108586682 0.728546765222958 0.8834545250131768 0.7351083353342485 0.8525501773958085 0.7081641153024001 0.8445788788056291 0.6598451683040021 0.82583170459296 0.6384531480820328 0.8095631460124372
0 0.6520816366074357 0.8524926289224816 0.6405718043217166 0.8518546961447546 0.6372995180516405 0.8721512740339232 0.6293433950712095 0.8719616874485737 0.629218794071898 0.8838664091775783 0.6386591887256607 0.8964559675235119 0.6689976348683653 0.9099910933219436 0.699566215648586 0.9194008439219505 0.7229746109991283 0.9240242288719128 0.7307915008833594 0.8928607274018088 0.7264427410801626 0.8844207846653177 0.7023096509905147 0.8769920341916281 0.6791492749014705 0.865343706595401
0 0.6333201259821594 0.8909390441544612 0.6267254477814361 0.8898773998410828 0.6269895775612286 0.905129640964596 0.6089554228335893 0.9086162948938773 0.6107929517223423 0.9259667957417127 0.6679521996347086 0.9425934410475838 0.7076258024772527 0.956742653458433 0.7110924541368809 0.9381198352665189 0.713303490339287 0.9239522961302766 0.6694042502714513 0.9104390452686126 0.6390658041287466 0.8969039194701806
