0 0.22674176206711993 0.2878462625419616 0.2094617367509502 0.33278464849716644 0.23194045557144188 0.3659198899224935 0.306056669295131 0.39943376303756756 0.3694694545102058 0.43277447875087666 0.3996472772028442 0.4197886560521904 0.3926239211839817 0.401062599911227 0.4052312349971324 0.3614153954507784 0.39181179548336603 0.3397311972664588 0.3032592655679805 0.31157892590391484
0 0.4082069821049321 0.3543839602103615 0.39450356882385545 0.4015497552303053 0.41267494263063664 0.4374699812972234 0.46979510480546627 0.44707224716323907 0.5385321117121817 0.45058217829810726 0.5674047440955745 0.439858974793047 0.5961211008309785 0.4368979395070207 0.5788103280541382 0.38169408172228697 0.5636939241451525 0.3582696297923067 0.48354916334787085 0.366108004754455
0 0.5644274158811807 0.4414517751741669 0.6121674697213757 0.43745940181190207 0.6534757019477696 0.4421360745792027 0.6646978455079251 0.4493512284866303 0.7418840165566087 0.4383478412562966 0.7507736539817285 0.48371849116618254 0.7379100107541262 0.5010565834253135 0.6996121120675842 0.5333361290737807 0.6206955503945475 0.51632836334423 0.5781933917541809 0.493254246697854 0.5682686818553675 0.4992953603166353 0.5652422947973625 0.48903632860535945 0.5588090359558714 0.4666969859601078
0 0.7658648588693073 0.4023576904826429 0.7614914403678104 0.42792556258381736 0.7616153128164029 0.48911236585090995 0.7966812471778911 0.4878645299717175 0.8146121898299594 0.4933730933251464 0.8993031109132046 0.49292807812686457 0.9106287617207295 0.49500205568142536 0.9170605833345306 0.4863330095518599 0.9372904878576384 0.4760720615369974 0.9452777926373601 0.45230214766406546 0.9480418185077168 0.3978931483204653 0.9168317664108786 0.3992789938628169 0.8692987270654224 0.39298901451934826 0.8321058638359471 0.3911016049204486 0.7853687754331394 0.3970765881630303
0 0.9390369320001446 0.47738602779238953 0.9170430925886874 0.48202180748153484 0.9082773276121603 0.49783796083874154 0.9115121663925941 0.528823028619101 0.9214558042649408 0.5581015058454619 0.9522853716362978 0.5548943810804102 1.013789964121803 0.5716960904670153 1.0415596001711587 0.5806159186248548 1.0551506685857266 0.589306369445291 1.0701762221730022 0.5837259268049025 1.0924106203431947 0.5464218097758567 1.0910767679624762 0.4935347493341807 1.0226563618903195 0.4887219832073076 1.0083742870081625 0.49363378222277127 0.9725124017040256 0.48261665551591343 0.9498436093431325 0.47415749833646675
0 1.0896036342620188 0.4624540169872164 1.0804202116679127 0.49083226927311746 1.0888910670777494 0.49206649402503366 1.0930020292972138 0.51331711752119 1.0913052375737928 0.5397909136816145 1.1024961465630114 0.5273121263219493 1.1387726161772127 0.540558829115529 1.2003266252748754 0.5584344093497228 1.2431055012206103 0.5666379751404328 1.2537367845672285 0.5530529489345039 1.2532715444910834 0.5067948394469838 1.2075790322447033 0.4987973341955452 1.1689680706308623 0.49167398237322574 1.1379787666337553 0.48171997124056437
0 0.19223508460559957 0.36013441368900184 0.179001518894514 0.3859181917934931 0.1771800995683761 0.4146596986209592 0.19472726272927016 0.4405254738152195 0.24029699980932878 0.4610210689283776 0.301400082519868 0.4887007232896863 0.34800011941130987 0.5102529010341382 0.37307609254953145 0.5372803901393357 0.38454973675180604 0.4991971470330043 0.37010950620875127 0.4804530549637572 0.3757821955751301 0.4456036924860662 0.3587267912737511 0.4285504839492136 0.30287008926354997 0.4014409977542471 0.22941944200010161 0.3650342870485419
0 0.3770971403167791 0.43252204014697665 0.3720431578207166 0.4793750947542103 0.3838521814217575 0.4958581351247208 0.4096083592476221 0.49384834453015464 0.4631505656134545 0.5124624145182638 0.5274394294015654 0.5385990717833263 0.5543849214169938 0.5487408597544519 0.5569199292568698 0.5272903000664007 0.5663810733874468 0.49894969739087514 0.5591676572490484 0.46312926259490156 0.5398458568543695 0.44943644354458545 0.4730380184100723 0.44870228119870514 0.4084805428753854 0.44065579413515715
0 0.5778720682321269 0.49324274589259076 0.5663810733874468 0.49894969739087514 0.5582829735495877 0.5260644534207051 0.5564294878560705 0.5469020897859086 0.5706318555612125 0.5632158661420174 0.5784947274785907 0.5905195071528806 0.6116059851786286 0.6030488556806386 0.6280266494260017 0.604146436856817 0.6459052396095146 0.5993054263971723 0.6961975321630168 0.6036547525570019 0.7207015805232753 0.6021099988491349 0.7306558009720832 0.6110063192079328 0.7372171264140701 0.5984948350351855 0.7454582074464201 0.5785231397086218 0.7417953832343072 0.5467811490016753 0.6994434935991994 0.5326464272545341 0.6216351017110213 0.5180074266874304
0 0.7526022210151966 0.4848384080724073 0.7386390336066833 0.4993793038063525 0.723534631559675 0.5136244266680001 0.7216971790498474 0.5384139982643348 0.7433962903649378 0.5479856180691182 0.7475188070691865 0.5806363049712097 0.7649377047605636 0.5748865983164196 0.7858123127348042 0.5779280807407846 0.8281000696351533 0.5762550615634006 0.866758386149485 0.5791682785182485 0.9006300144556141 0.5824200235018996 0.9096622150027187 0.5326502387165757 0.9023218508535191 0.49363867844846737 0.8155748226029426 0.49563236129964383 0.7963960034027546 0.48908260295259387 0.7607176714954611 0.4900999436506244
0 0.18664387861638482 0.44316780869926514 0.17019246546034833 0.46259071343773966 0.16848196096132206 0.4905714105062091 0.18981757888641426 0.5229459455026351 0.23491159029064745 0.5385809091895165 0.25627795712440316 0.5504349582712894 0.30103922404730166 0.5683523512351603 0.33026714533971957 0.5790856849508805 0.34557866131597703 0.5877913637170243 0.3584340179120908 0.60928292194996 0.37101812784419674 0.5920159376305792 0.38296881518101256 0.5872176823274401 0.3693517705200917 0.5465793712616954 0.37090457809965344 0.5359280346357442 0.3529137556303133 0.5131054984774698 0.30185977501200384 0.4896094194848315 0.23939364800874668 0.4631556117692184
0 0.38716491051013024 0.4975062635006096 0.3723157219434402 0.5465579936834426 0.39463485758756267 0.5965576619946843 0.4044621300255694 0.6022628568813474 0.41459008057753155 0.5977817520287587 0.47179379369676105 0.6197134563468983 0.4872001913164405 0.6237063901229142 0.5280460554643396 0.6319238978124849 0.5546895519070966 0.6238276291459468 0.5756577240660433 0.5937320102032683 0.5667164527862132 0.5535159808677171 0.46372117293270193 0.5126103009544125 0.4099411037289568 0.4915659152531651
0 0.3818436337262074 0.5908738446862739 0.3664693024739072 0.5947847813725207 0.3558829768885251 0.6267815464068799 0.3533159026812698 0.6403282356326684 0.38002484931750125 0.6764640642675711 0.4094906334478319 0.6896277136964297 0.46268406214864 0.706572277730397 0.5061771664222425 0.7210027723498357 0.5150850538759776 0.7248905748462086 0.5223773184741083 0.752046329420923 0.5340741097893218 0.7408658231735142 0.5466582197214278 0.7235988388541333 0.554074797412928 0.6970970061471512 0.562759537753724 0.6740820717846013 0.550458755293168 0.6487864647566831 0.5246384447325448 0.6349885144267238 0.4852665397044752 0.624784350332461 0.4705416642311547 0.6201784932335974 0.4164128173623852 0.5974646015782085 0.40458907803637056 0.6054539823534824 0.39577607222605743 0.5968534348669817
0 0.5697618875867256 0.6016786358220364 0.609783248393775 0.6033660061311888 0.6282484790802247 0.6026248173388241 0.6454455471173787 0.5983967302020269 0.698590876267118 0.6034854885426003 0.7220806579996827 0.6048360874345705 0.7337306672225431 0.6102241318706836 0.7401195800200918 0.6395144292862388 0.7380602978560412 0.6658256204005666 0.7258089324052699 0.680810175442958 0.7158092473228248 0.7169067621445974 0.6971061537984623 0.7152176352238238 0.6542945716712186 0.7001742172815373 0.5936992810038841 0.6852590648087679 0.571128884255591 0.6857258583070882 0.5631083154187484 0.6757515777387432 0.549872114790231 0.644686643089403 0.5397120978708896 0.6412638774797291 0.5449103790201588 0.6299782399526774 0.5558307665455915 0.6241234020182443
0 0.7503718436654234 0.5813757371519533 0.7625443606564625 0.5750558623308212 0.7847820129234209 0.5768714981094906 0.8283379324730661 0.5786853772765389 0.8683592932801154 0.5803727475856912 0.9190003634986421 0.5863915796996625 0.9234729753266309 0.6491361289328116 0.904691033342536 0.6561116822332973 0.855920799459932 0.6616315053621696 0.8056605732738089 0.6651860496646026 0.7630240387084354 0.6651895628878448 0.7418795015289029 0.6518138942880789 0.7421641464591686 0.6376756593176954 0.7344121893689022 0.6096112085478359 0.7417338854169804 0.5878221208309815
0 0.5559763826575139 0.6881151754753417 0.5712558322663922 0.6889169837792228 0.5916547145648072 0.6870978347773112 0.654865178990466 0.700322103717686 0.6969952389713507 0.7159784449828205 0.7170613767884311 0.7164417252578983 0.7342597622843009 0.7406379944980168 0.7476376266485931 0.7504216334737075 0.7537726434245395 0.7733296799449931 0.7448500402458306 0.7939142985944048 0.7311086824915403 0.8069335748103569 0.7186515205702355 0.8273916846018725 0.700756897203033 0.8282807598303861 0.6887567928564324 0.7927988530632156 0.6058770678297865 0.7926366154952985 0.5732094694381946 0.7770640279315545 0.5599906194520827 0.7783753848902611 0.551478291755725 0.7595885376645084 0.5502729443824718 0.7434850238676859 0.5464363900672047 0.7251204583721264
0 0.15594595058028504 0.519694200518984 0.19016635655143865 0.5246154514567768 0.2359418901020307 0.5396374918208104 0.25605612747018003 0.5519565777892824 0.30183166102077214 0.566978618153316 0.331646222816127 0.5818117735363164 0.34110868440541986 0.5818955272377065 0.35927455443663014 0.6197649945615097 0.34768999540724405 0.6586090474268377 0.34385475855069275 0.6686688383081939 0.3246919725341944 0.6660710151922752 0.3180357654487854 0.6832952443551504 0.3124873891757762 0.6644870195511446 0.24819852538766535 0.6383503622860819 0.23085847615602056 0.635435388719613 0.19280151586959993 0.6121495722862605 0.168914856920942 0.5972736617467546 0.16033971394854157 0.5911034299733923 0.1545695080213092 0.5738168246873797 0.1424437731226233 0.5635681488249901 0.13998629628376363 0.5479296719148664
0 0.7258089324052699 0.680810175442958 0.7634837312005713 0.6660982590829901 0.8062311805930563 0.6653339361007514 0.8568241512605141 0.6594969625213287 0.9098264992157625 0.657442660158636 0.9139490159200112 0.6900933470607277 0.9196083070201321 0.7081407621057366 0.9107485191174658 0.7161087653027579 0.8914440693651925 0.7347922378604888 0.878970874260198 0.7512984124208731 0.8556401069058137 0.7610428094633003 0.7851079464320767 0.7696076282397796 0.7533129509324035 0.7724209837498478 0.7472888489835688 0.7487521275195657 0.7361934138962661 0.7395600342884702 0.7159201621499364 0.7161459523856007
0 0.7521877694775985 0.7760771461086818 0.7861382462434601 0.7706642108710735 0.8556401069058137 0.7610428094633003 0.8935220196303644 0.769281694731124 0.9213708634463749 0.7772889398614083 0.928868924515039 0.7989711396869984 0.9294408492930022 0.8275433825000628 0.9187903909728615 0.843732406609897 0.8928297341351792 0.879640108330503 0.8721943064575672 0.907453297996192 0.8652027199733919 0.8701112436822255 0.8132934871055695 0.8606055132238217 0.7919912530065722 0.8645592050665742 0.7679148307710704 0.8591087845073239 0.7301438328736314 0.8501090894805037 0.720712120193002 0.8295048498644606 0.7309028860210067 0.8124071295594811 0.7457694252301021 0.7957316909846952
0 0.13753145436233571 0.589139907758574 0.11461359740773419 0.6163615516796682 0.11342560067688645 0.6326343294908925 0.13893051739858042 0.6810910007058882 0.17776388147478195 0.699051148826265 0.22185965943501118 0.7215334003441151 0.264703307929634 0.7444806887486642 0.2990666950952784 0.7565450003897233 0.30862272086927733 0.7234916527240699 0.3153096768633497 0.6857469376465414 0.3137555518250721 0.6679739178955769 0.24945065485327167 0.6378853253993829 0.22973329470121545 0.6390915510784468 0.1914384715768821 0.6133754189319562
0 0.3257222723455776 0.6671275978235691 0.314976932382015 0.688029366923531 0.3087496688800785 0.7266827781962046 0.329847423967258 0.7566269974794922 0.38785960724364754 0.7811369039469188 0.44710788680195385 0.8012298382965152 0.48078975182123934 0.813907073260422 0.4932469137425441 0.7934489634689063 0.5032639494673946 0.789728668375314 0.5253586205398623 0.7844012434507173 0.5212361038356136 0.7517505565486254 0.5132623170911239 0.7252077252967589 0.5078889883799848 0.7214464316582819 0.4615268143264556 0.7023245696269682 0.4091418557828076 0.687958207742288 0.38059545663674865 0.6766119507037199
0 0.4926763064232966 0.7933010770327575 0.5276410498168518 0.7849927891953121 0.5634302965512568 0.783214638738285 0.5763003688723443 0.7802337758254364 0.5908034146914417 0.786361252442293 0.606479741516413 0.8006883723937098 0.6161479995762393 0.7952985713459757 0.6890895373377672 0.790516423786226 0.7001862898837856 0.8281328733942374 0.6940058084742022 0.8502177339833891 0.6752559328574865 0.8650971577461374 0.6477571841652163 0.8871837749469101 0.6290540906408537 0.8854946480261369 0.5532434830993994 0.8855854281740116 0.5260921946134376 0.8809171949520104 0.5113512859564274 0.8723594026220155 0.4946286261363832 0.8530237648081735
0 0.6737153634860116 0.8626510242437315 0.6913400576479221 0.8514277628398169 0.732375685082665 0.850219780549132 0.7719694197649577 0.8589023251254018 0.7925273164415533 0.8681781720578877 0.8103898734413766 0.8593852263671115 0.8674345721824256 0.8702219347508539 0.8720328145624998 0.9077332530792219 0.8710038322098324 0.9351010268248436 0.8354684814970299 0.9432614282261403 0.8212513980669139 0.9514200730158158 0.7995696373942291 0.9742247448190796 0.7599759027119364 0.9655422002428097 0.7016951076889706 0.9591224639768979 0.6925493573973228 0.952804345767387 0.6736551831274006 0.9321163524499534 0.6705322173258716 0.9210427340938088 0.6638265932306779 0.8979868011863742
0 0.8225701377841659 0.9553878260362149 0.8342669290993794 0.944207319788806 0.8719737942620599 0.9373992738911007 0.8740651427934898 0.9189919532390357 0.8952404288816858 0.9118471359241486 0.9849366928306369 0.9343044966405035 1.021122816781135 0.9460516578310121 1.02957232920145 0.9774551205091554 1.0229321552997308 0.998631284903162 1.015721374078764 1.0196595628610197 1.0072263970248119 1.0332490072433138 0.9100975222006709 1.0333415440028098 0.8723585906706111 1.0322457194382524 0.8445097468546007 1.0242384743079678 0.8331604157456955 1.0086641301326027 0.8273902098184631 0.9913775248465898 0.8107784648255304 0.9712810772737512
0 0.9338896570466242 0.823898325772991 0.8930675969730919 0.8820704240436413 0.8816247016794808 0.8996331812353198 0.8944479919082152 0.9132208690059928 0.9310777751671596 0.9219247911605154 0.9879006442539855 0.9342831190622506 1.0214555612624698 0.9437692285540226 1.0312841511591924 0.9778987798176016 1.0508424969330683 0.9655975582041404 1.0625072218809022 0.9465131814944691 1.0637272849791293 0.9381442741455072 1.07745260954973 0.9211730626984238 1.1017027618883861 0.9132460580462872 1.0933013490191401 0.893698401061538 1.0995619963471714 0.8913732166280427 1.0981348193196951 0.876791322349213 1.086690606567368 0.8659297231639757 1.068415139167762 0.8572454219760849 1.0507912729557614 0.8600267225894968 0.9770290503679134 0.8354433343671707
0 1.0567785262417915 1.3737550348968348 1.1479643593078617 1.3973880087906523 1.2169382586783506 1.4152642326334117 1.2553553371743567 1.44301482628195 1.2512020170055664 1.5131139768291106 1.2297375006585698 1.5188743257917825 1.2103838424617241 1.5267993806332034 1.1474495804602927 1.5007827110346328 1.082470157256511 1.4887946311385345 1.0268102787138105 1.4711337982101655 1.0187884779064946 1.451260862526233 1.0322640419200761 1.4337242256702394 1.0482014359472154 1.3986701812025781
0 1.0089807085893907 1.3384722832288487 1.0377582197591773 1.350584883251658 1.0488769359964658 1.3581207872504955 1.0511672255265592 1.3843126058308641 1.0298671409654667 1.4346428791306893 1.0037540818839243 1.458127520132436 0.9516422199328634 1.4504392745175663 0.9032208448278003 1.4413803938682148 0.8561543528574534 1.4349997756887651 0.8307640495244573 1.4295828318407107 0.8242929128600838 1.4081252282819658 0.8276328649975784 1.4031730753544387 0.8339366651963092 1.341974821868164 0.8967694529768597 1.3419696444865437 0.933067763418421 1.3443958765602015
0 0.6224506027456713 1.2662191759399417 0.6619490397449477 1.2706383529662608 0.7297109997760802 1.2847098054513901 0.778295828310571 1.292647492771694 0.8051808403580629 1.2937976012094619 0.8157402542762326 1.329113896729053 0.8359689898983834 1.3459922155730162 0.8237552968725053 1.3998409991668268 0.8090169773381628 1.411147443855893 0.7267963489322473 1.3944922402994535 0.6411885126895414 1.3711413805682586 0.6382424679236303 1.3075458101170465 0.6149534313235445 1.281729448440234
0 0.5683517302737247 1.2242728205354672 0.5454604840814374 1.213685785853982 0.4878072170705391 1.1991463421437525 0.45121130241061175 1.2136935519264123 0.4251908132095532 1.2185852859456887 0.4111535630922166 1.2370547664208469 0.4164568979009494 1.2605368187317831 0.4111555046103242 1.2789432916078802 0.42872172966233835 1.3021128946143221 0.4637596683677751 1.3251564824226414 0.5256589912710561 1.3435262741175882 0.6314483074366168 1.3721076435904642 0.6401132807143846 1.35457292233798 0.6374015729268447 1.3073278722111432 0.6129447344711181 1.283535959286522
0 0.25434736176418465 1.1394004637404531 0.20214292993264 1.1503051251080534 0.17874157863863738 1.2210348162366371 0.1946023858474324 1.2379446388801312 0.21553219088658898 1.261985993510186 0.26449118197923055 1.2793291032746767 0.405761541439215 1.315942671466448 0.422835464684839 1.3005873292729984 0.4103146096135386 1.278725353701977 0.41694725818923206 1.2571732387446408 0.4092610639699221 1.2260922748358056
0 0.011563044671511036 1.0927669292587459 -0.03697452816368396 1.0964770510407236 -0.058857542893542836 1.1687638113101617 -0.03120057788010122 1.194548669187444 0.022476876334398987 1.21544179304545 0.12842964592938733 1.2429019691892782 0.14356575587152853 1.2468248514955393 0.17243583692179898 1.2403445445358787 0.17988575264463025 1.2131864629333047 0.2007880467979239 1.1476268626381514 0.1918414808424893 1.1371632544639783 0.08644995508472719 1.12381121198643
0 -0.026001462060497693 0.9852924773586486 0.020340332643195458 0.9786861552008655 0.06369270991789688 0.9806135038636556 0.14189594461895982 1.000881729112672 0.1970917353976036 1.023331922111532 0.24623780776932058 1.045377743098116 0.23199179004136827 1.0952091329870735 0.21979978334703054 1.1129932959449909 0.1941770845537707 1.1331143569595952 0.08324982852701224 1.1218182670337689 0.010885603104152985 1.0914277980237947 -0.043680001806428614 1.0586689271576037
0 0.25632854773074804 1.0479929979689568 0.24397308760698266 1.0668983542559218 0.2375038924607168 1.0873292758842104 0.23238958044916702 1.110438459982401 0.24778365521932721 1.1365357671641785 0.2996394938604764 1.1639381130905662 0.414282806100988 1.2215759977200855 0.42568117349783585 1.2152217059585462 0.4492026055581854 1.2155000627727006 0.46671963339279626 1.1851333314898265 0.45547104570156616 1.1528669689261033 0.42906449829841103 1.1381403117592332 0.42791838277431066 1.1041001398755321 0.34777539325165757 1.061221613939193 0.2830264784991646 1.0444403951846313
0 0.4704751792334148 1.0755688345476668 0.439923308189573 1.0816132656955213 0.43329065961387947 1.1031653806528576 0.43152713002810805 1.1390087152154615 0.45678783182290617 1.1532082453172157 0.4704101202387938 1.1837626964553454 0.48896302888494503 1.1987170773252611 0.5585405275503703 1.2163853278103085 0.6183367561241196 1.204648054240921 0.6423485484727519 1.2015628310679327 0.6580203328843639 1.1718814173022996 0.647484546815842 1.1423890263338494 0.6250836609118374 1.1284384116652217 0.6152489442603215 1.106109056482863 0.5396156502489112 1.098142454053839
0 0.6581912361016432 1.170701781565351 0.6452607765850682 1.2011540479690317 0.6202446358102228 1.205142526565164 0.5767524329557416 1.2101602757825625 0.5804212334701989 1.244854261383974 0.6055555134932836 1.269985305543546 0.6201540074478465 1.2656239587346678 0.7322963210295415 1.2865434090105843 0.7803435335764537 1.2861968672157487 0.8018090130850811 1.2766339257739092 0.8066889881182597 1.2371742213513437 0.7967833879178001 1.1973731525155626
0 0.834285039825925 1.2306200962175258 0.807341081402176 1.2303816111017025 0.807546523552504 1.2810199676226397 0.8134158693687226 1.3275056913476515 0.836389185006638 1.3491973617936042 0.8973850461425055 1.341399502307523 0.9350479882627889 1.3432919529914595 1.0077331358120407 1.3362754224782512 1.0289675367587154 1.3294135722742355 1.0271601413506986 1.2839805994506215 1.022329578968106 1.2535016913040142 0.996806834261244 1.243514525208507 0.9023678940485045 1.249389498136529 0.8492695403770546 1.2434965940272804
0 1.0478979774861523 1.2747418255152851 1.028491923149152 1.2921945574201035 1.040590218159258 1.3537840242541561 1.0501809865037324 1.3573938131930312 1.0586891933073312 1.374212393618432 1.1524298779663906 1.3962592907995397 1.2174210844976183 1.4131033052219042 1.2506605971280966 1.4048564104397208 1.2547644499396133 1.3362249790954948 1.2241181444853315 1.3035517624623032 1.1731183088827912 1.2948303983870526 1.133018196517587 1.2923062971622772
0 0.11300153765187831 0.6771777613814652 0.09803827733373915 0.7016249975896018 0.08589063352993204 0.7316379979930033 0.12030126887506043 0.7799354352533662 0.1965393098990444 0.8114389789527415 0.2475081002490589 0.8350116733607361 0.28810190784097733 0.8337878774628141 0.29138759491181765 0.8076958438054279 0.2957408371936065 0.7742810162177003 0.30249458879975655 0.7670502121570464 0.2933683859407023 0.7550128793451062 0.26400783355827856 0.7467125335398057 0.23252504701330956 0.7316444070926268 0.21093083808144725 0.7198300018171727 0.1511550543650031 0.689138735634352 0.14316655189553973 0.6870683255282697 0.12126716250678116 0.6737931025429416
0 0.307043084805367 0.7571752793208759 0.2984453741984875 0.7770545456248469 0.2915127034569971 0.8139460219207857 0.3112910114595867 0.8453247760940364 0.3579603701179733 0.8664014477391158 0.40801361909729905 0.8855916890174881 0.44318547642010364 0.9002342028078338 0.46475162728050906 0.9051327214288083 0.47509739919077193 0.8981420132504434 0.49239102365463006 0.882589083933181 0.5043866536181772 0.8642813305897432 0.4959538331109096 0.8510419813311891 0.4924436814684146 0.8218069217527368 0.4751489042281802 0.812488539240198 0.4216006854184642 0.7923924935404149 0.38674803758828435 0.7826687407871828 0.32601577817034266 0.7620925033228215
0 0.11968819437623246 0.7783119161145541 0.08327409098977862 0.772190471624969 0.07235770057631341 0.7958903104317779 0.059594775910248254 0.8365212851824161 0.1096908036625851 0.8810081435403886 0.16051788117982135 0.8991553902062975 0.18438376286261854 0.9103150027641789 0.2192502091732515 0.9185224364786904 0.23810690308031052 0.9341870354595027 0.2625719224483175 0.94550192877534 0.2718733164144654 0.9072899512227064 0.2712068393577592 0.8905365424939986 0.2866160707444717 0.8530785222739802 0.27519878503973816 0.8418291238874372 0.2476384515200894 0.8346862090214534 0.19439798841914002 0.8117683073310319
0 0.309216337685353 0.8473294453451977 0.28851310952569403 0.8485959823082148 0.2703256593386445 0.909375940447633 0.3001674663623168 0.9477844027881495 0.3339857675567456 0.9631814887251782 0.3670716356546234 0.9750726121585093 0.41393767051232555 0.9905351930248322 0.44700670376732926 0.9982767844654754 0.47008964782495316 0.9934818385415952 0.4841181872329343 0.9697595532776209 0.48193772278615543 0.9633911977592154 0.4734164997818776 0.9578665854020877 0.4709021051409198 0.9281987384214477 0.4733309422358554 0.9072733512428867 0.44625328583294926 0.9010845673818052 0.4089734539386032 0.888106478642781
0 0.03416716897205929 0.8829892782482966 0.025913920122115575 0.9140116035784134 0.012535022927966488 0.9503377655784074 0.05562381506609826 0.9789149583689497 0.12355929463173487 0.9948639835241045 0.14118404348262625 1.0019189570036289 0.20785529163799854 1.0308048668678813 0.22702769756471075 1.0357738511224788 0.234815104140786 1.0079469267801475 0.24070547193563885 0.9846025424035819 0.24784323629788196 0.9441717413252309 0.2384562847857119 0.9317904847186638 0.2226121141475758 0.9210518215203202 0.1830690269237319 0.9108032914952128 0.1598022829261444 0.8997989596952878 0.10622927296266782 0.8834271407383932
0 0.25012332647025387 0.9455917146040019 0.24105485364104023 0.9822059916627429 0.2376943319983676 1.0095221808168746 0.26775222531610005 1.0421834106708106 0.30776115481381244 1.0492365397081327 0.35847177176258155 1.068182636620988 0.4060870745597088 1.0913007119836964 0.4344457972157534 1.088702143128368 0.4485402926635793 1.0517324116393836 0.4524326126199653 1.0079733752724567 0.4444936924580231 0.9984545116805968 0.4147865641773437 0.9932423052815835 0.38314872742969375 0.98421357486296 0.36965198633542595 0.9914930129141389 0.350162485057409 0.9673740691899949 0.30126611600714326 0.953043346543696
0 0.4605371145473453 0.9992964103996721 0.498681291617932 0.9892855691923742 0.5410531021707352 0.9886607572761451 0.6019981809650409 0.9928496488565575 0.6203062417155124 1.020807563057477 0.653358440127642 1.0243996225054326 0.6701679649992633 1.037046547713581 0.6739970955791079 1.0662261059631868 0.6602674333479057 1.0751032445082584 0.6312267821239326 1.0866444468379528 0.6159326279740355 1.0934580426152631 0.602685642859576 1.1032893121652374 0.5449691736282535 1.0982791238807132 0.4698103721543515 1.0721676656447086 0.4530176821256042 1.063670272429248 0.44745847786162696 1.050622999876525 0.4532815062849834 1.0106804875292081
0 0.6780379615406904 1.063534919297228 0.6617948615278703 1.0769381912759255 0.623184842183415 1.090144433471009 0.6166785018604782 1.1091840050969306 0.627297398428816 1.1301748872047856 0.6499650047411938 1.1410239382467544 0.6647727262567102 1.1674020441146788 0.6962807355164146 1.1733781923672553 0.7525770689568784 1.1879687239638919 0.7755439700555903 1.1929826129498293 0.797964444229688 1.19691635362833 0.8341065091683819 1.1872000091429666 0.837414746522771 1.1564602813198113 0.8394606932615186 1.1263319297046026 0.8372559272503738 1.1173137530869068 0.8177740970672478 1.1028792862414887 0.7989641831908221 1.087054747804063 0.7824029827098682 1.0799469330609575 0.7511147103718001 1.0724635201915014 0.7040944070960434 1.0618413067340688 0.6888648556986421 1.0600841073769054
0 0.6266931479841018 0.9639393839204846 0.6141811818980902 0.9786131699776864 0.6100741804955899 0.9954653022128515 0.6198176298816852 1.014335479658496 0.6238879074690994 1.0219912263356177 0.6533997158287757 1.0249250282526752 0.6716928381673861 1.0368956140748706 0.6736431193119288 1.0477738205274096 0.6893996955792974 1.0609729538006445 0.7059191594364435 1.0608538067294344 0.7528973737568045 1.0733436520920407 0.7755693388572816 1.0795339558048611 0.7958116933685662 1.0797510330496343 0.8045443718629745 1.073213197257428 0.8234546245504898 1.0583117255066294 0.8315494506017459 1.0399785279261478 0.829547057454816 0.9938823482667742 0.8196083612551326 0.9828197079606498 0.79920800823128 0.9772181464580897 0.7584578407281594 0.9672854241148624 0.6987841302939595 0.9577917514632345 0.669891025740991 0.9619334645181253
0 0.5158917813465376 0.8777715242650869 0.4928843374241186 0.8799534920149309 0.4756469607490671 0.8964300275374281 0.4719928864365951 0.9274807819921377 0.47295192068162006 0.9568182426537454 0.484642723921905 0.9604299700009168 0.49834319477367 0.9831794490953168 0.5424665542552674 0.9887972846041043 0.6103683398661794 0.9959236392090456 0.6148406520848431 0.9802111807026154 0.6253508687856095 0.961991141932891 0.6751615980408068 0.9615198792853388 0.6779048645666034 0.9337237358648199 0.6700325598272716 0.9188843233274083 0.6650561318773941 0.8931598843583769 0.6631990745295713 0.8909332496000472 0.6477124298789272 0.8834288494007402 0.6301708034356146 0.8870274135389563 0.5553203055559242 0.8856632502315
0 1.1034788185281452 0.5256570593006367 1.1394974778101474 0.5419734871346713 1.1995397433656056 0.5581166440712881 1.269415754813526 0.5756448935967466 1.2720910500675404 0.5932098243033558 1.2690208766828888 0.6232483543819695 1.2535588306409462 0.64251212132732 1.240432388310285 0.6577269907682876 1.212519399986932 0.6516562332025227 1.1132937903662286 0.6259395603059216 1.1035772129629522 0.6327297278792676 1.102956899501606 0.6040618328351353 1.0874229991516662 0.5849096235335464 1.0727073367079176 0.5810957101802369 1.094323484962095 0.5465553605402628 1.0917771721220904 0.5400776422714119
0 0.9252710611108744 0.5568467724075186 0.9177394186733294 0.5845654506746162 0.9209405159900981 0.6075026582207941 0.9294439773565458 0.6329776554843917 0.949543730564687 0.6387687618905971 0.9736145925374389 0.6502433000954609 1.012891477242222 0.662168171666492 1.032313788883005 0.6666201468377465 1.0564663775704706 0.6775340883780867 1.0741596435183867 0.6699023786352526 1.088278620350437 0.6508723014955707 1.1026782191011004 0.6388962911890288 1.1021406031135221 0.6306120620738895 1.1021977312195341 0.6032832982647082 1.087084278367987 0.5842400579160709 1.0712126279934218 0.5853625455905235 1.0572098488915032 0.5916236202988762 1.0401113270371778 0.5802107953476681 1.0141253088515372 0.5728941236001389 0.951303364236757 0.5548669906638127
0 1.1125346220841568 0.6251610257354945 1.1050138228123818 0.6348473936846456 1.103192207239031 0.6413566157530272 1.088617341134116 0.6515418671130462 1.072991841662746 0.6719268273874442 1.079007089054255 0.6845396051665262 1.099013301622858 0.6879793559616848 1.0985475399432774 0.7181111030934849 1.1293101201158424 0.7225932877188649 1.1713430560302995 0.7305782307384644 1.2065789191805818 0.740292219450931 1.2310584147269026 0.7489637743331762 1.240109364487645 0.7437464278004499 1.244009589703312 0.7319581459456858 1.2701580905593264 0.7172093617706508 1.2649827674055496 0.6838702593039554 1.2661614124269602 0.6638135002338174 1.2428733465859283 0.6589414011505215 1.2108376099933607 0.6512203573907159
0 0.8393745120754452 1.1378486850108551 0.9036531125201076 1.1398404901218686 0.988619294859341 1.1344396076461716 1.0397893855525386 1.150890143127574 1.0454871715896379 1.1708606899003853 1.0445038642128415 1.2235364599834107 1.0302814841919707 1.2357933495732552 0.99451345728599 1.2482056377127069 0.9065640043492065 1.2445429970869364 0.849543921373114 1.2386929445827455 0.8338482667708987 1.2282478601551412 0.8206350938850921 1.194212875035327 0.8349729587168977 1.1877253806288894
0 1.0447963909265696 1.1821605867934213 1.0445038642128415 1.2235364599834107 1.032688394836117 1.2389680307544262 1.057871371546985 1.2729166833466812 1.155474366818621 1.295661944070502 1.2056579578312108 1.2959138476447107 1.2236061886292355 1.29418837501003 1.2498750076487006 1.278038705015984 1.2503985039842984 1.248201622192809 1.248310019812148 1.2100349631950147 1.2056019019095932 1.1913135209110204 1.132374553773551 1.1850892804923436
0 1.0315292903216862 1.0894415429333952 1.0879600634652409 1.0862108058306066 1.149281293070621 1.0855229832135185 1.2029597652384953 1.0847675133760764 1.2492264495907337 1.0954831866850954 1.2516473742152843 1.124807949549689 1.2568723993320507 1.1644252358956677 1.2246122034604885 1.179022098310152 1.1768484729711783 1.1851368236037974 1.111187247099109 1.182786678282116 1.0788623018318768 1.181423802263185 1.0518368886524034 1.1699554967201122 1.0397764356734047 1.147698195440891 1.0202534594635049 1.147102380558138 1.0172054394702852 1.1220791190232555
0 1.0015573279795236 1.0325692893554246 1.0210684184115602 1.0529312905482342 1.0273306786241998 1.0985568655513989 1.0117386230550558 1.1136473626172583 0.977929581529886 1.1323068328876749 0.9260179747583548 1.137346537549316 0.8469147345811501 1.1353388847344845 0.8374533122307655 1.1182192119432 0.8197986722477391 1.101526945384631 0.8070085889682703 1.0809936979383963 0.8097349901856827 1.0721345352996836 0.8252374607021596 1.0576585384237829 0.8322520586697257 1.039069552977108 0.8353368000978063 1.02775238957856 0.8434274827986472 1.0247475358491203 0.8718992066999269 1.0295757860395367 0.9103180637510575 1.0350689171347531
0 1.0303983808808326 0.979573434639072 1.0143060678964164 1.0222187541932084 1.0085895296358012 1.0363425190889266 1.021826014663413 1.0534277423281109 1.028014634765999 1.0862423532359056 1.0896996620736048 1.0871118182001742 1.1848849049394596 1.0839843195147079 1.2137638679805185 1.0690363100860425 1.2075356364829344 1.0264580944895705 1.1963064511629384 1.018183448320794 1.1664180731191962 1.009949498513017 1.107835631262631 0.9928157999445076 1.0578486162189884 0.976934476491913
0 1.117875522853451 0.8988598255474857 1.1003033404733822 0.9064972502919743 1.1048461839250772 0.9154773068087039 1.0936467071513296 0.9145253641564356 1.0842977119542079 0.9184420200501734 1.082222719754348 0.9276575750048878 1.075594981254043 0.9254521722707034 1.0665497194701516 0.9348118840410754 1.0626638570886633 0.9489224451384612 1.063575057328353 0.965251612768364 1.0668748860298822 0.980249182492356 1.1092453669925362 0.9931811664338163 1.176501644727519 1.0135382293804416 1.196374957379684 1.0177135364108256 1.2074572274174398 1.0244871052273694 1.2100034877347698 1.0446537059610144 1.21373415943427 1.0617136065695345 1.2306014739493865 1.0538934985803914 1.2568763870296202 1.0392459216153729 1.2653050928628038 1.0341154170347167 1.271393870753394 1.024964796105664 1.2740053823894657 0.9744366044687253 1.2469067672592855 0.9596106841230574 1.1940606693608342 0.9332350230031684 1.179444157149566 0.9231071367911836
0 0.9752898433659434 0.8343734076563379 0.9349879866168858 0.8239282244913969 0.9301647024457983 0.8274974525154714 0.9290899891525748 0.7994505867385322 0.9214091863503835 0.7765763054980305 0.88375162947056 0.7645215522685698 0.9002932825109757 0.7254350446086059 0.9189691655560537 0.7102741146258428 0.9360816101164039 0.710807875595472 0.9928044812720946 0.73818829456096 1.026462328685834 0.7556895295507807 1.0766845709259614 0.7774838207899779 1.088354502092678 0.7902616990154514 1.079565900651772 0.8455286211470727 1.0474537831410964 0.8576662125509226
0 0.9268381675895788 0.632661631529011 0.9231575240650897 0.6388943758014347 0.923788623588732 0.6482979450809433 0.911588049239447 0.6590985505282189 0.9156082033011785 0.6853964821765569 0.9203001252292857 0.7091991836838695 0.9381813387034528 0.7101375228134889 0.9721637320767496 0.7263368708674145 1.0114431013161118 0.7473997244961708 1.052762791877758 0.7671433748736471 1.0654134007934348 0.7722700815398277 1.0699718948647068 0.763184851464227 1.0786728906467533 0.7520932474554275 1.0953537641398419 0.7348564805953909 1.097945891857532 0.7089753266835505 1.0978224733449413 0.687598102582785 1.0572066713044972 0.6785962128452586 1.0325369135724065 0.6661038201149535 1.0117851715252948 0.6607255134026018 0.9720570376085333 0.6500702806495905 0.95198985771877 0.6405345773844553
0 1.100684479509896 0.7289227160004277 1.111665972496269 0.7204983062321036 1.1292005479362022 0.7228753992793496 1.1716665005457938 0.7304136056012092 1.2072580168736256 0.7405049556147496 1.2324593792994887 0.7505043407797048 1.2709833533846786 0.7583213348899905 1.2714631527928701 0.7840211071374491 1.2708468527331354 0.8172394699444024 1.2420703248935143 0.8362237336972042 1.2291218822557177 0.8380696178295258 1.2151984056690974 0.8309931645790399 1.1692600247897382 0.816052770379752 1.1416397675222605 0.8114952151062832 1.0959977794957712 0.8079021625897885 1.0879223366700914 0.8075431466624061 1.0896706696373064 0.7910904820104743 1.0775395386790094 0.7784098137621424 1.0676277375638974 0.7728065631785199 1.0779907605585333 0.7507839292434059 1.0954461132084705 0.7336338129132969
0 1.0878839105496363 0.8082536750730694 1.1421997000768984 0.8126082019900348 1.1698874055530277 0.815617257024971 1.2164802256568303 0.831859764023554 1.2292438826465597 0.8389874008353182 1.2529722551166098 0.8423592578046808 1.273947253892656 0.8467537089751618 1.2726795716105648 0.8679539940500796 1.2710292856119447 0.9060698427539062 1.2474554610839172 0.9284337468917151 1.2203889427774748 0.9426004117293839 1.1976014794117698 0.9363472602232235 1.1799511033918657 0.9234390035641971 1.1187821617086757 0.8982101594181708 1.100372470686949 0.8958695257661414 1.097680819962961 0.87503204262565 1.085955630668963 0.8643539173529443 1.0726483501835216 0.8591688232526868 1.0800157620509525 0.846146974163006
