0 0.3546334876781324 0.44651287506640674 0.3920394712801495 0.4267235545280692 0.4465234968733294 0.415970943563589 0.48287163387333304 0.42230716167157817 0.513539428934364 0.4356739674514742 0.49698449158130187 0.4629321608700239 0.4889894107761057 0.4900298764440633 0.46829806654994044 0.5043595492910222 0.404363022225158 0.5039675156948263 0.37689880074892457 0.5015817733442127 0.35393904369143003 0.4871347709779694
0 0.503324588797895 0.3654081357707482 0.5018199973714321 0.3957526476775957 0.5085118598775243 0.41144032447469686 0.5306197983906892 0.4249676080991034 0.5847380939033956 0.41946170879561545 0.6258337395540665 0.41681988208938936 0.6418192462341339 0.4021105887937672 0.6402391564816652 0.35804215316464183 0.6415345663314368 0.3502091221445209 0.6157296964382026 0.3342715733099146 0.5663897346548253 0.3352348635524615 0.5358520759158127 0.3441902926689393
0 0.640836671741237 0.35753333500738416 0.6432049247852776 0.3997097482440887 0.660082112469875 0.40754658784356623 0.7080452366325821 0.40125016750683606 0.7589788898230976 0.39623779217317684 0.7759252187327383 0.38068537859994195 0.7729414510142356 0.3509226293251296 0.7682295180178649 0.3396806314257536 0.75472152024907 0.33009638805275016 0.7082867548478142 0.32342613640998 0.6757747432285596 0.32755725358953225 0.6549459933489603 0.3343019201620292
0 0.7521215407668753 0.3258556809309459 0.7557759322401565 0.29806740047880825 0.7873910514296696 0.2764918764643937 0.8330004155426405 0.2693209078899324 0.8670459770514348 0.2785775358896632 0.8864566841296526 0.2875471210877343 0.8893749605116621 0.3097384018100376 0.8828005470574998 0.3301427032345431 0.8768354897820296 0.34344774096791375 0.8530412585347464 0.3530167906177368 0.8345714750558143 0.3633983151724826 0.8050882296922878 0.367530067115261 0.7912137612859222 0.3694744209706861 0.7715912633042032 0.3504033716240417 0.7720183363089494 0.3409916965318461
0 0.8519550325539582 0.35566687011614095 0.8562197009029013 0.3649592839210613 0.8611830834881362 0.37415378062534876 0.8799371562355203 0.37906088786267195 0.8923471950400309 0.3886246834828973 0.8988548817487987 0.3994865839493637 0.9252413150677097 0.38919544270293965 0.9560959530970423 0.37733622132067923 0.9712651848282652 0.3770942416205163 0.9871719594970814 0.3593235594565905 0.9858123048315175 0.351036905721722 0.9868425441767277 0.34618297661184433 0.9833888565908528 0.32029347932488356 0.9677789979067819 0.3149457451347123 0.9427553839362817 0.30667864783501825 0.9115530470410638 0.30779936556719595 0.897656328819427 0.30491151861389615 0.8932707248314384 0.3058980602907911 0.8906099034978415 0.30833479939152 0.8841903219409293 0.32995646364669085 0.878580666252803 0.34392934184681695
0 0.9031754164259657 0.29707107479439543 0.933816645150175 0.28942951579215687 0.9667654245616972 0.2933669023744673 0.9696397170582856 0.30151889688771344 0.9615934989786852 0.3126890710411773 0.9434860074709247 0.3059279462933285 0.9132955221725702 0.30867101969631633 0.8979322415434173 0.30487285248608936
0 0.9706853687625363 0.3006284651125125 0.9889262743952144 0.28431014178252245 1.0302411005674772 0.2740569528998598 1.0652381005570855 0.27212808985210507 1.1035750528304318 0.27010311690265637 1.1092507222706032 0.2890209574808641 1.1138517404106691 0.3084613462022858 1.1010271741089355 0.32625231489586937 1.0761792794617864 0.34014900647753193 1.0448403941835873 0.353095600838815 1.0083892487675545 0.3719658886040505 0.9944494477155024 0.3649926555710874 0.9880040392950702 0.34692658064027376 0.9847544183058348 0.3198578563844657 0.9670098383096297 0.3141617164047709
0 0.37749062842470016 0.5070853701774064 0.3663376450092515 0.5111988357693661 0.3544204822130772 0.521795637351076 0.35604445958096065 0.5423971207423458 0.3593113658764569 0.5636185317049759 0.37720082483383244 0.5721636785965148 0.4073720129352745 0.5747368467084657 0.4351701872684801 0.5755171516600878 0.4750171418340727 0.5754591187915014 0.4915477625856681 0.5667662897842226 0.4930600262219076 0.5495510435788064 0.4932778321532145 0.5320921183782359 0.5022585604616827 0.5125550002147364 0.49047682368107753 0.5006034254968469 0.4670762056616644 0.5030325982896761 0.40464204997785913 0.5037054806238138
0 0.39203693102289605 0.5735519309558946 0.3822236356055476 0.584082789542662 0.3667271392591788 0.5922056144321975 0.3658674596521336 0.6074328841213178 0.3664721696534475 0.6325261324542532 0.3826457850084462 0.6417041202060935 0.4048789033805632 0.6449973370284757 0.4312767826645416 0.6445024368226776 0.465466755844496 0.6470355955413524 0.48303542796078736 0.6477780114253702 0.5021062322692207 0.6414431950058251 0.506898163327912 0.6238337369331616 0.5039867173229604 0.608677167273441 0.5009314786901262 0.6004074735957733 0.5094578181637816 0.5909725310400225 0.5044374791918742 0.5751959361530607 0.49421526603639426 0.5674728333085682 0.476270291832005 0.5750232220512402 0.4355027716924519 0.5761585240686354 0.40756809379279807 0.5745798813221776
0 0.38987169341750166 0.6439273511930815 0.37194623563034573 0.6591918959108116 0.37200871184151496 0.6923396128450253 0.37804824493808115 0.7042457281761121 0.4084845722016266 0.7101824037805152 0.4358178008563121 0.7131532806356211 0.4820376167607784 0.7130523274331363 0.502152376924966 0.7093832994975869 0.5060537494546536 0.698209490678415 0.5012603886873843 0.6738013316647349 0.504132442674243 0.6657473513428612 0.4936461157434095 0.6459627456048508 0.4845678645388309 0.6480851284281305 0.4656651821638381 0.6469083842598052 0.43136157691070703 0.6444892458958554
0 0.3976308224883834 0.7100031052862085 0.3820613311994129 0.7308886489536265 0.37513923997660287 0.7441861101225301 0.3811939160535418 0.7684175096948077 0.38824667256772516 0.7729552223026807 0.40378016502691527 0.7758793702445316 0.44085544493627715 0.7770599229922133 0.4994725122958107 0.776496880545726 0.5150561944203148 0.7760133311347741 0.5174803499987043 0.7663217869270246 0.5128839393133342 0.7605896785632341 0.5081900057318538 0.7374428348592238 0.5068472626512855 0.7244534331863219 0.5091227535234115 0.7088315610064306 0.5021855193202288 0.7098037379341432 0.48270141681087614 0.7133843861489918 0.4365147433016727 0.713905777788033
0 0.4012243920123132 0.7758124506907796 0.3875478258326862 0.7883561451808191 0.3856700437037154 0.8090232785993887 0.38906825523470356 0.8356405924876856 0.4205013944824079 0.8348868947653103 0.49072994221142 0.8300004874706283 0.5103109479460461 0.8277780410585431 0.5178364763878932 0.8215072635173176 0.5206380031113681 0.8098999214525243 0.5136655921660942 0.7884475500803451 0.5190426307174411 0.7822170518387378 0.5189827959524967 0.7715323138212323 0.5159988440117741 0.7758626000476999 0.5002058744244134 0.7765109634048107
0 0.40659198368745336 0.8370969532943814 0.39219279526776785 0.8479823088973338 0.3897363687853014 0.8689303727519969 0.3921677874139338 0.887367803796096 0.41520972669485506 0.8943102373544619 0.4575584497000477 0.8930700723860928 0.5232250865499652 0.8898661981622255 0.526984665775966 0.870561166991403 0.5252051156113422 0.8504675364678054 0.5117262318606574 0.8283621282626514 0.4207355319213054 0.8353756987492362
0 0.4088049257792945 0.8949469917412026 0.3967267773706134 0.9104624289394717 0.3957780157803481 0.9257222446317299 0.39893159691915997 0.9508394775143879 0.4185526872252432 0.9540883792330271 0.4684565639625137 0.954397521553604 0.5285434026658665 0.9498891314890757 0.5354600681375771 0.9259687433438822 0.5398511814496164 0.9047495544496179 0.5238461613547772 0.8903007771382313 0.4576909152490948 0.8922690851503035 0.4577722527609751 0.8933009181260756
0 0.4176666813223372 0.9552557747286 0.40491574588719437 0.9771248848052628 0.4037636405172282 0.9898051180580905 0.4081593712656641 1.01579150889276 0.4303060137314187 1.0163392113604701 0.47343907074966707 1.012641859676813 0.5109719952433807 1.0073820339085515 0.536387855125922 1.0022554339221585 0.5294659880333319 0.9839256739812562 0.535281676172243 0.9708526988773288 0.5427067010932056 0.9533812668307117 0.5330251444020467 0.9372639021568122 0.528777540104764 0.9503779354730018 0.46867036702344106 0.9546283672935871
0 0.4250010217796916 1.016039415991621 0.4150609039802842 1.0338633105897195 0.41447874537796336 1.0488109430301145 0.420392600299827 1.0667603490029316 0.43311969625010177 1.0743658705393544 0.46834087164507143 1.0720380897620043 0.5199563412387269 1.0642831347167687 0.5473783503659778 1.0573105477231561 0.5524317914232524 1.0320864226499458 0.543401519011619 1.019268290139386 0.5370885148891654 1.018588140802451 0.5331598906495584 1.0034902212213097 0.47307246776172257 1.0129540429286765
0 0.524395360323584 0.42129346855956634 0.5138976246156152 0.4345143400331431 0.49916028038267507 0.463156385523891 0.5018231830028272 0.4809673142374249 0.5084502285613919 0.5038178212851309 0.552980663434503 0.49645834969057456 0.5902265697676783 0.4845246152144262 0.6094172527673342 0.480436475145668 0.6204272492159181 0.4763757462920668 0.6356656350459353 0.4594132148382231 0.6361374055890511 0.44144275168802216 0.6266162417726913 0.41648002424439506 0.5853519766591222 0.4200247125690615 0.5304783675866283 0.4265956223361298
0 0.5118796724721137 0.5047359998331854 0.5032390611466998 0.5148990611476298 0.4933196477901012 0.5327947300075785 0.49361253866184707 0.5498187678942535 0.49832949724634756 0.5617467340158131 0.500600416578621 0.5692616426930774 0.5076562359818582 0.5682728473563442 0.5182175267996381 0.5718283971851018 0.5348961089363117 0.567812544905652 0.5848227970371345 0.5543814940666679 0.6190867118399197 0.5445441856280754 0.627924254747127 0.5315559718807888 0.6272269081934924 0.517386168642742 0.6312695851366702 0.5047901470584127 0.6268922738737751 0.48386240825385957 0.6098977359530438 0.48120840711447627 0.5902920047531974 0.485354711614807 0.5530242867581825 0.49701174729082837
0 0.5228484919872518 0.5720186848381846 0.5098162171292249 0.5903505869349273 0.5041357856723613 0.5981405234116891 0.5064708867396817 0.6171164117573033 0.5102916873130462 0.6336460519756116 0.5233432673319687 0.636852615214934 0.561538294267789 0.6342975577273156 0.5991543722270031 0.6323831444873099 0.633516126195449 0.6264487014662807 0.6409221854385936 0.6192562036636095 0.640980161031991 0.5907130216770121 0.6425225828809603 0.5703544748310778 0.6475162603024913 0.551190805333325 0.6401332659716586 0.5480291186681542 0.6271814049941049 0.5327790959444417 0.6201243323403958 0.544398774549144 0.5846807079225583 0.5552406726828351
0 0.5132730522182001 0.6368650675720404 0.5040516120404719 0.6636150980360512 0.5014616037979606 0.6760075441098765 0.5068871280796334 0.6995859420525541 0.5290255185538297 0.7062749318310112 0.5746041664457188 0.7015661193745791 0.62984982701996 0.6890682059416999 0.6371025780049904 0.6852542581721245 0.638034273322448 0.6571481449226358 0.6371094708825866 0.6267844001982948 0.600421328489414 0.6324853499927191 0.5615601059296287 0.6345742565274425
0 0.526145692455042 0.7682247098430314 0.5192194897723711 0.7815045812484952 0.5133097225535724 0.7890469011409164 0.5214660909418606 0.8100045576615708 0.5192686926124641 0.8273775821376811 0.5681895377677161 0.8224801530287955 0.6148282444471571 0.8125871866595745 0.6416867266320339 0.8046269343896686 0.6434254534375606 0.7867586767448769 0.6510178517441966 0.7739449562923081 0.6467925954889435 0.7602695507226279 0.6370938052516859 0.7596704410479077 0.6302249515371765 0.7497225721007589 0.5697145343314981 0.7646368159448427
0 0.533620259699175 0.8284436782656108 0.5243776344848432 0.84960156829551 0.5269526638324004 0.8716211434425206 0.5293102031867966 0.8855582889542774 0.5450926273123343 0.8861441107715763 0.5906058402187042 0.8806052019147635 0.656971182175964 0.8601146119949332 0.6620415137265518 0.8392616674806325 0.66114786221636 0.822601575041443 0.6551514749754387 0.8237216580993719 0.6440660776482698 0.818840778701552 0.6403213045787262 0.8059373051006803 0.6152651043091871 0.8128057210281288 0.5680692603149797 0.8236160304450895
0 0.5458024462599788 0.8871636593247253 0.5410381046003827 0.9065749454068189 0.540708423171843 0.9236862299408527 0.545086361059974 0.9392985271114215 0.5509070017557057 0.9465957369204462 0.6185280808318385 0.9287267239229539 0.6693403344254951 0.9078979287701654 0.6714816370372024 0.9031217613786989 0.6690256318919096 0.8905971920833634 0.6722051816293289 0.8803601719789812 0.6720207224415455 0.8700350697269252 0.6662873283931726 0.8638446551184084 0.6575283194907304 0.8591972689471935 0.5906494635423837 0.8811585995150173
0 0.5461781974024313 0.9425025838497998 0.5426054111266613 0.9530744671858815 0.5355695235095558 0.9702862862246953 0.5294952288891054 0.983726527567141 0.5363958601585205 1.002062607165457 0.5371474225541363 1.019581878220814 0.5431656214568973 1.018738493963012 0.6171115159520191 0.9932689966415259 0.6628341328341922 0.9717546806669732 0.6594071954244145 0.9495747355829808 0.6620296078470673 0.9402550585263381 0.664151605297879 0.9139404257988065 0.6196529479796733 0.9296881080445303 0.5511363375176407 0.9468433535047867
0 0.558729928964038 1.0165573277790416 0.5514223355117902 1.0223372493652914 0.5534745116004305 1.0324006116752709 0.5523377986838217 1.0392740406046077 0.5583422719421008 1.0622117942996727 0.6112939482717568 1.0525531566573711 0.6865279840658931 1.032778005275406 0.6838438964091375 1.0093749361277606 0.6804387706611994 0.9874716898438952 0.6634548252587698 0.9876137589215679 0.661140909228053 0.9742300110100651 0.6176574341232476 0.9948710250107151
0 0.6657074267196477 0.4093232926600278 0.6410114321830817 0.4180995179725788 0.6348392983969706 0.4276368938974611 0.6374697968369811 0.4423750535938123 0.6358513474841908 0.45910743382230984 0.6459520869023929 0.47811407538433975 0.6627715049031706 0.48386992775669185 0.7304567657143504 0.47746189442754955 0.7606686643061282 0.4667936540882614 0.7747709638447726 0.4513891099297702 0.7689434903821553 0.40940318009978266 0.7583497953842337 0.40277486125384243 0.7449816329560177 0.3982138862296716 0.6990751835112969 0.404087658318184
0 0.6487913626929707 0.4821922695969356 0.6364365026024467 0.4984709512296445 0.6369356643238158 0.5260967901685022 0.6400678309861395 0.5471990222677731 0.6496351246271228 0.5514533807757162 0.6669244332953083 0.5551850948998208 0.7298036089989206 0.5516886251505647 0.7615111729898083 0.546685648535011 0.7746624720500994 0.5378487522899432 0.7752227424910461 0.5103542010722811 0.766835158465115 0.5050952528692397 0.76230391231887 0.4928615057317669 0.7611030176672142 0.4882739549927539 0.7427773417490247 0.47405676867961155 0.7292334327756188 0.4779130865223942 0.6626076041267548 0.48445240757273206
0 0.6477455960644263 0.5514384219176658 0.6430248777285096 0.5714031056000132 0.6421499047539773 0.5815969201308733 0.6402154996171292 0.591659446940538 0.6420576451047302 0.6230136580022417 0.6604936325825902 0.6279834550480496 0.7038113270352717 0.6238712457653935 0.7539231009491139 0.6154498555444808 0.7747633842312296 0.6083329875323767 0.7747116748901924 0.5837217531791291 0.7704963845280053 0.5781578594604893 0.7710765867550835 0.5668863319449075 0.7639559589915632 0.5617295892472755 0.7622209919374527 0.54770519708816 0.7304916162847254 0.5524314749035867 0.6669680566189877 0.5557384925000747
0 0.6422539500612875 0.6255039472033842 0.6385253490264594 0.6607161471084999 0.6386873699271671 0.6760799921944133 0.6493664316967394 0.699761431142815 0.702339919688235 0.6903794923006404 0.7435287839232191 0.677893195724553 0.7654291259928867 0.66559217379966 0.769581487870499 0.6490642045819809 0.7630865655334446 0.6172430070670675 0.7547531973494945 0.6153335266813357 0.7042918102209812 0.6246431777342019 0.6606245025536284 0.6296436478488113
0 0.6431089311389776 0.6922456869652359 0.6394252066783008 0.7173804012026365 0.6334799021531806 0.7484271602477977 0.6381096140903224 0.7592483311688495 0.6775061623030345 0.7559653827862595 0.7270614255273461 0.7431458939791019 0.7641982735513227 0.7298286655023186 0.7660890553644915 0.7192127410924001 0.7659700311622271 0.7097177352407251 0.7610468017281034 0.6871879680669828 0.7588861939555007 0.6704256701223842 0.7442167912090238 0.678636045477575 0.7032790743978143 0.6916466574381301 0.6500108156588646 0.6999508832955831
0 0.5148160405816948 0.7043496570869142 0.5085666260412908 0.7208917496623289 0.5080842629798732 0.7360661425954742 0.5126796908611652 0.7597608694012971 0.5185987973477935 0.7656455029939006 0.5264516823460339 0.7667830514108239 0.5702934833081044 0.76399617169723 0.6304106639754319 0.7494167910848454 0.6336438029295964 0.7478446804317574 0.63859511027792 0.7174967300657816 0.6431743661244966 0.6930757833656168 0.637571842047162 0.6885455615578616 0.6302318444147726 0.691252714126929 0.5751500846169475 0.7031681477437681 0.5293202893012838 0.7073526448157326
0 0.6482152452474543 0.7599448379415096 0.6520005330165897 0.7737842498062869 0.6429289719403593 0.7878287542218123 0.6424594669161334 0.8046594081157853 0.6448264904208147 0.819495900656961 0.6563113102343677 0.8246722055510309 0.6626699347644756 0.8217852979716636 0.675854900674463 0.8143492843134968 0.6886343927696847 0.8093650730478071 0.7380059798214955 0.7976562297688656 0.7710919865792494 0.7882296311068101 0.7714530133358284 0.7662250565513729 0.7674178593394421 0.7568114568116853 0.7660476184820834 0.7470243988619618 0.7556547340428164 0.7329134790043711 0.7269008768285677 0.7441279543521727 0.6778253912366489 0.7557953022744437
0 0.6767743265716419 0.8146196001900075 0.670695795699061 0.8210597252880784 0.6715200688692768 0.8353140907195623 0.6762087747332259 0.8530185313362244 0.702685396646394 0.8584888800758966 0.7717223779466311 0.8607890064373233 0.7985742462442891 0.8558285231407257 0.8074110548084065 0.8501993456721868 0.8059634572009038 0.8356331690075215 0.8092063536318042 0.823602977564977 0.8037378216558262 0.8111969436797914 0.7889176349460911 0.8092821966914276 0.7828106648176882 0.792574836751164 0.7815818119199335 0.7731880460148863 0.772963748065564 0.7739966094118128 0.7714192095566443 0.7885829376966621 0.7383643243163935 0.79840433830524 0.6884005343447988 0.8101961722975232
0 0.6729356508720495 0.8570696931349756 0.6723718872080876 0.8803001688866511 0.6690356262246782 0.891145954489628 0.6722287110740296 0.9050683570677466 0.6734113287391433 0.920070831035605 0.6992957477325275 0.9256241704886188 0.7410300457749266 0.9233680380734302 0.7816893103326321 0.9188675800491181 0.8024324203274333 0.9123681922067979 0.8053801093856687 0.8927952684236535 0.8039173980630281 0.8742395769370915 0.7919506417717923 0.8591517280232864 0.7718779855341461 0.8627630161699362 0.7021243152441131 0.8589666727357607 0.6744632874913773 0.8536623054227709
0 0.6676146796985434 0.9148957182578381 0.6631544677361181 0.9418655445750838 0.6591326392804159 0.9516099150518339 0.6628859114448211 0.9726387526673591 0.6646607320297188 0.9875582359218766 0.684624015912491 0.986357254811033 0.74418753867064 0.974816777191379 0.7904113820185134 0.9611540758000087 0.7854728099273134 0.9478754473084364 0.7829048376897029 0.9190964005689578 0.7407961873500407 0.9241991373231461 0.7003085381822152 0.9270788922046972 0.67468909913122 0.9210892554484903
0 0.6885044564085893 0.9862126171208369 0.684419490830654 1.0027516114018125 0.6879059948782162 1.0393852017150724 0.7198227095115404 1.034114099301596 0.7904975938732062 1.0230123032177414 0.8154021321088596 1.012337267506658 0.8141430517808288 0.984971447126587 0.8099834117144308 0.9739786396008091 0.8006495529574924 0.965706758227716 0.7893985915688255 0.9596993540839304 0.7430342543485751 0.9753775605645844
0 0.7748971158028217 0.3693732622806416 0.7869127895883794 0.36609274487105425 0.7915561543069145 0.37182864102202656 0.8056445383117159 0.3682576561157445 0.8331197310466609 0.3636089840523282 0.8474259656739832 0.3628016127717045 0.8558252848186045 0.3668136634463903 0.8613720676319536 0.3764145883492473 0.8796672210230211 0.3806365000398919 0.8926787833686747 0.3899896449190276 0.8984905461244126 0.39915427251869123 0.8989698003404145 0.4318184996302385 0.874392485082156 0.4428468419311737 0.8410432865564672 0.4375412825018811 0.8016466786757006 0.4390706501171821 0.7848782678167338 0.4390255784116033 0.7739705372078267 0.4297767679822957 0.7693600821812486 0.40926721838330476 0.7665102281116571 0.3921034095196639 0.7757996398104086 0.38082251872979683
0 0.7834911250697829 0.4404174610345244 0.7740630076731088 0.43854540151913407 0.7747939162908155 0.4516153611110503 0.7596598321443693 0.46850527774927236 0.7599230239123043 0.4832374358406204 0.7624936784115957 0.4892637994882873 0.7669956551705269 0.5045994284258136 0.7752544804427712 0.5106269841897833 0.7804278050460842 0.5154902857343691 0.8516939982403071 0.5118897266344433 0.8854184431504857 0.5067644540274657 0.8971068939586486 0.5031306300280264 0.8967041024055638 0.48282974932869166 0.8963635538874848 0.46331847252240194 0.8867807229905227 0.451888175577128 0.8727092408753133 0.4442802199107654 0.842227692396035 0.43737530107519845 0.8023011246304905 0.4397772632968859
0 0.7788850547116186 0.5149081586246771 0.7750330534713423 0.5382002813532074 0.7645441222178851 0.5456576387478608 0.7653061523530951 0.5591224002862996 0.7720844703258798 0.5653574328336223 0.7716932161390249 0.5793829777452665 0.7749654459129742 0.5829160436437858 0.7859203058417491 0.588964943144242 0.8433168597409184 0.5841147548789859 0.8867192882750223 0.5764357296623089 0.9002163634472669 0.5653635077720977 0.899797564091817 0.5486573399481367 0.8958575628223937 0.5252596906534758 0.884062421921038 0.5085511385969096 0.8519589781826961 0.51145342933125
0 0.7860136703942582 0.5901493489838098 0.7781754326519177 0.58565950564926 0.7753228963206451 0.591248379877431 0.7743234314116412 0.6089516283777903 0.7653461289751469 0.6165963109356128 0.7716842752667545 0.6552252547179722 0.7836216982149414 0.6547498462907138 0.7877511108510635 0.6577636241726986 0.8506491064181679 0.6505458163446095 0.8853089850278905 0.6420961467387686 0.9011748718792706 0.6306919619951921 0.899806419196366 0.6057364486509274 0.8976732541165703 0.5900688568600356 0.8844438411483957 0.5779520983552419 0.8427557783386376 0.5845925475388498
0 0.7678971993231654 0.656554298247736 0.7645609383397558 0.6674000838507127 0.7612237832691194 0.6858300971509598 0.7674232238628043 0.7113060906280618 0.7859211141612548 0.7143021011224681 0.8318319541596443 0.7118598356604128 0.865447026714949 0.7091448700892413 0.8968809107833631 0.7015464513533004 0.897647411354708 0.6770900744053862 0.8951247802625116 0.6602795721315973 0.8839529637984427 0.6438828313082122 0.8512724308554547 0.6508576275777909 0.7890600027606434 0.6591768505321062 0.7828578799052774 0.6564535401468161
0 0.768700994254881 0.712324515040947 0.7669234914083024 0.7201577148782414 0.7641794333446768 0.7309205097678767 0.7620595938055652 0.7344108881934228 0.7669981658967653 0.747689516684995 0.7727930267629112 0.7680330848573033 0.7908703295314577 0.7694913829222898 0.8320124246540732 0.7673182412204423 0.8945520757262795 0.7593523248559788 0.8958485361824022 0.7340233533016781 0.8931854112178288 0.7192283561171728 0.8849586015503144 0.7060113746024553 0.8656026343024639 0.7111188798218543 0.8322836632070512 0.7137923500363549 0.7860144787137637 0.7154865069620359
0 0.7858677262307978 0.7705916059322134 0.7821250973453954 0.7914734216249376 0.7901331623031618 0.8095110172112676 0.8037689431733293 0.811591745626314 0.8115440437934367 0.8228762127650892 0.825819156903256 0.8216740395379428 0.8718224673669275 0.828000407612726 0.8812665925659668 0.8262777542527422 0.9185593687099869 0.8246440521876134 0.9206809964235525 0.8059852183675261 0.9142770307480308 0.7969035814812039 0.9075778576998439 0.7802792122542815 0.8956742385308413 0.7583967395362509 0.8324018906664741 0.7684611517033394
0 0.8249619740410833 0.8221933275544773 0.810297394918863 0.8222525902987267 0.8073194784303515 0.8338464844380779 0.8076760347507954 0.8497630483689935 0.798543124726786 0.8554337211942031 0.7950361424407237 0.8603159822426701 0.8051018039025959 0.874073595510409 0.8114897617757526 0.8867499452721054 0.8607973176181034 0.8894199534946597 0.922369519386036 0.8919678598798075 0.9259556465966964 0.8766962621517411 0.9254585964038755 0.8627952033101088 0.9204106519578015 0.8519268818543427 0.9081958176137688 0.8260963896710863 0.8823105045331575 0.8281272779153431 0.8712613859646465 0.8284782002725898
0 0.8132352490176012 0.8861061711855589 0.8059100692704466 0.891922673817267 0.8024946633624392 0.913157796099843 0.7852736493688385 0.9187644377155926 0.7860650128470973 0.9477924565950951 0.7917985247654642 0.9597621931770876 0.803376709131526 0.966122903910725 0.8250072294187759 0.9670832576956636 0.8529652527186308 0.9647619019547123 0.9165497098452549 0.951061281555579 0.9167853564445949 0.935061726911322 0.9145285993820144 0.9102306996370695 0.9041517227451124 0.8925250669041046 0.8611556621130014 0.8901680620310342
0 0.921273113575615 0.9388236133296815 0.9281616979905007 0.9350641111439275 0.9355624463133453 0.9491951826217022 0.9408131276668024 0.9588376028812299 0.9439741969114237 0.9799494312100968 0.9431303395899349 0.9996266894430687 0.9053538387937778 1.0065173028830035 0.8533182326901665 1.0110153766747103 0.818737499005042 1.009075709600952 0.8145778589386438 0.9980829020751741 0.8144391532407209 0.9849299517699164 0.8122748666434223 0.968867558032502 0.82477337099389 0.9679143569453794 0.8526691512587388 0.9648033973113829 0.9171419127650388 0.9509782908422376
0 0.8979605862396347 0.4000268671250777 0.8990009218579175 0.432213301576761 0.8769640336686745 0.44128897788157 0.8844119113113871 0.4522201384304933 0.8965662907948678 0.46209257132616344 0.8977168928552516 0.48428447104477 0.9100437818158392 0.4849519731004086 0.9634371973233522 0.46349875934471685 1.0038341642003497 0.43668191553178604 1.0107867798246957 0.4185435618445361 1.0030614907861373 0.3813065006850977 0.9840185268877707 0.3751935699751814 0.971379528664926 0.3781622761515875 0.9571515448749747 0.3761645384498824 0.9246106117171368 0.38870805732744795
0 0.99843323978274 0.3795601193560219 1.0074105422192345 0.3719154367981994 1.0453444387773603 0.3518303776963367 1.0773554120504203 0.3401594534251577 1.0973347037355576 0.33536375943894 1.1152715126317274 0.3388375625932101 1.122017814999782 0.35226202089128095 1.1251006334070324 0.37617895820247654 1.115841449138557 0.39543887863613686 1.0758810775938286 0.4201987220031134 1.0258532564127738 0.4463694074968923 1.0117337508904694 0.44954559045665166 1.0043169947652597 0.43900923185425084 1.0106462859523186 0.4205590669338197 1.0035603291534119 0.3800391041321886
0 0.8979036219602695 0.4866532827239056 0.8973718739010376 0.5026943327248333 0.8848573617482048 0.5072422466873298 0.8962470288347948 0.5264026011363728 0.900155908586715 0.5494054484845112 0.9008565897741458 0.5544963784326343 0.9355635977037362 0.542846797897942 0.9770035824606977 0.5254637054448829 0.9974665987979718 0.5154111000838594 1.0101224989104085 0.5012634533348087 1.013459653981045 0.48283344003456147 1.0117621901462912 0.472693075494986 1.0041587049160636 0.45978790521344987 0.986908357579414 0.4498312894881354 0.9637644203007473 0.4638520659345687 0.9094515788960553 0.48503496381374994
0 1.0104871020158956 0.448921967990289 1.0046575432833387 0.4585205086605406 1.0118244331812973 0.4734826793880313 1.0146440598206128 0.4826674586078788 1.0095302959906247 0.50134644404815 1.0032801497281638 0.5094072722889816 1.002469202098632 0.5143108770739355 1.0094182413740695 0.526509434175768 1.023318108099399 0.5357380929848917 1.0309545030215839 0.5338696098184094 1.0463215515056885 0.523732821627742 1.0649306023334673 0.5091500696918008 1.076713311781366 0.4991164238346586 1.0943869289096009 0.4878580688975809 1.1056396784727218 0.47869701764682526 1.1188566599874394 0.46407157823791073 1.126557086119084 0.44782424356993245 1.1098082594113903 0.4138475481998974 1.1003952557298537 0.4159650035064037 1.0905154292857726 0.41216042961507093 1.0765355235486185 0.4209053351828172 1.02591549944778 0.44715901138993747
0 0.9897208315209132 0.5196898902861479 1.0095898567639496 0.5248887310330069 1.024268655514081 0.5364032108079247 1.0302360258573335 0.5475418481402016 1.0330378565198302 0.5754897956299643 1.0186213554504069 0.5862917016436647 0.9951039599617042 0.595574854731827 0.963529582020913 0.6051887785570518 0.9222149774211906 0.6165668510989307 0.9081114797012513 0.6161483211833161 0.9012246834608196 0.604739367974529 0.8982343355188511 0.5895910642001718 0.8873737342298122 0.5771423428420126 0.9009641739545657 0.5672545267913692 0.9022277247187316 0.5566992086850872 0.9353919823138563 0.5444675010407031 0.9777202714504936 0.5269599225176317
0 1.1021638177041626 0.48397408064181496 1.115066901782169 0.4881533048594862 1.1275333905279068 0.49438952952311177 1.13485588801338 0.5113257099832152 1.1339346739417475 0.5262238495012459 1.1328729659977377 0.54313749410856 1.0851027959664903 0.5865549791793211 1.0455149885445707 0.6236366736018394 1.0259127314183774 0.6028330801572458 1.0181225170831318 0.587559098196574 1.034191140841895 0.5749290122567591 1.0309376011319915 0.5450485503910539 1.0272296701130004 0.5359882572412181 1.0337127807131203 0.5346805574479412 1.0767444332988692 0.4995112257811813
0 1.1075931813775943 0.5642433618559134 1.134272540198145 0.5684878093993474 1.1396005783017462 0.5829093483738167 1.1455510467554073 0.6052269262787379 1.1334873495627544 0.6192915823144473 1.091001664664148 0.6499936064994466 1.03190317649409 0.6826245687114804 1.0209180891350393 0.6685966395672308 1.0072689827241876 0.6473579409357467 1.0210310378388212 0.6358494217423423 1.0262212643317263 0.6295337827142834 1.0215645740725072 0.6046399163468734 1.0260060959708863 0.6040174859968136 1.0463099283717376 0.6223277816922596 1.0853677759088796 0.5861186818761279
0 1.0035352947110554 0.5923974796557651 1.0154878313743803 0.5959115860504031 1.0212062295776092 0.6038918078104989 1.0262212643317263 0.6295337827142834 1.0203765918840313 0.6351428085626385 0.9988998910098423 0.651324919904854 0.9555739251386552 0.6713672915337433 0.9161604153682966 0.6840755997216889 0.8994240201140598 0.6768411022653621 0.8950314157100027 0.6590951662920296 0.8924927768154411 0.6458793768936146 0.9003799320521038 0.6320008539047719 0.9006155786514437 0.6160012992605148 0.9083142166086342 0.6149224199870776 0.9218566329262927 0.6158187425625562 0.963529582020913 0.6051887785570518
0 0.8973824314123191 0.6775263717085793 0.897909709035416 0.6994064601940045 0.886921939414684 0.7081312141415669 0.8930137958279489 0.7208490592599338 0.8951158393902414 0.7361218491043031 0.9062254128193042 0.7517289860346429 0.9745483873914267 0.7297802122315087 1.026368825134198 0.6997658417223317 1.0242214404264915 0.6725245074122728 1.015947501439109 0.6625074368264067 1.0029208253783175 0.6491647771253743 0.9535323364369147 0.6720525609769606 0.9158954354259077 0.6845118970248821
0 1.0244552988513775 0.671693408162557 1.026072723674306 0.6998073370790024 1.010082350752914 0.7096323140364885 1.0145532059943423 0.7245731410274924 1.0270819377750857 0.7315989695841632 1.0302439011069342 0.7451265702157593 1.0827027770021305 0.7194135257616603 1.1127975417306888 0.7024228510225182 1.1379368324784553 0.6833324883644488 1.1458391014302558 0.6734434801975024 1.1399197544940982 0.6515207042391039 1.1324878846537505 0.6369948308148067 1.1177770702988892 0.6326697767906366 1.0919833335963331 0.6510535262690024 1.0325265009313769 0.6829363799446616
0 0.9022987370905651 0.7474893069564197 0.8971858673478039 0.7585840646994203 0.907608979217347 0.7806740142008041 0.9151342136102035 0.7963842934646693 0.92368914034234 0.8023703538719681 0.9540942261587012 0.7969119262953227 0.9838911012529137 0.7951312023073925 0.998384959072481 0.7891084150086335 1.0351184419886743 0.7727840502088276 1.03030614414194 0.7459161741088045 1.0276741406948697 0.731515978870822 1.0133688001547743 0.7247391224541749 1.0071835791890007 0.7108368714962404 0.9743456504840438 0.731006113427747 0.9065526357966993 0.7520822926244949
0 1.030695610154341 0.7470590845917017 1.03583513097847 0.7742802672815766 1.0204529687792268 0.7804275406503473 1.0299424351236801 0.7906734317560534 1.040148590457929 0.8024155399345085 1.0749338492248908 0.7879608504174875 1.105667052105874 0.7752715017334234 1.1305875981438924 0.761001753146966 1.155025313617001 0.7444046882380441 1.1493247113905911 0.7176612982080329 1.1422974212777823 0.7082678500885294 1.1242058988813248 0.6952358095043758 1.11270417717818 0.7012384451829504 1.0827961415546394 0.7205979316012282
0 0.9182348279942729 0.8015380625059496 0.9211327054709595 0.8079177327434683 0.9184971256749809 0.8238544482945681 0.9097074464307315 0.8262837148342558 0.9204728949928075 0.8527164857473881 0.9255208394388814 0.8635848072031541 0.9623930280529975 0.8604133927086055 1.0221601818057564 0.840062786195443 1.0416104076933428 0.8285554591183412 1.0393385369156243 0.7997349170221918 1.0209829286640049 0.7795549460439609 0.998447202107487 0.7898980189016788 0.9836261213105248 0.7955674996105856 0.9543903276185932 0.796870430938652 0.9230658159050531 0.802058542638787
0 1.04053805647033 0.8035584504174058 1.0422337321306299 0.8288672703515224 1.0232512230928155 0.8387123989291926 1.0288913704586733 0.8494977296716172 1.0372426661961995 0.8642939189724251 1.0396577131079763 0.868346272887479 1.093160500970363 0.8444827520959812 1.1356141702642395 0.8209701536617297 1.153007693734947 0.8061585812059485 1.154988827576136 0.7895152524751449 1.1496928050772648 0.7679042877499276 1.1363228982367135 0.7578030343344174 1.105308707610976 0.7745233931970489 1.0752299506847827 0.7879193550608168
0 1.0395954700729702 0.867556668994434 1.0376454577492844 0.8845947996717599 1.0262059790811455 0.89138703924338 1.0377343518656583 0.9237003439976806 1.044512669838443 0.9299353765450036 1.0773497044561728 0.9173503623107675 1.120255082797456 0.8957702782524583 1.163456562598631 0.8741486988374785 1.1596259336840817 0.8483407425070112 1.1541885232256068 0.8363295105683481 1.1362374947015261 0.8212819648949109 1.0934254809127522 0.8440464547927878
0 1.0472522574659335 0.9570937201417212 1.061980867797614 0.942655605895976 1.076991359961275 0.9166022537743929 1.120551184257348 0.8957287828957877 1.1476066835496161 0.8819581707056808 1.151922825290756 0.8873407602668012 1.1580920384541649 0.9048377241001101 1.157809262534957 0.9240371896732186 1.152010825319903 0.9340305322899926 1.1176923893154864 0.9544072510048528 1.0879097338491848 0.9677617175119502 1.049369414743364 0.9763560248079869 1.0353761834655257 0.9659429601592956
0 1.0760719340640963 0.9163319378978821 1.0614820294303389 0.943923002448885 1.034160656108455 0.9657141396394556 1.017328214040028 0.9800479194353727 0.9893701907401733 0.9823692751763241 0.9615215397951924 0.9822803238814695 0.9448313797735965 0.979430143193562 0.9410781076091914 0.9584013055780364 0.9350324864285675 0.9500677772280888 0.9352992545454104 0.9344630245303542 0.9668273972535606 0.9204647839367105 0.9959867282825752 0.9067985061964317 1.0253487962189727 0.8919063272599147 1.0377654733831614 0.9240951459442034 1.044543791355946 0.9303301784915261
0 0.9255830824738875 0.8643744110961992 0.9268750724938751 0.8769665780282517 0.922431762421042 0.8927574637728526 0.9116476237949199 0.892672088826906 0.9105708021357721 0.9055962186123235 0.9144352348295053 0.9090462937975016 0.9168475994796009 0.9358513308043671 0.9205564245858191 0.9373273962569323 0.9284577994503928 0.9350226157872568 0.9363902958324692 0.9331126372641038 0.9673884786558415 0.9199869912768466 0.9962205867074612 0.9059674069467158 1.0258787561037508 0.8910337326535281 1.0370221333119978 0.8842829884385788 1.040452652935143 0.8670373809778994 1.0239056690476054 0.8394190121088965 0.9629852309727815 0.8603304019952641
