0 0.3010753303090582 0.09318992147429965 0.27852254679158195 0.11278571027442068 0.2888117080547747 0.14697114296160874 0.3175536986811661 0.18470456486294792 0.38296758372161765 0.20430806966013038 0.43072355245192107 0.2181112800052588 0.4512439830110127 0.2294731842836153 0.4756496587990641 0.21922945434369126 0.4812640388862665 0.16216787447877734 0.4646952290559493 0.1462527756434555 0.4111347473262963 0.12765070099509548 0.3555167382647001 0.10513068826949261
0 0.47928500408474517 0.20634730175035174 0.5184789915490531 0.19238100793047241 0.5584437894611014 0.17258606973907195 0.6438189769089286 0.218414561536852 0.7049519225038163 0.28687585398600685 0.7064226738862591 0.30009991139901904 0.6960294952587252 0.3251301113973741 0.6794622100318848 0.3238107548630265 0.6521698742392877 0.33542384647099727 0.5479465934692261 0.2568319024229701 0.4978012254687569 0.22701300214456224 0.4745138285617976 0.24729463338866434
0 0.8138724600768341 0.3202103279498272 0.7993265051236798 0.3279517114202625 0.75326456853927 0.3548987161268031 0.7915822035880198 0.39138095706301373 0.8111649102997371 0.42345856686927985 0.8126733833439141 0.44613556465572635 0.855801440180822 0.46571915662803276 0.8989672186794643 0.4947556889737735 0.9085549144044776 0.495292677575454 0.9247872784861416 0.4553227976518162 0.9153805680524147 0.42907179941243556 0.8699339814583785 0.36859117135079517
0 0.8450988652420313 0.34214712213404236 0.867357498483019 0.3199065218513188 0.9079829910645589 0.2951156027700431 0.9645920421303927 0.31014164416083306 1.0286226704145247 0.3372151418586809 1.0318236510011185 0.3860466123958221 1.0022173592618238 0.40054989481738196 0.975733555578701 0.41578728242726576 0.9485860080191331 0.4068291663250762 0.9036237046137328 0.4108537939141838 0.8664072273474692 0.3660449181615146
0 1.0339173753913191 0.38482174854552476 1.0946384319140854 0.3784921814888516 1.1344961632548387 0.38872139138104567 1.1319273032968633 0.4130154533864408 1.133545892119289 0.4348597876912414 1.1118378377695444 0.45293707056573557 1.0662148396946522 0.4619576790447184 1.0434749724719823 0.4488845082786425 1.0049386304702121 0.42866333660669803 0.9829333766370254 0.41490432339664113 1.0021072434835752 0.40138255829902775
0 1.065259994748672 0.4643088484519912 1.1112133401583097 0.45279024952807073 1.1756829069519594 0.4619373509983608 1.1784796214838162 0.5089566735345453 1.1549357959621025 0.5360464336694792 1.1237501616655932 0.5527540644606471 1.0627349548663378 0.5564388200347178 1.0559740723175315 0.5393953828377847 1.038230185984737 0.5274967803730274 1.0627665781141649 0.507508791204255
0 0.9484758922408845 0.4076618298067221 0.9079589908341164 0.41702434310537756 0.9247872784861416 0.4553227976518162 0.916893614907022 0.4955360241018048 0.9634367854731138 0.5039027904440636 0.9949558163113227 0.5138886538099067 1.028752606037972 0.526127128289701 1.0627665781141649 0.507508791204255 1.0644514626391977 0.46068455245007806 1.041821711194776 0.4467787182023564 0.9828232608587768 0.415736986878287
0 0.7716798217658942 0.4639715338085053 0.7961076227205506 0.45941195042235305 0.8151351767305943 0.4518656507339256 0.8599526919029657 0.46841223085497824 0.9335740651190647 0.5252142017564552 0.9215306744212783 0.5773300962804726 0.9001152457445454 0.5834564483365948 0.8532024815784969 0.5535389897648652 0.7805390025153316 0.5235773340580641
0 0.9085187173462204 0.500435479502994 0.916893614907022 0.4955360241018048 0.9615632926394106 0.5034623273310691 1.056488454150517 0.5403748673570953 1.0604209989196405 0.5593290108483068 1.0551716386219643 0.5941540560397687 1.0126349315449867 0.6090515716346157 0.9527932766447327 0.5941240885371476 0.9271149558641307 0.583794287546996 0.9265251307076767 0.5639089222808168 0.9343086785085477 0.5245283593124741
0 1.0617749913161938 0.5564112166006128 1.1144378593248376 0.5524356528453334 1.168182029766375 0.5712048279154526 1.167894692293611 0.6120291318763376 1.1565239365505708 0.6284387041260806 1.1284730064120527 0.6395636613987107 1.0444327304811143 0.6334361898348239 1.0399998472739016 0.6283048215098518 1.028393170291428 0.6194422824347449 1.025009225013099 0.6063791506351254 1.0566177131658492 0.5954090536842954
0 1.045424200915445 0.6336692871523536 1.1288813301351446 0.6403411903470295 1.1665584168919638 0.66078519931187 1.164492905538206 0.7073252285612105 1.1194420990274359 0.7233133725175667 1.0379679106763984 0.7171076639579502 1.0218971962349466 0.6840235651565368 1.036826720244463 0.6793551641273052 1.0391844100799625 0.6383360745119256
0 1.0366267942657728 0.7195184877986364 1.1215124513901713 0.7231185868630723 1.1599475078463768 0.7416962036180156 1.1599822928548758 0.795545327715485 1.1118397195475183 0.8039912795061827 1.0310660334013142 0.8040840395288461 1.0112354144624516 0.7878357822795405 1.0147330844776417 0.7729828815960943 1.0361359000575854 0.7657471827347178
0 1.1143183956333456 0.8045740228000069 1.1552908059221756 0.8271558329553091 1.1510962644588854 0.8704691977526099 1.1262233023587833 0.8768890560026327 1.0644336437057376 0.8841711348753413 1.0198773621598884 0.8886895165917506 1.0181554455212027 0.8746540701893178 1.0052351756231357 0.8525336136600972 1.0268714919380242 0.8473974043261471 1.031474357124406 0.8048615684771651
0 1.022268626751642 0.8899332401751288 1.1407744466447287 0.8789470065277056 1.1455007185859278 0.9011856253853505 1.1486823173810778 0.9312394590588781 1.1218850921591113 0.9406145727803761 1.093484516044298 0.9543834512112218 1.0098262505936644 0.9762885607891655 0.9990062770578534 0.9614771991080732 0.99573726676863 0.9320843457240997 1.014340494033728 0.9228273943310259
0 0.9979872831284904 0.9769128430853437 0.9988051408269187 0.9900542118806926 0.9734077097623749 1.0004399518680391 0.9758588623531703 1.0166914364566635 0.9972640984376029 1.03262835939271 1.0005905762213794 1.0538563519845061 1.008318782960603 1.0611255214999404 1.084976867371879 1.0225809696940427 1.1324751957167112 0.9880853776301763 1.131657338018283 0.9749440088348272 1.1222060043881292 0.9420530820182487 1.0922308111277466 0.956133294762354 1.0093305153764986 0.9761720121304004
0 1.0098059886120994 1.0614751674762348 1.086143160794357 1.0214921064324642 1.1179301026919881 1.0439589815986612 1.1174655217265879 1.062932624341231 1.1198005290760333 1.0839275196154978 1.085277517619332 1.109206085618985 1.0454163537629164 1.1168728947917044 0.989605461715377 1.1330574380722143 0.984268519567907 1.1270319921401588 0.9661274527637198 1.0941426789932394 0.9993979695561137 1.0822002674395959 1.0012036669321391 1.0608158008563402
0 0.9780275184801798 1.1201124686010189 0.971641638403826 1.1220187861436102 0.9750579481861649 1.1657584202432762 0.9789963064284567 1.182359550808195 0.9808068448134601 1.2073203278197855 1.0418085897675988 1.194400760654351 1.1058721575188035 1.1815195051519514 1.113130942283649 1.1614170738151088 1.1108833464282775 1.139761198251288 1.1120484295985111 1.1270860240909986 1.084694370908093 1.109750517249774 1.0467287364262654 1.118544501347107 0.9918219033189832 1.1356231222347006
0 0.9789699931856695 1.2096146030017068 1.0711431688221897 1.1890298403332116 1.0961346966681307 1.2010391931949693 1.1065750802281262 1.2109905955316547 1.1033408549474015 1.2354468662451503 1.105151393332405 1.2604076432567408 1.0621122614375729 1.2727795514520677 0.9777235497825844 1.2808823119451083 0.951242395780658 1.2453506913096326 0.952582301939039 1.2313535565702352 0.9817121140059619 1.2198007163255808
0 0.9755657859257751 1.2817380778891567 1.0784415796045121 1.2691217766886849 1.0950642865054374 1.2825712524579747 1.1062051722702666 1.2988211233769398 1.098481806540021 1.3378971974563518 1.0918923697282437 1.3452079059741395 0.9681657529290367 1.345425283003865 0.9586593723088193 1.3438718387768862 0.9400525142869878 1.3183698574738256 0.9779594710220179 1.306154423269958
0 0.9264165945439704 0.5866074176474542 0.9072876880621858 0.58824393987914 0.9094778164230046 0.6180646762351377 0.8960965963162709 0.6496767951446214 0.8924528370602098 0.6617692260110869 0.9063633671403635 0.6725364689591258 1.0029143789940331 0.6884205572052031 1.036826720244463 0.6793551641273052 1.038920965345497 0.6287327044818759 1.027401699857097 0.6192091851172151 1.0140743164881825 0.6078975105383871
0 0.9058388981759218 0.6765023506964494 0.8995703735931625 0.6852515684521102 0.8929857777903631 0.7389075205647441 0.8933378442711466 0.7594362212039515 0.9556843363926442 0.7788647628939653 1.0168908483344508 0.7721271156520461 1.0375356942150082 0.7667578090005662 1.0347887323857374 0.7102264520818459 1.021723583499044 0.6969318366343561 0.9714208258303882 0.6830609325716792
0 0.9095809611962568 0.7680257376288339 0.8905681999558221 0.7649188491748774 0.8889684798197092 0.8040715465803601 0.8729313401345118 0.8132502609777043 0.8753824927253072 0.8295017455663286 0.8918603206376062 0.8517770624173494 0.954876160712172 0.8584138812883086 0.9960209734846601 0.85650110906708 1.0279503738664286 0.8469695213541226 1.0316779138598298 0.7994571775019685 0.985894240640216 0.7784703505759984 0.9569093075619195 0.7811973497389219
0 0.9566256008458892 0.8567805863959416 0.8905479379742571 0.8501054558619469 0.8834914996925907 0.8532171853248814 0.878099510555057 0.8785292219824257 0.8638704887503741 0.8894960915939372 0.861947435880754 0.9040376579641238 0.8732655651382193 0.942138190101404 0.9167729087551849 0.945551571859642 0.9443281036765379 0.9343100659282472 0.9607747773370716 0.9374951913779332 1.0155067874562063 0.9217385310694478 1.0216268022936057 0.8870562216993835 1.0190595044614603 0.8755481477964016 0.989547681914233 0.8590684068992255
0 0.9153731145977622 0.9445409455937935 0.8644297427233147 0.9393793339540828 0.8684267787124038 0.9594019146255363 0.8374014372708927 0.9698275799455772 0.8455391779854526 0.9894605893080417 0.8572656309660097 1.0283386503936407 0.9388547543061528 1.0182146373689032 0.970987711423345 1.0032786586807494 0.9979010818866614 0.9891601342736092 0.9960007115030951 0.9416877157541493 0.9766670380336426 0.9371423180623202 0.9611244233133662 0.9348512702197175 0.9416746046025632 0.9350492832135308
0 0.8571782194719362 1.0289996306831946 0.8588414583638242 1.0396136269790928 0.8384887909650087 1.050503873264534 0.8400071508682703 1.069943710642163 0.8550564508758703 1.095290831623424 0.8576536927075366 1.1143027860290289 0.9283366412700397 1.1016147025114646 0.964727658606297 1.093132052727391 0.9979107639046174 1.0818506214633015 1.0009114884503973 1.055294861222379 0.9985178033541549 1.0308785158415776 0.9751296264010602 1.014475398270472 0.9687425360724621 1.004795404914352 0.9393504895233183 1.018331186027668
0 0.9518684869595161 1.0976056681021278 0.9571479616124333 1.1117959748263606 0.9737407245138379 1.1177415700930275 0.9747370359571468 1.1643199110054032 0.9204420833083802 1.1767716698661195 0.8265781452849397 1.2024111775335162 0.8263434342977506 1.1887253771073778 0.811090577554727 1.1687826471013134 0.804789688467958 1.146855362556928 0.8488490245443974 1.1306341212830422 0.8511217233903119 1.1134486337546396
0 0.8253244403683878 1.204161021084648 0.9727540950884849 1.1638537163703437 0.9808044243089713 1.1841477060223622 0.9821204377290539 1.2205782452738994 0.9508328618053217 1.2329868514626021 0.8983172932897933 1.2513091959335738 0.8537622219961886 1.2674138885486947 0.8394146344456666 1.2599515470484255 0.8242192451971958 1.2318439562501842
0 0.9515034200106346 1.2317814395422593 0.8502046639819567 1.267259028226895 0.8449575538330494 1.2837452238027083 0.80877130348446 1.298409793510297 0.818016659874701 1.3135324895046487 0.84478757185388 1.3314124279766624 0.8899569441104893 1.333853495132087 0.9133139668118185 1.3311664213018581 0.9414810421916867 1.3152980533435856 0.9766470883586688 1.3044828167145555 0.9782779627465472 1.2844203107104075 0.9508340720575663 1.2445731623613139
0 0.7835709953293319 0.5287438865924724 0.7336555421902786 0.5393618666906773 0.7327004481553956 0.5519785416413402 0.7646552731130128 0.615136492395795 0.8583870851605686 0.6481119060544088 0.8963791603962703 0.6494343313776657 0.9102946219296666 0.6170358373546457 0.9079515261926339 0.5889001262227485 0.9018055722303322 0.5841259910090021 0.852353839764493 0.553475728357938 0.7959840574653207 0.5292842265642207
0 0.7519372140372708 0.616902450556663 0.7472586236438489 0.6333997291171506 0.7334626271928064 0.64061947027903 0.7440056044746518 0.6606953795992901 0.7410592713742401 0.7018555543542093 0.7500346270481478 0.714904501282271 0.8362567578616436 0.739931559381661 0.8660690031603442 0.7464648962401479 0.8920541158033845 0.7387816432797026 0.8984991547538279 0.6846516019419467 0.8818720674621473 0.6674257089841151 0.8574102503888419 0.6474066488760829 0.7866946325825552 0.6265008136802562
0 0.7424639464261372 0.7074174053495704 0.7176804590633308 0.7248951784613538 0.7370968448509942 0.756093663686315 0.7299373311594065 0.7886536966578488 0.7370810160657624 0.7993696099762121 0.805191178104434 0.8130044852280373 0.8594836029552196 0.8205371695127534 0.8723027646345356 0.8126121711725478 0.8895172605043635 0.8038181245334602 0.89032692589747 0.7626312143014587 0.8773631801408934 0.7500713885630237 0.8655400602765997 0.74776734260245 0.8371725932454195 0.7410980761865101 0.7823704325541851 0.7239335367849913 0.748467850004726 0.7159629500927706
0 0.7338455148108292 0.7995601365738505 0.7211283002996028 0.8094115059374164 0.7152890324060863 0.8185018949964498 0.7243296102905247 0.8715166383114781 0.7275459045021623 0.8822604131929447 0.7366023111718323 0.8919992102180759 0.8138072939667653 0.8935042795368225 0.8632556481745408 0.8918128973770946 0.8779666354448434 0.8776742618173664 0.882072801480834 0.8358355653612032 0.8724064009316572 0.8307093646013044 0.8583237700196411 0.8212156912139972 0.8066359563719545 0.8128685556705845 0.7462184737311947 0.805798257098413
0 0.7326949720849256 0.8891781815047722 0.7198758104056098 0.8971031798449776 0.7084404276058636 0.9053535082542532 0.701138018966047 0.9335995395525427 0.6954015428051362 0.9527017108376344 0.7081630833545653 0.9775796169347443 0.7907602867195485 0.9760720048565275 0.8646670797425657 0.9620580379940398 0.8644815478851658 0.9391855832655155 0.8628094454155905 0.9059760162418624 0.843069700209394 0.8961035418313207 0.8160049610620213 0.8930697553873813
0 0.6926548812183243 0.9572875716257849 0.6697640640110204 0.9766371187207432 0.6769486966975152 0.9897406626889903 0.6751195596235111 1.011663862687386 0.697770602101592 1.0345864101120106 0.7017598367487768 1.042182700125082 0.7107142962503571 1.0499951261268528 0.7707248347832738 1.0574453518082798 0.8085740150707468 1.054453775458292 0.8398502456802635 1.0499168812802209 0.8592624086453473 1.0406883104916922 0.8464983344023704 0.9915541707864883 0.8297283521624611 0.9700142761554122 0.7911672308273916 0.9756920777472717 0.7090789187383413 0.9787461337395934
0 0.684684857569114 1.0229491036266223 0.6741862063254714 1.0376024697670376 0.6992438776220835 1.1124557023051305 0.7335550934084176 1.1362171842934916 0.7541897778260627 1.1420196545825918 0.7671526790181233 1.1464940691183287 0.8059586424695114 1.147056640223074 0.8494431963143213 1.1311219327673323 0.8532243138027469 1.0944384247201924 0.8403407744774165 1.070483037876129 0.8235916884098347 1.054179664171344 0.7716406701670498 1.0586118686131292 0.7100633545907113 1.0522200917422013 0.702716619912692 1.045736847579815
0 0.7219759710959266 1.1320680998268249 0.7117622651842257 1.1472640581110314 0.7063516821353959 1.1692964521897977 0.6681548679989985 1.156035873617122 0.6686036044514967 1.166128988360448 0.6603268947335011 1.2179259960885054 0.6650088633849868 1.23377036233881 0.7348078012429817 1.2454242695270892 0.8219423891821895 1.2392761996205366 0.8262524495543597 1.2012902452110945 0.8261087100416149 1.1888908323351524 0.8110483997933562 1.170606490566821 0.7985517529680572 1.1491200668899089 0.7691673479495273 1.1474433238484572 0.75394578027426 1.1438646930886847
0 0.6984635540464638 1.2397332454904029 0.6967756227916566 1.2497996247566467 0.6919549820145219 1.2700683128465877 0.6895969020567732 1.2932939592072856 0.6918363614966843 1.3033324769104262 0.731884053443929 1.3079917876136957 0.7895531853688451 1.3034771245686214 0.8441480734658362 1.2844472771126272 0.8500474961827873 1.2668102172243727 0.8382034801461662 1.2592696503375078 0.8255839899804501 1.2306203347109443 0.8222883339020821 1.2393575321378043 0.7350927465749233 1.2459668616708803
0 0.6961952861276792 0.32417542830522766 0.7119010736962561 0.32380860637364645 0.7523224966458615 0.35360825999518236 0.7919757062381227 0.3925056910666121 0.8114564223549696 0.4260806164950955 0.8070172546664566 0.44649322508815104 0.7957292752242641 0.4594966684261999 0.7566262985293746 0.46248133753764203 0.692061862434274 0.4212066062408555 0.6631047100386088 0.40338061934206904 0.6518869879389977 0.37638753884865467 0.6499480514443284 0.3417176397642681 0.6553317236019334 0.337184363782117 0.6793728220823929 0.32311991834317694
0 0.663030333591897 0.4039430323954614 0.6301291699684424 0.39620788193743617 0.6150469619679163 0.42803586330397914 0.6131142041294426 0.452517130386699 0.6242331008921156 0.4835462708494758 0.6666881665691979 0.5045456528079649 0.7031635187389487 0.5247190874812264 0.7146522381831153 0.5332191072880059 0.7373555903987952 0.5391366245046465 0.7748202257139601 0.5288079871788015 0.7787876560559435 0.5053849761275526 0.7699265611369156 0.4737268525360696 0.7573955416627516 0.46324208778226583
0 0.6268882636355785 0.48649010323235536 0.6053759643433195 0.4814325048559542 0.595205691153869 0.5057168077821528 0.6029979776006077 0.5191467779535461 0.598311231681733 0.5447202726227489 0.603895643841312 0.5616904597854261 0.6683846737136685 0.5936690764410874 0.7216346219242851 0.6317038426028573 0.7439905407966325 0.6369597781704899 0.7582535781072963 0.6014598126967455 0.7330396969374467 0.5520395262123696 0.7026673325021926 0.5251823319390031 0.6676061625959984 0.5041815769458039
0 0.6062777496881542 0.5634102974659052 0.5909937719096215 0.5638762879931022 0.5810965556167917 0.589384585621701 0.5854888850769172 0.595636326249621 0.5779228172984116 0.6100947000016037 0.5824425400898319 0.6482708445222621 0.6585690422997785 0.687624654877918 0.7005034728498785 0.7125609282101539 0.7138027056813868 0.7139479155140638 0.7307983715103231 0.7104049524533593 0.742059842510224 0.6811581006422452 0.7429014025382474 0.6616393824444412 0.7221308081610411 0.6312405981450806 0.6676154305802917 0.5929083261964635
0 0.5923428457107596 0.6523381299772163 0.5717740211115601 0.6533013365172019 0.5618013985959858 0.6695135195046756 0.565005764460788 0.7044809243759093 0.5721031842208617 0.7165877312492864 0.5775143945967909 0.7381563914347185 0.6545344439433114 0.7806197728441834 0.6998433528137658 0.8063493949413448 0.7195940364991357 0.8115727319886755 0.7377256788148447 0.7566858154330447 0.7101806491306708 0.7183154528252852 0.6585690422997785 0.687624654877918
0 0.5805169906835864 0.7417618054666061 0.5588834767162281 0.7639309693645728 0.5654847102395457 0.7765010206957267 0.5646197310973285 0.8093519135040186 0.5779454723711285 0.8269823092809937 0.6381919554528155 0.861442886896468 0.7194790004802318 0.8979506604301498 0.7249349895324835 0.8731379160055709 0.7169653821979644 0.8248723080788615 0.7105129015680702 0.8111774306409228 0.7008856528437633 0.8083341398883692 0.6533933185763758 0.7826710878665214
0 0.5689132352205158 0.8196397141013009 0.5478248052703665 0.834398339709551 0.5355689022448882 0.8448546250471832 0.5402098397114079 0.8558040072934737 0.5319509647983025 0.8886562731364757 0.5413561139585067 0.9030453307437242 0.6241317176961911 0.9381633709040761 0.69244045479314 0.9577023303097909 0.7087361050552482 0.9035435654784819 0.6935743717278475 0.8866413214258287 0.6367033967425474 0.8628326202697979
0 0.5404381179317064 0.9034094066058852 0.5299682794033433 0.9102263063566177 0.5149074309649461 0.9090050577236375 0.4981104455859187 0.9143344285401346 0.4966728442081686 0.92849392347056 0.5013637092311738 0.9423545395794282 0.5094035739082743 0.9506236236746743 0.5112681339562317 0.9858559358124532 0.5269505024106148 0.9988212884913598 0.5795789306052457 1.0251119506072035 0.6071442900755156 1.020574555520922 0.6260269052905705 1.0290732022929914 0.6567701221833511 1.0432598036048784 0.6687020109796906 1.01880976200775 0.6765890036592372 0.98876956143171 0.6541800679023065 0.9510268089179467 0.6244791510395237 0.9388249525530842
0 0.664757999751901 1.0289005984485113 0.6730464724353958 1.041867324162128 0.7012650092441061 1.114610080067427 0.7220834716257325 1.1282030428403296 0.7119121686602493 1.1426288180720103 0.7059355444810153 1.171378453870336 0.6692869905276146 1.1558034922198293 0.6303052285078248 1.1315613990569033 0.5725641255001445 1.0913109522365758 0.5327122354579743 1.0506271134093532 0.5231807227425078 1.0141721796038838 0.532285276787767 1.001235306341149 0.579628858161731 1.0280231844697811 0.6084097194456484 1.020872061307769 0.6246870994737259 1.0293381095595366 0.6575393653167279 1.044020553849502
0 0.5402559138983187 1.059359441962376 0.5273540419666283 1.0615452701700518 0.5321192834363453 1.0748434732255279 0.520339236861527 1.1277442717994244 0.492425414271892 1.1217615575421795 0.49215441692733647 1.140254618228815 0.4935462098527317 1.1626180002138826 0.49032357375389873 1.1902754084257254 0.5014658896307654 1.2079723742780144 0.5708158969816792 1.2196375509362358 0.6151048951602971 1.2201917257813675 0.6611555089458041 1.2205801619555696 0.6684199518333322 1.1689373296390855 0.6661111926571693 1.1567965512106966 0.6308014147445808 1.1310981545991268 0.5729859352901887 1.0914101208321914
0 0.5183382812325371 1.2119391181026429 0.5086896729461016 1.2421450573496122 0.5164840189449056 1.2752920829100411 0.5481941296449391 1.282167314527827 0.624441846529985 1.2942943626091148 0.6900200146607267 1.3015933749908246 0.6908106173562321 1.2693048952359252 0.6966395184180751 1.2515386132389026 0.6890459124212454 1.2398950508233018 0.6639360054684966 1.2357313428421524 0.660659322709048 1.2210434064133462 0.5715107636683442 1.220960714234252
0 0.4974433496899432 0.22873679435103267 0.4733778023192574 0.24627488670594275 0.47524236236721484 0.2815071988437217 0.48541881421286104 0.31637406208462954 0.5485191404879199 0.3555648798387761 0.6029356927317313 0.3979332117567557 0.6336269225159612 0.3894915238170295 0.6518084923881555 0.3375158411239762 0.6310144788967555 0.32044923143510345 0.5476652231475054 0.2567812657023674
0 0.29648868784521054 0.1861310158607102 0.27907121222623005 0.1895748103257986 0.2699911070711971 0.19903803667256362 0.26160689837886186 0.21968295401186252 0.266771560300462 0.2562710279679596 0.287392372008212 0.2779361106795872 0.3384069077133448 0.2934091576650581 0.3784044613208407 0.3033925873019428 0.40812982707385004 0.3121207967508352 0.4500367194056259 0.31095513391548774 0.46338382024155444 0.29553629969293965 0.4666574136729055 0.2806486530381923 0.4670995532490458 0.23784006393976706 0.45531332801803204 0.23158969634655716 0.4508221732209684 0.22937401568799962 0.42858952857578547 0.21660837323503457 0.38037890850753914 0.20295433252565853 0.32092817700152043 0.1854979136278736
0 0.2328311859751075 0.27612671564646313 0.2769459525940429 0.27142083581983195 0.2852833230579906 0.2774402677015086 0.3865431513348795 0.3076256114278263 0.4078567701772294 0.31089680204843456 0.426343054268499 0.3256811610034358 0.4265437942704731 0.3471846241482642 0.43078840061320767 0.36441971857748673 0.426175001365012 0.3795722724987793 0.4128788578616014 0.4077608682784227 0.3298312270033288 0.381277361110188 0.24613865701487653 0.3563819245065149 0.2249727612899176 0.342127380084604 0.22638385422537627 0.3117244766811132
0 0.45370973328886 0.3193573581613615 0.48450081818606067 0.31673813794679045 0.6021420007081281 0.40064610842810194 0.6156164948753516 0.4171516780982924 0.6119221214299889 0.4417986838519417 0.6036876954071098 0.47117730277897363 0.5694477557428431 0.4735655872820113 0.5181825524792506 0.4336778432891346 0.45148564831973464 0.4052394436247573 0.4345846887236062 0.3653122359380281 0.4392215070859957 0.3368275074062477
0 0.43749154880156127 0.40252929302283125 0.5210608445628488 0.4349344365118369 0.5731696674065299 0.47502051769594517 0.5954043716037779 0.5075032155379456 0.6049582736574056 0.5207674470384094 0.585138362405487 0.5653991615170598 0.5415432011375013 0.5563096222754267 0.4574267618069396 0.5115979616871023 0.42372984660781654 0.48685865251138766 0.41871496735567265 0.4590042801430237 0.42359833417239123 0.4155001378405783
0 0.21782850330145626 0.35668492243220246 0.2458656001182558 0.3551579298041143 0.33136971327008236 0.3827988615994357 0.42034815985523405 0.4170556098848379 0.41869051846544625 0.46247792705899365 0.4135564840902682 0.4815673723540331 0.40259148910118175 0.4987060442570601 0.36261941415994486 0.49510749539872306 0.29917268431758604 0.46511362369008613 0.22498202927421096 0.4308541293352636 0.20691652519695303 0.4063104112813603
0 0.39356234127866685 0.5209390321609205 0.41058142622179694 0.5040638944897285 0.42727958626388596 0.5027705836425941 0.4458636659160612 0.5036603549337152 0.544272740327676 0.5586910416049137 0.5707234828733018 0.5724483700140358 0.581518365406836 0.5894837542173167 0.587821063367274 0.5944449300675224 0.5780715701918351 0.6089698738948189 0.5800339258006982 0.6303075983687177 0.5709548504216979 0.6496293524100004 0.5474333572921883 0.6498983787806761 0.4397454972756317 0.6025445107004497 0.4133946098429767 0.5946096500164829 0.4036909251198928 0.5726117169282862 0.40125683216450003 0.548263589996194
0 0.21820862374327588 0.43274107872138234 0.2103684692921169 0.43611693007644675 0.20089203301329872 0.45186586860614386 0.19556137774027682 0.4888859615344258 0.20871288745439426 0.501256302639638 0.21434722717045873 0.521137723664893 0.24201450130576463 0.5421398516928022 0.3022854332776781 0.5731267823923064 0.3444175145016544 0.5899909357858173 0.3893779602527436 0.605200448539453 0.4019802668455218 0.5855472171563111 0.40150749972295957 0.5726782870035999 0.4016786419545444 0.5483627585918097 0.3910314825384011 0.5203440205872262 0.3615526652397209 0.4965963973676688 0.2996688705543421 0.4646503792323095
0 0.39280339590561597 0.618763558861474 0.4149585747759893 0.6025160312842782 0.44269816580594173 0.6032386908697597 0.5467140417152969 0.6520488623986299 0.5565399708895128 0.6566785609069766 0.5604615927791411 0.669778426771221 0.5652788213574087 0.7057049190783097 0.5717068530970765 0.7228734434322183 0.5668214267282926 0.7466605303456282 0.5300251496575011 0.7420689224964239 0.4704001865917999 0.7193524489268762 0.4070777607526382 0.6917073980274244 0.386828831278447 0.667230250048835
0 0.1959384088539987 0.5353665347400525 0.18465042941180615 0.5483699780781013 0.17656578605838325 0.5864822985928662 0.18401063916178956 0.5992506871152513 0.19788249422883092 0.6193290722970275 0.22830375644453788 0.639238972738454 0.2616522085242959 0.6534581725706426 0.32023487155999963 0.6741899011931661 0.3462882532058075 0.6843744140907025 0.3798577750736356 0.6771893193736785 0.3898538167034037 0.6476449617757171 0.389453366475488 0.6144965631805782 0.3817110075852346 0.6039778268717626 0.28670291993626573 0.565983897438555 0.22333056654061867 0.5354276126765258
0 0.386956224609742 0.6991546539415735 0.37296418464363373 0.7161615587286829 0.3732658095346113 0.7533460172931843 0.39378676612939056 0.7691886322796565 0.4577796097649908 0.8016304933930943 0.518298119967266 0.8274565380164515 0.5498095502173908 0.8325453618784442 0.5567551277559432 0.816201411775053 0.5657577671361664 0.7777250153981271 0.5407690748585173 0.7463345451426097 0.4713181826186002 0.7189883730647152 0.3985172609485552 0.6873752053059251
0 0.2197432566404549 0.6349067800169546 0.19594870661432456 0.6339518116852296 0.16679596309684824 0.6439150001142036 0.15920956553224652 0.7012811315602271 0.1699799991755544 0.7217901626794783 0.22866251732422888 0.7483443590271571 0.29649951707464794 0.7648729159746784 0.32617495527117196 0.7706898915609934 0.3599930851453944 0.7682024384623398 0.3715765108223689 0.733232287521686 0.3688438823040964 0.7012752851086458 0.36000929582736013 0.6858605699902279 0.3456433140756278 0.685962484655264 0.2626945085542934 0.6554429175176669
0 0.17206665878761462 0.745476707962562 0.14663891626192294 0.7864704098890232 0.14927477899532243 0.8421805276604614 0.18927233260281828 0.852163957297346 0.26591638061164957 0.858005293195702 0.3082950102899551 0.859850032818548 0.3362332817698165 0.8623591001598223 0.35024977062615104 0.8418785484567429 0.36081534516335445 0.8014500056530945 0.3589029171109767 0.7830235150417734 0.34580133495334475 0.7735644077991388 0.22824070753418457 0.7482451904315414 0.19144443046339304 0.7436535825823372
0 0.39874965827298386 0.7744147153964075 0.36398908348173464 0.7807398912731919 0.360243752703854 0.7926171354697459 0.362353831430108 0.8029715061423421 0.3491830217059272 0.8433674504256885 0.35206234356555804 0.8544825713429086 0.3588367788725257 0.8624541496513077 0.40503820510352134 0.8814348151077604 0.47605203250041844 0.9068288407589323 0.48848319686161185 0.9114911377875808 0.5156766740983229 0.9097658079682615 0.530315712746676 0.9108878880056258 0.5325215274817703 0.8876306156253065 0.5414008926348292 0.8566639261337133 0.5190673631006428 0.8282172882610751 0.4582014195550351 0.8017296619887101
0 0.1472666149341043 0.8573656801020558 0.13151295936110718 0.8745383235600949 0.12300856576970509 0.9322685308682793 0.12884055615964596 0.9440778319548097 0.1715931276235756 0.9628275616997289 0.2437215719451168 0.9699268638554974 0.3220518293380926 0.9663063464417982 0.3188250741351293 0.9545296438755703 0.3228393427055003 0.9044422836033458 0.32770134996009026 0.8939873713004237 0.31941081772453017 0.8613035901977716 0.2667600001917382 0.8582036303869334 0.1868902267559761 0.8504441196168671 0.16232643359646903 0.8487284010405184
0 0.36521385327967537 0.8668529124481209 0.3330839923416627 0.8795955676237549 0.3280487833034228 0.8946489529494319 0.32135078399523204 0.9058320169766759 0.31959431726850607 0.955290394120194 0.3301905193521313 0.9705393705676822 0.3733893494963316 0.9859146219922473 0.4087969229698256 0.997718430939937 0.5063582586972215 1.013116669641833 0.5052904800009651 1.0047470439162611 0.5119630006428968 0.9871790991104694 0.5088330112248063 0.9516492811858432 0.5016367661277945 0.9435785342818285 0.4888306302049443 0.9121527194365889
0 0.14251270100074587 0.9525112816862751 0.12442789691342448 0.9807338490209304 0.11497693930086528 1.002867668329175 0.11336716591549767 1.0314841639768733 0.11766067003868497 1.0417719645741554 0.1776330664477187 1.0651500197927115 0.24579202087521135 1.0759552776106933 0.3213693199638187 1.0832855154779948 0.3339940158947581 1.0404415817898476 0.33192768606879386 0.9738472788127227 0.242084260341425 0.9724414233356123 0.17333029434023806 0.9661354699447694
0 0.3624966714018918 0.9827738254528467 0.34560189046195894 1.0019977839332237 0.34692136649270755 1.0446406343607195 0.39801336797264997 1.089126851376351 0.4909368555616238 1.1231512909155097 0.4927972965054509 1.118949492275218 0.5213316093350392 1.1268177828838708 0.5313999678594539 1.0769939568434816 0.5258654832563602 1.0629350035433818 0.5214445858018778 1.0207227990533612 0.5098305325784815 1.0000154307428788 0.5062594333602833 1.0171527296111955 0.40842504073626673 1.000530496206899
0 0.11334477657733644 1.0546748662818786 0.09784178856279879 1.0962622067473236 0.0943491848954428 1.152271203340319 0.1427829343038246 1.164238004889518 0.22550552115692585 1.166869228103739 0.30403548877584324 1.1748936461403507 0.3083524120132244 1.1718492721271454 0.311326440105663 1.139494222296932 0.3103309783040531 1.1108451281289322 0.31171762234928535 1.0839158716414115 0.1755739450539826 1.0675654106772106 0.13877663820715858 1.0531152751334885
0 0.3437211197320358 1.0491073402675566 0.3272471188061146 1.0585719396490316 0.32179112975386304 1.0833846840736105 0.31315728327910086 1.0894734321000212 0.312914853928902 1.1439269566487573 0.35621250941004046 1.1552661481039603 0.42615958788671365 1.1821490757240778 0.4881666567992571 1.2065853869741046 0.49168885823700237 1.1963953819377278 0.4888594639338569 1.1881914948830854 0.49367051385592886 1.164966821023068 0.48761230479775486 1.125269176013162 0.39836080131598245 1.089788433025359
0 0.32202146752622646 1.1507071387750578 0.3162424940208688 1.1713846546346585 0.32959268418489507 1.1855414034956637 0.3331200345028033 1.2246440369318756 0.35922334370509656 1.2377397836919897 0.42284327533110544 1.2631351823778714 0.488943108364862 1.2763558310803527 0.5067527960034974 1.2271922136542612 0.5014169918503126 1.2149196681099543 0.4918386409064585 1.2051290835254609 0.42658139767675796 1.1822482443196936 0.3571305054368408 1.1549020722417989
0 0.1193602665112532 1.1604709712908312 0.1063137607902695 1.2032157363833627 0.1186481593665899 1.2316311487704092 0.20697857749346416 1.2379003845368195 0.3264230649706452 1.245685628653637 0.33369059718627114 1.2236183794207065 0.32951830773818325 1.186103816549056 0.31103099387088107 1.161460929899537 0.30840233956970975 1.1747605059897228 0.22416571534008123 1.167134135370284
