0 0.19216103504577814 0.40364034101216784 0.185490099034672 0.4533513871722201 0.21425246001710574 0.4762759210152036 0.29247902885592914 0.479432752260571 0.36043188836329987 0.48659649844502234 0.3864435683891477 0.4624139058175531 0.37562087290798746 0.44724399669899834 0.3789835165007277 0.4044144907374653 0.3613955581798333 0.3889090747606401 0.2705391569916281 0.396507262603974
0 0.3802873930815437 0.3965302634361671 0.37752521170886116 0.44697712460119493 0.40277912619957634 0.4742440802415326 0.45950898207908175 0.4611596805050994 0.5260121621066584 0.43772056982667 0.5512718268054217 0.4162105316492674 0.5780841231246799 0.40218441262645777 0.5494247142829467 0.35614094107518685 0.5298323401245023 0.33963283799558264 0.4549083134959965 0.3783714603694362
0 0.5487738609959674 0.4188943829297807 0.5935524587789159 0.3964660027294494 0.6340812128094965 0.3848351827720838 0.6463951322039868 0.3873603524443274 0.7177958253607266 0.3467483576902239 0.7362458486030543 0.38667108804904937 0.7277461610983182 0.4082662085349809 0.698199917782676 0.45406492079398 0.6190021924355956 0.46856427309477594 0.5732975118749635 0.4630669570409742 0.5651311526125349 0.47271304186192076 0.5599874163329069 0.46408205430258515 0.5489367165377645 0.4452267051583889
0 0.7328369426151686 0.3029823790073511 0.7342611134666353 0.32913794179455697 0.7477965407616581 0.3876028836957679 0.7810566366364267 0.3727398563005497 0.7994119934171615 0.37101772127332966 0.880304741646847 0.3375771791605407 0.8915902946433474 0.3351454673148071 0.8958401383957153 0.3243479070718413 0.9129360841564589 0.30664911145547324 0.915362144024527 0.28080414721717356 0.9060746561921937 0.22769506510354717 0.8765322214559081 0.2411869373014455 0.8296968908769797 0.2537015544658225 0.7937153100112946 0.2663954701245061 0.7503305971190672 0.29032884462966135
0 0.9148943419114892 0.30722484916648285 0.8948780567882514 0.32023190242697724 0.8899634608409464 0.33877411396936274 0.8998513203673689 0.367144247879906 0.9157806172800358 0.3912670770909856 0.9445598247804349 0.37618183086756235 1.0070612173996052 0.36827311539126245 1.0355733814482226 0.36597778170593714 1.0504762162525778 0.3689903093684892 1.0636215519631589 0.35779630990882055 1.0767044114625706 0.31345459351493815 1.0638318320728064 0.26339842034485766 0.9973457348633716 0.28546820355657554 0.9847647720170993 0.2957329464224301 0.9480540584556297 0.2991772164768702 0.9245208708551649 0.2999246355234732
0 1.0556077222836548 0.23425003833102453 1.0530483200793035 0.264968259849988 1.061419678690852 0.2628463702679944 1.0700108221764042 0.2815658705416746 1.0741933138668474 0.307544346236599 1.0821589001068732 0.2912482823511334 1.119754981336768 0.2897745495502271 1.1825391083849393 0.2828735178472487 1.2252476187928747 0.2740421829802578 1.2324354576663383 0.25690637589572374 1.2218471246227682 0.21285088983650677 1.1763974746667367 0.22301510112676812 1.1379116285563908 0.23125467612471662 1.106093706357209 0.23381613545471724
0 0.17501339276342998 0.486221545238847 0.16801190630452162 0.5160375217555482 0.1725724768509178 0.5442332033927285 0.19502472802598092 0.5621283752191388 0.24309753338553175 0.5639640080169932 0.30760026278443714 0.5666144431849327 0.35689003490250054 0.5690588502951884 0.38679686207302955 0.5851300266495566 0.389418315560616 0.5442380815914072 0.3714988728012658 0.5319422369599935 0.36928196698435745 0.49640424739975025 0.34923239599789235 0.4867448731453016 0.28987183119339205 0.48259450148122407 0.21164740883251226 0.4764117788222582
0 0.36767092614839764 0.4833815975377145 0.37311165923609735 0.530157585127358 0.3880190656281574 0.5413168958779448 0.4122091165517597 0.5293544200830848 0.46749345367484835 0.5262828422074823 0.5347044141511338 0.5262157922544805 0.5626963951957927 0.5254102997450449 0.5604169827220306 0.5039088080791191 0.5632502271131182 0.473118327169543 0.548497341764321 0.4416750733778337 0.5270172675169704 0.43611276235708135 0.46296762765462274 0.4614543082338009 0.39946658291298504 0.47892578661903196
0 0.5729877067800899 0.4631812199740842 0.5632502271131182 0.473118327169543 0.5614516663065969 0.5022051709904598 0.5642484205726422 0.5228548441120558 0.5814074773077812 0.5329192920863847 0.5949138881685109 0.5559647188181801 0.6293257616240693 0.5550388679253616 0.6452695971995674 0.5496872398926177 0.6613054471614747 0.5380881667130688 0.7103539206464817 0.5226420569272389 0.7334485269275356 0.5116124144206847 0.7449185695464311 0.5162395646879688 0.7484496933048763 0.5017169783297951 0.7519513093337664 0.4794053392241089 0.741488188168754 0.4504781974259817 0.6978874301669339 0.45347108802277064 0.6202688727870026 0.4698037050620123
0 0.7382400899650228 0.3870292415650556 0.7280755372933051 0.40637802385271016 0.7167547789210569 0.42588883562831675 0.7204334413272776 0.4503115130077049 0.7432832577775317 0.4510059569944073 0.7543852428507913 0.480622887848912 0.7697822289044512 0.46833402561298554 0.7904116483400534 0.46310508342878687 0.8304847737811718 0.4450201758008295 0.8680927123768384 0.43273596849522766 0.9011973502863473 0.4226414867421416 0.8989214290103286 0.37152539168687354 0.883347396579338 0.3370799374377258 0.8008279732380581 0.3728030078691911 0.7810509542130764 0.3740159015636695 0.7471546769509292 0.3888972356068295
0 0.18787395732042517 0.5678063896929494 0.17640042350378599 0.5927938428150075 0.18090023299220015 0.6202187206518341 0.20840263437525924 0.6428614011289117 0.2549546676863875 0.6402342406125962 0.2779867673105876 0.6432410960003595 0.3247210837956619 0.6429263468851049 0.3550254762413818 0.6417967953997649 0.37157692239670037 0.6441532053705575 0.38858320368744825 0.6596942946913379 0.3968311646344242 0.6382761452345507 0.40720750820964313 0.6290288270954695 0.38527434442573505 0.595474535030058 0.38442368961398654 0.5846832818251072 0.36221448267085166 0.5698713252001112 0.3082391266926844 0.5673042322413102 0.24270171370921267 0.5663574341620301
0 0.3915484437877308 0.5416016112144421 0.38810409761907916 0.5942986575098241 0.42041185937933434 0.6334129331308255 0.43106075491603657 0.635037882940671 0.4397635509984419 0.6268044128338718 0.4992768912473332 0.6254781431514976 0.5148856682044943 0.6232907450641444 0.5557486873993792 0.6152262868407843 0.5794526498591253 0.5970973806430954 0.5929052820573602 0.5601427967958524 0.5755361800175918 0.5251695829782792 0.4680715565251136 0.5262018274635063 0.4120268333778136 0.5270420086820239
0 0.40693321064928806 0.6329638608412137 0.39308824997247777 0.6426972674441512 0.389980708021035 0.6774227820994714 0.3904963042144464 0.6913782652498129 0.4239620172741039 0.7155232096881909 0.45502679574403515 0.7166250548599358 0.5096115079008945 0.7120928841276021 0.554368471603245 0.7089379640428612 0.5637396393234526 0.7091833357399516 0.576667947333917 0.7323097772157231 0.5854019967447492 0.7170580581617649 0.5936499576917252 0.6956399087049775 0.5949311767059634 0.6674048834283904 0.5981897485029253 0.6420100291212898 0.5808796619222671 0.6226149207987414 0.5531619784379632 0.6194853795624328 0.5132728817696627 0.6250753968967798 0.4981814466047848 0.6264109764398035 0.4414370984912555 0.6257905648015899 0.4318819019982299 0.6380400833981096 0.42156806507986483 0.6332509036428734
0 0.5890095919510226 0.5700405603519044 0.6276522141312556 0.5560527159576433 0.6451480750836034 0.5481456322919105 0.6606665832532274 0.5373983776566912 0.7126055709895606 0.5215471941509812 0.7353651186522774 0.5136817815898174 0.7476875616817932 0.5142928833673813 0.7602200500159385 0.5398127509881896 0.7640202345381233 0.5657770359682851 0.7555899904172012 0.5848827740240116 0.7539424594561992 0.623300278193148 0.7356862124796402 0.628975965201796 0.6914465905695727 0.6312790667422074 0.6302284494994408 0.6406374334040218 0.6087466296532186 0.6498824240779407 0.5988893734691546 0.6434706219780211 0.5794196509318266 0.6189229312849253 0.5689530385690704 0.6196103928761403 0.5714494787429494 0.606791443606626 0.5806088555596558 0.5969353511551433
0 0.7572757571021175 0.4802178141290317 0.7675305785613724 0.46942888838924324 0.7891946815815407 0.46249630911638534 0.831245159805383 0.4472515724579143 0.869887781985616 0.43326372806365326 0.9196358804368524 0.4192782111345545 0.9376716085155512 0.4775375684506889 0.9212399388773251 0.49153006777527475 0.8758111123394285 0.5158207494454682 0.8285264551347722 0.5388128677468823 0.7877537047274245 0.5554371825181085 0.7646000829872603 0.5508887195296378 0.761772075392788 0.5372572953552007 0.7482049034740764 0.5134410648230517 0.7504287916864719 0.48974984760461027
0 0.5947801468604441 0.6580742230801708 0.609567776735412 0.6528846245353791 0.6286764241225913 0.643192889037011 0.692024693419838 0.6311980519982313 0.7357469735376222 0.6297467690021497 0.7550379040987476 0.6223674449048423 0.7767905303075813 0.6388020238745215 0.7917291900280682 0.6429430856779494 0.8026193841978269 0.6624585523838808 0.7986004263766536 0.6856220100338968 0.7883143515889718 0.7034291847208439 0.7808875377241893 0.7278495346350696 0.7639697796221067 0.7356756035568267 0.7447135935871517 0.7064220753176329 0.6654197431155351 0.7385758420838274 0.6307648254280485 0.7364184777752314 0.6184111290701055 0.7428256249448261 0.6061511926974437 0.7281780252729447 0.6014673544362116 0.7132480377297284 0.5937714798076894 0.6971815163056848
0 0.1752979964657504 0.6529558828819977 0.20910225934148857 0.6443219939856428 0.2561716344449 0.6408430149249976 0.27810828942655164 0.6447827036010667 0.3251776645299631 0.6413037245404215 0.3569420679661236 0.6438661625688978 0.3660094303964211 0.6402575152642199 0.3916855088422756 0.6693906851200309 0.38912481641267116 0.711053433978534 0.3876630598233587 0.7221687461593892 0.3687679489385524 0.7271546441116595 0.3661794943782646 0.7462210385279792 0.3567493111989467 0.7303975613358636 0.2895383507226613 0.7304646112888653 0.27231678733066855 0.7344366612088541 0.23081664982640815 0.7270040286811654 0.20471175277693593 0.7220898356122215 0.1951583018827821 0.71953205251407 0.18584964081942823 0.7052501829226622 0.17200642574148978 0.7001762878309283 0.16622714283770923 0.6861791335760176
0 0.7555899904172012 0.5848827740240116 0.7883925686356719 0.5561269715744862 0.8291045579850375 0.5387318530029063 0.8762069320157476 0.5134273233004312 0.926442864529712 0.4908009350794904 0.9375448496029718 0.5204178659339952 0.9469142717243078 0.5354705393257567 0.9401888284246263 0.5465441804020427 0.9258247803566609 0.5719367072439809 0.917516058351703 0.5925840529004146 0.8973414740515303 0.610997674434601 0.831769316541888 0.6466837286918219 0.8019805202895796 0.6617687633275032 0.7910295650618389 0.6414824928212183 0.7784033167424129 0.6370173720418861 0.7538816983982172 0.6225294743927944
0 0.8017062227292244 0.6657037970732474 0.8329862833004005 0.6472925030042234 0.8973414740515303 0.610997674434601 0.9353747400530711 0.6041090937314748 0.9637625407740493 0.6009101750770021 0.9756874185283742 0.6187220046942741 0.9824996394178492 0.6458228235551965 0.9758644649057049 0.6654563211793484 0.9589119622774518 0.7099152424376064 0.9452770469052709 0.7445574148837882 0.9304026394405096 0.7115725534913717 0.8786771882065495 0.7227178994509839 0.8591727211430511 0.7348030610943893 0.8349531624898936 0.7389764841417367 0.7968591354303707 0.7450942610445095 0.7833214712412142 0.7290670832598728 0.7893177818451113 0.7087437965793434 0.7998781541931481 0.6870015881466518
0 0.17291609601234847 0.726545646530904 0.1569687692391067 0.76151187795299 0.15940095715725994 0.7775367282724645 0.19441694999489512 0.8139335187725244 0.23549176009328127 0.8159705246977375 0.28259064292624786 0.8202805983846048 0.32859408111666594 0.8255235053597779 0.3641013992147729 0.8236648211786536 0.36599197440770315 0.7883305322109315 0.3641101272091319 0.7496283127052976 0.3587266639816705 0.73323773230535 0.2906337953652097 0.7295317780005597 0.27204248977031353 0.7383716949545983 0.22978196624184183 0.7287076657698249
0 0.3699849156970648 0.727763418424061 0.36429241038307797 0.7519407241063587 0.36681312148989653 0.7913327326683701 0.3935551368487443 0.8117440164883628 0.45440696597211216 0.8125681287190977 0.5154723315978531 0.8086864034037345 0.5504623079036769 0.80767953776694 0.5578891217684594 0.7832591878527141 0.5666526789088467 0.7757965215462684 0.5866137267066465 0.7620887375581799 0.5755117416333866 0.7324718067036752 0.562066091830639 0.7101971837722335 0.5561027801540407 0.708694919810933 0.5075733940601886 0.708481909357762 0.4543271707778058 0.7151644620032047 0.42454012012436915 0.7154421949442149
0 0.5573110189181941 0.7833402025966901 0.5889261381077072 0.7617646785822757 0.6227616543118724 0.746112540738762 0.6344157257035858 0.7382448007124361 0.6496286829844278 0.7384508287701198 0.667761662246151 0.7460408358554357 0.6758255944203091 0.7371175766922585 0.7445313104132056 0.7041096639165719 0.7633916767718414 0.7357566183008025 0.7623239942599763 0.7592858060312917 0.747656140902101 0.780824313871462 0.7262020831865619 0.8126656589875644 0.7079458362100028 0.8183413459962123 0.6354676978256047 0.8479813282339871 0.6084791470370852 0.854101432601922 0.5925058037320319 0.8516640078871536 0.5722739495716208 0.8396922222316441
0 0.74564650191871 0.7790856232938997 0.7600400577162304 0.7614821491994738 0.7990177385148005 0.744330074859822 0.838785313067137 0.7371984499247676 0.8604789238168604 0.7380549233994221 0.8756328656385923 0.7226828459620811 0.9325612425249394 0.7108083673066844 0.9451839996466218 0.7448880914753587 0.9502011509273192 0.7714611507678558 0.9180079288875409 0.7931176895262464 0.9062010820514363 0.8064620708990239 0.8904672917805676 0.8367224647750122 0.8506997172282311 0.8438540897100667 0.7935578038395109 0.8604344059115613 0.7834262500950919 0.8579576375573857 0.7608212234756379 0.8455391070774269 0.7554065069197496 0.8361667756246378 0.7439382098997258 0.8167323236626824
0 0.9083322431507913 0.8097423690772935 0.9170662925616235 0.7944906500233352 0.9516326870604448 0.7732808560893941 0.9495963188186107 0.7548625796248829 0.968279638799916 0.7397752175240392 1.0589810252335743 0.7262850989194464 1.0961618908244948 0.7234125667060404 1.111128312675665 0.7501499829516517 1.1094217662555528 0.7729893816257635 1.1071371169851751 0.7959097950438512 1.1019932067918985 0.8122170332346603 1.0091286932038264 0.850169172858048 0.9727984824246544 0.8638329582764049 0.9444106817036764 0.8670318769308777 0.9301421392198634 0.8565623552366685 0.9208334781565096 0.8422804856452606 0.9005408629381165 0.8295378961893972
0 0.9859547718441743 0.640602764462129 0.9596723483016631 0.7121466390946912 0.9525805930552177 0.7334027590635265 0.9678230580656147 0.7413978398687225 1.0047608794246072 0.7354420924539019 1.0618107784269184 0.7251092213992124 1.0959796076505488 0.7211001553049794 1.1128626212264607 0.7499069387197235 1.128868963458813 0.7305188127926622 1.1358391965892942 0.7077210852231198 1.135170824951492 0.6992422434192299 1.1445749915989984 0.6776620644744905 1.1660273037156657 0.6606280210530592 1.1537066062850214 0.6452096175808242 1.1591838294977634 0.6405454511392955 1.1546215133524955 0.6271570711967865 1.1412956400668401 0.6212313575607231 1.1219144407181776 0.6200508251101645 1.1056705338424522 0.629580889192144 1.0297407542294725 0.634826327133644
0 1.2240458894602615 1.1185277129247237 1.3164295449465482 1.1055811616434785 1.386309489481047 1.0957882574692033 1.4291330406360512 1.1073501931823055 1.4405324569144171 1.1760054286368686 1.4212689601318484 1.1898815673931058 1.4044987610984276 1.2050049510820682 1.3386095235021278 1.2046586828330708 1.2738406605359358 1.2185252846588868 1.2167402080966583 1.2233339775674723 1.2047112087704166 1.2074565247606217 1.213752542416371 1.1854329907013035 1.2213069400683536 1.145697783847069
0 1.170599850425258 1.1034196222732444 1.2007759573596744 1.1037846526176174 1.2130613024016719 1.1066568760913542 1.2209948271579307 1.1308114156281188 1.2116618158426167 1.187245884732148 1.1918394566435555 1.2198839847464644 1.140318766110107 1.2328463907864957 1.092026754523117 1.243059393450468 1.0456177102446453 1.255305458596395 1.0201490215815245 1.2600230844569098 1.0092554457140963 1.2420257124661884 1.0113635557827698 1.235987935069162 1.0039724316200795 1.1750063504564936 1.0640585901151183 1.1505073602673181 1.0993028582293776 1.1386774456686215
0 0.7851156987718343 1.185004253436006 0.8238572736678409 1.1738326996312347 0.8917439292322418 1.1608737235398634 0.9399463982074687 1.1495247994858966 0.9659088574660335 1.1401440979163848 0.9837509893603277 1.1698008741539283 1.0067968825828568 1.178055944179426 1.006924765346763 1.2343130430342593 0.9953097036622403 1.250870873339452 0.9130295929871683 1.2669954033541126 0.8260420640408009 1.2780372771638853 0.8092795884106533 1.2183689841904073 0.7813471916933026 1.2027594151800325
0 0.7241827441572899 1.165980060358326 0.6999702245203465 1.1647792989708319 0.6416479396235577 1.1733500717467646 0.6098409867777883 1.2015277842545948 0.5860301226630308 1.2163493124760458 0.5766561987340781 1.2394838908231731 0.5868769187825363 1.2598724957429013 0.5858433200550188 1.2795413298198652 0.6077225868631339 1.2948507084833667 0.6462825040741191 1.3032285986065422 0.7095052264423582 1.2966655703592493 0.8169393404086326 1.2827583329730605 0.8213807033061344 1.262611938300027 0.8084276473681572 1.2184883743394246 0.7798223948318364 1.2052700382580568
0 0.40528816642845134 1.2072242119208232 0.35775598081069915 1.2380031897537198 0.3508866775496152 1.3147648537286385 0.36976240817142675 1.3247527958892178 0.3950494391495261 1.3395846139566496 0.4456721311038494 1.3370842807246064 0.5887982262431979 1.317026735689695 0.6017589995656609 1.2956864395264882 0.5849913790125227 1.2796607199688825 0.5866082909472473 1.256464731572917 0.5724425510582266 1.2297381589092886
0 0.16288662483924238 1.2572726939997072 0.11728346406663759 1.2797420516555882 0.11220758550230886 1.3574008567224671 0.14431014482037724 1.3712775535977606 0.2002235682532032 1.3703327222516029 0.30756813960771456 1.3552895634754192 0.32290307837264476 1.3531405407931072 0.3490906803913647 1.3356889993446146 0.3502598792672742 1.3068134039986747 0.3558730135021809 1.2359701272717647 0.3450229227098865 1.2294513593300087 0.24130868582401943 1.2577674043390785
0 0.10339664185888703 1.169138096330199 0.14626489428047745 1.1447550663413804 0.18814560551117954 1.1296981877705552 0.26737612246331893 1.1185949039119436 0.32508297059290003 1.1185472136577461 0.3769157740367714 1.1204711758366648 0.3742192058379003 1.1736786809685655 0.3664596213821769 1.1954385576276632 0.3463686343478267 1.224668893471995 0.23781137904227195 1.257109043545153 0.1619451411849832 1.2562561627587299 0.10258046850703895 1.2461999506519912
0 0.38713906654672486 1.119038494048457 0.37946902470276445 1.1419342920975495 0.37776257015627696 1.1639943591035202 0.37793908291830763 1.1880874885914465 0.3983830954767193 1.207043411722967 0.4539818335376271 1.2130334988657958 0.5762545432118924 1.223461601214228 0.5857614948277418 1.2129415483060613 0.6083161899163221 1.2040384073326194 0.618409027200874 1.1681699133975143 0.6005766207229152 1.141698462432209 0.5720946704571558 1.1379093265175637 0.5635343474185559 1.1058033372508351 0.477490874587943 1.0960404555936492 0.4118914143157415 1.1052334970679836
0 0.5979753044884435 1.061928843434248 0.5700838203847313 1.0796191651807756 0.5684669084500067 1.1028151535767414 0.574640119341614 1.137779779756962 0.6019107042235271 1.1415115053307259 0.6216377061473325 1.1654205100214556 0.6426591192936024 1.1724889948652513 0.7130706845606967 1.1622619043067761 0.7676803673227166 1.127727193391535 0.789966434576008 1.115416288248108 0.7984449323873306 1.0809224960010326 0.7819024545943476 1.0568259365644463 0.7574213071221152 1.052217411006968 0.7431199670847024 1.0346975996123158 0.6690445814626735 1.0565631466257892
0 0.7983496988633014 1.0797277817155135 0.7926617747116497 1.113890096229486 0.7696133090276253 1.1274563129119248 0.7291217945099971 1.1492093296737016 0.7402379406760854 1.1809571484933785 0.7697846768666653 1.1951920158157237 0.7827889352642623 1.1853303237014825 0.8946183545914095 1.161619374301231 0.9404901431993031 1.1425577808153349 0.958920733223795 1.1250448293180033 0.9549348007695939 1.0854069708172018 0.9367344984282479 1.0512065090196792
0 0.9798878557096807 1.068381490205372 0.954068925399681 1.0786569604966576 0.9653693076704031 1.1270025743761638 0.9811755237069085 1.1691690522029161 1.0079015377116123 1.180957236540242 1.0645222647065529 1.1497221545589384 1.100954489654165 1.1368498093583044 1.1689250657028503 1.1018050938621655 1.187726966186906 1.0869652898726323 1.1760360585760175 1.0442220969192706 1.1647331910458845 1.0169580651135337 1.1381356953149626 1.0173567951833389 1.0491115445290355 1.0597900916585032 0.9970411475640791 1.0748539543402515
0 1.1938418828369672 1.02730280479473 1.179110794514327 1.0515579769044565 1.2041857146299626 1.1057400114399647 1.2141489621204347 1.1054533107162674 1.2259733585239263 1.1182202539292223 1.3204524377751314 1.1027609748568827 1.3862973725850012 1.0935335328311364 1.4162761075848187 1.0726892641664396 1.40515122511149 1.0054568993734934 1.3686794744184985 0.9861581636733915 1.3179956790168146 0.997699093564003 1.2790942690138325 1.010917467840602
0 0.16876285300665245 0.8202991360757098 0.15981417609415227 0.8495112562349353 0.15477854061966662 0.8829483343644734 0.19827619790508644 0.9157211418287878 0.2780910577037725 0.9161283358063178 0.3320017459579043 0.9188019060831601 0.37055344475102325 0.9018069432765347 0.36797413365340426 0.8755741514904459 0.36480999737270814 0.8419223731259535 0.36968308027196534 0.8323747129861614 0.3583161174380619 0.8244210123523893 0.3284183918673853 0.8279289451848433 0.29500713300120784 0.8257921254953864 0.27176583994040604 0.8229120011116584 0.20787203032047485 0.816864127676252 0.19977859041676171 0.8179983340919167 0.17592512551050926 0.8138401909585488
0 0.3718674654241093 0.8211581323753364 0.36800453511380343 0.8435204056960076 0.36946430697297694 0.8815024556162728 0.395259091868037 0.9037999506320161 0.4445108883248616 0.9057626053670509 0.4965850610426415 0.9046021193949736 0.533430868015225 0.9048938171269582 0.5551288218307198 0.9011711840595501 0.5634896187621172 0.8904528552875952 0.5766171667413033 0.8688379597252297 0.5840741429352179 0.8466539244230146 0.5731066882438278 0.8372804292376447 0.5633392853789913 0.8106911614146436 0.5447568841154967 0.8085219525727231 0.4891418314398423 0.8101786538516537 0.45367986593536297 0.8144663535948768 0.391089385195428 0.8184643921381327
0 0.19733390855239924 0.9144075569367374 0.16116862542921456 0.9227488617687136 0.15592610106406907 0.9496686552346939 0.1526303660202059 0.9934996070172969 0.21029245957653142 1.0165137198644958 0.26287794162076816 1.0140541524256868 0.28814806398997295 1.0154225316397458 0.32329072846024404 1.0096793897412333 0.34475838865616737 1.0173086352561156 0.3706355190181506 1.0185919489889999 0.3711514105416459 0.9784237005737563 0.3668403883601308 0.9626621481722042 0.37336256070052976 0.9208339009548409 0.3599774017433701 0.9145268361557995 0.3320550340755597 0.9184398482898425 0.2761155165130249 0.9172780231826693
0 0.3937146528954409 0.9065257932485227 0.3741937820207999 0.9158077060502632 0.3701287918887324 0.98102186350722 0.40708881457970814 1.0061188587239922 0.44280567104790947 1.0076598127388217 0.4770533150870293 1.0061335217545153 0.5252621429600544 1.0026507247031875 0.55858378345199 0.9971627792481996 0.5796066827505608 0.983578950051078 0.5878204479687176 0.9554244851888521 0.5843388142286572 0.9501844046621272 0.5749784978934553 0.9482230109182647 0.5660684410920522 0.9208316915481919 0.5638026562163642 0.8998738132797125 0.5365510956522134 0.904511103922952 0.4980543956636441 0.906632853275482
0 0.13850326933324403 1.0478495868363067 0.1374131858118186 1.0807337393382082 0.13258443922799273 1.1206881021313044 0.18005682800766165 1.1312193493598137 0.24852113296986839 1.119988262006313 0.2669227700858664 1.1198643295421817 0.3370148688149499 1.1214976805534473 0.35643912458386146 1.1187755851558523 0.3577844045488115 1.0891288086154358 0.35829846319349135 1.064508226979597 0.3562587245241104 1.0230615525083102 0.344566991323524 1.0148806032850015 0.3270603746386772 1.0107876848349269 0.2869978471152971 1.0164020065924668 0.2623347327388708 1.014948561897233 0.20751261605616356 1.0201764232318553
0 0.35875055560610547 1.023530634573982 0.35810706586084795 1.062080195008483 0.36088324362358504 1.0895128251999329 0.39678966454561443 1.109029477965281 0.43659699562547005 1.1001777802462556 0.48924627678058785 1.0985275567978179 0.5398503206298786 1.1020736592163074 0.5664000909743369 1.0885335846789834 0.57177204644006 1.0476848124143412 0.5658988624813647 1.0043204988589896 0.5562195505917572 0.9983123851632705 0.5266675562782547 1.004908625711952 0.49443233355011373 1.0086077522238475 0.48312156213599877 1.0208305337221715 0.45919488685292864 1.0053630447471007 0.4092926332233304 1.0107197262226955
0 0.5717465619604734 0.992863306691239 0.6060288548732568 0.9684201875330114 0.646412210829858 0.9513049189479234 0.7056128145625923 0.931552620446415 0.7292514774072897 0.9511518948545173 0.7616471143520411 0.9417022949288475 0.7804953452442072 0.9472437703973151 0.790555618920286 0.973655614814667 0.7793724457279334 0.9874970842937336 0.7541314735959461 1.0098548772439673 0.7409996782034957 1.022332855185816 0.7304873121148026 1.0368986031740792 0.6741941501241984 1.0546068862889706 0.5965937421542815 1.0589354504752058 0.5786715148092997 1.0573556294774198 0.5704942313436219 1.0470455993863195 0.5673042757995651 1.0065783998677535
0 0.7938297981326166 0.9695067737138343 0.781235497446729 0.9886564169068356 0.7472084009774702 1.0163369120265486 0.7451613307928276 1.0370809046728804 0.7599190870733393 1.0530150318752027 0.7839751934569872 1.0545535420516117 0.8039200468022232 1.0740065717696694 0.8353617483974168 1.0674388569263755 0.892397593756603 1.0594459117140975 0.9154603899596158 1.055287554895315 0.9377637818943346 1.050309260141593 0.9701960223348881 1.0269282508485638 0.9666191354809684 0.9962420562743644 0.9619691759360114 0.9666326010877073 0.957883252960363 0.9588679574943479 0.9360875138426064 0.9526587894026295 0.9146295182837749 0.9448583568149843 0.89723337056441 0.9445171549941436 0.8656712932883086 0.9495578057046612 0.8183763276465195 0.9577296074235481 0.8034269186853074 0.9619861091934118
0 0.7228893213887615 0.8942787837846509 0.714141718597471 0.9131889216511375 0.7139094885958692 0.9309057238575408 0.72736502504443 0.9451530857521537 0.7329361936395505 0.9508876007140309 0.7618017968318354 0.9421886524809407 0.7819204921631859 0.9465049921505817 0.786170915120818 0.9561475966869345 0.8041332937649658 0.9626276211922065 0.8199048091932721 0.9560739152026566 0.8675690570097757 0.949704546249928 0.8906077672993415 0.9467861750168991 0.9100132276234558 0.9391027114237319 0.9169307209531311 0.9294462971643321 0.9317471090106708 0.9078241851048793 0.9354681484899623 0.8871364636106017 0.9234453364290831 0.8438350585678068 0.9115151117314769 0.8371301944303821 0.8907778535472324 0.8397260425120369 0.8496302393346875 0.8461129274830478 0.7904822252975741 0.8602966224371104 0.7637598017787812 0.875520730639848
0 0.5980346644912362 0.8550696290509503 0.576510995668678 0.8661252226553646 0.5636397649579779 0.8886014402085661 0.5669541278239564 0.9197198882844067 0.5743043393730081 0.9474015821401736 0.5862762852738354 0.9462980807489282 0.6043665886965992 0.962712675778005 0.6477938393263345 0.9508844761536382 0.7142912981776611 0.9312293618713158 0.715122782913338 0.9144600263438475 0.7211784852840691 0.8929389299827845 0.7687093846710736 0.8730705955038562 0.765237679119136 0.8454196066725087 0.7544553884010375 0.8342974580962649 0.7440555831290534 0.8116370103965468 0.7417914166051687 0.8102316036840979 0.7253359089624534 0.8090922523454428 0.7093498569161198 0.8193718099812445 0.6374708377437799 0.8472461443416547
0 1.0827357129058437 0.289282459917042 1.1207583744462508 0.29084482170024845 1.1817169302906052 0.2828763867405067 1.2523832655119018 0.2723990436770708 1.258793279637442 0.28815356293789185 1.2624440704129056 0.31807639454922876 1.251881777531972 0.34252597950987673 1.2426651962889783 0.3621930986125106 1.2146406844983693 0.3672688949200773 1.1141116414838268 0.3813569325041224 1.1063085719529697 0.39163820511425435 1.0994291022310474 0.3644647768789763 1.08037428638571 0.35220499193840754 1.0654653181420277 0.3542943195462109 1.0785629778436308 0.31283661876005986 1.0747075006148314 0.30763457240615505
0 0.9191540291313546 0.3885798720061469 0.9180296015613266 0.4180234280470845 0.9261204690035445 0.43871050833935615 0.9398384958337501 0.4597574740530102 0.9603298521595386 0.45746007117159176 0.9858650546661076 0.4590497080305571 1.02604059758107 0.4551422531117348 1.0455904702525993 0.45182831898933884 1.071080901453287 0.4528499951533069 1.0863275838372017 0.43865440772703185 1.0956567364602727 0.41495186868490735 1.1068010563176662 0.39788577275922593 1.1044703759503327 0.39017310332729677 1.09853238988267 0.3640162063329962 1.0799035445585805 0.3516967263179187 1.0649715475465835 0.3589573952552074 1.0529535441091273 0.37040357930542345 1.0340995560248827 0.36615493916932706 1.0076446124016214 0.36928807309386685 0.9436147202967677 0.37653845218517445
0 1.1132149291354492 0.3809083619581423 1.1081467679556063 0.393103306901212 1.1078320825836883 0.40003822539019823 1.0961274782874024 0.41546013430539613 1.0856547280182318 0.4410456406560388 1.0941728522124452 0.45076238251983386 1.1140591527934594 0.44625283193293425 1.1202209953905302 0.47524953240222173 1.1506222450851014 0.46754372286761336 1.192569470159252 0.4587941070162685 1.2283957652499709 0.454347681452538 1.2537071112271323 0.45309751483651634 1.2612185241543858 0.44457981938588537 1.2623634080312331 0.43178620872339885 1.284135248382261 0.40748843391051803 1.2718755045700734 0.37762358239935945 1.2686046267792284 0.3579837383724846 1.2452657907223483 0.362402888860456 1.212936802413377 0.36750767521811206
0 0.9644121404942176 0.9776797248807222 1.0263188323979326 0.9545268389290728 1.1063880977526441 0.9162396725654265 1.1589295521723335 0.912023815688714 1.1687574891612302 0.928900582657653 1.1793678261627942 0.9796579937840927 1.1684545722857076 0.9969236109147303 1.1369711894262355 1.0227369530962986 1.0520615699357847 1.0535195944259035 0.9962502010328148 1.0701532398777152 0.9789499865337095 1.066283176353547 0.958851016496881 1.0388862353895634 0.9711398149766497 1.027092898990458
0 1.1705747199161665 0.9399760140917562 1.1793678261627942 0.9796579937840927 1.1714524525935506 0.9990212902027581 1.2029792720650379 1.0216694950273357 1.301305033628681 1.0053724238816601 1.3493510774933877 0.9860503043964409 1.3661366964349204 0.9774034869293772 1.3877164130866153 0.9517191348431391 1.3816743960453526 0.9229817166138674 1.3713080303327043 0.8872969106653213 1.3263608390676813 0.8860423666862095 1.254968333942264 0.9086362354473847
0 1.1375560098246633 0.8564802512408386 1.1908125944788257 0.8313923335271047 1.2493035530886234 0.8068297755732319 1.3004708728124115 0.7851818942885217 1.3470656428555547 0.777393251136039 1.355811082769824 0.8044929148516248 1.3694950292981112 0.8403422482018227 1.3418452327186314 0.8668772550998095 1.2975093795826784 0.8913444803889657 1.2342019000033206 0.9146936712971732 1.2029905513192864 0.9259915456156147 1.1746312641324579 0.9255596386447621 1.1582172417514225 0.908976389172805 1.139416677191615 0.9160172296810879 1.131014770951321 0.8932755720675017
0 1.0964228013937969 0.8137769829603746 1.1195463047182095 0.8256432738478311 1.1355396542996075 0.8668340179585234 1.1239379231677893 0.8873433665616274 1.0956978018118564 0.9183672495326518 1.0471595856489755 0.9434233896914802 0.9710725451984556 0.9723401939959363 0.9582705610678954 0.9596569057273449 0.9377270850652507 0.9505763014137206 0.9209933621764193 0.9359262038281395 0.921658006264972 0.9263913143672976 0.9333088136359295 0.9065045380644793 0.9359407370103987 0.885993309585667 0.936409076142394 0.8739681309236828 0.9434873338327068 0.8679405927530922 0.971773711614217 0.8614587694352837 1.0097183744078078 0.8517350945207168
0 1.1123827711603065 0.7518537179784611 1.10634482930123 0.7989088891945594 1.1039751184897073 0.8146439847849303 1.1203796589568524 0.8258227001025059 1.1334934135919978 0.8547909653663405 1.192673753793321 0.8315758300604227 1.2830140601517934 0.7914790258983929 1.307353368606086 0.765926317849661 1.292060782095213 0.7276365126548106 1.2795078044633537 0.7241008905759047 1.2491198759356756 0.7278780799344288 1.1893401516783042 0.7343301736960255 1.1380548942473565 0.7386291736170699
0 1.1783387964534513 0.6405657882361594 1.1632091600399197 0.6547196390668366 1.1695226386625985 0.6615363779769211 1.1586037849375348 0.6649919108462773 1.1505221358873998 0.6723819363892322 1.1505585866121444 0.6820037074302769 1.1437368507452783 0.6824783545784833 1.137139210046925 0.6949551962688263 1.1365172879724676 0.7099640145672884 1.1409693130278111 0.7252244630094529 1.147413603679123 0.7382803415407149 1.1907684057789591 0.7341300196226729 1.2595497759429337 0.7273791323030593 1.2794702755746 0.7236248058756862 1.2915536030150347 0.7257822123722749 1.2984107114426364 0.7440750226059397 1.3057192446992905 0.7589351629013991 1.3201347540624941 0.7448813891073982 1.3420496756181473 0.7206311200874701 1.3489850763152833 0.7124390406990927 1.3528012665898337 0.7013146765558914 1.344218907443575 0.6519762837713531 1.3150533632104118 0.64836201003491 1.2587327657024265 0.6437397781716437 1.2425340950414219 0.6397523718756827
0 1.0278429300796035 0.6344811443529184 0.9870116657902823 0.6402031960969982 0.9831817921595672 0.6454967215854878 0.9760039562564607 0.6190943247966479 0.9636429235566666 0.600213740069008 0.9249874712507608 0.6033657276912439 0.9322354910676492 0.5595386994575569 0.9467708566372848 0.5377598303260955 0.9632526112099553 0.5315993423624553 1.0235009074947425 0.535671150524002 1.0595257164835252 0.5392868618124572 1.1123325111550075 0.5405507627390195 1.1262944393611405 0.5482210315648763 1.130008721183739 0.6044991032273265 1.1019612667017151 0.6286245723312348
0 0.9372772502135387 0.46047107889981653 0.9351241418570873 0.46786630325254547 0.9377896685185787 0.47661296041946466 0.9284905448128702 0.49169776773743723 0.938101615591838 0.5152794324496984 0.9478079501588187 0.5362130221558478 0.9651135975047561 0.530139745840271 1.001163295161089 0.5323839390529281 1.0433449795922431 0.5372142112923328 1.0871885597300004 0.5399875468908856 1.1004105751775939 0.5399586673989054 1.1027776865842296 0.529493385758475 1.108666336853093 0.5154945321341583 1.1208386783250686 0.49250824278256106 1.1176423545725118 0.46674748580728326 1.112836757272512 0.4463524568383275 1.0720217492277673 0.4535771219113374 1.0456906259611443 0.4512475728276262 1.0246662878204642 0.4541939021372838 0.9843376179871672 0.4594914286979482 0.9630563010553024 0.45819515777184455
0 1.1246353181335973 0.4847556883594533 1.1332896778201043 0.47241848146538823 1.150579321766986 0.4678562219012192 1.1928426828886947 0.4585105871820558 1.2290918381297458 0.45428639012417854 1.2553846738394894 0.454024629322418 1.2939394343961275 0.44648229799944383 1.3000336835193207 0.4708720727323246 1.3067283948625716 0.5028792026687002 1.283372110596674 0.5322518677179229 1.2713942165377001 0.5390647731559751 1.2565274136331985 0.5377253013709149 1.2093202101260694 0.5413458416487076 1.1819074515867538 0.5477546054680223 1.1374719211983595 0.5621111200530595 1.129670612243621 0.5649158327280172 1.127734831166538 0.5485005204863797 1.1133531714913172 0.5411030030496997 1.1026457950009338 0.5396084947862597 1.107726906907288 0.5145083389499137 1.1206588871027146 0.491302999523713
0 1.1297896689638862 0.5656102940401724 1.182686972156175 0.5486006822042394 1.2098246784973279 0.5406847869785475 1.2579432510514343 0.5380543440146038 1.2717121364281685 0.5398948941263598 1.2951430685502 0.5338694107034357 1.3161651695210779 0.5298951837260006 1.319601651541635 0.5506632964107326 1.326381471939324 0.5877569930446983 1.3087416410097037 0.6183334599523783 1.285964249787511 0.6424324210436603 1.2628013067702444 0.6453357151992792 1.2430916614845757 0.6398721153329763 1.179063361507347 0.6395910753633477 1.1609448351392286 0.6445293465998664 1.15380157889955 0.6256516457179021 1.1402472383462148 0.6200109218442887 1.126384441628123 0.6202399547370994 1.1305745174733417 0.6049150681651043
