0 0.34634913819719887 0.35774425347760325 0.38505730294285023 0.35551015219560034 0.40990083414220013 0.3584411225908782 0.4691881776094052 0.38376591154017703 0.5001436942917998 0.41609104730005103 0.49011003026207006 0.4365847975648906 0.485825060216504 0.4707988928293914 0.48290717489671836 0.48547450811467413 0.45082240158811077 0.4771051796948706 0.4150230990130942 0.46407576203555073 0.36780461516692975 0.4430098143643073 0.34659013718736653 0.4219104343393098 0.3350340795809535 0.4037841503685516
0 0.50041310621439 0.4170132506211985 0.4904229612341707 0.43554042490827133 0.48623845042438474 0.4618832862694535 0.5049484332920431 0.4887426750197959 0.5256956909303144 0.5016601372090502 0.5641363649525013 0.5190193001018598 0.6053562071578185 0.5377363393748463 0.6335065286628976 0.5383635950331455 0.6419289202155329 0.5093062081125358 0.6435537251789605 0.49121826529923834 0.6325762297834414 0.46322245670699663 0.5545943486527758 0.42615583612358404 0.5280962073781773 0.4094585884437543
0 0.5207702301786576 0.3337392958268186 0.510695603277958 0.37340075246643734 0.5106946239716186 0.38729831913856194 0.5292849524651003 0.4095914082279363 0.5559273942709019 0.42474153208695203 0.6255786500644445 0.46007974612622626 0.655911695105575 0.453915524818065 0.6661615753643111 0.420187882697024 0.6661625546706506 0.4062903160248994 0.6574972994317883 0.38919053877220494 0.6387312279271004 0.36791241850031514 0.5761941365152183 0.34010945070535 0.5481748779039122 0.33522617702865126
0 0.6661699354048634 0.4185906202714944 0.6588736685407229 0.452576228936349 0.6644139008417078 0.4674567655706907 0.6830474654896967 0.47601586845650706 0.6937176866530123 0.47553610169082433 0.7033054153645029 0.4751936574483195 0.7199547697114123 0.47890711267705216 0.7461401413072606 0.48461490539847585 0.7681502464507437 0.4899785297465151 0.7782533656568711 0.49073581511001924 0.7941048561123492 0.47867584994860773 0.800368186823617 0.47307521576919265 0.8085644474061323 0.46854012424256536 0.8159880532794124 0.45623855156743315 0.8132854859279686 0.4045883205897001 0.8031823667218412 0.40383103522619607 0.7969972497534807 0.3967511666935805 0.7747807297925109 0.39461778254683244 0.7509919670999953 0.39341204381940126 0.7056567782960816 0.39027919208513523 0.6817380903981072 0.4040907378049306 0.6673558507817916 0.4137797342779252
0 0.6821196763928066 0.4752597325135893 0.6628151558298063 0.4787281319668426 0.6456491178901007 0.49226560735057534 0.642220003866615 0.510031641102531 0.6379921638862586 0.5242580279433254 0.6411614274988265 0.5365265630858226 0.6580419748126988 0.5511336040943949 0.7031959579813218 0.5655036352715915 0.7444067297299821 0.5781893103762604 0.7688912264869854 0.5814913727457528 0.789690638104064 0.5775420571062305 0.7960326135909588 0.5531440334752933 0.7948232131627138 0.5254804332692572 0.7900812757858799 0.5202564302855682 0.7847218180874659 0.5002556009477872 0.7784854206892735 0.4893956274108758 0.7688203403003155 0.49018480088642846 0.7204445199911331 0.4781167897809133
0 0.3842838591131781 0.4527480174586749 0.3608045031305325 0.4497553617990524 0.3377627549323362 0.4544260517179782 0.32807160329574236 0.4594420594308745 0.3233531509702253 0.4866925426467908 0.320620633076667 0.49432112656182464 0.3213928567531824 0.5082044944498211 0.33422720075470846 0.5196838561167657 0.3727315258574462 0.5357712808991248 0.4226791578654546 0.5530285333248147 0.4502303573753623 0.5610389208282128 0.47113276088482436 0.5585329284577907 0.47476742766035684 0.5497704279835266 0.4763153232751464 0.5286020698435875 0.4793068295141826 0.5031726905130836 0.4760089337943153 0.4875707795993383
0 0.5088439634560491 0.4915611787155993 0.49312153614059007 0.5008376329087673 0.48330132136397713 0.508637151589907 0.47533582271570474 0.5301827156358655 0.4743550290581035 0.5501140216466176 0.47577213740199453 0.556196721432888 0.49231763779108095 0.5707006268715037 0.53564125194812 0.5915653254045042 0.5859239308809142 0.6089257134001506 0.6243261261567082 0.6113360414344268 0.6286573890621681 0.592436091123241 0.6345869659468095 0.5683816611553948 0.6276813367644851 0.5450816429995871 0.6066507321804436 0.5381373728592699 0.5647702976149315 0.5191285398751961 0.5254928867702386 0.5013915206838236
0 0.6538410681454176 0.5488993832188628 0.6359788651085044 0.5664574217000259 0.6291727795568047 0.5935358207292499 0.6302539789104703 0.6117491584245466 0.6404340187613452 0.6181766012944943 0.6481909474285318 0.6304457111472845 0.7315663512703783 0.6523463630621965 0.7507413776606395 0.6577783613166783 0.7630351219853329 0.6601510541359744 0.7784733517731179 0.6606684561166372 0.7836037716681685 0.6391912659771212 0.7864149343373539 0.6127652926105651 0.7649219438193868 0.5840338509105688 0.703904516796876 0.5656904468551144
0 0.3536964588404801 0.5287652678883883 0.3248421348244948 0.5339110170442313 0.3137408850404304 0.540460911220402 0.3085427891209689 0.5624865963876354 0.3046995348826139 0.5830835702193519 0.3176799827016761 0.5944623247623542 0.33425959316027337 0.6058415301830451 0.3842421779766187 0.6241806052550928 0.4391180823721671 0.6414418925272832 0.45751857323218836 0.6375080346894577 0.45814621249083104 0.6258883446914552 0.46522587355315514 0.5881991236077342 0.4661371591495331 0.5685453831800259
0 0.4901585101694875 0.5689258326854489 0.47568038302565196 0.5773894652509565 0.46947245282079053 0.5828615716272698 0.4653673585637564 0.5889809819122612 0.4584291825120336 0.6274520613005096 0.47856671007991847 0.6502627609160899 0.5306112234721101 0.6758812996946366 0.5810182633202592 0.696565949680266 0.6040689966354628 0.6977550781938483 0.6146462282239024 0.6670489404436077 0.6173385013245226 0.624317645997064 0.5874341119676892 0.6099442091210477 0.5360158852010747 0.5919015144220184
0 0.33161093269776526 0.6035495966767276 0.31023790398205253 0.6102599641970022 0.301987484412536 0.6195331775260461 0.2960410560680874 0.6442817309684643 0.295595132875494 0.6596488865119333 0.31929159202746593 0.679494429764263 0.3815673151375914 0.7067857714771467 0.427526282282598 0.7227788207579242 0.44475398568582847 0.719222256281702 0.44754480747547065 0.7126982810537865 0.4533303115981267 0.6760872986476114 0.456869465812756 0.6668404551445111 0.4568305873903734 0.6446793138260514 0.4382688341502933 0.6415496262195001 0.3842421779766187 0.6241806052550928
0 0.4769288983776095 0.6501277556425524 0.4569100350264705 0.6650071788660702 0.45379533584364495 0.6765995972827521 0.448454740438783 0.7122400747035984 0.4595345220620578 0.7234029109844786 0.5230836102675944 0.757730977438107 0.5708621051809594 0.7776064975378884 0.5926186815564949 0.7798738647290163 0.5976746161488224 0.7666640882960157 0.5949250398894276 0.7617570202067303 0.601781739355455 0.7317513768947439 0.5984072291035486 0.7000729306484206 0.5816046570486546 0.6963773029994642 0.5302269994957546 0.6765013320219943
0 0.30770621694495837 0.669652571126683 0.28788986150412565 0.6801644964773766 0.2828935971784375 0.7074204508105462 0.2772710462271723 0.7271005610641978 0.2957509847232906 0.743494568266391 0.3425387464041805 0.7626959637538623 0.38055105584512994 0.7814109795544476 0.40511755506323255 0.7930338256962699 0.42515551946729646 0.794033856651362 0.4277039404494506 0.7841128885359513 0.4253593800106682 0.7704708247010177 0.43486406362267094 0.7523548819341088 0.4396983892517674 0.7276331491953224 0.38195153911394697 0.706165739149789 0.3193723922966286 0.6806267607267614
0 0.45520781884179257 0.7180103649636845 0.4377363619980085 0.7373654706299316 0.43538977260962775 0.7525167079112784 0.4254200647521068 0.7701203520430465 0.4281689646949688 0.7846251871710921 0.457223767671662 0.8039052412587052 0.5167090071504117 0.8329216746801243 0.5526795035432388 0.8458400303946801 0.5706749785826477 0.8506411683025027 0.5729806605990475 0.842122090818977 0.5730624753430094 0.8288577712233351 0.5772698380299958 0.8061579614437915 0.5797579124289778 0.7917885824669719 0.5769885588001253 0.7805998272378368 0.5231037257953184 0.7592137810585765 0.4600196618353001 0.7253980132400889
0 0.43296069216075234 0.7905300318270269 0.41698522385040976 0.8140371679816645 0.41166643476460385 0.8271660314260801 0.4068518865049651 0.8581694513047161 0.42680769800680074 0.87723268537483 0.4794992898688264 0.9023121048146039 0.5404610786698262 0.9243999980651836 0.5440401257816373 0.9229176453224025 0.5498440546406854 0.9117838841335971 0.5524136056253628 0.8889490690805159 0.5596327227486898 0.8808350074176023 0.5678023420490437 0.8704294631260602 0.5681879186584647 0.8506138967211823 0.5524974493189231 0.8468914483685938 0.5169111769024516 0.8333530603266803 0.457223767671662 0.8039052412587052
0 0.30567877073403144 0.746919734490584 0.2863881242801555 0.7575934858184471 0.2807260185899749 0.7647102217923997 0.2709775815374187 0.7986247057493338 0.2874354843548724 0.815503740005347 0.3282376011106647 0.842091431136157 0.37403395324254685 0.8702164690500779 0.40054134971188504 0.8850208406949616 0.41340110436460287 0.8875027735151463 0.4227639648077379 0.8734038559630903 0.40687200203268914 0.8596522549251858 0.41114072577764704 0.8270042054489105 0.41690442358124713 0.8129048370191659 0.42669207721445235 0.7963526108613115 0.40624977330630885 0.7944898086131073 0.38156190460532907 0.7835679077872276 0.3430037706496988 0.763208262389003
0 0.42676712879308626 0.8790659616532709 0.41372430544125344 0.89203209736514 0.4027642025095238 0.9041627333652178 0.40068046761462145 0.9193948836351492 0.4019927111324151 0.9485927496943535 0.4389334870717268 0.9655013099201301 0.4795344485502786 0.977260964846244 0.5387779635380732 0.9932826383414076 0.5507891462854501 0.9862745378150489 0.5495161193483052 0.9744389295549243 0.5543296531331449 0.9578321602344285 0.5562112182760074 0.942168624317941 0.555746870347022 0.9320585586440401 0.5480640816112424 0.9204647875942925 0.5414518119023013 0.9250741226774939 0.4797014596208663 0.9027434904611599
0 0.2809046912316267 0.8116476390122868 0.26286763250370415 0.8230764279410449 0.25655811018542324 0.8355311667731504 0.2501057502234755 0.8663995813782489 0.2549782779584216 0.8734367569966821 0.2896945103087626 0.8951978421491029 0.33075948155803336 0.9218664462684977 0.38919296490460303 0.9553581112549576 0.40110390817162594 0.936137109106871 0.4002761281105418 0.9185321123420372 0.4027642025095238 0.9041627333652178 0.4123496863906892 0.8871791215608072 0.3997527862314497 0.8847781017292071 0.37443829274662654 0.8710792403431897 0.32771189212370794 0.8419296051589876
0 0.26939436772775305 0.884519131166666 0.2572822691834895 0.8889120971100565 0.2502850991816601 0.9037392315593755 0.241447271408949 0.9275977421273613 0.2502015936463663 0.9409979687519175 0.2771129914615176 0.9614639952092935 0.319209265156978 0.9869734476625577 0.352388939760163 1.0064157786050292 0.3807970024252886 1.021436068512035 0.38943198412942703 1.0067439393362534 0.3865208073317069 0.999572209321971 0.3903851915725851 0.966061388552584 0.3901230133956395 0.9563827085252393 0.33096165131007316 0.9222978319150537 0.2905437585306364 0.8950901084568862
0 0.4012447168656944 0.9465167344501584 0.3912548934804494 0.9626375749614567 0.38637932232110567 0.998790351017444 0.39100911109029746 1.0072294172677623 0.4390501223388744 1.0319847338755086 0.4895379624561862 1.053801714823636 0.5243759024476706 1.0700629711407346 0.5343254947774676 1.0509765233884967 0.5270671610734917 1.0417283272523308 0.5274933068966274 1.020079484569012 0.5329136880958528 0.9999679886688041 0.52794024456402 0.9903156784674029 0.4799186725266341 0.9766409325188864 0.43925702630664376 0.9652317502507435
0 0.2607761199686747 0.9486828991567177 0.23469081142327552 0.969816287061076 0.22767352589372197 0.9831606178899254 0.22294011606151232 1.0104974852116797 0.22455713591956444 1.0187474539035077 0.26946400877412463 1.0440146182687062 0.32844365479364157 1.0743520293334254 0.3630794250330862 1.0901819000039679 0.3746869445929163 1.072713261145737 0.37679147133207547 1.0493661474575149 0.3945063434581466 1.019011384120623 0.3900787244409946 1.0110037035168606 0.3804533476626475 1.0202228245609517 0.35226757027728584 1.0071167239209713 0.31935075016757924 0.9877553059670848 0.276385112722521 0.9608707835855679
0 0.3977015047518684 1.0133501801858193 0.379764009187767 1.0465896377750659 0.37602302337936433 1.0506062121122304 0.37505003856674857 1.0850070757560497 0.43686107558962217 1.1069872353144126 0.5222076475426752 1.1369505091613483 0.5283150001089164 1.1240643846826868 0.5207938119114621 1.114735275557936 0.5180060335462175 1.078069299111431 0.5214845030194081 1.0691729282663018 0.4902051564537443 1.0547453991053326 0.43852441335191766 1.031822907898339
0 0.37992290445996113 1.087245367855103 0.367223397712503 1.1062236310374354 0.3624299794553875 1.124313203978401 0.36127561673498876 1.1501677185573742 0.4387972386251282 1.1773531300887947 0.5018420860044976 1.1938066401082033 0.508353439916552 1.1865821704420336 0.5208108840147887 1.159408030852826 0.5228547260125093 1.1364113898225752 0.43680039084818356 1.1073377079723838
0 0.2424510188455537 1.0305312242671225 0.22202747783206872 1.0493467597169082 0.21555567865892966 1.069134603662777 0.21399697643445137 1.0941263469486382 0.2699641917010951 1.1194757769354868 0.2966945497667298 1.1265965708086363 0.35903129577656023 1.1487385563441688 0.3618435857269921 1.1245018506592024 0.3669605432190246 1.1061427180488508 0.37996347367367567 1.0854120915766623 0.37060196586360616 1.080315475051198 0.3631401097745249 1.0898314273459964 0.32878730955628266 1.0755652732845082
0 0.8016747267997791 0.4743351870036819 0.8083275657224347 0.4678925756420398 0.8164770694950645 0.4560042277300278 0.8172659711337662 0.45144808317640206 0.8399935033723192 0.4481078878399907 0.8820706760148544 0.4577378861146452 0.9105186315771618 0.48052266678197064 0.9442632317479525 0.5174890815006908 0.9451312428644849 0.5380596855064638 0.9429667077004198 0.552159504813897 0.9398520085175943 0.5637519232305789 0.9328152837768495 0.5660156834001987 0.9099060354722472 0.5656084131911435 0.8230832523552105 0.5377747959956675 0.8051886931126884 0.5355887926708128 0.7972024806697159 0.5257473849109212 0.7895394693033939 0.5204353010010233 0.7871550159674299 0.49902874640577055 0.7937683001511701 0.480022760764429 0.8012703872956994 0.4734724157105699
0 0.8240538700599614 0.5369661169875081 0.7966556416802358 0.5384994058714222 0.7954211550072072 0.5536238224491369 0.7907688836024265 0.5772941372140096 0.7881591015623011 0.5971633450261516 0.8131299402844832 0.6096489624610858 0.8497066077751634 0.6286603586346896 0.8865866989730365 0.6459193915184375 0.897464649002538 0.6518519586333815 0.9407759701598357 0.6511564238497015 0.9515969551888288 0.6046517449094361 0.9433482264106442 0.5899305406415798 0.9273955788941569 0.5765294122616463 0.9099667202136859 0.5652579405331725 0.8665957287897488 0.5519072974166835
0 0.7983494039082539 0.6054683077583093 0.7861561669365612 0.6135278262585815 0.7845367799706443 0.6388700422024138 0.7788934371751223 0.6666651158743563 0.7916308078701637 0.6842446445686234 0.8247296822041861 0.7025546445485963 0.851095593662923 0.7165771578889529 0.8954767575305265 0.7416824962769818 0.9151509516442251 0.7399864796605211 0.9235234170131515 0.7204145539767747 0.9294698453576001 0.6956660005343563 0.9245775402531963 0.6823471377760734 0.8985160669764516 0.6521756105877207 0.8499087775272033 0.6290917442812457 0.813332110036523 0.6100803481076418
0 0.6393180392963548 0.6189014354164573 0.6210788108163925 0.6298988386986597 0.6215800082181621 0.6909633468073003 0.627260876803001 0.7045249485313376 0.6481873060095877 0.7227795035932923 0.7299561834838955 0.7350295961054886 0.744615688535514 0.7351123126048277 0.7563033320479738 0.7283737717478553 0.7583662750986193 0.7212565848962145 0.7655652766942223 0.7116597196128313 0.7760201243249853 0.6960511777366735 0.7793373314181172 0.6800912614471676 0.7777608807737795 0.6700080164768988 0.7619899493233416 0.6603543536424318 0.7507073216314942 0.6583578987537558 0.7315997438767331 0.6535835815495653 0.6493665184734401 0.631223423363468
0 0.7904781359410971 0.6861047415506963 0.7754944153380287 0.695889351759504 0.7583662750986193 0.7212565848962145 0.759234624373418 0.7370283053826073 0.7594364559671913 0.7422585745485434 0.7648142390031039 0.7527736560430567 0.7828090377259799 0.7671725609896395 0.8162917978780915 0.7896614121616349 0.8319215824761947 0.7937343331721944 0.8519585324054593 0.8091310146854266 0.8782637591227577 0.8235040006837545 0.8906786050576813 0.826956438489268 0.8981810303604771 0.8156072099160289 0.9103353889097872 0.7853865500972973 0.8965677302433553 0.7545695225110203 0.8873282682326957 0.7391741936308537 0.851762787660481 0.7175208421706497
0 0.7664315970194224 0.7562247412155046 0.7507595524162729 0.7779795140802861 0.7450156319821304 0.7983605696498802 0.740950430622278 0.8122444706951911 0.7415354717176078 0.8312513580919099 0.749016428859614 0.8376148599757213 0.762158815375268 0.8464593929243404 0.793801932231297 0.8635829696568621 0.8251825327521141 0.8758267498814192 0.8625886710952104 0.8884487252229564 0.8818987567602776 0.8888555445543229 0.8902108755460321 0.8648352080091676 0.8922141483300381 0.8436718432573577 0.8850574067394817 0.8274410146653995 0.8516349931705424 0.8094005743548132 0.8322451217111116 0.7934647735028081 0.8162311131366529 0.7900118848196062 0.782161959256146 0.7677116803284124
0 0.7340203703689486 0.735542345618318 0.7513459461446682 0.7777908673994843 0.7452583709478847 0.7969586790179956 0.7408696303531153 0.8111121397326929 0.7414754632927021 0.8220040637111209 0.7257645402671697 0.8215976952574428 0.6877720081956781 0.8091643665967071 0.6451493491967281 0.7930908552050333 0.613748633148187 0.7793642713600067 0.5949857246308662 0.7614065475487591 0.6026916723187674 0.7312931705445559 0.6050989464485867 0.7157914606052378 0.6130469567857094 0.6938739600079099 0.6282516100354761 0.705199073143648 0.6481266212681491 0.7231299762512635
0 0.7413131864378438 0.8293371688248842 0.7283511633551737 0.8434356354992517 0.7244472243753802 0.8643830819889393 0.7179140641442697 0.8941191656315394 0.7315006830611851 0.9115909606335898 0.7708882878692316 0.9255611851997477 0.822165029625245 0.9428220215942499 0.8431528198898028 0.9511283369594731 0.8620585660507905 0.9506723849977275 0.8655380499987803 0.9273793635944583 0.8678447464899793 0.9044636355527921 0.8635187195862468 0.889473322493238 0.8241917995196391 0.8751526252691088 0.7948734657329346 0.8653894252316711 0.7628260093728259 0.8474030772060371 0.7502093318441289 0.8387203702345877
0 0.7223474318519505 0.8205458264058406 0.7281087625476859 0.8400386426117564 0.7245887093859814 0.8651649402934666 0.7197952911288659 0.8832545132344322 0.6769496705336193 0.8748645796144926 0.6251871126878309 0.8652064080031404 0.5882054293765383 0.8549300075751848 0.5720301584220205 0.8444135734476058 0.5739117235648832 0.8287500375311184 0.5774720077820357 0.8065893470903475 0.581092300424094 0.7936759510303655 0.5853999025914344 0.7831890428725498 0.6030523991847349 0.7771791697905291 0.6148607358635392 0.7793374506563747 0.6450886644552895 0.7934413278630047 0.6879134932062794 0.8099462249012342
0 0.720865471997438 0.9042565028867608 0.7039592788795263 0.936336808809877 0.6960934214446317 0.9401911062921832 0.6987809603295223 0.96464418111696 0.7111548988924652 0.9747287787202943 0.7243174009358431 0.9850561152893832 0.7810537404717308 0.9995677135827566 0.7993321855323421 1.0059325680996336 0.8139712368979702 1.0093313644978832 0.8244046163679438 1.011435553078776 0.8410861570982269 1.0110332425242947 0.8437961786187065 1.0033769363338807 0.845455458481805 0.9857992111503675 0.8473977083661063 0.969785202575909 0.841980032433012 0.9515056303210763 0.8227514233536403 0.9426333749134481 0.7708882878692316 0.9255611851997477 0.7321071923173046 0.9128851175732579
0 0.702022101369221 0.880367564593635 0.7079054778643663 0.8895616684448481 0.7102500383031487 0.9032037322797817 0.704788411573676 0.9347462714971905 0.695021887942994 0.9383846507173743 0.6623058849522616 0.9386501524875642 0.6401852001280947 0.9384856212442635 0.5875526022161756 0.9370501467434186 0.5576676520705335 0.9337572805266321 0.5514811900264616 0.9215166564458945 0.5509762728837617 0.9132398670504346 0.551786642683253 0.8909709920397583 0.559754092231567 0.8801340621016599 0.5684494205188777 0.869890343787287 0.5710592025590032 0.8500211359751452 0.5899240413480099 0.8561973438112206 0.626177845920306 0.8658805326154507
0 0.6955070277162363 0.9403797529729848 0.6992054153613261 0.9669897560305416 0.7053519845082161 0.9714658893509597 0.7111743381036564 0.9858093493795241 0.7023774177029262 1.003035700149689 0.6984342621424837 1.0066208888402974 0.6833093946870805 1.0108247572251978 0.666951055033448 1.0157563916296726 0.6359540021724537 1.012490346116518 0.612215959331968 1.0088747297007694 0.5958784115225924 1.0056914006869537 0.5662566540286951 0.9976805639393721 0.5513346326418644 0.9927180509320683 0.5508699465546126 0.9874068687775474 0.5504461678393417 0.9754635268252058 0.5552194705687332 0.9558911502637707 0.558152115527243 0.9453501498210025 0.5616711542141481 0.9346205026974325 0.587815456709654 0.9371310597320033 0.6418836965718422 0.9382701538598296
0 0.7173822683085178 0.9803372430032108 0.7112957075865336 0.9851084040635817 0.701932508985132 1.004006205135018 0.6990813406123177 1.0060817695015245 0.6833093946870805 1.0108247572251978 0.6762321007326213 1.0149217936732582 0.6770397652659813 1.0310439868176224 0.6803753970955052 1.0405612917454865 0.6931335596348036 1.0500258570214631 0.7351902785913486 1.062971935195028 0.7704332344034455 1.0704981957664783 0.802906160270157 1.0764334681475536 0.8263612330894402 1.0784853679542479 0.8288895385438704 1.0670815962183673 0.8327331309404917 1.0416857388672707 0.830469370770872 1.0291760059948356 0.8219175564437609 1.0114082814974552 0.7990894465665876 1.0073344587315185 0.7805887162262125 0.999055414947616 0.7240545464423647 0.9849752023007984
0 0.6667488852814082 1.0153250059831167 0.6778283287464166 1.0312867257833769 0.6800317423328641 1.039348047794403 0.6835692057561614 1.0540956218882032 0.6808789616051395 1.0680336152184666 0.6749741169492046 1.0765522418243039 0.6659757031129674 1.0837494399091527 0.6555617628541851 1.0927258219874896 0.6175688926244269 1.0850913768461339 0.5924967999470916 1.0747895083476118 0.5568900738446296 1.0645672002046085 0.5349118885058629 1.050787876707695 0.527653554801887 1.0415396805715291 0.529191803340375 1.0198640171845783 0.5325901488609358 1.0002375483381905 0.5374636910706811 0.9928780733984839 0.5496163588286592 0.9866518311766524 0.5519411418979839 0.9940122078717363 0.5679551504724427 0.9974650965549383 0.5952112175250343 1.0047477164052572 0.6129438380709646 1.009467941324495 0.6357719479481378 1.0135417640904318
0 0.6890492572220263 1.0480303038881642 0.6836298904975999 1.0537451492302319 0.681809010096176 1.0690582124887482 0.6750348016906432 1.0762017691663326 0.6667035818519641 1.0843426515328782 0.6610414761617835 1.0914593875068308 0.6624563262677959 1.0992779705521027 0.6662358523403147 1.122221421052778 0.6914698837142417 1.1299890679569167 0.7360951391806649 1.134496981635541 0.7657373503605527 1.139191738484212 0.803265534503059 1.1415150014710471 0.8148113548466513 1.1387934858289277 0.8189580327921993 1.1164441487073553 0.8202532042066664 1.1009692594716693 0.8186160688208901 1.0912364871593716 0.8106503100639081 1.0780789995005697 0.8052718507114628 1.0771616850448165 0.7700490104270898 1.0711182280938358 0.7357159875783053 1.0631337611721976
0 0.6586959012482019 1.0922139742300372 0.6613643390801677 1.1007875948762045 0.6666200763166703 1.1216013887254201 0.6691061217660539 1.136025310864881 0.6585899130773192 1.1615820924377702 0.6307870070352476 1.1670514935479523 0.6202118043964063 1.1689643301819121 0.5793681039521001 1.1586065658876834 0.5403855149646662 1.135901345575877 0.5289215093650359 1.1253585416223546 0.521764429616213 1.1139265965497767 0.5179252332770549 1.0769369681489327 0.5237895087192752 1.0702516178215362 0.5347097187538231 1.0503564910611392 0.5570114433275067 1.0638662548886662 0.5922339454536132 1.074708595359027 0.6177710623764668 1.0855227624926898
0 0.6674894400662681 1.122976458653673 0.6692881759903696 1.1349738928909676 0.6589741370536748 1.1609620601104125 0.6406950156765308 1.1641949726322955 0.6431401537539336 1.1852510545695771 0.6812342779388447 1.1907017507745208 0.7353424106982147 1.1996053356626664 0.7782691697208903 1.204328716725724 0.7908258388246818 1.2037641293163845 0.7951944638917271 1.188127864981218 0.797520937752384 1.1714938240794013 0.7950751233584484 1.1600355091808796 0.7860784003135433 1.1432382896688282 0.7802148011878556 1.1403258729574648 0.7654744958670743 1.1391108254956273 0.736418678415582 1.1342274219661546 0.6912070292207634 1.1299081549683319
0 0.5288407090958732 1.1242262106598562 0.5214797688036786 1.1363572975376224 0.5214173932709081 1.1607021877924941 0.5078277309295952 1.1864203444648642 0.5002445053576368 1.1966372420756048 0.5430492185809025 1.211659335493365 0.5837108648008928 1.2230685177615077 0.6359987934753717 1.2376873988694095 0.6446123070187204 1.2407080001506785 0.6467164955996133 1.2221597699818363 0.6528449781683776 1.1963597985655046 0.6528456544849105 1.1867620315267444 0.643079469012495 1.1856015272275482 0.6407557004179693 1.1638444999743245 0.6304634678003306 1.1673210532173388 0.6201511196549677 1.1693148028398836 0.5800758671633728 1.1577169738909394 0.5408505392101844 1.136413644211018
0 0.6583049141065185 1.188811676944996 0.652784293426939 1.1967102712234758 0.6466558108581747 1.2225102426398078 0.6500913440097861 1.24903933270878 0.6786211143160552 1.2585597937804633 0.7047851941810186 1.267352037954884 0.7411603682361919 1.2763342814431715 0.775210421063774 1.2827550317557554 0.7948034767500436 1.2847255676961764 0.8012554985537249 1.2586560366104582 0.8040667740293577 1.2488159814836322 0.8027531778784984 1.2388136495019482 0.799437999734965 1.2259802646751738 0.7912100628010373 1.203144096989027 0.7778849457445348 1.2049487490530817 0.7346346474869422 1.2004949276594103 0.6814364476908845 1.1911331364210767
0 0.9441217467373513 0.5167072231961637 0.9469712243188337 0.5386260764265572 0.944402349650689 0.5518631244408785 0.9402362324939498 0.5631318909032212 0.9333409927638063 0.5661775093773683 0.9277197944456067 0.5666620855534998 0.9292556758762298 0.5785786068022095 0.9435503961626841 0.5903619262881357 0.9525068881521411 0.604193538559248 0.9528703202842399 0.6116884696501809 0.9704812331890267 0.6219085234047412 0.999637290120873 0.6390048285559425 1.0202405182508087 0.6527300597679034 1.031806115963859 0.6562902312656339 1.0421181259509553 0.659095365162469 1.0577076794936104 0.6602026789320895 1.0597505070165318 0.6516026884599789 1.065797512999601 0.6342681531199086 1.0720466887347095 0.6173650034263943 1.0724517045553221 0.6086300076807463 1.0516466448316124 0.5896745073028492 1.0245528546338787 0.5750587823387671 1.0084784994762481 0.5671574827941561 0.9839126765746783 0.5459368696135738 0.9555052902260854 0.5213188126678077
0 1.0189527863182026 0.5626295115772281 1.0335918376838307 0.5660283079754774 1.0630107491091554 0.5832055261152634 1.079732859053153 0.5809699392823413 1.1091936923252579 0.5771183470661664 1.1387349877082587 0.5791979693318697 1.1694487323897842 0.5856991817553499 1.2005664784171228 0.597862048991322 1.2031132086079452 0.6119354984728117 1.202929125434031 0.6417802175630055 1.1990463164567609 0.6498138171150228 1.1528217895521444 0.6721309230007009 1.1286589535215887 0.6709686151907507 1.0902815211572086 0.6687530858961327 1.0683630060850815 0.669019940299388 1.0534004154845362 0.6658907035705252 1.0579705339870888 0.6602835919206743 1.0594876525230534 0.6515217754713941 1.0662625372451189 0.6347804517550494 1.072006119520995 0.6191982797048351 1.0732402680357573 0.6088727466465006 1.0521522382908453 0.5883535296595491 1.0242900001404005 0.5749778693501822
0 0.9498575513731002 0.6114993720916907 0.9405131156663573 0.6510755108611167 0.9100414336340533 0.6527701748445117 0.9079580368974174 0.6632034415950633 0.9258311279791498 0.6831021753769685 0.9306020636006764 0.6971219834511939 0.9563212347478458 0.7068847326109434 1.0015922160510375 0.7300490610283145 1.0234292545374695 0.7382476427013213 1.0472890050190982 0.7363634302817471 1.0509502050331379 0.7168178744239443 1.0611629900146795 0.6930134561409114 1.057423018681076 0.6826333799199352 1.0466868918204422 0.6726837875901385 1.0284698078178023 0.6563706933765301 1.0197754940052906 0.6522177611327628 1.0010930475988662 0.6401912518033935
0 1.052611852004101 0.6656479646047707 1.0461004980920467 0.67287243427094 1.0566344552006406 0.682390640954181 1.061890868753676 0.6936066677646368 1.0511523747851776 0.7172492600705002 1.0482596227238496 0.7355547512735878 1.0323867610017257 0.7376826044142932 1.0404336581861366 0.7471735395162135 1.0487843172360072 0.7501132278088974 1.0481369006079069 0.7554512306670506 1.0530701130842914 0.7621379336275127 1.0951476238850935 0.7669690483827871 1.1209281560902338 0.766783557845805 1.151925885267761 0.7604518363201995 1.1798303834232522 0.7479998027542253 1.187555094005812 0.7385647634480117 1.1931967460100021 0.7347641073729698 1.1929949144162286 0.7295338382070335 1.1937033539440338 0.7190464791715295 1.1900857665681068 0.6935688070764711 1.17726691928737 0.6844547144584657 1.1674202717040583 0.6773629956773911 1.1541360620195364 0.6725354879436248 1.1283960990281103 0.6708877022021659 1.0897558121702517 0.6685912599189633 1.067574442604646 0.6687772013336337
0 0.9285599123942878 0.6961242068845443 0.9568469437348026 0.7070465585881128 1.0034321975053864 0.7306154519484079 1.0139664927722465 0.735334775112269 1.0326482628621383 0.7569590514803982 1.0473466463361394 0.7792029092981965 1.0437461310635388 0.7983979924980282 1.0359396057370174 0.8210973513998834 1.0347463645942359 0.8247907246603972 1.0128479650498328 0.8265403826841219 0.974815201922893 0.811141446782447 0.9489951149788369 0.7987635630397297 0.9301912990895354 0.7874379990263031 0.9161188640828449 0.7775688688074024 0.9105385731366261 0.7714212851857131 0.9059496917394152 0.7563500591375741 0.9040292481741701 0.7498524537356022 0.9046364337468225 0.7415488436365099 0.9155552911483047 0.7408492509536332 0.9240692415278324 0.7220591835744138
0 1.0528679433322514 0.7617065479809567 1.0412409845612303 0.7680946161799577 1.0490045735661726 0.7808207181922037 1.043766246591263 0.7998807961184978 1.036343945241097 0.8219601226929955 1.0346856798527972 0.8251411973183683 1.0264560521275379 0.8262994472291217 1.032136920712377 0.8398610489531592 1.03535152121729 0.8452804156775854 1.0518711232509816 0.8474123267174872 1.0825044058216107 0.847982324659089 1.117485183456762 0.8458299052031943 1.1389996971830758 0.8399013959874471 1.1501612935503125 0.8377999126726854 1.1623947615774533 0.8327060014133524 1.1775612127213702 0.8122722061918711 1.1769349260957929 0.8046963621123533 1.1753990446651699 0.7927798408636436 1.1716999807035473 0.7757676048448471 1.150146588554851 0.7595349727421349 1.1208674713487952 0.7671340305037763 1.096016987634691 0.7683441183110399
0 1.1296375130564735 0.844402546500743 1.1551944073487848 0.8614984007742557 1.1586101631309385 0.8817458037033781 1.1555350186870283 0.9059015963997593 1.1466780898613924 0.9138806527891353 1.1113734348330575 0.9211015154337964 1.0755635245037565 0.9248444722023775 1.042160211987742 0.922683486070401 1.0126594858184554 0.9187705875262567 1.005664682924491 0.9000055373399154 1.0182012365005582 0.8979581463101063 1.024125858525951 0.8957212068441187 1.0319538520132618 0.8553091174852128 1.026272983428423 0.8417475157611755 1.0320155512294997 0.8405619942691015 1.034906612499496 0.8462509206629142 1.0516082687575028 0.8473314137289024 1.0821607510589697 0.8467690807080058 1.1172223289632837 0.8457489922146095
0 1.013292873767627 0.8255698776987931 1.0263336681698616 0.8413970431032043 1.031771797788946 0.8563605354591265 1.0241057429982268 0.8942384032236491 1.018403406252598 0.8983895319566623 0.9911667784111977 0.9021874827655734 0.9220769539983577 0.8742752069699549 0.8994312365037667 0.8643510827107246 0.8916471938128339 0.854941060597389 0.8920119785779982 0.8432404576108016 0.8851787762223589 0.8267400693494572 0.8908200900682826 0.8277382967937953 0.8987674240888726 0.8154185632352272 0.9103555044375112 0.7868693537177669 0.9079093518853094 0.7802099223386255 0.9088598540623363 0.7779184397099964 0.915491901140735 0.7795907917666448 0.9303733533138511 0.7863865810523896 0.9489344302373983 0.799114035697701 0.9754015956512883 0.8109528001016454
0 1.0119114915517349 0.9166945722820615 1.0009114957228236 0.9210607175218201 1.0113438607179979 0.9375615566608531 1.0060854182153642 0.9551388309666775 0.998116954192251 0.9803724114629159 0.9953063550331511 0.9806146995509818 0.998965526097592 0.9898624448094594 1.0360890325777523 0.996121820022562 1.062091850062657 0.9978505187526059 1.0912492596275687 0.9957512898262869 1.1175759545056567 0.992411545367564 1.1334893854414951 0.9884504159484179 1.1433776167133205 0.9793122078929115 1.1444903957452057 0.9696876201505193 1.1423694732192526 0.9387642115050912 1.1182281053494867 0.9198891732380904 1.11145423510222 0.9222338463962948 1.076028548749275 0.9253567708375182 1.0415738182593466 0.9228721327512025
0 0.9925417356200283 0.902241575050526 1.001497889451219 0.9208720708410184 1.0117482002220775 0.9384243279539649 0.9975506759915798 0.9820438617641872 0.9925359869294994 0.9838225948799869 0.9749448513941703 0.9798842282652762 0.9221717829464493 0.9632702449017639 0.8948553693106854 0.9515392141900364 0.8709359485624169 0.9393772487094411 0.8657197660648297 0.9311268291399246 0.8664278674343686 0.9254383536238006 0.8681076009834577 0.9045445485413769 0.8644893372909979 0.8886646434850788 0.8835972532040253 0.8886400771698894 0.8918087943511592 0.8572057225223858 0.8996334062558065 0.8647824683572806 0.9220162692569192 0.874625679627926 0.9220162692569192 0.874625679627926
0 0.8647286946740883 0.9352515880469944 0.8625235902963087 0.9511846836328685 0.8450736016133142 0.9528270588420648 0.8479841020945016 0.9695965558951073 0.8449096339671243 0.9841545815527285 0.8440590331121849 1.0034578493224655 0.845433652162749 1.008310825126798 0.8665022426964697 1.01774947145452 0.8949713282613003 1.0276204051841749 0.9356530900090145 1.040512391072787 0.9630506420722075 1.0485768692276332 0.9816328489982782 1.048390476935274 0.9857185040441212 1.0311904959910527 0.9917055016022842 1.0046086662701936 0.9815162137311306 0.9819070529798958 0.9223739526984891 0.96370163054832 0.8947339998278083 0.9522401595059787 0.8651330341781678 0.9361143593401064
0 0.9964992580176661 0.9817202098098482 0.9913631994727088 0.9841998882415902 0.9826283164464826 0.9818802322762638 0.9917863018714468 1.005740997232692 0.9816328489982782 1.048390476935274 0.9785795108734241 1.0500346556552247 0.9831683922706349 1.0651058817033638 1.009150756069549 1.0701506603323179 1.0440098260635566 1.0734980697117458 1.069749789054983 1.0751458554532045 1.0864514453129903 1.076226348519193 1.1270135283691594 1.0658248621268473 1.1260435869809413 1.0570357740962464 1.1293607940740729 1.0410758578067405 1.1266122322894772 1.0217721391593149 1.0998225421154695 0.9958062838666165 1.0913907446381699 0.9965331481308141 1.0624760740390125 0.9972304864252483 1.035704808601397 0.99674185234992 0.9985813021212365 0.9904824771368169
0 0.8453528518935864 1.0071784941643 0.8419555208478249 1.0124083124525474 0.8243439316265052 1.011786025736747 0.830145831535955 1.029445565664222 0.8332789554551727 1.04333036846491 0.8270485426147223 1.0809118558564141 0.8492899206052338 1.0899732088225325 0.8879499848325499 1.098551338245585 0.9268527880256205 1.1057275770367525 0.9627227067798274 1.1112319146489602 0.9720443216927153 1.108564040414105 0.9759888298862234 1.0857833176459766 0.978295188219156 1.0676664731236907 0.9692176649050879 1.0497369226491406 0.9631113268136461 1.0482263965696619 0.9354509202569747 1.040081005426231 0.8953555522376558 1.0270003728568171 0.8668257819313867 1.0174799117851336
0 0.9804999544386692 1.0565322610571968 0.9734632296979242 1.0587960212268164 0.9788208972061128 1.06782829910086 0.976049514627662 1.0854328449880053 0.9719836369512767 1.1089145130720763 0.9631676154976216 1.1102614096636314 0.9572634471582194 1.1091822692307085 0.9568182002821588 1.1149516577354175 0.9632068320782705 1.1276236674627107 0.9641563197804982 1.1397288353922221 0.9822731643027841 1.1438290279841024 1.0051012741799572 1.1479028507500388 1.0241686208792702 1.1497115607132904 1.046693645207517 1.150738863249703 1.0738893656769366 1.1535730722386133 1.0901461132171497 1.1556240702899303 1.1000541218584328 1.1527675493742735 1.1110336640013534 1.1517174840334254 1.1117226643179676 1.1301495543386917 1.1152618185325969 1.1209027108355913 1.1138677602708416 1.1049691643720287 1.1053558388409122 1.0949659306349677 1.0911020259264386 1.0765504513512205 1.0705383525354182 1.0753885944189587 1.044272680557035 1.0735789827003306 1.0094742953044658 1.0698811006629314 0.9830269072600337 1.0643240233988365
0 0.9484071946491164 1.1075635585813244 0.9533199534395106 1.117566341440697 0.9561090844378206 1.1350367838096818 0.9545104893161606 1.1522640363352237 0.9543683279890267 1.1610799450694567 0.9497579784310262 1.1637214494783683 0.9272530696305035 1.164176950562425 0.8939909039668239 1.1675967062543555 0.8694438439599125 1.1670544307717632 0.839639694083433 1.1648938955174748 0.8216438808857578 1.1648916411290322 0.8094308665446076 1.1666694724894549 0.8058323802216054 1.1570712545730062 0.8024970865503479 1.1427550661257626 0.8146293006223355 1.1398449038028413 0.8181892466812216 1.1224830968814505 0.8195444265205946 1.1162555020265534 0.820981082945663 1.1015624710953948 0.8182925295859731 1.091506046828758 0.8114388735443432 1.0783217384663242 0.8268463728626826 1.080480470209858 0.8482385026313202 1.0896495568681932 0.8876871303390717 1.0984704252570001 0.927115642519099 1.105808490025337
0 0.9638130031761236 1.133716707921759 0.9562304539206978 1.1343358384937392 0.9554197459629401 1.1614035970237957 0.9383335275703111 1.1657420198045452 0.9414666514895288 1.179626822605233 0.9538590147888636 1.2151886414259374 0.9806302802264792 1.2156772755012657 1.007159144856607 1.2127689166890987 1.0270556242500697 1.212987089339664 1.0381159666621531 1.2130693549613139 1.063411697252318 1.2060898786493417 1.081994242336655 1.2011046028376027 1.0938029171737256 1.1984640001840683 1.0953203738679567 1.184903300215408 1.098071302760417 1.170614834227173 1.0948573785720368 1.1555977004639868 1.090611137462668 1.156136368925071 1.073505141700581 1.1541931045659708 1.0474822086879523 1.1509816022154575 1.0247550146076656 1.1495229140324887 1.0055056136840372 1.148765622043151 0.9818889403264286 1.1444490603114599 0.9644392898017007 1.1412925520012764
0 1.0694171195468734 1.2049852701458523 1.0830640850469606 1.2269054760093114 1.0874913659058465 1.2397120401324537 1.0866612187368971 1.2556992280032806 1.0833842426992135 1.274624751533726 1.0675103665022907 1.2911492552325712 1.0208426216712123 1.2904424485066779 0.9736293904837195 1.2832921286637653 0.9437243248103533 1.2785164588265092 0.9438265932403056 1.2619360593319568 0.9390965649907599 1.2412840914599104 0.9444358077625561 1.2248391481165843 0.9460749720979309 1.2057786193126019 0.9549104327627771 1.2155122933802764 0.980508910743602 1.216378220817208 1.0076848538435639 1.2129307426662683 1.0272376784743855 1.2119356713657503 1.0387831606597113 1.2140130392430108
0 0.943279416092559 1.279486963811838 0.9274870164813314 1.2875460314344218 0.9150513787021509 1.2922085570471986 0.914909217375017 1.3010244657814318 0.9201656309280523 1.3122404925918871 0.9262303853309803 1.329980945507947 0.9484315322660437 1.3360766912331261 0.9852314995112871 1.3426056261156158 1.019483722090909 1.3494577620747554 1.0390362085634641 1.353261574293617 1.0567490517399367 1.3517001120730054 1.0665363672148755 1.3399467694345308 1.0732515816703019 1.3091592678180175 1.066782487763294 1.2905560436088457 1.0208426216712123 1.2904424485066779 0.9725779725098057 1.2829684767094263
0 0.9347142494030518 1.164258765306387 0.9412239125237745 1.1810287132371178 0.9452264001925899 1.1962885859660581 0.9460749720979309 1.2057786193126019 0.9438494140341607 1.225027794797386 0.9109915878745608 1.2293103217824288 0.8646068130646849 1.2301672316655896 0.8466716846084483 1.229814504619176 0.8019046059731574 1.2293236161554049 0.8004693021811545 1.2248211130090436 0.7915336020359542 1.2028745373196406 0.7955988033958067 1.1889906362743299 0.7968131745411112 1.1723834160761453 0.7981284614833026 1.158391330460929 0.8058323802216054 1.1570712545730062 0.8105429692599598 1.1666426517858224 0.8215225114028806 1.1655925864449748 0.8412775057857421 1.1650289007910126 0.8716073646491783 1.1673512620224702 0.8934045102384285 1.1677853529351572
0 0.8006309027194798 1.2270857749340403 0.8047138524991917 1.2482768621448592 0.7968865353284132 1.279091184465005 0.8100688147412489 1.2957002081739433 0.819470891765033 1.2989635484209665 0.8435931585818741 1.3019591325093578 0.8543500772867647 1.3037937614208641 0.8851251830262616 1.3003467341476131 0.9003308507508274 1.297275196725211 0.913858475717636 1.2911030467883322 0.9292461976665177 1.2869800913920166 0.9435221550583135 1.278085073179953 0.9433615689947873 1.2614237606968162 0.9392380500013611 1.242065949764438 0.9400876363815014 1.237159332552841 0.9351141928496683 1.2275070223514395 0.9108702183916837 1.2300112670983712 0.8642024735606053 1.2293044603724776 0.8464088301149699 1.2297335916305911
