0 0.3939305281009674 0.519481655682542 0.39851830130825716 0.48399813345719217 0.45893160941979705 0.46298312420846455 0.5050296422979003 0.46790812036279555 0.5039810765039718 0.48714303654870345 0.5156353258575895 0.49952671692173695 0.5150093552928323 0.5118487550083758 0.5100927522451647 0.5495878544015741 0.46412017387185334 0.5478164410667644 0.42511770233767343 0.5423896268932665
0 0.5063462636186129 0.4869757638756477 0.5043402935011464 0.4646083909475507 0.5157581764439781 0.44650039537276615 0.5501861154104646 0.4351362692785927 0.5831891250686471 0.43354631091176277 0.654333571244668 0.4473034810414979 0.6668805447306256 0.4575777308424063 0.6612891354850019 0.4678325905115846 0.6344110422076084 0.4795929042382639 0.6327985821217179 0.4986816738284483 0.6143947477817553 0.5165396283664504 0.5382069420940736 0.5092780226261461 0.5382069420940736 0.5092780226261461
0 0.6690265119516816 0.45891417628124964 0.6876812553012276 0.4473633873822904 0.7100019625281282 0.4508075274476568 0.7300512480291811 0.44976163925465834 0.7452922384701576 0.4576130392146626 0.7629142605837742 0.46920260837708216 0.768036842885431 0.4822342533650061 0.7678651566658432 0.49545429710331784 0.7531735179180312 0.5119335540478123 0.7426483591075392 0.5279321190504719 0.7222860883241078 0.5351390262867897 0.6528808586979706 0.5335366215706379 0.6363087043374838 0.5308020884065566 0.6288367794791854 0.5218431579671593 0.6278648325568497 0.5044253791619296 0.6325793622281327 0.5001853919403473 0.6335183180752685 0.481702334810389 0.659707062555908 0.46664229166846477
0 0.8714170290920864 0.4996644785195577 0.8401360894665869 0.48141380824025387 0.813633057744367 0.47454491824125133 0.7704178745580711 0.48597242256742135 0.7687737253561822 0.4972503084066638 0.7518265094405219 0.5131449789682643 0.7494150906110848 0.5296858781991532 0.7533319634980229 0.5509879728025217 0.7777048725571858 0.5604258592381518 0.8165660450285749 0.5587936487166575 0.8480028263156629 0.5599188333821786 0.8731271604443749 0.5601882645506913 0.876853898635323 0.5346250566484083
0 0.92227712531547 0.5120658130787193 0.9531183231945974 0.5052339673975751 0.9917919648883997 0.5129163587389217 1.0325494975304628 0.5344033802014739 1.0284939294991369 0.5622221652716054 1.0089926937320468 0.5595087581848563 0.9888021091682029 0.5534956216828623 0.9758483850110733 0.5540396918566938 0.9558611757828155 0.5426173953673299 0.9331020287687444 0.5421806915257615
0 0.9488752243856848 0.5423673543305475 0.9546237772520987 0.5430769612318326 0.9775400678869596 0.5544781316438642 0.9859205614355971 0.5652330733866074 0.9905109385612899 0.5859294555297497 0.9834946000073624 0.6059584829262715 0.9630702529511359 0.6256335748449517 0.9321815213980108 0.6207490948996831 0.8980190340399057 0.6142358763241241 0.8846110255376065 0.6138819408462827 0.8826367445361383 0.5993254516691274 0.8762926082617639 0.5906588144211771 0.8677708156503354 0.5728448479834415 0.869524574799017 0.5608151030882496 0.8770585759301106 0.5573058488452846 0.8947730614733191 0.5361481648920375 0.9039829009223 0.5291719085607719 0.9275568512379166 0.5360619246371067 0.9301887919201405 0.5461072594785646
0 1.0628711010632985 0.5546274035859241 1.0731292740572915 0.5618080550775618 1.1124514321514454 0.5712456590101965 1.118896910785013 0.5774381602239312 1.1209556732042398 0.6020890833892446 1.1093823656479045 0.6194385966076559 1.0782162200691356 0.6354784959226724 1.0443114169731644 0.647040271799081 1.0184248867690626 0.6501288346193306 1.002614134301829 0.6422627673707698 0.9925370989907325 0.6260850572616153 0.9860457071493267 0.6085756506132772 0.9911735360720944 0.585033636181131 0.9859832319646467 0.5663541031891745 0.9788719050614876 0.5569743633357145 0.990612303472335 0.553987829866217 1.0082688142964444 0.5608249350965739 1.0313414225445081 0.5615290799580092
0 0.5300857754054529 0.5037281519221722 0.5135059661749997 0.5176979464145574 0.5083176761186728 0.5590695940646145 0.5222357974561536 0.5691404588139591 0.5844283546608569 0.5762662281307621 0.6315974020816119 0.5809034401268637 0.633356330122543 0.5543805820636738 0.6310423632284599 0.5341088748653184 0.6153467868929032 0.5159895737502324 0.5383509376038556 0.5106477477012094
0 0.41159807151827105 0.5328782982907572 0.38836693572588354 0.5476534991308967 0.38552544614407674 0.5873851486806118 0.4041823533157983 0.5953118415498625 0.45603405715878126 0.6039729591115127 0.49528800800994083 0.6079639278643592 0.5039080047115817 0.6023292096033018 0.5052217284788738 0.5860890169390255 0.5117826852704075 0.5830119619500903 0.5138188982749228 0.5748278146200864 0.5096209242851361 0.5602504469617441 0.5015474461543475 0.550570246698836 0.4640029385104715 0.5478654059332588 0.4253525734941441 0.5426257288011516
0 0.5297166342789223 0.5727654656898956 0.5203969752456503 0.5759706226745626 0.5126345535108503 0.5829517154364897 0.5050975872760686 0.5854947860061953 0.5041562871171923 0.603517671468962 0.5061430152880598 0.6231425101894174 0.519621170152316 0.6347855175569727 0.5585535890066582 0.6395362388463898 0.6131354614593896 0.6410361493399556 0.6275435030297261 0.6318430292158034 0.6310066364775264 0.6153168219205857 0.6254052461029442 0.5865034686186775 0.5853392952866252 0.578170643649908
0 0.6495217706446439 0.5934375778036661 0.6430702575778603 0.5849281230912488 0.6390072498310403 0.581140141392782 0.6341139330740391 0.5795300525655369 0.6317665105275161 0.5727680095558608 0.6333235659452146 0.5550524688878274 0.6386554792496082 0.5431014466117364 0.6495258606176814 0.5336114586341323 0.6725783230229677 0.5337742685384489 0.722835363330488 0.5355178772675774 0.7320179283112527 0.5358465394551007 0.7438568923084063 0.5460941495992633 0.751838832871984 0.5546583813429345 0.7555731784312806 0.5747709230072048 0.7577221293138487 0.5934469632089877 0.7530145407063922 0.601115489315882 0.7389322872114212 0.6097730443642364 0.6907750319176975 0.6024199920659311
0 0.6488835615412126 0.594297779545904 0.6325233075321892 0.6133047637193778 0.6261828697173584 0.6321736644226331 0.6299305292371074 0.6434010472372598 0.6388868537409286 0.6487991177629718 0.6690359805196768 0.6583223278509475 0.7080656380125705 0.6667284423929628 0.7371507026549051 0.6694803532002664 0.7516929497530517 0.6647025819656168 0.7551646324810439 0.6444064360708702 0.7539420405620322 0.6228936574333739 0.741347990898331 0.6090316529555025 0.6914201832243758 0.603270937537173
0 0.8465641144744905 0.5611206778725101 0.8170613319954725 0.5579963336088746 0.7769227967540557 0.5619131532771003 0.7652882715872694 0.564173459249374 0.7582993799050128 0.5849721338881895 0.7592534966757909 0.6055684265911391 0.7742019587879234 0.6154720120059568 0.8152793063975055 0.628379183229146 0.8588529562309422 0.6396723292623222 0.8775681994956619 0.6392471595204398 0.8862816718881206 0.61437344854911 0.8810007989392246 0.6001924448659118 0.8761740277717982 0.5906511348168867 0.8701214333092495 0.5740091199911873
0 0.9975156566100583 0.6462170452480197 0.972490159186829 0.6201357497240473 0.9619602796684914 0.6264506861586848 0.9311411050529026 0.6207241664271335 0.8986879185685598 0.6145741537193378 0.8875827596220786 0.6132033222054916 0.8775681994956619 0.6392471595204398 0.8731202656708702 0.6426163742258806 0.8761165828840334 0.656958948104644 0.8812915825888683 0.671866179285066 0.8840608489112964 0.6838889063467429 0.9251075877156527 0.6892514739468633 0.9474237788526763 0.6912669094773317 0.9955958913885757 0.6826491785644814 0.9998614299562423 0.6611446822985924
0 1.076582208200382 0.6350550029464282 1.0443114169731644 0.647040271799081 1.0186366332571848 0.6486763796248827 1.002735311948503 0.6453088416850804 1.0005119738232215 0.6605596191267832 0.9967911058784726 0.682205279718087 0.986155353116074 0.6892464436499482 0.9895751633054812 0.7006841075398157 0.9935702529230321 0.7198075393781669 1.0245858696241301 0.7203093023037361 1.064709100462934 0.7126201808239759 1.0982962838267225 0.7032370874392391 1.1100660334685668 0.6806628174148455 1.1039522213955666 0.6489315953430084
0 0.9729773849219818 0.6865847273372193 0.9863977084094216 0.6953385922785692 0.9924809116771962 0.7195252107273374 0.9938585214242184 0.7372165934413912 0.970529511054423 0.7537803383177657 0.9375622627523881 0.7550337649076241 0.8879372760306311 0.7542309442267136 0.8704925116946436 0.7459413840019087 0.8718829106958209 0.7131403881715667 0.8921250350110048 0.6867325987251874 0.9255463850945097 0.6901188657695019 0.9473179056086152 0.6919931369745557
0 1.0716686409141936 0.7114092427400566 1.0935013790387504 0.7283727211912477 1.0976176463029752 0.7505422273439096 1.0983447121830183 0.7688186732297724 1.0695536911814307 0.7801984730404653 1.026812980472098 0.7864555453959282 0.9743587673916904 0.7856731305851681 0.9668379943406711 0.7558382623541733 0.972375269411299 0.7527513762995618 0.9935409016920353 0.7393952759330631 0.9935702529230321 0.7198075393781669 1.026870425359863 0.720147732108171
0 0.7603734467268525 0.6133953588650373 0.7525388266663364 0.6671361936596093 0.7643404426876352 0.6792388674362494 0.8461775181746158 0.7072318923742996 0.8613224223722576 0.7119107209831353 0.8756803006536339 0.7103562366379353 0.8811257493085847 0.6846355397141174 0.8810798361007464 0.6733186342795139 0.8774176706179913 0.6557888217610254 0.8587470829868811 0.6403985567595462 0.8145228892864653 0.6296904738981791
0 0.6372204410596285 0.6478000346090717 0.6196557566511959 0.6635967402479213 0.6148161962296143 0.7045478087432917 0.6319433408334187 0.7150160514597684 0.6977120041572051 0.7252785587091025 0.7238408896546544 0.7282821445174738 0.7391516271325798 0.7201916126972584 0.7409502147073885 0.680713405066486 0.7304649908226606 0.6712129067577619 0.7075888246601063 0.6652840050903445 0.6679490468337691 0.6580250836493816
0 0.3975959757809518 0.5932323350496715 0.3803336067020894 0.603078056385315 0.37756685552811864 0.645320009679568 0.3926058864816995 0.6507250657856276 0.43345618320054646 0.6613123901917303 0.4838835002411818 0.6721208256382111 0.4962591381163954 0.66477692718537 0.4982248165457164 0.6396616993035115 0.5034291674815483 0.6349811939290376 0.49472848434324507 0.6093625263559718 0.45651097189753964 0.603979552885701
0 0.7447476046652015 0.6779292535328546 0.7457170258385923 0.7022978480473384 0.746474700523861 0.7281188975562704 0.7700320193586199 0.7410073396749475 0.8201570210696851 0.7577667594246345 0.8649105809904061 0.7648437047998816 0.8709313090735005 0.7468087758245473 0.8719288239036594 0.7244572936061701 0.8617612197511146 0.7127781128057741 0.8466163155534727 0.7080992841969384 0.766624998423368 0.6790772972406844
0 0.9745705138798124 0.7842206755907202 1.027796448473873 0.7874641015439816 1.0712935762942455 0.7798957385194855 1.086802013431909 0.7937127900712526 1.0892842688273796 0.8154588032476702 1.0834905916350204 0.835813579040091 1.0426262480877893 0.848586293000419 0.9776752194854941 0.8521017023281895 0.9686428697866237 0.8520217556132262 0.9596092625135244 0.8248094687202977 0.9665688029647841 0.8235985306363783
0 0.954537620904293 0.7549113296867217 0.968790883515837 0.7812154130167106 0.9728918463774487 0.7996126173578376 0.9669017270995799 0.825192149956241 0.9158697793998041 0.8262856831161728 0.8510093196389571 0.8253025631351848 0.8484671042072637 0.8155996828905945 0.8513103773942987 0.7922192386540136 0.853972512898437 0.7778358530349493 0.8533819290676807 0.7663777832749313 0.8658940489921809 0.765852260947935 0.8718089038312142 0.7485435594698245 0.8872867321636521 0.7548160073985227
0 0.7292582446528371 0.7492815243265168 0.72741374387019 0.7774428265226857 0.7794151127433566 0.8007178878772377 0.8491176480742427 0.8150146197187853 0.8523385010296833 0.7774123600587052 0.8485857667054801 0.764381076848975 0.820595818448542 0.7586341512472732 0.7697143996264368 0.7431860221666192 0.7444171956788631 0.7306003145689219
0 0.9656018969398507 0.8534946164778243 0.9612904451643456 0.86368220730911 0.9558296921067819 0.8856306024213936 0.9609600361780071 0.9163532683451775 1.0039277977780747 0.9124160428068012 1.0470014326222032 0.907752589771201 1.079695716825665 0.8928624109296526 1.0756394095976627 0.8586497718451637 1.0606756430829174 0.8449738846188112 1.0446990573354 0.8498771777993017
0 1.051237619958873 0.9058358300602082 1.0642497548726815 0.9212669068019883 1.0657038866327677 0.9578197985737141 1.0147025477382177 0.9664579353567149 0.941036789169235 0.9677147154778499 0.9369358263076231 0.9493175111367229 0.935013545937683 0.9314849640972543 0.9426389346585345 0.9334612646530601 0.953274687420933 0.9264201007211987 0.960854162933946 0.9170794958424014
0 1.0470039477706607 0.9620172701271311 1.0591078791215296 0.968168959600565 1.0623312472254276 0.9848313802964147 1.0599114670146368 1.0053069145441 1.0513485234998492 1.0136389632748442 1.0055668399437434 1.0213688964949053 0.9509645531768895 1.027566428005555 0.9387241397767341 1.0145963624062764 0.9316880773124103 0.9969457914325233 0.9376488453592822 0.9909539953890163 0.94126384005997 0.9700345622949366
0 1.0322097872588851 1.0169690430056224 1.0449196068431235 1.0383511040506088 1.0499440776702875 1.0697999974716166 1.0141935162174402 1.0823907353662288 0.9321918650244048 1.094299411035195 0.9282120798094667 1.078948281008378 0.9216301191266127 1.0659374036687983 0.9256239511699349 1.0579284953291845 0.9401030070979848 1.059420085298295 0.9482424576365286 1.0539929465564466 0.9505257557980327 1.0266990361829162
0 0.9320859917803437 1.0950256385324186 0.9308461216568372 1.111284972122175 0.913341397284627 1.1150385448291973 0.9204833329930118 1.1319628883057262 0.9195610826016882 1.1460435394038109 0.9958443210411994 1.1462188084069727 1.0377227413954309 1.141999254217767 1.036147431988671 1.1024002881317307 1.0256162948961045 1.0815828843884032 1.0124536311046253 1.0826934698872086
0 0.9240396252317057 1.1502189283214388 0.9158096058517138 1.1601445963720456 0.9027834241095212 1.1680735579966959 0.9129969414699046 1.1910696442316953 0.9803996166624449 1.2017556444572735 0.994228128723516 1.203832297598193 1.0288446932969177 1.206774665796113 1.0334572028277644 1.163503750483656 1.0206568144020778 1.146620218747428 0.9967219157989133 1.1479535920522501 0.9324061266609844 1.1471116363966767
0 0.853626799509486 0.8267346122594823 0.8504659065902679 0.8522937389877351 0.8470320495724766 0.8642161134642979 0.8329165265844481 0.871862746438119 0.8371233626901211 0.8895337232820223 0.9546191732142721 0.8823021994562538 0.9607457745414276 0.8635410429836954 0.9579458994137737 0.8439737122989497 0.9529826461970607 0.8276140261240797
0 0.8436594101651366 0.8912276951869987 0.8376080732768165 0.9017180205392643 0.8357176592863307 0.9185624173008299 0.8340083829787416 0.9264097554448786 0.841075054248291 0.9516049300417002 0.930580916515504 0.9386264806142295 0.936102887183519 0.9317672927480837 0.9523065238217711 0.9291838463846801 0.9593260243092534 0.9159297753689334 0.95440742672615 0.8837546544507017
0 0.8260054144894845 0.9386552703125718 0.8243573557923465 0.9615918157027582 0.8164156049135407 0.9889265378165891 0.8189731247478469 1.002401719872714 0.8952257543821327 0.9950323852528072 0.9376335409566693 0.9871816935774819 0.9392969040564201 0.9680174499988299 0.9358617894644 0.9528074842974279 0.928629284914567 0.9403816701296573 0.8423914463848617 0.9542071055096161
0 0.8295336130714103 1.0036313870611453 0.835813258424694 1.0225932487039315 0.832546492261415 1.0488786029294082 0.8719745235996301 1.057589979364819 0.9272579630386887 1.0583519883054286 0.941071170697147 1.0566563396348139 0.9488930015035075 1.0534078833846372 0.9513880461531337 1.0246615180166592 0.9403581516454877 1.0150198553825203 0.9295999636621866 0.9918826048221062
0 0.9127789071106387 1.056860398336318 0.9203290313926548 1.0671075300124169 0.9281062065654058 1.079674508505602 0.9340376233812807 1.093270449016991 0.9313907922797551 1.1114261364475897 0.9145366117745239 1.1145946459828027 0.8686031417665189 1.1117339012654843 0.8199157098386984 1.100622731298024 0.8184309692733865 1.0565252359032293 0.8306254694657037 1.0581783960679048 0.8315783286622529 1.0516423485928892 0.8724133209784871 1.0584573711874574
0 0.8110045377865018 1.103588858897371 0.8136832352674819 1.1201101152678061 0.8106741288001635 1.1562599199334385 0.8875785598756569 1.1754378623196875 0.9031163482443171 1.1696671773165586 0.9148261378499388 1.159136040223992 0.9219668159840949 1.148928043522556 0.9170494759752204 1.1438852627822893 0.9205892062370729 1.1312366608085023 0.912584980173587 1.1163498354982304 0.8706759510141298 1.1130247860643674 0.8207933045964123 1.1023575149433011
0 0.6953085724113882 1.0984745152703326 0.6918759729678257 1.1375292299248603 0.7643018614133015 1.1525317833934814 0.8094789143102665 1.1567038187798329 0.8126844628630943 1.1153292573082183 0.8083870579159731 1.1021568097730736 0.7636334979952522 1.0950798643978263 0.7016622246292785 1.0820332056148607
0 0.7250346330584548 1.0225216858171597 0.7185444987912778 1.0321446193467867 0.7102685662034474 1.0307533819627899 0.700238701674418 1.0530249174662039 0.6974107328899959 1.080177663514319 0.7637393712393132 1.0943536369006024 0.810565740407645 1.1027214670747323 0.8190534194835974 1.1026602494642812 0.8194144372751615 1.0575337920512824 0.7654920456062835 1.043558523835227
0 0.716967931810289 0.9654133130827853 0.7131717994267048 0.9953298047943817 0.7160775477984198 1.0141709079819035 0.7268803914153308 1.021492723798956 0.7658249697410793 1.0451521431550894 0.8179921718945297 1.0556578440805906 0.8312760133326828 1.0575933328960954 0.8359191316687551 1.0218670212067074 0.8287771959603702 1.0049426777301786 0.8188672515037859 1.003127947369938 0.8162038584254188 0.990378992811037 0.8010895630330025 0.9932447678252703 0.7501022709668363 0.9785228662418405
0 0.5853450666181829 1.0579161886047357 0.5773420981289258 1.0701617034724287 0.573515356940116 1.0925335915609564 0.578357432510155 1.105847203421516 0.6566688245636675 1.1231287919669224 0.692919401005823 1.1264946531410867 0.6973354684511606 1.0884484946346122 0.6906323301216327 1.0723915429807218 0.6308856524551694 1.0712264469340187
0 0.7153913648293001 0.8986820068187839 0.7051497538121487 0.9224059973166456 0.7033052530295014 0.9505672995128144 0.7156515396737182 0.9628111376148691 0.7511916122126723 0.9788051948926698 0.8006507656541455 0.9923773760026317 0.8169602755364587 0.9890677021420039 0.8239185584134896 0.9607244238801195 0.8239326052418736 0.9373643855136891
0 0.7295502858767096 0.8480875989236362 0.7159641291089862 0.8521030944113375 0.715767687023477 0.8573278512173198 0.7153760604266873 0.8949097050072495 0.8282899702252173 0.9384937001170067 0.8328131684888447 0.9268536542912731 0.8365187320309806 0.9014356918884349 0.8338706433552261 0.8924590391410686 0.8301026046284101 0.875655454119804
0 0.7292901110322916 0.7839584681275508 0.7315606199396403 0.8071569362984162 0.7309419424521159 0.8424189432712593 0.7373874210856831 0.8486114444849943 0.8279239221367383 0.8750907968181453 0.8327047800963261 0.873315201432567 0.8469261763284156 0.8649423409615221 0.853944419241669 0.8245559297678104 0.8468330923385099 0.8151761899143505 0.7793092394992955 0.8014441153744617
0 0.5864165883129484 1.0001615350881006 0.5816063791223638 1.0215248670285748 0.5764479413943704 1.0375222778376518 0.5796866139008812 1.0579570003450367 0.5862226613758966 1.0596509722500131 0.6297963112093334 1.0709441182831891 0.6982424144398713 1.0705955417249933 0.7014479629926991 1.0292209802533787 0.6405354220673357 1.0089120464981736 0.6040424903318324 0.9994540366953886
0 0.6071268612379863 0.9550334009094636 0.601635499375197 0.9694371923986781 0.6034978197089145 0.9993128723699739 0.6413977124224367 1.0068745283319165 0.7026431774825959 1.028777081406984 0.7225689396398256 1.0316803146302416 0.725352252790638 1.0203430033254879 0.7151999530407059 1.0124361243366262 0.7144728871606628 0.9941596784507633 0.712202378253314 0.9709612102798979 0.7026700135651354 0.9549246644961581 0.6746201052719748 0.9612208718262835
0 0.5965026401555141 0.8844498461189644 0.5852928655392007 0.9109375822803072 0.5875340232155526 0.9537237870060687 0.6072327344820473 0.9543071734122396 0.6743930543812399 0.9589010250091968 0.7025488359184615 0.9518785901818476 0.7040604125663128 0.9221236686658162 0.7024557519285557 0.902112439134676 0.6472628813309453 0.8968519008853076
0 0.6097380532373713 0.8208037491439361 0.5933991921240612 0.8437011595594601 0.5950803747748823 0.8825738981482724 0.6484580958208425 0.8964080020389132 0.7026674984166777 0.9006599841402281 0.7146196433156473 0.8962209956762827 0.7160700023530472 0.8513768669141136 0.6595301308136405 0.8359695495737606
0 0.6228229374415576 0.7736993144094934 0.6159998790395846 0.7817286286192577 0.6093286070895112 0.8003486207664015 0.6099497997254933 0.8193512941494882 0.6602865479246804 0.8346582589047274 0.7171593435988832 0.851659195564943 0.7311689933428507 0.8447387900883458 0.7292901110322916 0.7839584681275508 0.685671805565245 0.7884807568377363
0 0.6208228774843246 0.7098729181343879 0.6088107725491326 0.7263550395301605 0.6051511222148351 0.7630899073676018 0.6225958865508228 0.7713794675924067 0.685777678809306 0.7877545293405124 0.7273384794313545 0.7857136576429785 0.7299993573612643 0.7441979318459492 0.7271089133921622 0.729129130469962 0.6957603725562682 0.7270337482245303 0.6334714794581116 0.7161657719332365
0 0.4653276790594394 1.0176160945822408 0.4560086202514264 1.0337711956247297 0.45377257733685755 1.0491091203660996 0.45145683384181423 1.0684057508991767 0.5142868668746945 1.0946380511154343 0.5697802077330869 1.1063675600571738 0.5759439002877719 1.0913843519691666 0.576342403190144 1.0715908230106297 0.5682334276288679 1.0555614221282674 0.5110619479192275 1.031458897385946
0 0.472368077999343 0.9590871227854523 0.4639010031585926 0.9728101276440779 0.4546481770567548 0.9816868973007091 0.4577384172692289 1.0116697950886944 0.5120205682155632 1.031707346598676 0.5716817671208162 1.055791914175265 0.5759012833342314 1.0336725564734974 0.5822513127984639 1.017411187990376 0.5792946446636613 0.9967480867872845 0.539977744639602 0.9832420434712091
0 0.48398941242809995 0.920315765615736 0.474670353620087 0.936470866658225 0.47351303520522603 0.9580574116030681 0.5407365601520909 0.9814490274849029 0.5736360913404214 0.9946183113133481 0.5937536496891699 0.9965161191865253 0.6012082327363875 0.9692661627385686 0.5967474014509063 0.95550871910224 0.5856300995882732 0.9532906333534035 0.5857490971263242 0.9354143449875378 0.5344101464404931 0.9327202690864974
0 0.487461367672683 0.8555561307812066 0.4708729560616785 0.8738065685199287 0.46297946648919097 0.9108911771439714 0.4848413963953626 0.9178836694318727 0.5359412453397703 0.9324538627080351 0.5860286024906453 0.9334971043948666 0.5855481856771562 0.9094964204318924 0.5910327632998267 0.892347522538484
0 0.35231712042091046 0.9909796328767086 0.33638088799332194 1.0047565092325315 0.33278772188004535 1.039639513719708 0.368856087196003 1.054956530187822 0.40577643647922323 1.0678414504720726 0.4482621706309098 1.0834952264278164 0.45261415225667523 1.0468192059543335 0.4503365990538872 1.028321794556643 0.39778535179067676 1.0100593018672355
0 0.35927781878033965 0.9364093668716276 0.3429419767850578 0.946103312829378 0.33695225993094213 0.98036519428473 0.352889599023852 0.9904647772855165 0.3965337582557208 1.0084084676530265 0.4509090776568287 1.027806938965451 0.45965565786190016 1.0121666935141542 0.45426203536336074 0.9809235924967871 0.4554732252754189 0.9726155499285452 0.40185672138679984 0.9514240626298145
0 0.49294373196471086 0.7906543141745797 0.4800562294613773 0.8005787521793276 0.4758894780798379 0.8121001529010874 0.4742663173911084 0.8368820988337159 0.4885928570042667 0.851206794004672 0.5859466885795281 0.8897028914733557 0.5923236537923592 0.8800807741785347 0.5931341274714026 0.8438133418556113 0.588752996766396 0.8260971924275754 0.5319945944987483 0.8093972236774766
0 0.3730656434215265 0.8179490382765716 0.3549191971626463 0.8298266312054555 0.3494222583309978 0.8675323628613228 0.4074726577564993 0.8958420426080815 0.46214095039622766 0.9166428989219849 0.4700075042201166 0.8729190391096419 0.46840906594934306 0.8565873175173525 0.4182543694269717 0.8389459478597696
0 0.3687147684610823 0.8785015181066639 0.3513406055889904 0.8919057206433916 0.3482391108328596 0.9063561159744745 0.34601653579258995 0.9250136663099946 0.4043464405824126 0.951406105464082 0.46342169301042485 0.972685903037713 0.47317965834370773 0.9466961498191381 0.46223411885100135 0.916003818724428 0.40804513635944084 0.8953271870168894
0 0.37838860655260553 0.7609646332533595 0.362452374125017 0.7747415096091822 0.3579937561701786 0.808736984686072 0.373638122024468 0.8174341826853796 0.4183475378817454 0.8383068676622125 0.4729091941924007 0.8564271785795228 0.48004497491772063 0.8450120452983958 0.4733076970947728 0.836633649620986 0.4761824513184583 0.8135025379025663 0.4745705451733855 0.7938511907161269
0 0.3876257514495015 0.7010153192893597 0.3710104040898985 0.7126265058397813 0.36486017940951276 0.7309293395219388 0.36348958833650574 0.7471547936735955 0.36908190895357057 0.7565629005333895 0.4210606776138395 0.7753402488139893 0.47331895163842946 0.7922003565019179 0.48326436054658106 0.788808902244838 0.48966715484268936 0.7619495767817086 0.48547236104723007 0.7429552669585585 0.47679090688301246 0.7274407216673885 0.4314562475909177 0.7176808492617556
0 0.390192957894946 0.6492857376187016 0.3781574393588751 0.656778079439586 0.3744845726651241 0.6956197897184703 0.3898359652807931 0.7029146027162985 0.432508036342027 0.7172902182769283 0.48732226226840486 0.7268540374132667 0.49353871965496576 0.7012728723452515 0.49950260742580405 0.684248199058208 0.48719994473439 0.673100947709305 0.43467563321977815 0.6614777062081978
0 0.5115093136938186 0.629630435835642 0.4988093673354202 0.6396034834689676 0.49463166644382484 0.6771609156910708 0.5072515590722646 0.6885057285396291 0.564907386557574 0.696527975578713 0.6161951929122846 0.6948257307218251 0.6198516639329756 0.651942737110932 0.6139814502831955 0.6417705447008797 0.5572636441019798 0.6391818804474246 0.5213619871901483 0.6362210241330534
0 0.5051793131013604 0.6908522525068687 0.4949801153420985 0.7014734285212286 0.48709717401429925 0.7288430534065559 0.4882323609987802 0.7418250852246516 0.49933540879467814 0.7487397377125801 0.6053156201398717 0.763519204882127 0.6089027863079763 0.724078564133588 0.6064703802437557 0.6992259443192349 0.5658219854715821 0.6961882964614721
0 0.49633685271472305 0.7485393098456258 0.48967990097873565 0.7496975984476357 0.48889316289252827 0.7610280794596976 0.48316348358326244 0.785495458466866 0.49250663840373066 0.7896471163269223 0.529798241637974 0.8068094696780669 0.6024936943032302 0.8273803798576629 0.6087104322159426 0.8203408079559439 0.6082926784650825 0.7994706479881403 0.6104225180935302 0.7907951402071113 0.6051535880446132 0.7646306487039655 0.5430057820368925 0.7577510753401673
