0 0.541032231881752 0.4488858799506295 0.5387257535528166 0.4604177192269763 0.5425206775466292 0.49642076893940823 0.5602206705922186 0.5033498220115277 0.6074059373438025 0.4953616976006246 0.6243608619176804 0.4921845519313861 0.6352381475023368 0.476912103224832 0.633841355527696 0.45454766914652794 0.6323749819177996 0.44671117906258173 0.6186192579813632 0.4407506540712615 0.5859806019396563 0.4379016508217153 0.5624371865094625 0.43932503631864356
0 0.6319778387091448 0.44294341804616444 0.6357218363920356 0.4298614782764529 0.6572150450661141 0.42113791487033736 0.6813422936425269 0.4191782171986502 0.7009855669867516 0.41720494373385814 0.7213399636243328 0.41894059525457156 0.7266521704521854 0.4328869668363636 0.7285547233715062 0.447899174871121 0.7165538985175958 0.4646628880401282 0.7067220800006545 0.4716281584154414 0.6555280534270764 0.4901863819184446 0.6498322848792667 0.4908267903619221 0.6361308698108428 0.47930627184061986 0.6339296095740637 0.4553849493723985
0 0.7346577998860213 0.36606973610441385 0.7313652542797979 0.37735944336056076 0.73307602633914 0.39966504140795284 0.7480282708239553 0.4139395326270665 0.7822079730332285 0.4071077651447424 0.8027490596083737 0.40453934347427967 0.8162451123281215 0.4049987109665298 0.8241098872129006 0.3945598597293583 0.8253369532957655 0.38493792502839996 0.8248125199399735 0.3769249268517183 0.8196276032592582 0.3672237924301906 0.8121514810168504 0.36008654682063385 0.7797775871142468 0.35974938424869923 0.7606298928698733 0.36034906531286187
0 0.8116083752499463 0.33670832442372384 0.8051607560294654 0.35755434245336487 0.8126911871398856 0.3591315945329397 0.8209768685668459 0.3648364117109552 0.8251315909470893 0.3738767739993478 0.8269458898200422 0.38805170180823473 0.8497340549336958 0.3825007512128658 0.878075425680779 0.3810321054781307 0.88758308226819 0.38010430477664653 0.8962574163375218 0.3682330251079338 0.9011487166231933 0.36603572827453884 0.9024691276748404 0.3542617569779924 0.900939954630648 0.3306414025608826 0.8878070999412002 0.32755252232919724 0.8540890316534231 0.3266134236550395 0.827086744369099 0.33167332231345636
0 0.9018411675054375 0.35437942903981606 0.9026744900235166 0.36532290800704453 0.896213289314338 0.3678143849949986 0.8910809902230897 0.37987574854955164 0.9016086592661441 0.3855873536241197 0.9102626296458185 0.3856733412412415 0.9137741190894157 0.40379932605583363 0.9382204386729445 0.3987914755317761 0.9620727432654252 0.4002985708253946 0.9744452567159188 0.4022492027800979 0.9867600616545307 0.38542665358017897 0.985441341881429 0.36987813337066267 0.9737460065459365 0.36523915264561246 0.9337143913857755 0.3590795008338386
0 0.9764394462386979 0.3634537080286003 0.9920213421714613 0.35028803567982747 1.0025693749041733 0.3440423734685611 1.0354982476970551 0.33445663328842573 1.0443830350374774 0.3306571878273064 1.052025483527792 0.34544762753152153 1.0541639443302748 0.35358508566657926 1.0444000161700442 0.37334490355359745 1.0225928274112643 0.3821273029906249 0.9997503534295982 0.3932382471159757 0.9878971824124825 0.4022899301594128 0.9768688433471625 0.40094123430693274 0.9886439421627393 0.38507363739470807 0.986471536181901 0.3705389055037977
0 0.987892091490068 0.4052792469808714 1.0010062737684038 0.3930029029923285 1.0223229743497466 0.38260477913447194 1.045072103362631 0.37364587160470913 1.0593828061893458 0.36968349384395943 1.0687665722734883 0.388843630666815 1.067490288245025 0.40103624207629673 1.0597578944297976 0.412731013652274 1.0473650172896467 0.4227376489834052 1.0342168898329556 0.4286167192160956 1.0110553448441735 0.44277581619381706 1.0051728863587996 0.44772029782847084 0.9979021264650683 0.45164420324796617 0.9869179144229321 0.45071414750842126 0.9882773615753487 0.44234813314626864 0.9872624400421197 0.4327194105487578
0 0.9146278052971525 0.4027855377372276 0.914607441607495 0.4147428050230621 0.9003018297031946 0.41571586596235316 0.8967343401130392 0.43047236618380574 0.9055546367406204 0.43821154789558575 0.914473369259398 0.4408093761903191 0.9191576159178477 0.4548734198339348 0.9226504329503331 0.4576341804282986 0.9461106852565735 0.4523841978840413 0.9593368849148036 0.45332104152013847 0.9747660360883581 0.45085671611839445 0.9868109879654524 0.43451164306232243 0.9876714563741487 0.40318604641619515 0.9746709827542525 0.4013530865233155 0.9624308503733106 0.4006583749074181 0.9389366528887151 0.39951108369582294
0 0.8293151675832735 0.39230372686505155 0.8238349432289687 0.39802665269466403 0.8243984126855302 0.40944760780573963 0.8254082432963449 0.4220656472247091 0.8308630130385778 0.43128930550238964 0.8429266373267842 0.43030945666654613 0.8575462293157861 0.4292775596963432 0.8766939235601596 0.4286778786321805 0.8866920683250074 0.4293658023515255 0.8966511769890859 0.4266457691364766 0.9004393016951606 0.4139824694797003 0.9150096757385642 0.41552124921802075 0.914176353220485 0.4045777702507923 0.9110721888303712 0.38424091280970024 0.9019667663740293 0.38594715770614324 0.8895552168227664 0.38058856881704606 0.8781636797271467 0.3818693857040012 0.849689927910512 0.38208211109993045 0.8377586846918572 0.38431788027457986
0 0.7472679295850008 0.41280128435008434 0.7375684921376113 0.42102247506420337 0.7358509378773094 0.4290286853443326 0.7344422727792945 0.4399653764150086 0.738322051175606 0.4524725316687069 0.7470099667336355 0.4589557930416812 0.7640090183306971 0.45619728748537786 0.7859876242597981 0.45207876532155017 0.8015983744485025 0.44829968355008853 0.8111891941598668 0.4511984798959334 0.8159871494767562 0.45115321965812666 0.8217372268925787 0.44495281768466705 0.8301858349235767 0.43397765427273666 0.8248685371733097 0.42302059951240323 0.8247565197934155 0.409807411887763 0.8180848658131462 0.40422705466812353 0.8027490596083737 0.40453934347427967 0.783508020395218 0.4072910611340304
0 0.7093663017478177 0.47241339050695247 0.7215572161831613 0.47567877883137344 0.7277875999315918 0.47707273492166014 0.7318438864206387 0.49125445062709966 0.7353604667866506 0.5063911186202331 0.7266861327173187 0.5182623982889458 0.7200874600161742 0.5224872717595527 0.6978390010255555 0.5270832700672275 0.6776950576590651 0.5334194527541075 0.6606518790388195 0.5357593181974755 0.6466992833199902 0.5400815000402486 0.6439769893712879 0.5324803540799496 0.6430011039388285 0.5262595884168328 0.6395778685415989 0.5089708838281111 0.6447492037336167 0.5003174772079518 0.6497389399104845 0.4929788269575102 0.6689409430228707 0.48681915236336565 0.692185651135606 0.4764866524329734
0 0.8308528311937491 0.43726793914530687 0.8226689853018541 0.45075494323484877 0.826219510846221 0.47228888498383476 0.8218034259707434 0.4850698567024347 0.8342302482892494 0.481460495127156 0.8598883611883998 0.47579866036651586 0.8948623498149828 0.47650241491702633 0.9035163201946572 0.4765884025341482 0.9185092920587874 0.46694835918159283 0.9181715486405595 0.45463128781373485 0.9146549682745478 0.4394946198206015 0.9061384698868393 0.43767523572082684 0.8985248756524657 0.4322713865939229 0.885931727086053 0.4282275540745433 0.8792940182841388 0.4290444706107565 0.858130062462005 0.4287412475215842 0.8438685775808885 0.4301329485738106
0 1.0646390128706402 0.41651235046179624 1.0741992870475183 0.43734704773639294 1.0701413092799261 0.4504878235370162 1.0614669752105943 0.4623591032057288 1.0441386707615878 0.47414439525731983 1.0095261888867593 0.49813361947343693 1.0020738299778782 0.5033722812626498 0.9919585769107218 0.4924604867401232 0.9981210703024421 0.48105989531870524 0.9972639844508366 0.45774050895270696 0.9970925672805155 0.4530766316795072 1.005977354620938 0.4492771862183882 1.0114134519520588 0.44313562027584047 1.035114703063876 0.42802157101042493 1.0472275452976807 0.424471045466058
0 0.920898933511676 0.4592431169525752 0.9183769109892358 0.46569243884278705 0.9143630602448274 0.47925185475634574 0.9185228735474851 0.4853029002232798 0.9192187240735983 0.49797977567316104 0.9221175261150358 0.507255482085201 0.9516706901777409 0.5051328521138834 0.9798847707776868 0.499418969218884 0.9901578595264666 0.4966400999729233 0.9974931101330393 0.4811775673805288 0.9959690280112614 0.4545678961419604 0.975349869234577 0.45032040394363543 0.9599648450842064 0.45320336945831485 0.9459290862414236 0.45369895425375883
0 0.8374583031826317 0.48170941504390835 0.8235786887429268 0.49583682757692765 0.8304845593278132 0.5218649264029303 0.8375533565167372 0.531213044638987 0.8588157482300676 0.5263749143111126 0.8937014828102827 0.5262413886357525 0.9086842728295842 0.5225799789261144 0.919154233360757 0.5095184028460603 0.9187927266090026 0.4848254240794327 0.9138284450442067 0.47721749022258136 0.8944601156839136 0.4757239707220677 0.8579603536570075 0.47573303643905157
0 0.7479026890421416 0.46134996165746905 0.7339399114784835 0.4716507771431595 0.7311870719952951 0.48198553211161216 0.7356744468713521 0.5063322825893213 0.7424733909987585 0.516157876969225 0.7732094941211447 0.5039946721840137 0.7967138734505688 0.4991633297526918 0.8159600035861388 0.49342229527148235 0.821979934063479 0.4867444171541757 0.8244187934619658 0.4764684982166348 0.8197498195707591 0.4534365041086433 0.811591428290936 0.4519769240908922 0.8016425014716864 0.44871832366302383 0.7861200053293498 0.45333468566035595 0.7640090183306971 0.45619728748537786
0 0.7504111471626622 0.5155242564222998 0.7350108502450485 0.5273751724013552 0.7385121578438172 0.5514797908588646 0.7427500433480141 0.5643467501945864 0.7555349727744054 0.5610971927013311 0.7946110661917645 0.5490788115641533 0.8151131166661403 0.5431024329592965 0.8312007735435838 0.5225845345669772 0.8238044147812607 0.4949407113201454 0.8162298566476565 0.49294481912763527 0.7969837265120865 0.49868585360884454 0.7738374542905475 0.5038770001221902
0 0.6613239662314062 0.5360602862485873 0.6500546283605095 0.5445756571172652 0.6435832458065021 0.5530457677481366 0.6454162170905671 0.5825859197772518 0.6473391336995453 0.5856408605261747 0.6556740330721039 0.5887750009956668 0.6803511696163805 0.5798817173933685 0.7132749514868479 0.5732852940346916 0.7298768598752549 0.566759027461971 0.7388549921844595 0.5608075454052638 0.7344219261764152 0.5309008013975727 0.720131587039358 0.522905911872488 0.697569147964038 0.5275607462110744 0.6768413714513286 0.5344332410727134
0 0.6553600529874024 0.5888338370265788 0.6501394998497865 0.6000579203552614 0.6540820776803937 0.6283489399421233 0.6668568252619564 0.6310780160917852 0.712791262597149 0.6203359189830707 0.7354860827420204 0.6169370049832897 0.7463480955594337 0.6106325067411117 0.7480554679749069 0.6086049301038997 0.7453976647390461 0.5894651569707017 0.7430385688206436 0.5792344982709675 0.7291555547370698 0.5690287361193829 0.7136771856179172 0.5740637382296504 0.681111510855335 0.5810199656703506
0 0.7536069652430128 0.5610315687738666 0.7423376273721162 0.5695469396425449 0.7429061877510921 0.5779785779321617 0.7492231342673449 0.6075323057543819 0.7604279814254002 0.6105555620586028 0.7937200522485819 0.5983403091390324 0.8233275251792995 0.5906576856377327 0.8380998619275104 0.5789244417205012 0.8369135232239602 0.5646318418497908 0.8338874310353854 0.5511108982774864 0.8208088852139501 0.542462024515819 0.7952831533843512 0.549379779615265
0 0.8448190254880543 0.5302784560409504 0.8300908157630273 0.5424303400711171 0.8379929354700305 0.5627219372744023 0.8398615432109962 0.5713368715533073 0.8519200765767881 0.5733463395389223 0.8891801798426489 0.5744755220989205 0.9142884047739355 0.5757472732688919 0.9295512296995831 0.5656297537724895 0.9283258548952635 0.5479291969673851 0.9195208310349257 0.5312220647912292 0.9131631571393577 0.525582871540678 0.8951831291874222 0.5251099282553228 0.8600275415456895 0.5257209300745299
0 0.926959608455109 0.5076288619603295 0.9148654386324165 0.5265446117249246 0.9201878273050978 0.5345123496637995 0.9300281363883225 0.5488909371516317 0.9302776257601826 0.5603707282936191 0.9566519528751036 0.5554285016970258 0.9792585189736074 0.5511923074713746 0.9911015081458945 0.5481192580708547 1.01027465700234 0.5325729928993991 1.006758076636328 0.5174363249062655 1.0071755835346403 0.5092468186368483 1.0029224252632005 0.5053478097655023 0.9904277125879841 0.49616262382907617 0.9800663697928367 0.4981042128491664 0.9519405432392585 0.5046553759700364
0 1.0030598972551665 0.5036144132828495 1.009796041948277 0.49765614332958985 1.0691399692353947 0.4592136419811923 1.074550611954444 0.4680186601459375 1.0805739420756528 0.4856739567132351 1.075937222084256 0.4963617278671588 1.0554487530985779 0.5206926475137025 1.0456610616048205 0.528076558001951 1.0177304155550897 0.5516675057947902 1.0101609483439002 0.5466822967808215 1.0051525397559202 0.5386557228110349 1.0105886370870412 0.5325141568684872 1.006576477621178 0.5187510812759831 1.0091477180892165 0.5097310826772478
0 1.0555673869689328 0.5221219075007735 1.0770879604688015 0.5175834920738778 1.090540335071592 0.5408545515580415 1.0807410782216502 0.555839609058083 1.0529778528232043 0.5767195094521305 1.0246858611343357 0.596181325358365 1.0130509992304488 0.5973501104105879 1.0038689669315541 0.5930020357397059 0.9996388366081715 0.5816573598372032 1.0094320626730995 0.5702134930333512 1.0131816729861707 0.5518105588785256 1.0187548267831594 0.5543062785638972 1.0437113692928541 0.5283893638717746
0 0.9323186794999254 0.5619060662502996 0.9298718806799469 0.5638817352772153 0.9227405784221749 0.5717924524315631 0.9255935040764527 0.580866584944228 0.9283941561801896 0.589444789938493 0.9319728807570259 0.6090030984049505 0.960514178628571 0.5991033014830959 0.9917174003072722 0.5856703549117371 1.0012894706000088 0.5793251594266631 1.0094843362236405 0.5707094205517514 1.0133384936377934 0.5532983414337261 1.0065911985888496 0.5540569791283073 1.005871430451305 0.5400316124783254 0.9909292697787295 0.5494059890478181 0.980404214006229 0.553906870594067 0.9581980535643146 0.5555394189779492
0 1.0627127745525775 0.5683209058260676 1.0861855617775011 0.5715082364914119 1.0950821031836355 0.5875414363550505 1.096232121295535 0.5984518417598556 1.0848928083398515 0.6132197640110482 1.0692007256046618 0.6262747274115061 1.0490513259888838 0.6366248769244288 1.0206608179839476 0.6515536470976735 1.0164246568755508 0.6437501618913604 1.0094863599794852 0.6319015174237723 1.0157169503080343 0.6226424138489994 1.0140039847102127 0.5991944243494131 1.0266501364294185 0.596824690058226 1.0537740176513455 0.577076040835755
0 0.9316009351182257 0.6090727964723385 0.9207441456874381 0.6212216849967542 0.9303323048206319 0.6366195612072169 0.9299482976118039 0.6437716406669837 0.9358692739075369 0.6603624250697252 0.9484571212911876 0.6610379539563274 0.9864076380188329 0.6468463696903876 1.0096954541816487 0.6338852274973732 1.0172570064137758 0.6228595490978484 1.012045740200144 0.5950098689533625 1.0027531300151538 0.5932111299418694 0.9918742209588949 0.5871581374669378 0.9616300155449715 0.5988942072809325
0 0.8475211046385009 0.5742560349185407 0.8360370326012225 0.5804537932221537 0.8364954329860627 0.5919995222801347 0.8407135017394174 0.6104265795750162 0.8490410648746161 0.617463386040063 0.8766575276768824 0.6203799654825412 0.9048670918901405 0.6181281755388536 0.9217091927372298 0.6159836175432005 0.9320774278581077 0.6099949534417509 0.9288183753695306 0.5898710193895053 0.9258609026141711 0.5798050318400398 0.9161501040248536 0.5740388726813449 0.8893237752657146 0.5750200153186807
0 0.5600613826698352 0.5027031840875205 0.54767056791832 0.511093746666898 0.5481510879286314 0.5408413567242264 0.5571702687908894 0.5472428395360972 0.5734192682269872 0.5502666509266101 0.6153445783103245 0.5413989142749822 0.6307511701527541 0.5400290760672808 0.6429328907021057 0.5296548034143024 0.6376693509379332 0.5013091957514164 0.6245125252833463 0.4916372734662224 0.6078795186384205 0.4957655415354762
0 0.5631153682266781 0.549668861154081 0.5485451531929028 0.5589735396561858 0.5543957635830531 0.5856919686290954 0.5655883139425572 0.5947205262144284 0.5792980290276225 0.5916457702026776 0.6079318124302217 0.5898202097100023 0.6326370452426555 0.5867079198176047 0.644865008557534 0.5803707653792158 0.6436405972696224 0.5507625514566633 0.6310125379054585 0.542508713659282 0.6158733446007473 0.5428169987627949 0.5732564167903504 0.5523200590675988
0 0.5712197720751006 0.5941709827220109 0.5565912527057705 0.6065209244019049 0.5613722689450472 0.6374855657915677 0.5810733262314283 0.6408739496123904 0.6168323811067854 0.6346788626615566 0.6534981786963794 0.6262909714349586 0.6501989142272895 0.5985887284719338 0.6366761737189165 0.5854453135579382 0.6087279772583628 0.5901767410936268
0 0.579852942213946 0.6400911887777535 0.5679386202023127 0.6494039083265436 0.5621845226136457 0.659585168870729 0.5687207199458415 0.6892094648866521 0.5952334074017352 0.685252757138915 0.6310387050426194 0.6830947884026711 0.6474043131498267 0.6800280734376054 0.6594814865980967 0.6686619457478266 0.6540430338272596 0.6494521276183083 0.6562867692300884 0.6419515578216021 0.6424443566334561 0.6293737684933947 0.6160362162786441 0.6343223312779322
0 0.6666087615854392 0.6319257755055628 0.6561299485784657 0.6404637752664016 0.6545195265671415 0.6503742845877207 0.6594292130475558 0.6681660182294263 0.6569703526575494 0.6772240686487209 0.6784909261574184 0.672685653221825 0.7099957275693369 0.6693106531532464 0.7370432121006676 0.6632308391971328 0.7503407695664197 0.6526474723419907 0.7475763021727665 0.6228221231705894 0.7376041358307446 0.6145763264198933 0.7119398867535329 0.6193854930696553
0 0.7593921078683319 0.6089763578888093 0.7474777858566987 0.6182890774375996 0.7531012096896436 0.6536473684254765 0.7582380827272632 0.6627992400522146 0.7799737812143096 0.6567033440027304 0.7979960540983684 0.6477632379309352 0.8224982234936524 0.6391260472687472 0.8364290943509094 0.6309526199382186 0.8421369491740495 0.6167342411794434 0.8394348133863804 0.6126890819181686 0.8367568007387671 0.5944791598721358 0.8297018951715918 0.5887210417601262 0.8223675294966701 0.5911068581446838 0.793832262410139 0.5974654643703489 0.7637971511983791 0.6111852442579443
0 0.8420846756235085 0.6162383136610433 0.8346156089224355 0.6353382284897474 0.8416584529195829 0.6481787279941359 0.8511360341666809 0.6661259398639876 0.8745625786260777 0.6652761523147425 0.9241700768830811 0.6681176639959268 0.9300126327323726 0.6371851867930051 0.915478602408681 0.6252427211179733 0.9044428727007994 0.6177019460878411 0.8782498573331649 0.6210930282497902
0 1.0184351749361604 0.6484306448058111 1.013692367162812 0.6574109561110326 1.021891260056873 0.6776206703240367 1.0299333322993114 0.69634260198184 1.044805127066304 0.6970958699825154 1.062356937995495 0.6836924162451181 1.0778278649584934 0.6757361241634382 1.0914913372780317 0.6686242499370977 1.1055508783764258 0.6472779148586117 1.09996163573898 0.6230391234777033 1.0896114929731442 0.6184042154905846 1.0692529991552027 0.6267706549299064 1.0458606358913052 0.6387399420861202 1.0219334755519707 0.6528323354507107
0 0.9932132374033317 0.6430424688180172 1.0080206970497556 0.650382190692671 1.0127333508980345 0.6591078328683969 1.022942761852705 0.6839980299958518 0.9973187247560062 0.6963855055563926 0.9787154120309838 0.7034115996219747 0.9482621124148969 0.7131639593623684 0.9392831435331519 0.7143407854612768 0.9346750367859551 0.7066069983223514 0.9353968084380844 0.6882657211882283 0.9333923211624886 0.6800440475775879 0.9239026783453627 0.6691792171001151 0.9344920692384319 0.6580918816798876 0.9493055596698698 0.6618904128583522 0.9872038028469741 0.647202901074012
0 1.0127373781684637 0.6879332859563125 1.0239359593129818 0.693420652845456 1.0282646059524323 0.7092983744809485 1.0235097366090562 0.7253610671785488 1.0134551427914236 0.7343252963903996 0.9814095135190544 0.7433645933635441 0.9499388933026347 0.7578590930390913 0.9442028880690095 0.7574167814947085 0.939496265005745 0.7451499486227933 0.9409036235999195 0.7297145385316837 0.93395929591884 0.721407084760285 0.9394459949697886 0.7122873773202879 0.9484712066170604 0.7151476694359693 0.9775995751145832 0.7036206938241384
0 1.0298750279637565 0.6993878651596294 1.0294849899699146 0.7100811353155853 1.0240968072350338 0.7237338884885723 1.019941070087663 0.7310870211038174 1.029012524500462 0.7379844314340884 1.0416526454346537 0.7391558878390909 1.0629178819668321 0.7285966441240047 1.0847701891249883 0.716410221718942 1.1124228366373383 0.6980796569842834 1.1030156212958229 0.6700048005442637 1.092659447744973 0.6689110832533345 1.0800072652407533 0.674822008240711 1.0619849923566949 0.6837621143125059 1.0462929096215048 0.696817077712964
0 0.5719053792584063 0.6906355904211502 0.5647680462156205 0.7020874982716876 0.5708800243584752 0.7312855648365982 0.5881865563754187 0.7371455452027367 0.6415195418054376 0.7357488855138533 0.6626681696665064 0.7312801681543455 0.6629074177937396 0.7155579247469991 0.6593749359824304 0.7000367344951312 0.6502170268235915 0.6815238970394913 0.6319394169718424 0.684443174823096 0.5970931355957361 0.6849042668019757
0 0.5849496235123128 0.7352234921498385 0.5771206727424675 0.7473107236535516 0.5726271711517957 0.7658530539431531 0.5766301149179731 0.785837591860623 0.6021837861090891 0.7835777608702501 0.6403313354688699 0.77845226807029 0.6696567365985284 0.7759913839244388 0.6728594882661352 0.7667939373703687 0.6698678343152766 0.7456084502139347 0.6635166080451885 0.7321326270563701 0.6407233769772964 0.7353923541302287
0 0.6569643218725354 0.6807652593449102 0.6590090211286441 0.6965652418663296 0.6651913651770816 0.7156356638610722 0.6718743251054566 0.7214634800404697 0.7083772712584142 0.7151289969548603 0.7560446173603907 0.7031623811514259 0.7582541715677205 0.6845423117477516 0.7552504560468339 0.6704392059836963 0.7387983931935866 0.6618904938233932 0.7080314522742543 0.6686672884533854 0.6774273627915587 0.6733906749423889 0.6772705421399361 0.6719028923871883
0 0.7565351751848851 0.6646355129443545 0.7576731317267568 0.6826282997415385 0.7597118001978515 0.7019694729591471 0.7650637982226487 0.7095638639632967 0.8059436372951682 0.6907775769436643 0.8269354445046142 0.6848210770289559 0.8361295383735368 0.682086770307459 0.8507520269578529 0.6732780193237543 0.8427220162854425 0.6474737062735721 0.8257934606923132 0.6380028371438563 0.7987922189265095 0.6481197693145596 0.7785382722096499 0.657478063790682
0 0.8529897315756678 0.669318640223238 0.8473462118730966 0.6769505651080343 0.8396338697743608 0.6829472702561691 0.8472979655929851 0.7052800906775497 0.8540271682868872 0.7151450250715369 0.8908316941730622 0.7188684884887078 0.913252979602154 0.7156784594822371 0.9337039589511493 0.7153862564720944 0.9358431472528965 0.7068938316385881 0.933746174446247 0.6905979215987683 0.9329097976375929 0.6826630813043648 0.9254427344511043 0.669396352348964 0.8729702489697952 0.6645630895474932
0 0.6692184320833147 0.7214554389937845 0.6685489339817263 0.7402926436463079 0.6739692943975217 0.7701260338643944 0.6854996092003269 0.7679653937753709 0.7405073517622389 0.7500717708911897 0.7511369546358212 0.7465627443817411 0.7566236536867699 0.7374430369417442 0.7599309524554583 0.7292374454244742 0.7635116805468791 0.7164291101068269 0.7554575467344129 0.7047895598414025 0.708429544808955 0.7156249244732605
0 0.7678242383458724 0.7105637600467825 0.75785609927428 0.7311434163840023 0.7560245214907643 0.7461525970240993 0.7647702730302899 0.7571568236363478 0.7935789694395534 0.746195473610305 0.8324301980964216 0.7333522757647901 0.8400319623090615 0.7299049062760442 0.8529636049210276 0.7158500467921006 0.8475070597951486 0.7072638007511506 0.8412201686456295 0.6872015237196075 0.8273596636939553 0.6852473064799683 0.8044035811894266 0.6905604416948155
0 0.8534923712114504 0.7172681312799135 0.8450180454800726 0.7340278046513923 0.8524448966860481 0.7397162246960142 0.8610097044338952 0.7633974315378197 0.8703023146188855 0.7651961705493129 0.8943219604892738 0.7591780136139016 0.9241238543588143 0.7576392864374629 0.9386759770375479 0.7589581800239266 0.9376365368117441 0.7454984389597326 0.9409036235999195 0.7297145385316837 0.9353948049234997 0.7206323649723334 0.9102251409412119 0.7157401165029396 0.8912559133624032 0.7192947179397201
0 0.7493817735429021 0.7479030897554809 0.7572388747232326 0.7504765485549257 0.7673035265963084 0.766796581734801 0.7639781354725781 0.785625745340639 0.7531334076118182 0.7906922524726759 0.7235747891399404 0.805334189329684 0.6806723704367834 0.8265223748272446 0.6787724302622695 0.8192925562534046 0.6721196242589642 0.7957587865930599 0.6727368488100115 0.7764256544221365 0.6849648121248901 0.7700884999837476 0.7103214506838704 0.7587625775273948
0 0.6688022674348324 0.7786801157186035 0.6720673507084233 0.7952628590746599 0.6745181767988312 0.8221126431356597 0.655339855017859 0.8236835344988394 0.6030060978331309 0.8309616263411378 0.5828225170218538 0.8301922762470918 0.5789422127118001 0.8005760212778541 0.5866666163805637 0.7874969347373405 0.6034564436771123 0.7848564492232871 0.641179773847552 0.7793047269723147
0 0.5863087560676363 0.8416763482843702 0.5840871402902785 0.8673787990804236 0.592553431722058 0.8865269601892392 0.6257611406763547 0.8813156872285207 0.6700809760291297 0.8699763540315771 0.684273214639091 0.8642825642930495 0.6854594174610742 0.853945825520718 0.6811890751571785 0.8350228407074362 0.6725539015037485 0.8214692784357985 0.6569844582246823 0.8248925247844886 0.6028492771815082 0.8294738437859369
0 0.5954767232819183 0.8854734481317362 0.5902393304136463 0.9041551745561133 0.592760522409637 0.9208773140469453 0.6078414113787933 0.9236142921212216 0.6435019499380825 0.9128861594373981 0.6760180411653199 0.9083102101298555 0.6926510478102458 0.9041819420606014 0.6932562107912652 0.891931191282057 0.6886661963991103 0.8735738320545634 0.6744920501441909 0.8686440497045226 0.626080812764614 0.8807500616427327
0 0.6819510587898205 0.8242598724840922 0.6849366819556653 0.8489865503367154 0.6952506400114176 0.8748686025009708 0.7304929901663797 0.8601730496699455 0.7596796629994574 0.8456008108803253 0.7773299902447159 0.8367304028759182 0.7822879230052417 0.826192610948108 0.7736185681563128 0.8015195490695021 0.7593398748003115 0.7955979116826608 0.7542492445282187 0.7904831582705124
0 0.7747786443236557 0.8377142168660333 0.7815721821381265 0.8409926973860418 0.7851629682849908 0.8534686244601205 0.784324587961752 0.877900427949822 0.7711496699521233 0.8788520777531961 0.7460543991458475 0.8926576378015499 0.6998748355990717 0.9043454613354331 0.6925183502986789 0.8885293967206431 0.695518038549136 0.8738070493967826 0.7313414285450619 0.8610255085719704 0.7611151720041173 0.8448260910923736
0 0.7926380657710778 0.8308275189352269 0.7842803487108094 0.841496665951127 0.7867030243907323 0.8536857597089694 0.7851207527898931 0.8782569593334465 0.7945179100759652 0.8810475533817401 0.8222570123343551 0.8743324157724505 0.8531807739053101 0.8690434036976589 0.8777291860661212 0.8644433312500605 0.8791305138752821 0.8525491118551404 0.8761328291394095 0.8349048153948958 0.8705657061274348 0.8288679050133347 0.8617093767018135 0.8204130140604752 0.8258457747253745 0.8256162459745084
0 0.853128480113509 0.7749887355231327 0.8618802624380486 0.7824517714391918 0.8731311171331075 0.7884350658467355 0.8756804595395833 0.8198178956407255 0.8625055415299547 0.8207695454440996 0.7919987215945592 0.8319587701068031 0.7818576730308867 0.8293075721932853 0.7802954972996741 0.8108885559450889 0.7831323341134945 0.7982196167622172 0.8121440939399076 0.7927831675059646
0 0.7665777276737499 0.7563124057810083 0.7676754722351086 0.7667268836674133 0.7639781354725781 0.785625745340639 0.7735140210552309 0.8005276940327016 0.7844632960170725 0.7964530419374651 0.8117721483011076 0.7928528655733524 0.852227768184286 0.7736403491027076 0.8615907442748589 0.7653114435440327 0.8526077481226846 0.7376628165550253 0.8390206724937428 0.7311058555150084 0.7954909711840952 0.746342910791766
0 0.8659435140543654 0.7670244023947674 0.8627870051522855 0.7802589671634274 0.8735553363224486 0.788861295297748 0.8800573524591454 0.8073660917067024 0.9044368823983059 0.8083606180962822 0.9329600879148094 0.809084393262996 0.962755950999336 0.811086856782747 0.9636405740881016 0.790692171507635 0.9621708838879427 0.7803473916886182 0.949404096227198 0.7599821992474678 0.9395766889667709 0.7603065664443515 0.9237519087200141 0.7577089845048509 0.8930432721362367 0.761440515957054
0 0.8778317094113582 0.8042430894148401 0.8755698816534876 0.8223672313001144 0.8708853782156941 0.8283022794275468 0.8753366643112683 0.8345482840112712 0.8782177403760311 0.8582831068270943 0.903347192377806 0.855597046385709 0.9391062472531632 0.8494019594348753 0.9597261088238092 0.8435151575875546 0.9581116595420553 0.8246002138209582 0.9558518352987693 0.8103577119221274 0.9329078143642685 0.8085884657445958 0.9057095399663291 0.8096393064493195
0 1.0131354707031646 0.7348909219761875 0.9809330207791724 0.7424424363941317 0.9508396052318577 0.7592074794595162 0.9621186103374018 0.7798514641702178 0.9659707642369706 0.7948070288362978 1.0039152501796016 0.7841566352665473 1.0316603832230058 0.7739003069610684 1.040390045922074 0.7631614618777799 1.041489793998017 0.7412092959800797 1.0279489611346024 0.7386894531546521 1.021376579092323 0.7303123013158658
0 1.0423965367122539 0.7390164917043153 1.0874783556976713 0.7169141902840274 1.0952952448974886 0.711909340172693 1.1083535542360075 0.7170482167248973 1.117284276837641 0.7442009161955044 1.1028648516704744 0.7585345679489995 1.081925318011569 0.7649869953821083 1.0442241074666008 0.7887405986324282 1.0384941330179893 0.7847570963918559 1.0298529285795457 0.7747447248164078 1.040814265111415 0.7635876913287923
0 0.9638436375052513 0.7962170722774253 1.0317126567735464 0.7743962344794685 1.0431605441007412 0.7894456203529919 1.0384639790929198 0.802463049872803 1.0329652184719433 0.818665138705179 1.0096371903286143 0.8240479719874143 0.9702049218307827 0.8349771578267161 0.9621266648782605 0.8375023703460492 0.9581116595420553 0.8246002138209582 0.9563283280386512 0.8112798688915399 0.9629127716509586 0.8125746393379475
0 1.0439567089288824 0.7898021517366165 1.082936607826888 0.7637860461431442 1.1054161975915346 0.7575507539588843 1.117416974349208 0.759853461535463 1.1220472007218762 0.7857891296737356 1.1187399019531874 0.7939947211910052 1.0918432072884656 0.8051035083985093 1.0524632123411746 0.8165286217562113 1.041618484480415 0.8215951288882483 1.0329129449214025 0.8181692111867788
