0 0.4888834960184763 0.3971754189795608 0.4380315971459584 0.4181426480254465 0.4386267459806405 0.4620136743733793 0.4589659753634922 0.47534173068021973 0.549475193852812 0.48971083507717733 0.5661220252501836 0.4659240728185667 0.5676012208410643 0.4490327686617703 0.6006106939178466 0.4392773766119961 0.5905475768049757 0.4194755366643021
0 0.6199352579316849 0.3694147202183289 0.5898818219348865 0.3787951161471173 0.5799219655106262 0.39179093116998454 0.5806945122219925 0.41515758836881966 0.590406953259606 0.4175048452776462 0.6015256297509157 0.4395590160530316 0.6783096336933104 0.46640733493076064 0.7051602057489228 0.46439310400649975 0.7128689083963804 0.4365700328934421 0.711532690452647 0.42202441624428716 0.7024195179278263 0.4050848643463305 0.6687437014555105 0.3825117389270716
0 0.7388401418993493 0.4285029080886959 0.7181472938140181 0.43947978398374704 0.7117065571766645 0.45163146538410043 0.7098393226537676 0.4818951500859348 0.7252164224647021 0.49883548668448396 0.7779308476565618 0.5144197973219785 0.8108685376470481 0.524558817199256 0.8371210182407565 0.5204330751678216 0.8422955544443391 0.4988970743357173 0.8307188215110506 0.4850539868879659 0.8319867875211546 0.4693825971752615 0.8131611739587206 0.45009578836847836 0.780927778745971 0.43310641932817656 0.7566819791696406 0.4256429741407361
0 0.8295605899694456 0.4416520980415614 0.8329723293896307 0.46647363078554904 0.8301207300491464 0.4829424757807923 0.8443366556912539 0.49824043877369606 0.8432449105069451 0.5101112654336065 0.9257641792580678 0.54836205817031 0.9320637038246073 0.5425915884314526 0.9440984931998748 0.5482235925515698 0.9580705346080021 0.5287532091872565 0.9607465016481354 0.5077330241966554 0.9476929272257437 0.47737362871309336 0.905818285536232 0.4464944938850652 0.867954063254254 0.43419649986004644
0 0.9607820989285609 0.5019617697572056 0.9586686260699062 0.5308647202944302 0.9445559611164093 0.5483644122720875 0.932063115299163 0.5509434914796044 0.9389239569962922 0.5697595933836742 0.9513812055331129 0.5729517686156073 0.9494795507806789 0.592282901660588 0.9972324349260656 0.6031275895416393 1.024188033246622 0.6088553044434842 1.0444584221703996 0.6003182574366172 1.0621952331757472 0.5897163776625516 1.0667366691624443 0.5634882171145716 1.0322515316474479 0.5400234950322312 1.0022704672623899 0.5211575759858162 0.987385844122971 0.5069387077164867
0 0.9881601564106706 0.5052496557708664 1.0035022474666238 0.5196093437607135 1.0323571464378363 0.5394135378101852 1.0495997151953347 0.5511458988513555 1.0716293697498434 0.5463627365573073 1.099007427231953 0.5496506225709681 1.1300446395208943 0.5624169693969227 1.1350067690928114 0.558804689105214 1.1329324246672485 0.5318249669140777 1.1009102590352757 0.5136156834296838 1.0593862934210212 0.5001911316405231 1.0252868407362636 0.49676164120575206 1.0032927834621803 0.49577354906035015
0 1.1348305482670162 0.562605252158008 1.1618205668171093 0.5792655187167067 1.1738897764219138 0.5958300744936778 1.1730781012774554 0.6283460900232035 1.1530889594444167 0.6408245198033823 1.1226486615664908 0.646873490180905 1.079258638480228 0.647008816997275 1.0592000676626712 0.6459740465118982 1.0551184536942864 0.6389354145877885 1.0403744541002373 0.6266872377051149 1.0345685832561022 0.6184753696768883 1.0355197048950413 0.6046338516303221 1.0441065690442537 0.5995674804940534 1.0625470863018933 0.5904671546051153 1.0688833851997472 0.5622216243305045 1.0513239720710843 0.5523191349554725 1.07184059933062 0.5451428221132152 1.0996761247292641 0.5485715278473938
0 1.1415110494602394 0.6436852384519347 1.1664955640438435 0.6552308861332046 1.1687461292952015 0.6784100452715469 1.1564271502019727 0.710596173618877 1.1171187410840953 0.7177701323593565 1.0764735254970401 0.7187503774988331 1.0400867332296095 0.7146167884614734 1.0341758361205309 0.6986629746071408 1.03449326901714 0.688481199892851 1.0525113271132263 0.6818207028920971 1.054307367075272 0.6630995270691624 1.0590944528722828 0.6465840037339442 1.079504876815986 0.6483695511618849 1.1218743492787913 0.6485625421265254
0 1.0242936480370102 0.6082453472214383 1.0350610599276182 0.621196838006108 1.0549072241135096 0.6401553290318807 1.0604668566218864 0.6470064628954973 1.054307367075272 0.6630995270691624 1.05230009753245 0.683040617336189 1.018798147784152 0.6900745410567435 0.9408173723925044 0.6673551030128192 0.9303668048730616 0.6525737405620113 0.9288199458739959 0.6308961353087966 0.9320584070956077 0.6177587158648191 0.9406452712448199 0.6126923447285504 0.9492683211999022 0.5935028161046801
0 0.8427168365550035 0.5131610515438366 0.8375784861572908 0.5205738948883393 0.8249444282692305 0.5295341857573522 0.8258937843318364 0.5407483768552414 0.821986037087469 0.563316794070945 0.8283193933581012 0.5768307790370933 0.8859947710709893 0.6055066154791828 0.9301579293940625 0.6203860428134961 0.9407508860352082 0.6120823875065043 0.9495851655710672 0.5916729444385419 0.952964838863493 0.5721543133330684 0.9372347088755236 0.5711670058882592 0.9319925092637559 0.5541340973103525 0.9243917755084642 0.5479395990087568
0 0.7115979997590544 0.49400093784690563 0.6982240498128314 0.5155828323183925 0.6947393502554615 0.5273595175977602 0.69463196988874 0.5530251839642617 0.7089185015662545 0.5651325411264176 0.762512853836202 0.5784178425962457 0.8016088563224141 0.5891676043961619 0.8216680156654154 0.5818504718333869 0.8208598716736233 0.5642550690740017 0.8259993991222248 0.5401384196331954 0.808686812854764 0.5232447613746213 0.7780364624469501 0.5138098400999325 0.7245477249673908 0.49991458140805833
0 1.1202298785297375 0.7151079675597046 1.1514370492678103 0.7416020223490903 1.1507908357721526 0.7803183077138168 1.1251312772395101 0.7885731547792251 1.0789610175237416 0.7912485596981808 1.0357669680409303 0.792637366830223 1.021208687323719 0.7844847291099432 1.0167867360817535 0.7559563262933656 1.025514644151653 0.7468950015093587 1.036293824120017 0.7355281113234878 1.0429311228862663 0.716278007190655 1.0773172442877925 0.718051899451301
0 1.1264183234267622 0.7875008404900176 1.1352655889132324 0.7968324858480192 1.1408145463196782 0.8124913235927519 1.1405717958834891 0.8329755756389184 1.1196976416465878 0.848577479506685 1.0775085505096547 0.8568838796449963 1.0121546458037054 0.8558568408239512 1.0137244524328395 0.8372495871842366 1.0036314959658257 0.8128495047010403 1.0159784647618006 0.8115104570405466 1.021490102564585 0.7860398538694974 1.0350027423297177 0.7938706179428795
0 1.1051786983345613 0.8529191865370954 1.10903916429581 0.8592472757245032 1.11897275334056 0.8623050753700315 1.1246010581578838 0.8934075705611134 1.1174816215217958 0.9059010185111261 1.0935112270348584 0.9139415820788285 1.069460139936027 0.9256285523102429 1.0284780749749602 0.9269640127680278 1.0031406142893846 0.9301782652336188 0.9956204049958597 0.922723618282069 0.9942946940039301 0.9017565557655556 0.9888257566088701 0.8919963434121417 0.9877807882572991 0.8821294377102132 1.0131182489428747 0.8789151852446224 1.0107068869931737 0.8546769363855522 1.078031370985694 0.8570448164684451
0 0.6000315760765618 0.44043544356773073 0.5695859406476702 0.4508882658858113 0.5620223583459127 0.48820946651375535 0.5758964333632972 0.5034939807380102 0.6687570828688422 0.5364842359436702 0.6882228157003969 0.5321967723881943 0.6940572239507563 0.49214054256229706 0.6805859393923327 0.4681690270745131
0 0.8291829490015729 0.5799932153511486 0.8861296982836742 0.6041310484664445 0.9269090228142447 0.6262291527504855 0.9302453230984382 0.651486369224506 0.9367599014455772 0.6615684552248174 0.9296804748151821 0.6770112158704897 0.9048251519994452 0.6869821245189011 0.8214959736801974 0.6561916381672678 0.8091503500852384 0.6384406217177001 0.8066582955236434 0.6178487795223419 0.8093537631162424 0.6054620249208436 0.8106014718983094 0.5918953658809459
0 1.017434967378935 0.6886049447635473 1.040719138364522 0.7163313538649122 1.0371787524488165 0.7335977662427787 1.026158167245279 0.7463588443647549 1.0147754741889816 0.761211204390889 0.9832455330033338 0.7493027762563513 0.9277058599255635 0.7329405669388257 0.9158423742004432 0.7219462066720782 0.9161651446480181 0.7073605800172302 0.9104954846239857 0.6923988362405504 0.9172528134073137 0.6819966701946955 0.9300825926736349 0.6778692466619912 0.9370813266921363 0.666072892680031
0 0.6929668647894294 0.5556845806049546 0.6828705453198762 0.5790096583969119 0.6862461830092548 0.6167612196216222 0.700884483737852 0.6308124827332208 0.7437557627730883 0.6440093022560265 0.7828065858527689 0.6538273452870834 0.7989740106042995 0.6558670741183384 0.8110802467656087 0.6463771823389194 0.8081047091331595 0.6381187480708025 0.805089834095525 0.6173659690519954 0.8092330604986557 0.6061591188888963 0.8009492980944259 0.5903926909949719 0.7631855212019976 0.5795023336747073 0.7113456014621966 0.567215994816983
0 0.8092703801023171 0.6472885598046779 0.7922573644271722 0.6596735208048221 0.7880727828173328 0.6870211223823232 0.8015847499819573 0.7043969185107359 0.8653274928520638 0.7401719623858978 0.907515238787981 0.7509556263576479 0.9162444920588961 0.7228042374635798 0.9162858472656048 0.7066634860491776 0.9074392543796425 0.6877868086361453 0.8225416146322762 0.6565135118141655
0 0.9153995737357896 0.7276838952399479 0.906871715694355 0.7514917835022517 0.8866424297520952 0.7474674661153532 0.8954870048365338 0.7949792396934776 0.907390500567347 0.8089229126558846 0.9969148497886986 0.8166559513875239 1.0027065576313334 0.81183053708609 1.015174229044895 0.8097943954575437 1.0205651642300928 0.7850208862545469 1.0157404225291669 0.7651794847014987 0.9837683534793733 0.7494637130798001 0.9283893930248825 0.7353537224898813
0 0.9962713266950725 0.8171921085321276 1.0057221052694758 0.8230382840498663 1.0156550217137177 0.8356411157504252 1.011873230562839 0.8543017160643972 1.0137617720365009 0.8783790281000184 0.9825925935025974 0.8834693821713842 0.9288621144876108 0.8757408274431308 0.9055359156948073 0.8737002018111983 0.890937624971903 0.8625982513952594 0.8860742184662997 0.8207174730364902 0.8957684200774001 0.7965343644530317 0.9075512131906267 0.8111751313834912
0 0.8865217271345086 0.7481645600834058 0.8944413638844549 0.79465736604658 0.8847871722790476 0.8217897873256979 0.8275590077560802 0.7960968294508478 0.7733877460779637 0.765470867125372 0.7702921784284358 0.7483644947702771 0.77524031314898 0.7293286741351501 0.7716619350291053 0.7150106776522654 0.7865443313949072 0.6894876246076361 0.8018661652228236 0.70595204327029 0.8668959542801822 0.7406547728562444
0 0.683069250147325 0.6128462859852698 0.6658141566364989 0.6361704669765497 0.6543107609626149 0.6517199209707363 0.6513732155343348 0.6750458955633706 0.6544287731781699 0.6892029552228064 0.6608233215082302 0.6904371031361398 0.6700727048531532 0.7006267792856432 0.7476121931312898 0.7076075837736183 0.765951592398872 0.7066446532349567 0.7822403923684971 0.6984422560431286 0.7850572351791905 0.675813375418547 0.7830880010936351 0.6553824700466376 0.7435143575379151 0.6454034901921317 0.700884483737852 0.6308124827332208
0 1.0926262987060589 0.9158719271595376 1.1070632042051758 0.9342666909029006 1.1084682626079831 0.9706774108657631 1.097890477869099 0.9777008004198692 1.0522430386293702 0.980537142162274 1.0129501377140084 0.9816583191223529 0.9831486979792509 0.9820299522407989 0.9817422943754278 0.9647092963879977 0.9735392245830916 0.9452964618303618 0.9901494497992759 0.9415985020937468 0.9964646507184581 0.927388992560731 1.0035427321478376 0.9310362960251202 1.0283573723573736 0.9276611067360802 1.0699829604120663 0.9257894891336916
0 0.8903341118839698 0.8660837212355226 0.8834153978768542 0.8837787006088013 0.8751709728778094 0.8805066174655671 0.8668424922643314 0.9286061012611982 0.9360161803253286 0.9425569486290225 0.9892645214704765 0.943528847174456 0.9961832354775919 0.9258338678011769 0.9946968118623829 0.9026145865570571 0.986493742070047 0.883201751999421 0.9301891706805561 0.8776178258495824 0.9054152130772206 0.874397295779251
0 0.8851892901375004 0.8226478181171993 0.8900126866374107 0.861579283780309 0.8835361004944409 0.8830816066407486 0.819310547153988 0.8500949386377975 0.7809846123803352 0.826549299743394 0.7691211266552149 0.8155549394766467 0.7722214025082983 0.765846087446527 0.827961125614533 0.7969548602423492
0 0.7712524185650655 0.8191479994661012 0.762724560523631 0.8429558877284049 0.7469992636362461 0.8447235023843107 0.7439803529955644 0.8812409156956876 0.8068788501430721 0.912350585292187 0.8642683998898271 0.930750729839613 0.8747688550193566 0.8796485866740656 0.8198333676300276 0.8502558754612464
0 0.9836715184552903 0.9821908890642478 0.9783612758819863 1.0033179916035326 0.9625552863827076 1.0087320129231505 0.9711598014329886 1.0385479103273187 1.0114176506885357 1.0413950136778496 1.0774157510886189 1.03234086329926 1.0916932891654718 1.0293933442049552 1.0977264022432802 1.023173741967416 1.0981712205094576 0.9888009572344542 1.088399016688495 0.978450344261502
0 0.5743279719351788 0.5030111702676637 0.5514025457998123 0.5209186395372942 0.5456508479628702 0.5286933665343876 0.5427526399397752 0.5645136858777119 0.5603671509013297 0.5772783512023966 0.6276909622933423 0.5891912633403203 0.6506950632390789 0.5962724835720697 0.6706035965352872 0.5862473314487241 0.682629140084703 0.580403846333017 0.6889056761992082 0.5441549599942805 0.6685156776336689 0.5378784238797754
0 0.558557284238038 0.5781897286681553 0.5383266530947626 0.5932554753913183 0.5355498202897621 0.6188336687115593 0.5374790443696246 0.6363152613878093 0.5610859858027863 0.6494560438343262 0.6276862540897872 0.6560064877255348 0.6521387864465633 0.6547225803406529 0.6644871004435537 0.6342934685700979 0.6722500601732679 0.6212638634754813 0.6622377963181479 0.5932173743285732 0.6509764784799451 0.5978276083316238 0.6288573058630078 0.5888160430191655
0 1.0826148681881411 1.032449456114825 1.0861002834608386 1.0633933350034563 1.0843775527888027 1.069937743343471 1.0729667123309117 1.081360701647253 1.013375208704839 1.0952462105204452 0.9622666954802075 1.0975935763418974 0.9645934260008325 1.0739413664986268 0.9591689486145826 1.0644107956499913 0.9703656178655294 1.037200339975327 1.0098483993471348 1.0407072341103953
0 1.0561742287281588 1.0864105885765756 1.072232769601774 1.1094336027752212 1.0723605522477497 1.129124900221372 1.0551361258401544 1.153693787527035 1.000281591503538 1.1572462727329025 0.9532210993151854 1.1498346184183115 0.9437072068076486 1.1264679701843006 0.9459039944477254 1.1137808599657426 0.9577017832344985 1.110337798882307 0.9629556437333836 1.0970195728106156 1.013934934155658 1.0954185075902552
0 1.0452759590105527 1.1561611386177173 1.0578469243768978 1.1788966709985949 1.055261028173367 1.21426028106767 1.0404061665277857 1.2183344580042388 0.9935605656245684 1.2164915020369094 0.9289765274170891 1.2013274396851255 0.9228209876144647 1.1789945738699739 0.938924522964041 1.1745186904719331 0.9552436696769434 1.1653927063975325 0.9545989958215377 1.1486866113557481 0.9989036949971855 1.1583942797954658
0 0.9731707258233402 0.9460926341117872 0.983157955220727 0.9735353794908764 0.9785487685772474 1.0035597006043517 0.961196559523676 1.0084372904638643 0.9030707811213065 0.996833394151983 0.8643205022124572 0.9856911969361883 0.8550643352314444 0.971050746523615 0.8604060244476801 0.9333911223294135 0.870223357035893 0.9277662717645548 0.9363573487934711 0.9441935259268601
0 0.9595173831712198 1.0079203992544346 0.9653288088863514 1.0254308673234165 0.9676526590942136 1.0426538535746301 0.9584800003614061 1.0649847991812729 0.9001814448370995 1.0611885030199277 0.8399459874338125 1.048149117827715 0.8395604792613126 1.0197316225601265 0.8433936090124566 1.0044039040768222 0.8562244601398985 1.0052092372082744 0.8646217820585609 0.9873560952081816
0 0.8485139262398398 1.053144772747949 0.8418821692346021 1.0676110058822037 0.8463585326847703 1.0894269804879253 0.8452811959463309 1.102458684846103 0.8558295909509182 1.10963612924776 0.9025888032931668 1.1153828852903576 0.9311783556045014 1.1171087363012202 0.9449137663484455 1.112689965225031 0.9574005033883944 1.1086729006103138 0.963084866535741 1.096273272209524 0.9644213689570863 1.0715301676255422 0.9597286740654012 1.0645830927198012 0.9006119474855608 1.0621071006908294
0 0.9409092996317457 1.1153876858116296 0.9422864760599075 1.1244584777726871 0.9541684931730764 1.1477680136848465 0.9548131670284821 1.1644741087266306 0.9388816887226522 1.1713611909977566 0.9221320393612884 1.1795685774012556 0.8751143814143248 1.1753144225608414 0.8296902313370396 1.1652621599815036 0.8240936969070431 1.1533203902597833 0.8321026303404425 1.1479249490865862 0.8318463449703 1.1187611532179063 0.8474337091886371 1.1070516732006108 0.9012109067868145 1.1165308923529211
0 0.7463091411198196 0.8841199209892955 0.744497141574052 0.9354433254990625 0.754399422566852 0.9463522729061777 0.799003961432222 0.9781624376651307 0.8556647346890798 1.0050369401384647 0.8644497250148147 0.9849448963350969 0.8531267132742734 0.9720264565163683 0.8563158892482026 0.9297738439676589 0.8074477179832272 0.9123728000211089
0 0.7503521216087634 0.9458924940185996 0.7444521470980907 0.9629422230957491 0.7227513572403271 0.9656951357956908 0.7176252793874177 0.9987046593135326 0.7266230007637153 1.0148377109282893 0.7822078774385153 1.0343063197125586 0.8371045259383301 1.0441301330044885 0.8380105257112138 1.0184684307496052 0.844771505518809 1.0032558970142589 0.799003961432222 0.9781624376651307
0 0.726493777961358 1.0155840115293808 0.7279994571136861 1.034127301912968 0.7234331047115954 1.0673091225006195 0.784614515816392 1.0987195010066095 0.8399845012060567 1.1126194114436176 0.8451091389025845 1.100047485973018 0.8463156984433814 1.0862694810137488 0.8421834490807059 1.0692759041541968 0.8365876347289003 1.0471153354088552 0.7823799344822617 1.0367175185856434
0 0.7220552082052429 1.068457129563183 0.7113761502419167 1.0824635838098597 0.7065941864765 1.1202955050738712 0.772512566870752 1.1413728599125363 0.8149224783306176 1.1552137378191838 0.8333513040444374 1.1475232426251145 0.8310281739147664 1.1200814573502795 0.8367982055448907 1.113996827897843 0.7839255675632157 1.0992935045378915
0 0.6627495131551361 0.6925356743365917 0.6470322060562506 0.7152102539785999 0.648063108162347 0.7501150452643511 0.6650697629720439 0.7608526557059108 0.7462306734189499 0.7756169318047318 0.7569518455454741 0.7749867760558528 0.7733138264997654 0.7690182914556285 0.7706458622044108 0.746972907458245 0.7747374375602698 0.7301525877727574 0.7728869242422581 0.7170056986666217 0.7667306643614429 0.7048916318750912 0.7472687763069543 0.7083337328542724 0.6713602862025522 0.7006888287310021
0 0.6543921451650994 0.7544215119053455 0.6468993828629391 0.7670505496977968 0.6411286311546238 0.7833539781738547 0.6406538541083922 0.7997154790760188 0.6471977823962798 0.8095906440642743 0.7143648364945268 0.8302662924414678 0.7553968514480398 0.8452551774106786 0.7632765620790817 0.8406060368385733 0.7717602725587127 0.8188490947632122 0.7660795098023201 0.7801547280458966 0.7449819997149549 0.7760186382662035 0.6649405401696865 0.7615989563070024
0 0.737916139670302 0.840660268847662 0.7419198863088108 0.8481813472846845 0.7349854093010877 0.881420280194188 0.7116054430908678 0.8836563016846998 0.6666546299034328 0.8776801362504404 0.6170967903070905 0.871071894858793 0.6090892970300728 0.8560297379847478 0.6118036959577703 0.8301386263382025 0.6231709820960819 0.8257769675838652 0.6367793302722409 0.7914481000379046 0.6460783314946423 0.8092460499246544 0.7136758882413504 0.8308402959727496
0 0.6327262686886259 0.8727387133392951 0.6254912319129898 0.8940939489531843 0.625791071602712 0.9161964452724196 0.6582544276720073 0.9364084743450176 0.7221487975481194 0.9623653392517043 0.7441937014933757 0.9644348242979325 0.7513423497080434 0.9469833887593113 0.7453153126295856 0.9341230213666892 0.7440274050751559 0.8802732332358792 0.711346997486153 0.885148902886883
0 0.6240690610088669 0.9125220545888134 0.6130458889580479 0.9217061110893203 0.5958635767136508 0.9596512968927811 0.6015886138678138 0.981065565037031 0.6676362170644232 1.0013966192746047 0.719777792629724 1.0032976476680404 0.7166350512881376 0.997613764572821 0.7221916317895084 0.9655228387258808 0.656575251319551 0.9358915831355876
0 0.6104149982785558 0.9845686187550818 0.6019741220403138 1.0094830603046192 0.600594065299389 1.0412874644380459 0.667502673792921 1.0634557140174226 0.721796762600528 1.069949730765366 0.7267507834096912 1.0345290083744396 0.7257619954667928 1.013000515586486 0.7192180671789052 1.0031253505982305 0.6683251653175994 1.0008226157433229
0 0.5987856661445754 1.0415168738297076 0.5943920908644218 1.066891094266823 0.5859954890239502 1.0745254372432949 0.6238840425576863 1.0940492381409075 0.7074987460930022 1.1150714008662297 0.7123663783411968 1.083554478550571 0.7084061860222676 1.068972100564104 0.6668137255397448 1.0640297175487043
0 0.5813499488427988 1.0094230676700042 0.5942657483748275 1.0267621987734306 0.5972357125944767 1.040253682019186 0.5931862514018157 1.0704503002024712 0.5531437444693917 1.066771108997593 0.47219844538581196 1.0473567322224122 0.4739661705338091 1.0133134262857109 0.4844296171338092 1.003957072715394 0.539283431392235 1.0106233865331475
0 0.3730456925772647 0.9492323577759726 0.35491814670954874 0.9585877512420352 0.34600249342507483 0.9998636936937366 0.41368571865456083 1.0277729386901848 0.46599863118541707 1.0423039649803263 0.4733621706852199 1.0304212277889666 0.47388050205103127 1.0069984273373576 0.46595939733498215 0.9880524703880447
0 0.376666091277846 0.8976795438745437 0.3586677682124874 0.9062886367395148 0.35341246755722044 0.9400444608584481 0.4666483455881584 0.987478466856763 0.47409755357073885 0.9819107286137561 0.4787060201360278 0.9621052065239019 0.48133331042456584 0.9503366939762458 0.46914929338710215 0.9355810588157142
0 0.4904188605182137 0.9421283474684922 0.4787060201360278 0.9621052065239019 0.4739683307683814 0.9826570292148477 0.4805115389780782 1.0027509932267242 0.5399723796454112 1.010049383001866 0.5876361516041622 1.010572034836822 0.6007254483363189 1.009884766766091 0.6064969201228247 0.9833625392664122 0.6011581112193525 0.9801469673661295 0.5935818406689869 0.9558046091393648
0 0.3909219936221737 0.8391815752758829 0.3682302555869394 0.851062392258734 0.3610801672158903 0.8889514258445971 0.3786465474764059 0.8998613333559669 0.4682882880901796 0.9337438634739109 0.48305676117479246 0.9335734866126099 0.487192610928422 0.8994730683540565 0.4834487500510096 0.8700217906676085
0 0.5515624779289569 0.8988496333349582 0.5009722960701365 0.8777741987048019 0.4873218337307794 0.8987267677529651 0.4846067147248912 0.9348366784231313 0.4901604149134988 0.9436209486706754 0.5956486854285155 0.9540825985455198 0.6131322775190166 0.9178023110140523
0 0.5136775247861748 0.8282318373192403 0.5046348089339158 0.8395976833011703 0.49981001092711014 0.8742721050910053 0.5526819288305943 0.899194227474578 0.6143809512230115 0.9174006045525805 0.6213132679961622 0.9148180687139401 0.629281527422745 0.8756087309957034 0.6162786192515568 0.8723921989911663 0.6092192399106211 0.8450646383600352
0 0.40319743976794165 0.7785018171957988 0.3939826668719363 0.7874564643046439 0.3823141008875208 0.7901532247869879 0.37615424061575176 0.8291331531135628 0.3973374191858947 0.8395842418416088 0.49744188632147773 0.8743292174128573 0.5046348089339158 0.8395976833011703 0.4917625637214667 0.8151972526482996
0 0.41185608760408216 0.7182808778990383 0.40001474449772956 0.7287852385319186 0.3902838004704853 0.7305062890215092 0.3823169812002841 0.7492780286925038 0.38369343755025487 0.7685676196771825 0.48965288472054924 0.8137617637679683 0.5031726841011672 0.8139930933681386 0.501667004948839 0.7954498029845517 0.5107104408792887 0.7738651579790005 0.5028757247242082 0.7510154009544192 0.4899156507944089 0.7509563684240584
0 0.5098922698237551 0.7751854621113737 0.501925450553554 0.7939572017823684 0.5028278499354837 0.8193894946455901 0.5220305723070667 0.8276587938922132 0.5975942282457853 0.8407000992929348 0.610941970582657 0.8385202300200204 0.6096940169568528 0.8287031374578712 0.6256683295040717 0.8249735546609217 0.6412578539569813 0.7826076775727632 0.6319581326563892 0.7750285267096343 0.6034542488278322 0.7796176746471245
0 0.45411194397497134 0.4742405813420745 0.43408961039147315 0.4877291842750669 0.42409950068132307 0.501161634990462 0.42388244916161544 0.5262493337140638 0.4529446182846094 0.5422700808936255 0.5053003650568546 0.5599586066579437 0.5419845192843663 0.5626040154439623 0.5437522444323635 0.528560709507261 0.5550338620878973 0.5178840518045705 0.5662290911824626 0.5111111941771485 0.5573605926085223 0.49423184196130016 0.548103705549319 0.4898101905723478
0 0.4543225147909618 0.5411220738310623 0.436798968771835 0.533369665793869 0.42194410712625363 0.5374438427304383 0.41462340186783964 0.5524840793959747 0.4110908318846086 0.5796954951748933 0.42969027448579317 0.5948537969011509 0.4888055609092519 0.6177673869773649 0.5321200319856196 0.6263841606763709 0.5344024881084743 0.6200120494061662 0.541939524808405 0.5901029130406489 0.5384962236989057 0.5725353326498154 0.5315217927625568 0.5617415699906582 0.5058600905076733 0.5601309037277536
0 0.43515830619162293 0.597323068200342 0.41212173399070506 0.6146002864606445 0.40747043318402737 0.6312483090763221 0.4090189465777445 0.6529490989340857 0.4500937957726465 0.671095483377473 0.5014164802042228 0.6845356149269032 0.5233321613471217 0.6873514005742231 0.53048152963998 0.6596811660119808 0.5390937428437778 0.6473967223591492 0.5272545599719975 0.6272446859211663 0.4882458354584332 0.617595089907555
0 0.5427540954729847 0.6398766040263809 0.5324191515971511 0.6587054560192273 0.5244087780073702 0.6845384952396665 0.5254839545112372 0.7021631879523519 0.5861499145629854 0.7161211708154663 0.646687371890567 0.7206066552560513 0.6474198744633228 0.712971352175325 0.6569794815250117 0.6986203037890285 0.6567217559984877 0.6898941059675906 0.6515550041387616 0.6890897329403929 0.651642112777921 0.6749671338415036 0.6377360851466123 0.6565371079973658 0.5615691494374953 0.6503848050762788
0 0.4165966572844917 0.6568538591136083 0.3978237174831792 0.6597219565615079 0.39368930788593126 0.673384776772819 0.39584182112823757 0.6779777651273271 0.3912333545629488 0.6977832872171813 0.412157367450186 0.7199457761710315 0.49034615344287025 0.7518749660949601 0.5089898704418253 0.7497531692481522 0.5080867509817047 0.7345396754085515 0.5181196949332436 0.7242647241673329 0.5151497307135944 0.7107732409215773 0.5078747400093326 0.6880957809668059 0.4496632931241853 0.6701768857065716
0 0.5302630379638907 0.7052064627828248 0.5186794203840623 0.7244370212371427 0.5068380772777097 0.7349413818700231 0.5110567152013539 0.748031158654307 0.5061041345485723 0.7630142829979915 0.5111409435277501 0.7747837556499023 0.6035834716301897 0.7788713740460329 0.6335080862064879 0.7762917185201558 0.6388062211031437 0.7456933938753988 0.6243840223405959 0.7200297714120064 0.5861499145629854 0.7161211708154663
