0 0.4044662990302062 0.5644640569451579 0.40013989518492554 0.5289222170785113 0.4521304368850351 0.48282726983208035 0.4969195497013753 0.4674732098631164 0.500624818388316 0.48611535325746313 0.5146679266101547 0.49276534981292985 0.5170848072126618 0.5046877938217725 0.5216510544074829 0.5425050658316671 0.4777505907596755 0.5607864382807216 0.43954793102353906 0.5725859015755547
0 0.502820302748384 0.4849304876994194 0.4954620424970305 0.4646524944272661 0.5018363228883459 0.4425746494744296 0.5316137305311345 0.41688480308882564 0.5624304593552653 0.40105516265729674 0.6330580271326871 0.3831796678407698 0.6474301500407973 0.3874476352087482 0.6446473605378159 0.3995709752346704 0.6221052117942234 0.42235810528298573 0.6252416224453521 0.4411068457215726 0.6122009411906527 0.46598080996745755 0.5383908449943486 0.49218725790449325 0.5383908449943486 0.49218725790449325
0 0.6497855299672256 0.38777972441286984 0.6646035095589905 0.3687603851271661 0.6865491296061188 0.3623276682585484 0.7052507205582861 0.3526355497057185 0.7215784844769237 0.353443219372405 0.7410703297073421 0.35675181334222117 0.7490958428847893 0.3668498095275787 0.7521615293062884 0.3794241338732638 0.7422941529169207 0.4013830837104592 0.7362488872118769 0.4210788994758074 0.718755736560963 0.4367322400330586 0.6527405337461161 0.4653453133003846 0.6364035462739277 0.46995358234551715 0.6271511456881258 0.46472624157937653 0.6219791462432896 0.4486793214609987 0.6254015180117125 0.442623800483738 0.6217761971079518 0.42474013447047404 0.6428608386471997 0.3991322889863085
0 0.8510997739686033 0.3384540159471017 0.8170666867101635 0.33477643855896105 0.7903303590269983 0.3397864996382525 0.7522599241965701 0.3693507338307083 0.7534591409442728 0.3807278945469488 0.7413163324116571 0.40311323256110504 0.7430751836416212 0.41979973494492445 0.7519801224340501 0.43824098232219155 0.7773296671425 0.43658462189995156 0.8136750807583908 0.41817205626385484 0.8436738846436184 0.40558951944513727 0.8674951979180938 0.39493802749414514 0.8647769732899675 0.3691497965373334
0 0.9022170494085051 0.3281018045843969 0.9297098013544949 0.30825428508757313 0.9681523044401719 0.29873025393598823 1.0119359260905965 0.3013541589531275 1.014893994068263 0.3294178220531874 0.9957926642001949 0.3353175537006039 0.9752338271277818 0.33839656991217 0.9631186892558181 0.34453409179086886 0.9414313596653319 0.3424103633790964 0.9198055307509242 0.3518769897720449
0 0.934764958801948 0.3452064826721448 0.940373591376888 0.34338203484865965 0.9648252633632541 0.3442143006581482 0.9753752755870406 0.3507454020979737 0.9847691246321015 0.36832157504991797 0.9830256563104626 0.39030512102991527 0.9685182442978677 0.4177743085517689 0.9381197014967393 0.426564458465073 0.9042280626975585 0.43523571326273586 0.8914641190066027 0.4407213548045923 0.8860430526586752 0.4278149412547854 0.8779283681444972 0.4223744064001644 0.865521109800465 0.4092302026190751 0.8642419452695821 0.397094564521752 0.8705086072170651 0.39050605832329016 0.8820917812674196 0.36281137864155494 0.8890964203706256 0.35221729144919917 0.9130684056579109 0.34849869297219155 0.9180097853067573 0.3568542422355021
0 1.0455437889495807 0.3073140173999909 1.056996425657562 0.3096504775038973 1.0964806940393717 0.3015045174113708 1.10408707470976 0.3045617188939469 1.112052839490332 0.32697593467736424 1.1053463989641292 0.34840408887908625 1.0797947897028224 0.37709905096234086 1.0505602780992913 0.4027486903819861 1.0268382362064856 0.4169060903855693 1.0099681703068013 0.4163318810202567 0.9964899358155037 0.40540990465290133 0.9860768253418564 0.3916722893680617 0.9851768851976705 0.36718693368376365 0.9757082604393346 0.3517781518954593 0.9666940603102041 0.3459963957305277 0.9770655849501804 0.33807617306752036 0.9954296017134039 0.3368762528752726 1.0174171167567296 0.32752642627389233
0 0.529356985162793 0.4904650763961824 0.5170915577137801 0.5108709204425848 0.5222879013191364 0.552240771156766 0.5379068082188434 0.5557212314131471 0.5984509689940828 0.5354615572408115 0.6441824759372797 0.5193704743670812 0.6393693266102013 0.49352908478220575 0.6322315612033256 0.4753662809752925 0.6129668016552506 0.4650474516217126 0.5388614495722519 0.4934198512699366
0 0.42444242967388324 0.5694615120430062 0.40608471040185423 0.593516162903397 0.4130995490829634 0.6323166402839323 0.4326755104533513 0.6317126825205117 0.4838170976584283 0.6173935786930095 0.5219069366023826 0.6041273320051103 0.528681439986535 0.5950577393309051 0.5259581230464133 0.5791320599990084 0.5314102862310798 0.5733745958900393 0.5313371901441997 0.5647524310841301 0.5238084827429461 0.5527915613722454 0.5138111854998126 0.5471433753749325 0.4776516985986852 0.5608836262718667 0.4398276565116651 0.5727071848899312
0 0.5458652184946686 0.555901379766775 0.5378359305436407 0.5629774941556659 0.5322010327166974 0.5729478434644727 0.5256956482320715 0.5786240921768743 0.5292063896152186 0.5960736749751733 0.5358767948982438 0.6137669039631746 0.5514635850029419 0.6189248396988464 0.5894349228946374 0.6065165272522036 0.6414093395081183 0.5842412278439376 0.6527876700864863 0.569294562660974 0.6520268219842005 0.5521654120588217 0.6396950706421816 0.5273533637220907 0.5997772930614308 0.5368667864786884
0 0.6641908364228764 0.5234409295791155 0.6560130053778919 0.5181956250171157 0.6512464214224543 0.5163777325354215 0.6462265542964194 0.5169795077818978 0.6423558932766361 0.5116048652088511 0.6395024061869308 0.49417858888547034 0.6416256750599927 0.48056414042704243 0.6495865941635877 0.46687244717833803 0.6714228798711477 0.45701952344585156 0.7193675926435801 0.4368520154059552 0.7281301298609146 0.4331767039640617 0.7418263118777485 0.43772682349855 0.7514645657922887 0.4423595761535675 0.7599064611896198 0.45975531257718966 0.7664985771229351 0.4764810155428059 0.7639199355673263 0.48577527067084025 0.7527188714659359 0.5000741274962738 0.705389852286052 0.514026304933806
0 0.6637974385807264 0.5245313070517801 0.6529695660830372 0.5496046005928125 0.651581899235628 0.5701978228926458 0.6578668396533287 0.5791866971080686 0.6676532907348014 0.5804028143432866 0.6984851905918441 0.5763197256289998 0.7374410291488537 0.5673254449983491 0.7656134489327615 0.5573018666945511 0.7781967960725517 0.5464717385096879 0.7765235025092964 0.5257743297683134 0.7701146124108018 0.5059643139467739 0.754821934100549 0.49832449322610944 0.7062076353905504 0.514550835390006
0 0.8426070175923515 0.4073504174142956 0.8139486984797234 0.41720318046718746 0.7769533616246604 0.43833037800898317 0.7665046146941124 0.44551798047435387 0.7649750273736728 0.46821732778212466 0.7709062852567032 0.48727733173964566 0.7874585528798754 0.4901523647519641 0.8294495710168825 0.4845250332336015 0.8734067828750842 0.47628798890594615 0.8909985767325901 0.46776186673733156 0.8931637606060541 0.44046087213554913 0.8847079347393763 0.4293448484789693 0.877814372912584 0.42241861990001833 0.8680279498777359 0.4093106617587197
0 1.0061130051549834 0.42228392683647903 0.9760825030405137 0.40848691745680515 0.9676682630075071 0.4190287317480723 0.9371298815784812 0.42699252337034127 0.9049431047047726 0.43526520415489717 0.8941082463213657 0.4387897056320844 0.8909985767325901 0.46776186673733156 0.8876156544384282 0.4728783293018215 0.8939508420027678 0.48513882537242087 0.9024838901600174 0.4969874692266372 0.9080379457044141 0.5071530677584223 0.9481578106392483 0.49440546037188415 0.9697503051154904 0.486623837219873 1.0131936882823653 0.45756453819610304 1.0119759498616672 0.4353800061588107
0 1.0781463942581397 0.3774079401246279 1.0505602780992913 0.4027486903819861 1.026683791625342 0.4154408499902959 1.010826524617316 0.4191593987567077 1.0124481927193232 0.4345444229070783 1.0142153962882485 0.4566259918902749 1.0058783785458139 0.4679004263791788 1.0119046769478661 0.47723044165923123 1.020351593700319 0.49357776975336365 1.0497999539471148 0.4805885998017337 1.0858597142010913 0.4559012643258502 1.1153258926763379 0.4324494854991148 1.1209423120203106 0.40599595296803187 1.1074135825811169 0.3786474430903822
0 0.9927684372789249 0.47110415987511206 1.0075950871668429 0.47355546185208097 1.019252663403864 0.49378369586155496 1.0248750321246072 0.5099132190285293 1.0068614903573418 0.5357014579591707 0.9759964015375786 0.5511973776659979 0.9288790251427049 0.571980049588606 0.9103605637983379 0.5717147293855804 0.9036659921238148 0.5400972190141399 0.9163571452183987 0.5063412421446237 0.9487844980780477 0.4950351175154251 0.9698275274060622 0.4873564574175097
0 1.0921444068175346 0.45173522688615514 1.1169297425498947 0.4582971185245906 1.126235013612862 0.4774719643551742 1.1313851394759495 0.4944370707738808 1.1069413696253227 0.5176948023113914 1.0680570613396367 0.5421643328601168 1.0182695814941973 0.56419444025084 1.0038735886302639 0.5392497170742918 1.008355441220881 0.5339273284016103 1.0251066989963227 0.5121110796214394 1.020351593700319 0.49357776975336365 1.051920592249453 0.4794441273877143
0 0.773876368755331 0.49419168149962983 0.7795908182576419 0.5484055761247454 0.7937046493019637 0.5547259051980892 0.877918352447693 0.5456691027542742 0.8933805988886354 0.5435187574372314 0.9065766715603212 0.5358163397013823 0.90544506454442 0.5091331234241742 0.9026383347411608 0.49845270962191063 0.8948953277180793 0.483467658868956 0.873484005165656 0.4770206091035829 0.8290545504497985 0.4860932366829706
0 0.6658337143460945 0.5801815371976589 0.6530831571893891 0.6027422849944334 0.6585065357578632 0.643563089953897 0.6772566639739456 0.6460262707498328 0.7419480159978749 0.6271800855337151 0.7673867665117097 0.618677721003034 0.7798878385682493 0.6043817214884547 0.7719488011303529 0.5662735923923794 0.7597150324024291 0.5618422347496589 0.7366374961768731 0.5661666830216779 0.6973848946667786 0.5765105037071145
0 0.4259402023281572 0.6326055568679391 0.41202240169865023 0.6494083061377157 0.4197208631506062 0.6905498790784333 0.4352603318821203 0.6891321539590273 0.47647021799918454 0.6814099249018503 0.5267893447644013 0.6697394633321365 0.536697535660947 0.657423519483309 0.5324235823368242 0.6328233219259483 0.5362015251980703 0.6261386559120893 0.52171940092934 0.6056926169754568 0.4842696394450715 0.6171927888938797
0 0.7748594805668593 0.561992713079622 0.781726315050976 0.5846128549712306 0.7887475941162363 0.6086982372581128 0.8141685264016209 0.610658481602537 0.8656548966396393 0.6047460185598209 0.909698239902638 0.5920102899922497 0.9109872512371371 0.5723443865291215 0.9064727219270738 0.5507776328164034 0.8940072863274349 0.5441484145807725 0.8785450398864922 0.5462987598978152 0.795825287604302 0.5535814327840698
0 1.0181151369130539 0.5627291998555667 1.0692332139266636 0.5426910269495621 1.1085125427794336 0.5166532929514677 1.12654985215192 0.5229855008437783 1.1342067277702046 0.542469235836649 1.1336988484556483 0.5642300368385915 1.098179644235674 0.5940457136979319 1.0376256191831743 0.6255642472010317 1.0290658436832492 0.6294095166594729 1.0138798096851478 0.6076012003816628 1.020164502301591 0.6034351629419675
0 0.9920170222409737 0.543712764857307 1.0119165757014075 0.5623965530553459 1.0202862701632884 0.5780112609518415 1.020868412030962 0.6047974402831454 0.9728837722113486 0.6279838989068549 0.9113169482671906 0.6552096742782302 0.9065440247427368 0.6471389732852596 0.9035234462962127 0.623798090014981 0.9025284656330048 0.6090427230081513 0.8991722706815182 0.5984652722599837 0.9108743924896647 0.5925369840816951 0.9122406261147357 0.5736037008162035 0.9284067822850491 0.5728156328403384
0 0.7776365232899884 0.6361814003301527 0.7827688309246258 0.6636091156239644 0.837620305228356 0.6630427988918637 0.9070162676003926 0.6463033900335272 0.9008800701883223 0.6093516121704384 0.8941498620568986 0.5986593195492084 0.8662815840784386 0.605375675703362 0.8144001932733361 0.6128563421954469 0.7874080878338409 0.6119376072109466
0 1.0265501848138268 0.6321221925228614 1.024961193431266 0.6436263107578902 1.0251572238460807 0.6667493891010107 1.0375098006982473 0.6935712048892152 1.0771752410038764 0.6711965718793044 1.1167634590189333 0.6480893186717566 1.1440406860154946 0.6198180876238516 1.1318514628586964 0.589230207793368 1.114363618634438 0.5827950368469618 1.1004547271191558 0.5943664816791859
0 1.1203008258942388 0.6444380965025399 1.1363719415455305 0.6533800172041434 1.1466721932717054 0.6873102300415566 1.1005587066542648 0.7176169645334417 1.0312132392301248 0.7507829069020726 1.0228435447682436 0.7351681990055768 1.0166717108992729 0.7191416388926983 1.0243642229744583 0.7177001561353586 1.032701240716893 0.7064257216464548 1.037587022988819 0.6943038250868518
0 1.130015976015286 0.6993964901442592 1.142962563586806 0.699958820690605 1.1500788831710884 0.7143142143000186 1.1527905724553253 0.7347246167797504 1.1467286375963726 0.7463198192499082 1.1053286704412641 0.7735020256620221 1.0552144832050874 0.8030642611373037 1.0404739647219663 0.796114274920419 1.029511389100091 0.782479622689675 1.0336843525284212 0.7742267532264467 1.0319943712500677 0.752877804440887
0 1.1294457329011538 0.7577764222090698 1.146684092025247 0.7724763414376712 1.1591138911679852 0.8000307774235123 1.1283854287009154 0.8274545464007179 1.053759158437765 0.874310588778321 1.0462478182863988 0.8615233986182762 1.0368475067044094 0.8520785414651613 1.0386681649586857 0.8427722838230425 1.0527225919408858 0.8378973838236444 1.059093415962126 0.8292326621440335 1.054587795766288 0.8024346039937625
0 1.0538363807283369 0.8750432089759576 1.0566342014173709 0.8909549272157736 1.0409996921668345 0.9021026410126479 1.0518850454981379 0.9150046730457552 1.0544511993154566 0.9287185306926612 1.126621214771306 0.8957703932511883 1.1651877247804798 0.873601686349469 1.15402911874379 0.8368439557756048 1.138988620212607 0.8217321843306206 1.1268142555468046 0.8284960557606418
0 1.0597052748117912 0.9307223439963468 1.0543472496822095 0.943679823807682 1.043966815928008 0.9568313509082421 1.0592389813309064 0.9741409829461362 1.125578728799518 0.9549859085677316 1.1391609129240625 0.9509465918200658 1.1726099737895948 0.9387019208850393 1.166405463201178 0.8957862183867613 1.150179902968743 0.8853790572898843 1.1278745896489046 0.8970297075382705 1.0668572308529742 0.9241525198555499
0 0.9141414962989001 0.6554274792053884 0.9173937416171394 0.6809662230685771 0.917058125112177 0.6937296555906879 0.9055787610615205 0.7070871087994393 0.9138712332328298 0.7219691964982983 1.023199939239111 0.664127797472751 1.0244117282830385 0.6437292738119859 1.0169865195364687 0.6264433994120254 1.0082990267980758 0.6131295151625356
0 0.92046481501156 0.7207336398491501 0.9173046504748881 0.7332792674441028 0.9196302283062663 0.7500265689356512 0.9199302083543283 0.7581883541637505 0.932763937178376 0.7789432822626701 1.0142243652061973 0.7278182393912761 1.0177706411957277 0.718935712784507 1.0324606647309524 0.7094591654910974 1.0358614052535648 0.6938800940515022 1.0233543838202546 0.6655930378680243
0 0.9153533152446891 0.7732407315139004 0.9193956016970964 0.7956430684783508 0.9185610149918029 0.8249359975648519 0.9242695151173431 0.8365668364919102 0.99456837737102 0.7964984231822619 1.0327487759273348 0.770666615292359 1.029642066076014 0.7518244162619964 1.0226801910728751 0.738934263047856 1.0128076366332297 0.7303249891464733 0.934643999494774 0.7808322536932929
0 0.9345549083525224 0.8331452980688185 0.9451224634073137 0.8483481537489316 0.9484519310161248 0.874619517809757 0.9878589771073629 0.8657409375195938 1.0403165604033682 0.8424633946607555 1.0529631679268265 0.834863939979002 1.059565658819782 0.8283970788923011 1.0549055940428 0.8001337803467569 1.0421223601666487 0.7958053857581319 1.026300729615523 0.7785987167743333
0 1.026262133421168 0.8473382946601534 1.0359030209890978 0.8537497079686259 1.0463250405769704 0.8622560188159131 1.055253109301304 0.8725364592207606 1.0571836665655985 0.8908519641616778 1.0420214001727177 0.9011640947068199 0.9978919255049221 0.9183985075143068 0.9491439718938163 0.929027459724097 0.9369725669654683 0.8879769710185084 0.9489063556453303 0.8842465434331298 0.9482113550301844 0.8776529616543995 0.9884856645461622 0.8663705946631347
0 0.9414425507044059 0.9357002469189893 0.9480094051404606 0.9501586035824988 0.9539911579713876 0.9856451410503141 1.0313885215808964 0.9703947302251849 1.044670725657379 0.95819362824942 1.0531710970951824 0.9431531297182367 1.0574301919283093 0.9304015760150927 1.0515494289931753 0.9277681055678663 1.051807823207566 0.9142720528481186 1.0406046715997506 0.9036708444620171 1.000167008388404 0.918719275495561 0.9503973467714149 0.9302867740111792
0 0.8308010657584045 0.9810871025847131 0.8370917077516182 1.0195041208430748 0.9092349958647925 1.0022498967142601 0.9529694499655043 0.9865836873561422 0.9458976759523474 0.9460717715589656 0.9386180026726965 0.9354824419918312 0.8945746594096977 0.9482181705594024 0.8327939868222747 0.9627834764627624
0 0.8403617413964464 0.896368479861882 0.8365748894209752 0.9082844503132934 0.8284101344881342 0.9105615163223654 0.8243648882982724 0.9359735394935248 0.8283210433458827 0.962874560697891 0.894497437119126 0.9474855503617657 0.9408158632656065 0.9350705897754484 0.948826173617304 0.9313282833711028 0.9381487195524951 0.8885036651079536 0.8837516698779704 0.8986970074634272
0 0.8187900248861091 0.845873134003178 0.8225056039477792 0.8758075990521869 0.8298535904037767 0.8923608532545106 0.8418556922599854 0.8945943503043213 0.8844555796073414 0.9000592848046048 0.936345879526669 0.8873473138749673 0.9493785985029861 0.8834109601813974 0.9450452411167418 0.8476155335512948 0.9341598877854386 0.8347135015181877 0.9243467374079148 0.837299456689547 0.9187154595729465 0.8264012379601252 0.9051243663341767 0.8356718591453435 0.8533201978196461 0.8438851458350652
0 0.716925153722614 0.9904726055121428 0.712348260612975 1.0055249828622925 0.7141926864724724 1.028339172043126 0.7220218249003508 1.0388255385561649 0.8002864519345995 1.021171341029934 0.8353839082448143 1.0086177809326202 0.8302694188386273 0.9707274567637038 0.8200107529461234 0.9584550818741374 0.7632346707548695 0.9832889493633781
0 0.8010051603512429 0.7834618176930626 0.7971143587425246 0.8103390812594952 0.8022466663771619 0.837766796553307 0.8169099625697112 0.8439841625725549 0.8544191281161011 0.8436792197268739 0.9044976788953775 0.8350422020018026 0.9191104801400304 0.8248330345107563 0.9187689142582972 0.7950134113348097 0.9130782323612073 0.7729199635326465
0 0.8020387372088058 0.729477606814072 0.7901732617052905 0.73917195903464 0.7912632828875203 0.7441973373640011 0.8000695837501566 0.7799016797589747 0.9174739535470274 0.772096259099881 0.918908500348445 0.7591269004695785 0.916205720178433 0.7334851935522941 0.9115100189445509 0.7261471127569603 0.903844234212041 0.7118946822016424
0 0.7861339349903376 0.6689552619345794 0.7939452551897659 0.6899042373227235 0.8019704240324592 0.7235136821788828 0.8095768047028477 0.7265708836614589 0.9016463736191309 0.7123065344180252 0.9057332056426641 0.7085523491947129 0.9171353474027488 0.6944622757883248 0.9139098294271848 0.6532296186124783 0.9048956292980543 0.6474478624475467 0.8376975275189277 0.6637754190895004
0 0.70383599042163 0.9353993699973611 0.7045042636941006 0.9576868650887492 0.7035330506361136 0.9750519449048715 0.7115849468214824 0.9929674764483732 0.7181785286002126 0.9917319197992249 0.7621357404584145 0.9834948754715697 0.8267676884202222 0.9534534611827099 0.8196959144070655 0.9129415453855333 0.7571430189139249 0.9201806493125263 0.7203288539826809 0.9270791739369377
0 0.7123987256590096 0.88373974040331 0.7107236028716516 0.8997425428782547 0.7197793888344534 0.9271821369910335 0.7574608171904371 0.9178798256655206 0.8207176224129488 0.9120029990797051 0.8402667008774243 0.9060984685393502 0.8401300745247311 0.8941706192689717 0.8286002155261782 0.8911015389674285 0.8234500896630906 0.8741364325487221 0.8156387694636624 0.8531874571605781 0.8027100001205925 0.8421625177391271 0.7777256742359633 0.8602919078931809
0 0.685118509023132 0.821613555617548 0.6809871314284732 0.8515242630286233 0.6935535569239052 0.8910065482848429 0.7123215033684378 0.8830071202056734 0.7769445422160204 0.8581970103543665 0.801851645810078 0.8393350000026759 0.7960154284460695 0.8105450073676866 0.7896119277053832 0.792320586661898 0.7361415455177198 0.8113053713890119
0 0.6820919811998373 0.7556896166492121 0.6722342852511879 0.7844320940083342 0.6833156689973059 0.8204572043845616 0.7371632535236032 0.8103668250831838 0.7894574831242398 0.7908553462666247 0.7996745631830725 0.7814698832083438 0.7900960394147187 0.7384393388370033 0.7328744417084846 0.7484148762653184
0 0.6829622043620315 0.7054714698125008 0.6784714426571892 0.7160251629227349 0.6767101884650343 0.7365266496375956 0.6819375366186937 0.7542243762539388 0.7332694622755686 0.7468466728159494 0.7911949697111738 0.7382334127288118 0.802751556052402 0.7256085797176972 0.7861339349903376 0.6689552619345794 0.745996251827053 0.6921654781962229
0 0.6654862289894523 0.6459906342929321 0.6581531010244503 0.6667891313511131 0.6636626109977215 0.7031112520706607 0.6821810723420886 0.7033765722736863 0.7459190295364811 0.6914328579985861 0.7847172064173702 0.6714620116897768 0.7770959672559861 0.6310530589466958 0.7706835574010747 0.6180599426784599 0.7405312874249076 0.6296868352889121 0.6789822817091999 0.6464500017851823
0 0.5936061639644047 1.0044665705091678 0.58873951057793 1.0237868370053949 0.5903704453548058 1.039259775579482 0.5928926431563406 1.0585103413094863 0.6587049076708775 1.0560395245793268 0.7140389582086901 1.0430408404091616 0.716208302459633 1.0261983361603206 0.7117519873363372 1.0073102003807328 0.7001708034673262 0.9956741363680951 0.6402288465337752 0.9977023690209244
0 0.5859716149440967 0.9460701675452335 0.5813166684252496 0.9627210034581754 0.5747354446051598 0.9751307214164878 0.584978431652702 1.0021386631549174 0.6411959051946556 0.997521154045716 0.7034875531647047 0.9943951781809454 0.7020761652759746 0.9716492611185266 0.7041095982955111 0.953517345321845 0.6962685778591338 0.9352634619554867 0.6557958653540797 0.9395603545570346
0 0.5874927631200805 0.9043664139370046 0.5826261097336057 0.9236866804332319 0.5868027623735709 0.9445995410221846 0.6560755278374104 0.9375356297476696 0.6903982702781479 0.9357060460328169 0.7098831947476812 0.9287676101714428 0.7102778529698238 0.8997663037057206 0.702700814975741 0.8886947913400896 0.6916475959913191 0.8914234693289066 0.6873951477151328 0.8744694508710799 0.6381953872006003 0.8942079219646423
0 0.5749628052001853 0.841627832170146 0.5637344748817664 0.866084838136354 0.5653262095560516 0.9045755162356723 0.5877044699877081 0.9016969833537193 0.639578019576218 0.8932913937279094 0.6871912808680233 0.872535333549319 0.6808766440591879 0.8500507855890221 0.6818750628021408 0.8314553789936286
0 0.4802485937737656 1.0283381531918379 0.46854457414542466 1.0482822187406038 0.4736647653847158 1.0828245080694872 0.5115081243699412 1.0816500834892455 0.5495631902227941 1.0778062283257186 0.593556519272336 1.0741644948587818 0.5887159905163756 1.0375974807205335 0.5820458955879881 1.0210964997007277 0.5278984505992017 1.0266409904073528
0 0.47350530777811684 0.9737193773838215 0.46042649579467654 0.9899764232642738 0.46312904038176655 1.0249717500311781 0.48066416748850266 1.0276028399303134 0.5263119513764747 1.0256234013223249 0.5824614693027252 1.0203611864392033 0.5869125489744629 1.0017762332045006 0.5741839596590164 0.9745766231301717 0.5733005366548753 0.9661954480692078 0.5174306812119556 0.9694329381429645
0 0.5642990089863478 0.7778821146789504 0.5545369467002859 0.7928602023722532 0.5534104567464448 0.8055626495147598 0.5579268874649257 0.8296990389733141 0.5749706452207034 0.8370242842650999 0.6764203289358921 0.8311626498094343 0.6801003767733406 0.8192965767767473 0.6720110539357049 0.784653226599569 0.663542752916963 0.7698040870780206 0.6057988957474674 0.7786522607811607
0 0.4576167691756544 0.855727767395717 0.4433591916637061 0.8748354588346633 0.44736857299019234 0.9128730994959605 0.5091688516092829 0.9144412790238402 0.56593781009738 0.9103778682009548 0.5626994606051828 0.8656213473376421 0.5572002911847853 0.8508732686643888 0.5054704928481999 0.8559647219329928
0 0.46828840541001 0.9148699369818664 0.4551337977903484 0.9350858249934447 0.4557297182906406 0.95009527276882 0.45818396047647236 0.9687011327249042 0.5197803722484535 0.968335194931023 0.5808331390948094 0.9628116109457796 0.5837133995848562 0.9340019728159564 0.5658698544816769 0.9097331624270346 0.50958442532402 0.9137059657623157
0 0.4487354990111353 0.7995373042163565 0.43703147938279435 0.8194813697651222 0.4411166563455019 0.8535601682952936 0.45803234289039146 0.8549924541341926 0.5054025372324967 0.8553200161590725 0.561416143927341 0.8487683897281103 0.5653758542481203 0.834877591886058 0.5569598288040452 0.8298802539485225 0.5540298973082913 0.8067614535749961 0.5477074204789378 0.7888804535197455
0 0.44283120046547875 0.7388443539802446 0.42995625532914794 0.757035517182458 0.4286102184871611 0.7770109428132962 0.4312761675406205 0.7929473721860951 0.43886104555522143 0.7994153366466797 0.49259291682927087 0.7946061592015791 0.5461209212562108 0.7878628644347175 0.5546963779932466 0.7803389702049549 0.554191933170212 0.7521635844883612 0.5455877209200636 0.7360250334189723 0.5335909633363156 0.725124282667859 0.48834307312204445 0.7355755038244155
0 0.43262741352052714 0.6888186727165836 0.42307705810209284 0.7011273298266009 0.4290885123660431 0.7394472463114017 0.44538475834908614 0.7396807280900642 0.4892421761672217 0.7347495830752869 0.5434053011970444 0.7199979965585692 0.5430367676054162 0.6931120223898161 0.5445187156788093 0.6744260083068184 0.5301644270380452 0.6692265486726927 0.47766359686717075 0.6810368821433125
0 0.5425349262072703 0.6175718970211482 0.532962071050511 0.6325145296106058 0.5381826051752346 0.6698392812539512 0.5528850804138185 0.6750878323356426 0.6093585774150636 0.6576451474650199 0.6574365034878149 0.6337720747178683 0.6504227619433964 0.5916381669854188 0.6423885594624998 0.5845683762727816 0.5881287301682887 0.6067414281128526 0.5534600762689463 0.6195264650449194
0 0.5514986984631706 0.6782060573965282 0.5444486050304473 0.6926759552680505 0.543678146271229 0.721976356884027 0.5479213887569255 0.7337583348083897 0.5601079196806197 0.7354765354731931 0.6639229710411289 0.7034457537972812 0.657684240822501 0.6645967392438904 0.6493159395305916 0.64215401082807 0.6101404061500004 0.656926955509256
0 0.5572237895089863 0.7365886730272365 0.5512123443976059 0.7405735784043362 0.553235101767122 0.751628274494073 0.5537919331188098 0.7772498373327116 0.5636397952468398 0.7771195287299846 0.6030903355987018 0.7771589080355294 0.6768481614023087 0.7650526532451157 0.6810073072542524 0.7556979780624594 0.6755163187248303 0.7361461972274186 0.6754117698636389 0.7270187995248679 0.6640411547206126 0.7045669812301861 0.6035994222049417 0.7250400121631767
