0 0.23753948964430543 0.16328085634093661 0.21887080252075986 0.18913876958448864 0.23466379009200083 0.21936195494732302 0.2690352551412256 0.24750755022943519 0.33607995835066523 0.24698872192391294 0.3849407297366427 0.24611448285934742 0.4068521272500035 0.2510303922806563 0.42890403376093483 0.23372909847478776 0.4247474707353769 0.1764460555782593 0.4059182297303521 0.16590842134909378 0.35059208244865275 0.16384776578383242 0.2926001339012333 0.1585867125639727
0 0.4302728150263928 0.22008674827795163 0.4661059637411388 0.19472277125848447 0.5017067973092098 0.16344834481457018 0.5926256998954755 0.1824952707616576 0.6637421419939145 0.23086601063166678 0.6674062723570289 0.2433100068776962 0.6615023976344448 0.2708159597920113 0.6451371378720602 0.2744995226526886 0.6205035857787407 0.2940008910911726 0.5056920354352826 0.24868343600603482 0.4518010451752341 0.23466913007949367 0.43253228349145145 0.26141564374495246
0 0.775495022043498 0.23067707116504158 0.7626279532537457 0.24258288068285758 0.7222928989599702 0.28265481033758183 0.765783494427408 0.3067092239298684 0.7902762167448373 0.3320911526460121 0.7955719386436797 0.35373449697934395 0.840898638424427 0.359880560281775 0.8878569297409021 0.3752259716715087 0.8972894905597134 0.37287351427402377 0.906362370228467 0.3290594098971524 0.8927678608750949 0.30630262228193567 0.8382821815638121 0.26100311889347433
0 0.8096221252028188 0.24268574304845592 0.8275579862537414 0.21433903055569792 0.8629596925532339 0.17799850460511477 0.9206529501977856 0.1756604085649711 0.9876101365161648 0.18283500448036524 0.998967594264569 0.22945484231401306 0.9725670063686345 0.2524663619359954 0.9493327306643677 0.2752566290373349 0.9213696197433996 0.2746706014656575 0.8782387054260196 0.2920778348527575 0.8344162311776175 0.2595799220826895
0 1.000801005823377 0.22763339096607105 1.0588979035140889 0.2032536960554383 1.0994598874455361 0.2012660137089879 1.1010555983486663 0.2257079108204257 1.1063181323694122 0.24650690523597943 1.0882163319280076 0.2706318681398467 1.0452845448792063 0.29310520103361554 1.0209218813196612 0.2871875709304979 0.9799616428510562 0.2790430542636105 0.9561990538517483 0.2722368237385861 0.9726001942467308 0.2533107118537735
0 1.0447508460751618 0.2956825012910786 1.087583069489674 0.2706761186439753 1.1519435230530277 0.2602521177984139 1.162601342606905 0.305227506300634 1.1442313463862273 0.33868456880418946 1.116663797247915 0.36431763918776333 1.0578340734845804 0.38620853484919015 1.048371017542174 0.3716297433869835 1.0290744534892977 0.3653581092508373 1.049609740049748 0.3385230945771214
0 0.921402807621496 0.2755149513834357 0.883503932201267 0.29678993032639783 0.906362370228467 0.3290594098971524 0.9054555265018576 0.37060955788479605 0.9522173833042555 0.3648019708259474 0.9846133312935591 0.36507824486872464 1.0196087047923899 0.3668662167305439 1.049609740049748 0.3385230945771214 1.0433515696861089 0.2923936026282231 1.0189557182484672 0.2856316226073273 0.9562322417298448 0.27308117365636425
0 0.7586382044427487 0.38340872459595904 0.7816706601239352 0.3716392569298641 0.7989373781039264 0.35857934396537 0.8453978512489551 0.36125950658843137 0.926715560871426 0.39452403928602625 0.9237734855629285 0.4489164380568565 0.9039405299515065 0.46130900312008666 0.8531826640050297 0.44622909475512457 0.7773266156718832 0.43882965597975226
0 0.8981218802666256 0.3778953632765641 0.9054555265018576 0.37060955788479605 0.9503175959892547 0.3649347223383331 1.0490374678586039 0.372429842800633 1.0560670376819652 0.3897186860326885 1.0568276661236815 0.42522563308349937 1.01789458097346 0.4524995624591657 0.9570681990153371 0.4559032609377304 0.9303052372148433 0.4535400325222397 0.9263756038269573 0.434341236933985 0.9273156354316632 0.3936354388641196
0 1.0568940566718306 0.3864695653062952 1.1075364483414183 0.36680047141475064 1.1630697684672588 0.368968850002908 1.1696773980994482 0.4088330121880219 1.1613665870236287 0.42823249282154663 1.1359115285582808 0.44748576657332656 1.0529914135633147 0.46672193994600436 1.0478064148293207 0.463051663927092 1.0350019880941346 0.4578975167871666 1.0295008491605415 0.44618415495354274 1.0584484126531923 0.4260147372286265
0 1.0539967992901533 0.4666516865683157 1.136440566438334 0.4481208970357082 1.1766011679312367 0.45674026018784736 1.1824405169862864 0.5027069901116835 1.141241772107748 0.5317976608724194 1.060808776413246 0.5501879436496497 1.0395682261612376 0.522771953700707 1.0533274861373836 0.5137453205983542 1.0487042829422386 0.47307039450663685
0 1.0599087707529398 0.5529392256322422 1.1432261985447925 0.5309868969658162 1.1838104578512152 0.5375603619754331 1.1929294142531144 0.590018903278463 1.1474456763008878 0.612688016037694 1.0687578643463431 0.6370052331094246 1.0466942059365407 0.6271213091588898 1.0475963491442346 0.6116000146141597 1.067229853381615 0.5981303183383195
0 1.1499591406179852 0.6125123825934723 1.1936912821880907 0.6222263732261529 1.1969117868595103 0.6656877079893071 1.1737594325781937 0.6794032910870578 1.1147820223635412 0.7050315958987635 1.0721300264753988 0.7227981484663468 1.0680842760987974 0.7096388922637381 1.0517631368670632 0.6919606193835857 1.0719783690177627 0.6804665678725788 1.0692869022263958 0.6376403635718063
0 1.0746698358091293 0.7232927721733512 1.1882848355840918 0.6770441028081203 1.1966419240510144 0.6972951741634598 1.2048124598541168 0.7256244580223554 1.1802837520657081 0.7427967069427687 1.1549340736668932 0.7647310092994526 1.077115647261246 0.8111667123616398 1.0640741153763607 0.7999802508606809 1.0559299245898919 0.7723212241530115 1.0724945816134885 0.7577217737077852
0 1.0656854364857642 0.8153259119611893 1.0686994561188934 0.8278851643902607 1.0457051719373762 0.845622290395367 1.0508353430907162 0.8607220646739652 1.0743807350741434 0.8698303514067413 1.0812033999341746 0.8895165456773878 1.0899599387453716 0.8942814491768418 1.1581503032435374 0.8337323691868814 1.198611387656345 0.7858744981918188 1.1955973680232157 0.7733152457627472 1.180839134962394 0.7441020945563763 1.1540077229899541 0.766812034130819 1.0766129543978262 0.8112018390504842
0 1.0914680173356301 0.8941760691103089 1.1591029989371096 0.8323216015067408 1.193865704015565 0.8446786439922974 1.1966141359349733 0.8633053374712469 1.2024314150681656 0.8830617851195823 1.1730580562146073 0.9180471135491581 1.1355120240105592 0.937473170681976 1.0838621090667448 0.9699825305133466 1.0776453795892786 0.9657122507208973 1.0544204029002255 0.9391070246785574 1.0848233549498683 0.9174917125846562 1.0829749286907655 0.8961137371231144
0 1.07039691936834 0.9608419671549098 1.0644963300904728 0.9646147731771716 1.0752045376799175 1.0062086933052088 1.081842787423516 1.021203087517274 1.0878181366565074 1.0449810780729647 1.1450767081478357 1.0140960961179846 1.2053250918030471 0.9823300968787122 1.2090062870415585 0.9605657278398825 1.2031626628917333 0.9401390230403214 1.2021594147122823 0.9274392638558725 1.1725817083678214 0.9187524973892284 1.137072792634084 0.9387083049178949 1.0864546084337419 0.971817668522803
0 1.0864154381327822 1.0477674867444018 1.1727532981999271 1.0000643728206349 1.1991304322474388 1.0042700993617633 1.210982163289052 1.0108350141818292 1.2119569289044823 1.0356345287771893 1.217932278137474 1.0594125193328807 1.1780835417493942 1.084376267119728 1.0972247506939845 1.1175824606016176 1.0654276503101674 1.0909041311184058 1.0643717120974499 1.076863857631505 1.090805811273003 1.0568700733508105
0 1.095266669273573 1.119063481659447 1.193377225332432 1.0759145111020683 1.211842998648398 1.0840335504208354 1.2254399134299692 1.096525399535402 1.2245071501108669 1.136916462053181 1.2193200138294849 1.1460161985964057 1.0988011765972039 1.1833379147994498 1.0892763572088673 1.184675579038718 1.0668438685661996 1.1654080549710197 1.101718366353351 1.1421360883750677
0 0.9300993872866534 0.4564905251008498 0.9117368564898325 0.46382252694912357 0.9189020065660958 0.49222206418570763 0.911197130872841 0.5270374592974293 0.9096869147351948 0.5399128519260997 0.9250574958207445 0.5462318799242554 1.0218137682943689 0.5327498574650401 1.0533274861373836 0.5137453205983542 1.0468273741191148 0.46379217445600657 1.0339966023672955 0.4579677701648553 1.0191023691285324 0.45094335832662935
0 0.925215565920544 0.550253422831611 0.9205838125358481 0.5606585469884438 0.9232204517465605 0.6149142495489016 0.9270269594260747 0.6348112039526143 0.9910533681967797 0.635041914527966 1.049554430564646 0.6101189935563306 1.0687642769885066 0.5986951954230124 1.0565501283561907 0.5444366427993708 1.0415768600675275 0.535401459507467 0.9902231529488423 0.5369736103159108
0 0.9443029318987693 0.6383086965904886 0.9252532931220963 0.6409840250690251 0.9303001541307607 0.6796130530182202 0.9162226164076279 0.6933666128679988 0.9213527875609678 0.7084663871465969 0.9411664318200051 0.725228516053613 1.0036868995478394 0.7127945941333603 1.0434544633386313 0.6985900874549729 1.0729574097279682 0.6797260573436641 1.0685734492299104 0.632313433050843 1.0204224519555622 0.6255966112226652 0.9926404818369376 0.6369473059151108
0 1.0051159430881982 0.7106784426131495 0.9396056631964802 0.7239933818176941 0.93325507108846 0.729141828831252 0.9322717552834787 0.7554223644844417 0.9202576790472903 0.7703759318812949 0.9208372694132216 0.7851215892082659 0.9382933819075735 0.8188509070289971 0.981261517995315 0.809127440276125 1.0062138835972434 0.7899092932131895 1.0227764030734525 0.7880798553301006 1.0734472773070611 0.7563110060276447 1.0735590700157576 0.7206819969461359 1.0691160068422698 0.7102388960372754 1.0375802190773973 0.7030331506284604
0 0.9797270943884235 0.808562563191432 0.9292185653493898 0.8188129302769691 0.9364912330395738 0.8371234835563195 0.9080200173937092 0.8565875174411653 0.9192615379579825 0.8732765429073094 0.9372466883323869 0.907640991190422 1.0150366321740134 0.8733050435391462 1.0438261255668646 0.8491140829068741 1.0676677253754212 0.8272851606167234 1.0578068334130157 0.7815994442036418 1.0382018117396568 0.7829693850685707 1.0226710230069196 0.7853988267251967 1.0037531093134127 0.7914254409598631
0 0.9372730333490202 0.9083112483416479 0.9406843657790358 0.9181543454769713 0.9226906652150801 0.9348699474424085 0.9274498685881668 0.9533561341659804 0.9463898522035316 0.9735398022068152 0.9521280962868237 0.9912854784014726 1.0188587971332221 0.9577223179047722 1.0528859792933338 0.9385421475938646 1.0833152763596101 0.9175970926511892 1.0817587828308606 0.8908219332909955 1.075307085751083 0.8677493265753746 1.0497509223139776 0.8587815465979759 1.0418943891630867 0.8512653611159294 1.015539325037433 0.8732699168503016
0 1.0411111457542326 0.9467580167896138 1.0486494011581367 0.9590011290190864 1.0658199935642985 0.959817593052057 1.0746491547832315 1.0049033056916012 1.023846555466457 1.0333208692379277 0.9367140698055387 1.0864562937491908 0.9341763980191959 1.0731916574800489 0.9159498674003166 1.0583349199601777 0.9061110453597689 1.038859485822597 0.9463044045114684 1.0098390684395497 0.945619434079004 0.9924123825076748
0 0.9357877191285995 1.0885373185805571 1.0726383833295539 1.0050438124469785 1.0839062489104605 1.0224030950643483 1.0913348491530561 1.057505203813192 1.062942668557091 1.0789800091517159 1.0148642936904797 1.112583996463628 0.9741682416753606 1.1416395405355197 0.9589293856729771 1.138671798293494 0.93938132912766 1.1158422283365999
0 1.0633926713872444 1.0776043681604197 0.9706757366480576 1.142555684508656 0.9683445499000052 1.1601931305735966 0.9355598586164315 1.1853353618678493 0.9471196569276915 1.1972974605865672 0.9762210154253661 1.2066896108932819 1.0206445400700996 1.1955202497714248 1.0429495787243765 1.1858964629587185 1.0677175292098722 1.1619865158372014 1.100157597729826 1.1409009541391486 1.0983618615039896 1.1208634929800587 1.0648986124301147 1.090269000656024
0 0.7811525647864428 0.44295439013372356 0.734307835841129 0.46827161050547556 0.735505821553833 0.48085138677471995 0.7772972321272968 0.532806241255588 0.8741900944569588 0.5368230706042397 0.9114315459937634 0.5267164590774918 0.9195242986073513 0.4909746060325125 0.9124943878493847 0.4642627871627793 0.9057004942265354 0.46145439782362585 0.8523450997855986 0.44642199189505244 0.793338643478831 0.43975777267349986
0 0.7652030766943843 0.5383415257542619 0.7634277084241319 0.5558192519231485 0.7512033687581936 0.5669918501832966 0.7648632029417128 0.5833910101076683 0.7689366526988585 0.6243799599000383 0.7798835013654729 0.6344024422011039 0.868118161882077 0.6329270461104296 0.8982685820261905 0.6303512059520964 0.9222914310249591 0.6150710362855379 0.9194388266416922 0.5603952533241887 0.9003316534329485 0.5485978999761241 0.8731193096377611 0.5364288758041302 0.8006890362825914 0.5372689261887859
0 0.7712436842043102 0.6293779501694677 0.7500441286338173 0.6538411979054726 0.774226472820603 0.678416419369343 0.772743767310913 0.7122893276765753 0.7815122770353417 0.7205879535620415 0.8501771647063039 0.7134447641616605 0.9043489421794262 0.7045002019520735 0.9155024970261667 0.6929334088918156 0.9307921139345372 0.6792015277704757 0.9246322484946816 0.6388273886009568 0.9098817531703096 0.6304777480840901 0.8979729359261083 0.6317789190443601 0.86920733135317 0.6337889743182291 0.8129138605633072 0.6335014327199827 0.7785354550980882 0.6359036939009481
0 0.7783918458372241 0.7217440362001634 0.7676626296538316 0.7351572500219877 0.7635066912705468 0.7457660522906847 0.7812598515328666 0.794710447799812 0.7862063299476426 0.8042141820617871 0.7966736859952236 0.8109870433782159 0.8721538352804499 0.7892970814940689 0.9200494727233065 0.7728177701300409 0.9319980426108176 0.7546291707545421 0.9289402237171844 0.7126312155392113 0.918656714188555 0.7105356882996832 0.9033333113159139 0.7055092073750341 0.851561980277479 0.7128789792771962 0.7915001404638891 0.7241111938938335
0 0.7923905467184325 0.809410264177778 0.7812369918716919 0.8209770572380354 0.7714866372480216 0.832445798821519 0.7691368697597403 0.8621581321979278 0.7667702092893235 0.8824912845513418 0.7834019057860395 0.9029039421913757 0.863627793984955 0.876661199469309 0.9332760182249189 0.8408391949846732 0.9292363544320441 0.8186086072382923 0.9220042125032308 0.7867517208839686 0.9011047780420995 0.7830529126817959 0.8742218663112648 0.7882145374635279
0 0.764867640125565 0.8877834292510935 0.7458280388453626 0.9135027999950073 0.7550392718850345 0.9241155800497305 0.7569557506914089 0.9460255116035824 0.7828935868267921 0.9615667211061805 0.7880621727340698 0.9677718086451321 0.7981051901183025 0.9726982491999939 0.8578346145280201 0.9619582808602404 0.8942090040862333 0.947691094402669 0.9239181925848632 0.9338896524597744 0.9412758405240486 0.9190752273078929 0.9205493262787724 0.875028781698408 0.9005750910914374 0.8590708534195199 0.8639602093888274 0.8761689531924253 0.7844910752571325 0.9037658703991752
0 0.7681798608062104 0.9541525474046942 0.7604225069360147 0.9715792589421808 0.7974666869260295 1.0369983418762732 0.834907386294161 1.0498596930647246 0.8559921589440038 1.0493243877284935 0.8693777150188557 1.0497960989222097 0.907283997363405 1.0387049948416944 0.9469656479782069 1.0101361645922926 0.9444608603111879 0.9732587639923588 0.9278659331182623 0.9537815731677051 0.9087955292133089 0.9429196866350206 0.8589237839991131 0.96282020906804 0.7978463133220108 0.9750614291076377 0.7895940655204059 0.9709478910221883
0 0.8229250304423792 1.0492899303942347 0.8155368612798461 1.0671598624702174 0.8139821088323353 1.0902503895313849 0.7745270407193144 1.0887862302118494 0.7766671186879501 1.0984860674273726 0.7773413841290312 1.151437993973123 0.784576509397364 1.1654719850968378 0.8545526740319207 1.155892077181232 0.9384167470215374 1.1237668920057562 0.9362076054546007 1.0854617783135587 0.9339756042264893 1.0734232740595848 0.9162164772851303 1.060124669011676 0.9004150734632155 1.0429371194870853 0.8715009000053561 1.0501167551147386 0.8560656975515843 1.0511953213592535
0 0.8181797761434674 1.1612478160234994 0.818233438429393 1.171562463861874 0.8169559474300692 1.1927575444230873 0.8185767801363615 1.216095189069203 0.8224524737319397 1.225204728531069 0.8622598335704879 1.2177329273661066 0.917689225721279 1.1960369988029205 0.9676742621863653 1.1611199815854323 0.970446876668235 1.1421655165858946 0.9576342281416521 1.1383706457999612 0.9405046543740074 1.1142406337676005 0.9387675470773051 1.1237423791365628 0.8549218587395835 1.156335297719729
0 0.6615028715680613 0.26983601872463814 0.6767442330835596 0.26476788711826255 0.7211572552076129 0.2816799886005986 0.7663566692050563 0.307687105959117 0.7910026319858817 0.33455856471755013 0.7901211182463201 0.35577946007738825 0.7813163027026827 0.37183528317435827 0.7437190861148026 0.3864717965238352 0.6738458365917683 0.36562005121313873 0.6426233732253067 0.35693619915330865 0.627139069178629 0.33399953411571265 0.6194005547359326 0.30079977671047026 0.6238814198160582 0.29476793799392575 0.6449334876272832 0.27385320277939856
0 0.6426457895991087 0.35750650567672015 0.6092828579795325 0.35983780855212544 0.5999570094674862 0.3953737189402962 0.6022041032186471 0.4198072339517853 0.6182730517744972 0.44670615615485953 0.6631828717028362 0.45443357626580544 0.7021268895091558 0.4631497418777997 0.7147552201313769 0.46798604065823907 0.7378750507033469 0.4669423682679085 0.7726368914502513 0.4456415076279087 0.7725508635356857 0.42162885664781796 0.758575731695025 0.39343987890590754 0.7445969622737221 0.38698232605044147
0 0.6213568265176158 0.44877816275968735 0.5995426019971236 0.4503024761782215 0.5937300769110757 0.4770147922295953 0.6035884620234059 0.48776337573296863 0.6033364255406207 0.5140871413051081 0.61164080569933 0.5289474244659728 0.6798722035638569 0.5407639308972921 0.7381743296140052 0.561852359141448 0.7608440139196146 0.5602682687261086 0.7687521745111732 0.5214001846926765 0.7358466643192424 0.48080905582020167 0.7017215759903992 0.4637499368996139 0.6640159151141515 0.4538034927455887
0 0.614252017802286 0.5299087065223802 0.5994383861793464 0.5349469496303533 0.5940984237334611 0.5627699902301474 0.5994329298083829 0.5675440869600198 0.5945000996715755 0.5839012200947776 0.6053448052311925 0.6197432906282594 0.6861597009703364 0.6352554827931949 0.7312264355152893 0.6469750485680218 0.744418813063202 0.6443375855473056 0.7603811361210058 0.6357878378036551 0.7664196437353946 0.6039128745431749 0.7639465674558927 0.5846420067407925 0.7385796431327618 0.5612521641196339 0.6789943274049375 0.5402534013706859
0 0.6156775717740065 0.6207368862368309 0.5957984305617687 0.6278447108958701 0.5888166164573758 0.6466325126162874 0.5978383205777484 0.6797426045263218 0.6067964131573573 0.6894103519796774 0.6157078541990411 0.7088031988294318 0.6979180214848709 0.7270772581162172 0.7464065951702931 0.7385577159038229 0.7665323164943524 0.7377232630023108 0.7749390936805178 0.6788047851542661 0.7416264511795091 0.649679563746828 0.6861597009703364 0.6352554827931949
0 0.6192417752085203 0.7114156234592685 0.6019029593971903 0.7395052354909248 0.6104557384580425 0.7497731779660946 0.6151553109052244 0.7820415418133323 0.6311139963823857 0.7952232189561265 0.6956303234566963 0.8107305610135388 0.7809933333973718 0.8219218340321645 0.7821232460390765 0.7961085979866313 0.7662148496804824 0.7514703965609936 0.7576172378720263 0.7400618410390009 0.7477570339693749 0.7401789699788498 0.6971522271949615 0.7294182612066686
0 0.6210744614893186 0.790777895708683 0.6030165029260043 0.8114834114343917 0.592838832209483 0.8253476739329232 0.5992081290599378 0.8346244458532829 0.5967035424550283 0.8691118337436001 0.6082952635113952 0.8803111697767743 0.6948742140083407 0.8897018577299574 0.7647286847382155 0.8882518716307978 0.7714693751017501 0.8305935608231868 0.753844602801958 0.8186720507208264 0.6944143829004263 0.8125311460789814
0 0.6074622201000798 0.8809412532969912 0.5984108244446206 0.890723704636434 0.5835299437002752 0.8940510281741721 0.5680625996564359 0.9042818069896547 0.569050738894044 0.918509581576541 0.5759598475060674 0.9306079976155557 0.5851887553616212 0.9362537109066276 0.5929496861781196 0.9700237748352816 0.6104175438612979 0.9779531392737612 0.6661326929726135 0.9877848795416991 0.6922260352090134 0.9750959686959163 0.7120585248833259 0.9777132434332761 0.7444072633108498 0.9823152843340175 0.7519082915933304 0.9549131077656217 0.7545249600672499 0.9232772524923624 0.7263226599031432 0.893223062580681 0.6953243602747013 0.8902422757549663
0 0.7497678233402159 0.9659282627008571 0.7600315219713027 0.976076651182416 0.7997994892373318 1.0384912954903047 0.8223776892574122 1.0454916914245416 0.8149008961390547 1.0625984620731266 0.8139278981139639 1.0924038437825407 0.7755909411906189 1.0882202418594362 0.7335183158935767 1.0762914565957908 0.670466328277679 1.0543911887872408 0.624771935266271 1.0267030403568904 0.6093342827575186 0.9940412759228954 0.6160228652121645 0.9787052018413501 0.6666725047341819 0.9906065236603542 0.6935092248866894 0.9750063032007085 0.7107977515794519 0.9783732154518957 0.745285139469769 0.9828258138606238
0 0.633595529603068 1.0329489486697765 0.6213931100830844 1.0389484738341566 0.6282798023213059 1.05047658334976 0.6257267453881501 1.1055547830796986 0.5975189888530799 1.1080977304976836 0.6003749622775364 1.1261980967548404 0.605504083407598 1.1475708596604532 0.6070302156164535 1.175485990809217 0.6208726680046235 1.1893874169674359 0.6904133095012706 1.1799531395405145 0.7336606801876212 1.1672093018054495 0.7785965540704045 1.1537756035533626 0.7769619775731816 1.1012775149010967 0.7726640810641141 1.0901403809184893 0.7339236294123335 1.0756912615739767 0.6708940581702377 1.0543613002888381
0 0.6379818637069703 1.1881918770313307 0.6336766920366181 1.220517592821612 0.6468636132135673 1.2504772671305624 0.6789209387816655 1.2476653232269537 0.7552604258116473 1.2366122167787668 0.820389270139896 1.2240549851954023 0.815712114066516 1.192356927871576 0.8183942128715203 1.173297704611774 0.8090308067731548 1.1642301521802325 0.7838619922335992 1.1677044931562228 0.7781912405516478 1.1543757985751768 0.6913136020339918 1.1810339755905321
0 0.45174316838518286 0.23645608098174623 0.4312533287093284 0.26076276683834004 0.43901425952582684 0.2945328307669941 0.4548123928057321 0.32545378713235185 0.5229074736371259 0.34471416686642414 0.5830774338741227 0.3696751867808504 0.6115578244754589 0.3522444927573594 0.6205044134231927 0.29614765902796997 0.5973639852677419 0.2857553124516667 0.5054093335289129 0.2487184898353436
0 0.2487508004102313 0.2552155699102886 0.2323607474598689 0.2637952061523415 0.22510993686985226 0.27573932959182007 0.22042368684486657 0.2983698344841049 0.23162887317563635 0.33247109694894944 0.2553763622140617 0.3473960072141426 0.307693907349031 0.3471714495494911 0.3483506635159065 0.3449023487246527 0.37878673500897786 0.3444911849083004 0.41942289359237245 0.3307860651168282 0.42982654683723465 0.31175915540918975 0.4305044944222574 0.2962712137818698 0.42371292405020733 0.25442719303024613 0.41117425892319415 0.25187212034345313 0.40642439735744484 0.25106028077905895 0.3826078404072924 0.24529016338685342 0.3333292372678377 0.24644611460950983 0.27245709428169496 0.24726844224221414
0 0.20190830685390698 0.36199778195769367 0.24409847039092253 0.34418096250873004 0.2532377127512684 0.34754544970615564 0.35699492686228773 0.346585804850246 0.3783141723688152 0.3433804603598798 0.3988209720475081 0.35224121835636407 0.40264448712609185 0.37313334023377337 0.40968809398092715 0.3886535954132575 0.4077493730920304 0.4048015090591968 0.3995497996410463 0.43625560828827886 0.31416255453624764 0.43535974118946386 0.22841482866029622 0.43620468215928615 0.2053864823738552 0.4286638682000407 0.20163203520699857 0.39861695344964393
0 0.4244193352699435 0.3378712764387493 0.4539793493944167 0.32608387065256866 0.5827617858505739 0.3725566078963108 0.5986756385801314 0.3845976719922819 0.5992342291348596 0.409721047520793 0.5961674143945794 0.44081648476904345 0.5632079775034389 0.4534133050658567 0.5065271055283173 0.42992409673444415 0.43674170271016954 0.42221928996061614 0.41353766301395517 0.38838459892763383 0.41324988773517185 0.359239189236839
0 0.4226490326295355 0.4237759169313145 0.5095436311500299 0.4302851837690372 0.5670799629102689 0.45371461510364464 0.5942250559250403 0.47869582330142735 0.6057719442338032 0.4887545462877785 0.5939899794450937 0.5381870327266451 0.5499786332591547 0.5424061611089394 0.46047464142602557 0.524069899771587 0.42346752571828156 0.5100715329568755 0.4138817746722174 0.48443520284799657 0.41130025410434806 0.44058137754211185
0 0.2008813821296065 0.44499111283639586 0.22794226602013362 0.43509395761086567 0.3159183068540863 0.4363808002426765 0.4083958103516453 0.4430718231245765 0.41444400280758786 0.48782715349006317 0.412662196535305 0.5079672127998837 0.4048697553933987 0.5279554045639291 0.3653150391234623 0.5364381001494894 0.2984340800580174 0.5262428477931967 0.22036489466464126 0.5151137768251379 0.19862155684619742 0.49661758492746233
0 0.3998230245972602 0.5523267175248513 0.4135588514873839 0.5307794737363458 0.4296108400403955 0.5245109520863419 0.4478687271776064 0.5198039075145593 0.5530399916284713 0.5439078611903555 0.5811338475042104 0.5493790935985348 0.5945261536260198 0.5627401017317447 0.6015043301497703 0.565683724897772 0.5944552669239715 0.5827606070479545 0.599967285198988 0.6029628684083416 0.594380742641281 0.6245125372506087 0.5715074921811326 0.6318295813984663 0.4585904381262866 0.6179887200903166 0.4315762057736845 0.6181607759194478 0.418409882180216 0.5996371205771311 0.4119303222510724 0.5766431035964915
0 0.21408344451907307 0.5189839434416468 0.2070137837097935 0.5246248066251955 0.20043728312415732 0.5428124133237986 0.20148903390252887 0.580482532367364 0.21639051223035521 0.5885912277962594 0.225234704150633 0.6062731550757793 0.25573620597478913 0.618438623272884 0.3196903049137293 0.6305540146882297 0.3635877504403371 0.6343490661321 0.409961909827089 0.6356835604919083 0.4189254587776614 0.6127541706155969 0.4162936490912247 0.6003568695925559 0.41235805214363114 0.5766132150980888 0.3972566452419082 0.5525060485152672 0.3645268284597509 0.5382087967165293 0.29883939357677414 0.5256426527713826
0 0.4155878287614365 0.6478716420261309 0.4344339979884622 0.6253954297333822 0.46158454737419724 0.6177795006014982 0.5711694277837819 0.6341406959905153 0.5815246107003977 0.6357045981224984 0.5875558431535018 0.647292484634907 0.5983108832179109 0.6808533290747422 0.6074707231617377 0.6956538352388018 0.6067237076649878 0.7202965697391092 0.5700958515215562 0.7268591262656164 0.5081665013860783 0.722608472184422 0.44180293770840007 0.7146645574233731 0.4179433668009649 0.6968881145411222
0 0.20969829219506675 0.6256587267642492 0.20089347665142937 0.641714549861219 0.19944609719585488 0.681274919465435 0.20885433604182446 0.6914830849437991 0.225758146799311 0.7068862111834342 0.2587587788574133 0.7171614288198888 0.293651480266487 0.7210138322068026 0.35423039160288294 0.7236432322129703 0.3813342894506928 0.7257524024774854 0.41283120567374165 0.7086827954885875 0.41758652361045445 0.676897497723315 0.41160376148559663 0.6447187993712853 0.40228518813483494 0.6367918599865672 0.303302070753688 0.6282679384870603 0.2363986953144412 0.6175023796073562
0 0.4234535662856601 0.7279560883447315 0.4126894322696451 0.748723806121007 0.4192568389036755 0.7848647616385152 0.4419247044189637 0.7941463836663981 0.5097507887647338 0.8065630851195316 0.5730754104468975 0.813575606322576 0.6046377570010311 0.809082631347135 0.6086478782313153 0.7910743556389477 0.6109283010982051 0.750883902514515 0.5812840778494874 0.7277929448773827 0.5089995447973937 0.7219783886642052 0.43273094446946014 0.7130109897961822
0 0.2496867856184733 0.7155078611926976 0.22634097251816232 0.7217141807921349 0.1996163342346648 0.7401659338688384 0.2019028043624661 0.7983371992568172 0.215857338619646 0.8150901580320941 0.27751587347917894 0.8233628462755719 0.3464028025549265 0.8191211045561598 0.3762990622864294 0.8158882966211526 0.4088307692850113 0.8033213648227419 0.4142173832688217 0.7657732248265484 0.4061632208025764 0.7354548885367667 0.3949543968911643 0.7230850509583665 0.3809738086795401 0.7274932105461227 0.295001919065569 0.7226350862818295
0 0.221886752282429 0.8375437569877247 0.20402690350269015 0.8851134563105819 0.21599424654272698 0.9386051405714193 0.2566510027096024 0.936336039746581 0.33231617973520394 0.9190394500392699 0.37391987997272574 0.9081260858680501 0.4015654083724254 0.9021911878079981 0.4117673142530698 0.8780315193896561 0.41524126130242783 0.835470174676369 0.4102690547889799 0.8180895574346371 0.3959073882227222 0.8128025061243968 0.2770881435866203 0.8233927347739746 0.2404602874431887 0.8299552913004818
0 0.4476421076388402 0.7977499788510447 0.4148395853643134 0.8143389448117389 0.41319409612516356 0.8270351308188063 0.4169970136202664 0.8364912337295817 0.4109791035893584 0.8798022159566958 0.41565989724338065 0.8897688483940774 0.4236056154212584 0.8955042271803574 0.4718251926210568 0.9001410066870245 0.5453032498556187 0.9035846713113478 0.5582023957537846 0.9043989359295034 0.5844078198591944 0.8945615577007787 0.5988609707109813 0.891264122661443 0.597086439599983 0.8679413321983742 0.6005137351114159 0.8351050868814864 0.5739532866058168 0.8140861358491822 0.5101785186572925 0.806533196621129
0 0.21659948863538026 0.9540034167035314 0.20414685142293265 0.975460994996829 0.20560027813941856 1.0342623439050247 0.21327518104135146 1.0440197568535883 0.25809533547448255 1.0494659508708877 0.3295728790697052 1.0347494722412491 0.4052847076332318 1.0077277831375389 0.400153767712849 0.9972207326751482 0.3956147474629233 0.9472130896053471 0.39858825912735313 0.9355678511498947 0.38499602443164715 0.9062083718627587 0.33317163952032125 0.9189796730424645 0.25403979060664644 0.9353747576901736 0.2298161013474162 0.9410705477630046
0 0.4305613755712069 0.897877543822973 0.40140485617516924 0.9199304670305617 0.3990384053937138 0.936108269174904 0.3943988069066532 0.9490136746707897 0.40103164387176826 0.9977312622017548 0.41392897097961306 1.0094112392631327 0.45861462716993234 1.0114355941399629 0.49510616628023096 1.0123169109162087 0.5927648988167403 0.9980584599776557 0.5903124201207194 0.990223611141907 0.5938499787108409 0.9711046108852993 0.5848058582166664 0.9374242124518534 0.57643241014623 0.9317187221639761 0.5586525420201452 0.9049393539545125
0 0.22801974475256387 1.0481363066186027 0.21515997523103836 1.0810597923769367 0.20968551454234124 1.1054609938362616 0.21294498269523332 1.1338268775148264 0.21886413327932752 1.142563231410177 0.28124362968116595 1.1473543035163802 0.34947866512633513 1.1374393850612552 0.4243556314882252 1.1219134919209839 0.429428416238808 1.076381060597029 0.4161797023114163 1.0121133293881772 0.3284017712610391 1.0376906703535151 0.2603460668062857 1.0521680409959324
0 0.44747123358960494 1.01164238857502 0.43425280208724787 1.0354409699587688 0.44273287565573066 1.0765951301933705 0.5000208085138267 1.104616902213673 0.5963030482968098 1.1098983155631261 0.59740690698407 1.1052461978806258 0.6265373724256634 1.10435439303607 0.6279417379239551 1.052787697941809 0.6201771695268143 1.0407490588995991 0.6087478194580248 1.0009447312006392 0.5939378254157277 0.9842515494221679 0.5933495433259127 1.0020207171431341 0.4952182481492408 1.0151684435332664
0 0.2168357468952229 1.15642991896247 0.20874643652292746 1.2016012632518323 0.2147928101885489 1.2572223060605412 0.2640041642065978 1.25435543526765 0.3450504988450461 1.2321078428938124 0.42292157445484685 1.2163727302647227 0.42661422887126105 1.2121115881152182 0.42405330588687257 1.1796937817759674 0.4182498747524305 1.1520775356112298 0.4150576557209444 1.1254225715028998 0.2796447919799412 1.1503253901270487 0.2413526678042 1.1472824012507672
0 0.4403682436645964 1.0819072198944903 0.42591327402248835 1.096070367377048 0.4247833613807839 1.1218836034225814 0.4173980525479555 1.1304058877215903 0.4263488699662797 1.1835364849478351 0.47044988164742646 1.181598582659187 0.5431397282182769 1.1868129438505504 0.6076802904567107 1.192024879988152 0.6093930288172664 1.1810396135513193 0.6052520469248128 1.1738946252325928 0.6060214787953647 1.149822197255697 0.593421020917909 1.1129590676690024 0.5004709547801873 1.105157320238682
0 0.43636598848554486 1.187411501671867 0.4342237014421092 1.2092923690503243 0.44962015878390005 1.219082095551052 0.4596542373060037 1.2561245561281624 0.48729794691538214 1.2610553705113325 0.5535718450978525 1.266718059178735 0.6202080428417969 1.2597742273342785 0.6292667136585406 1.206528926221947 0.6219971242753645 1.1961713182515692 0.6110124641019722 1.1895045459072848 0.5435674581108356 1.1867830553521477 0.4712829250587418 1.18096849913897
0 0.2405462692372769 1.2577102222500296 0.2350457545941354 1.3032725420723872 0.25185808106609303 1.3272601546615985 0.33898229969557064 1.30687534940377 0.4566789068512526 1.2786355070268367 0.4600371344509584 1.2549540545829365 0.449642575157702 1.2196524020744637 0.42747150744669954 1.2011860986751908 0.4271540406328296 1.214933232233873 0.34378972554117204 1.2327678149124317
