0 0.19487073992652282 0.3893744741231108 0.18690269980073648 0.4387448212445603 0.215047498510048 0.46299377931061025 0.2931437849705174 0.4697887780079957 0.36086774107964475 0.4801101876935667 0.38749654572657805 0.4571527191698525 0.37707750978403065 0.4414884423163796 0.3815591510967056 0.3988414996912992 0.36438775529512507 0.38252711467037975 0.27338782167297837 0.38589288367141705
0 0.38306860006466564 0.3910227480968251 0.3789876737895834 0.44131034674411623 0.4035125020065859 0.46973582396579827 0.46055027881477073 0.4592991861164227 0.5276264567763039 0.43896892392701936 0.5534337510996583 0.41864738853017375 0.580596842463382 0.40587746136940694 0.5531600626468451 0.35852843966446174 0.5340117170001132 0.3411187075454373 0.4581193632464033 0.37634731697021045
0 0.5508670581892966 0.4212133678816288 0.5962054324459859 0.4008823178120791 0.6370139297767234 0.39114449385950634 0.6492542525012422 0.39424112471901723 0.7216744539176453 0.3569763340353251 0.7390682755069322 0.39773327324590096 0.7300085216550285 0.4189197254798547 0.6992815131069051 0.4633156730392313 0.6197525178008977 0.47412091172023696 0.5742195694693831 0.46650018401815646 0.5658057023033191 0.4757603902673246 0.5608910122902534 0.4668953087293026 0.5503405759293081 0.4475372272729361
0 0.7378519665013967 0.31393691963351317 0.7385906578035274 0.3401428196198148 0.7505875418966372 0.39920198572508886 0.784216410751333 0.3858956932929827 0.8026056621789399 0.38502873096181406 0.8843244262989491 0.3553727148572112 0.8956667535811458 0.3534676311707477 0.9001966305070976 0.3428744050537708 0.9177454211740395 0.32598191093575773 0.9208464853351438 0.3002655817758521 0.9129547653665315 0.2467566807454512 0.8830771824213166 0.25886564592112765 0.8359428172799828 0.2691932668987286 0.799650896970417 0.28020513101660743 0.7556661658296013 0.30210511976397725
0 0.9196874162940956 0.32664842086966217 0.8993428698416525 0.3387161395492093 0.8939459323454753 0.35701836644390766 0.9030851909088898 0.38583132646332413 0.9183733781753924 0.4106806932920611 0.9475299047857935 0.39694380973606175 1.010200230887576 0.39194826822969625 1.0387551055890145 0.39098107969989554 1.0535700102146488 0.39468524079080797 1.0670003368523129 0.38410974788020463 1.0812358543160085 0.3404038235444882 1.0696813179916698 0.28977914785334286 1.002658054071444 0.3087417116423366 0.9898160794379623 0.31841477580902433 0.9530375765827485 0.3201487004713617 0.9294991613529101 0.3198006023397271
0 1.0622251660044748 0.2602658325229796 1.058863285065838 0.2908462455329841 1.0672850837307593 0.2891151901518046 1.0753810178702696 0.30822305579002834 1.078880984904644 0.33438032857275274 1.087268262045631 0.318464851743391 1.1248800151584222 0.3187414624512343 1.1878065277126373 0.3147661472501591 1.2307201781065293 0.30792753288462177 1.2383521616248914 0.29113663374951976 1.2289234144255623 0.24661528177655187 1.1832354067744695 0.2546584080922292 1.144557337436368 0.2611021148844868 1.1126917526246178 0.26218144121484427
0 0.17557201167609104 0.4711074466643932 0.1677943684029648 0.5005794622890208 0.1716141494492655 0.5289701833677635 0.19358432395194236 0.547899216960139 0.24157979766177018 0.5519706871562575 0.30597385960067836 0.5576209914733177 0.35516962428791954 0.5623574938361426 0.38463757605275317 0.579810524352398 0.38832776384799117 0.5390654727721089 0.37074107622087915 0.5259432790590347 0.3694557143451991 0.4903237797521645 0.34967118749061377 0.47973732981215256 0.290455417949977 0.47282728132814916 0.21244047822543305 0.46300833438979083
0 0.36818651785622614 0.4772340969174416 0.37239959277785184 0.5242347616345616 0.3870058272341657 0.536080955741517 0.411494255520756 0.525251394633618 0.4668253123108579 0.5247542152684357 0.5339970846932108 0.527814711085139 0.5619930972417181 0.5283122506601959 0.5602778667525676 0.5067177899912266 0.5639153144229531 0.47607790421506846 0.5499944314323154 0.4439673137725571 0.5286730336571694 0.4374088661209035 0.46399910570729186 0.4597545743523508 0.40007943473465013 0.47426053691625825
0 0.5739069623102597 0.4665999612895257 0.5639153144229531 0.47607790421506846 0.561356512093569 0.5050633372940478 0.56361106525322 0.5258305716144278 0.5804962360279486 0.536687345190911 0.5933912138024374 0.5603472225264702 0.6278063582721002 0.5610232117225854 0.6438805581374151 0.556416752873166 0.660210240854936 0.5455709363260914 0.709633131428294 0.5324165919445402 0.7330023658284124 0.5224683219125249 0.7443443072956333 0.5276263850642952 0.7482534032049318 0.513276958062629 0.7523368848754948 0.4911418501207172 0.7426372945785393 0.4617454530723267 0.6989847591988058 0.46270766113421447 0.6209859848609689 0.47541853066800327
0 0.7410519274978574 0.3981840059442436 0.7303871197242562 0.41704801777991635 0.7185625695187123 0.4360201590701777 0.7215997366216882 0.460599136769739 0.7444174567719242 0.46235642051173914 0.7547374668303215 0.4924719144541305 0.7704467297864004 0.4809070010130551 0.7912004479249568 0.47664118596657684 0.8317225275313913 0.4604320043879635 0.8696290908762639 0.44990527779488726 0.9029777815843072 0.4413573922627552 0.9020411912311561 0.3901665310753941 0.8873782428426644 0.3550173588749966 0.8039740502204391 0.3868788193201051 0.7841773317864722 0.38717069680551913 0.7499121899193103 0.40046568152001044
0 0.18628928941713896 0.5532410281427351 0.17416870781391852 0.5776793655093565 0.17794794031474853 0.6052969249668041 0.20484092436349083 0.6292055720898917 0.2514333643685519 0.6287462020128277 0.2743727301551998 0.6328229706187133 0.32108681579667286 0.6346830854055348 0.35140231320906556 0.6349643660714145 0.3678819985290873 0.6380895234349465 0.3844711379061393 0.6544124930877898 0.39327468639541446 0.6333911905701145 0.4038867540441632 0.6246323445385725 0.3828452222799867 0.5900778843384117 0.3822775426433971 0.5792536216402798 0.360469562322603 0.5634172345330847 0.30659427936212036 0.5583400883673185 0.2411215720822108 0.5543442367474372
0 0.39052560307546447 0.5365297289990466 0.3857040298143727 0.5890343990806451 0.4169683091592982 0.6296282135084602 0.42756818522866513 0.6317476949023442 0.4364811877749705 0.6239242046739802 0.49599298871328384 0.6253680570816234 0.5116495115445102 0.6239083094446788 0.5526987222420636 0.6177502289429021 0.5768627621648884 0.6007353748646423 0.5912744716659054 0.5644292895421228 0.574831361084029 0.5286691499023128 0.46740518352682925 0.5247001505411415 0.411372609884344 0.5229319097697326
0 0.4035096255555452 0.6285522173723425 0.3894183306109684 0.6376354517676498 0.38540375445196506 0.6721952103775778 0.38555375705446604 0.6861661842881842 0.4183670988993339 0.7118536690022147 0.44938411316411 0.7144003698046856 0.5040542016472991 0.7124109319242073 0.5488664794589754 0.711340594407731 0.5582255160054582 0.7120218820136133 0.5705406225639758 0.7357358240764668 0.5796685594170162 0.7208998145291524 0.5884721079062915 0.6998785120114769 0.590491587565175 0.6717203052810868 0.5944128750538551 0.6464925508539946 0.5776209929494497 0.6263037730946758 0.5500021088895602 0.621886360685849 0.5099909949875375 0.6256168268691519 0.4948737948268118 0.6262493481575071 0.43818025287741386 0.6229888488708024 0.42831025062651923 0.6347862766602305 0.4181280515912409 0.6295200840538716
0 0.5871220844837828 0.5741397468160182 0.6261072931696567 0.5619585675257632 0.6437994610464737 0.5548704296305759 0.6595898210934938 0.5448518394320906 0.7119120677467088 0.531427171414068 0.7348636251127384 0.5246256125945273 0.7471625662845487 0.5258097381852337 0.7590194472635068 0.5518972298392667 0.762137711457424 0.5780225307814183 0.753212517331737 0.5967243484352084 0.7505604263320297 0.6350417856970235 0.7321667416028295 0.6398645034556198 0.6878937864616537 0.6401076146235067 0.6264679861141619 0.6466116373379918 0.6047572682710163 0.654851389945534 0.5950738433607679 0.6479848093692907 0.5762585077901536 0.6225460944427886 0.5657802773571986 0.6227460979127898 0.5686107279254959 0.6100511236083023 0.5780225045968312 0.6006272454100539
0 0.7576368229101782 0.4922015908176593 0.7681677934679856 0.4818964215435271 0.7900001569475433 0.4759761537998702 0.8324240443837747 0.4626974245245547 0.8714092530696486 0.4505162452342997 0.9214931119499195 0.43885415936804434 0.9379929364639736 0.4979172771012965 0.9212050281668936 0.5111366432395507 0.8751680762190404 0.5332986034401724 0.8273104135323317 0.5540764345800867 0.7861273656189844 0.5687933576434039 0.7631069027413951 0.5631702657949281 0.7606374152750088 0.5494155507934987 0.7477018889550494 0.5249825118366443 0.7505445311027283 0.5014092101067308
0 0.590584876235498 0.6623883010982512 0.6054993336688703 0.6578899717034202 0.6248500181026598 0.6490933163837599 0.688473657677625 0.6400535498962124 0.7322072901483001 0.640637665076915 0.7516796202185017 0.63416049462114 0.7729888264142659 0.6515972696982195 0.7878099951773148 0.6564309444862245 0.7981827453605649 0.676441272624485 0.7935599410195013 0.6994036069149862 0.7828140361549587 0.7167212955080687 0.7747525530635376 0.7407811797836303 0.7576402564026921 0.7478152529515235 0.7391615007752251 0.7176835035699565 0.6590743412669452 0.746127929166119 0.6244970026153998 0.7423592934848232 0.6119831271368541 0.7481876872130674 0.6001140545785143 0.7329785229844603 0.5958238563732726 0.7178396789223234 0.5885532049972328 0.7014248352540671
0 0.17149223365544763 0.6377534576220236 0.20550189267040359 0.6306978306051876 0.25263365534596527 0.6294112341795344 0.2744538272461412 0.6343692938613036 0.3215855899217029 0.6330826974356503 0.3532635724933916 0.6371216567534174 0.3624198663125211 0.6339371362528238 0.3873177538611436 0.6642473352554495 0.38366811461137634 0.7057655484570337 0.3819163093840805 0.7168060700643425 0.36290220489343816 0.7209096909289379 0.35981627147293516 0.7398440229310806 0.3508060064489813 0.7235913734447071 0.28363423406662847 0.7205308776280037 0.2663191946784294 0.7236991426894214 0.22503888428743368 0.7143399260380012 0.19907851678451705 0.7082139962047016 0.18959783460162205 0.7052132237349338 0.18066866666860953 0.6905068974911508 0.16696669179203255 0.6847919316272622 0.16155729970031873 0.6705343786410087
0 0.753212517331737 0.5967243484352084 0.7867477853804266 0.569512454537405 0.827890284748303 0.5540223698527924 0.8756263017985997 0.5309250538489928 0.9264238691106357 0.5106500606939025 0.9367438791690332 0.540765554636294 0.9457135956475164 0.5562450425013722 0.9387024009310077 0.5669989850330341 0.9236824632479306 0.5917076460361267 0.9148383662131849 0.6119557869325071 0.8941941021316587 0.6294194142682966 0.8277278204090145 0.6620324824857574 0.7975623255991229 0.6757221757304842 0.7871490268704022 0.6549386859709285 0.7746473429712384 0.6498887522737465 0.7505198777865589 0.6342686240757284
0 0.7971851971105048 0.6796420485642539 0.828928111386428 0.662697514652464 0.8941941021316587 0.6294194142682966 0.9323845052948261 0.6243048190242863 0.9608387434228928 0.6224288090081633 0.9722901389471439 0.6407846844492452 0.9783888563118593 0.6681859849975158 0.9712438243795569 0.6874987700907184 0.9531379532759767 0.7311417630959536 0.9386045981385477 0.7651283635545877 0.9246026180569686 0.7314714498694862 0.8726169513469011 0.7402030834324437 0.8528080413335521 0.7513732883432839 0.8284939988082265 0.7544171685109372 0.7902630470995884 0.7587586021336524 0.7771531350183645 0.7421112441170438 0.7836777471892248 0.7220793621298403 0.7948007805423853 0.700841800702988
0 0.16718559990609305 0.711187556205885 0.15033275990477868 0.745390415573696 0.15234402179160572 0.7615186801663052 0.18638601157997586 0.7995226860937635 0.2273824821526768 0.8034697713961177 0.274339859066974 0.80996885591071 0.32017804209479916 0.817349231501186 0.35571238045093395 0.8171439296214177 0.358526665632524 0.7819191388447829 0.3576589807909325 0.743152928325438 0.35270781427877806 0.726521825748005 0.28475342795310044 0.7196495865521202 0.26594206618981153 0.7276190155231913 0.22396023894643236 0.71599437873518
0 0.36410249587085153 0.7215747230956445 0.35778062642734454 0.7454724131893234 0.35926873103037804 0.7849577206026691 0.38546019822673705 0.8066009475891657 0.44625338723340513 0.8102561554061057 0.5073831561832204 0.8092183287679808 0.5423781718688546 0.809840253236802 0.5504396549602756 0.7857803689612401 0.5593932060520517 0.7787300403541714 0.5797008901904306 0.7659594474734467 0.569380880132033 0.7358439535310551 0.556526450903015 0.7129572378167913 0.5506060931068895 0.7111784002258483 0.5021118452720317 0.7087073179996143 0.4487231448571972 0.7129081112893897 0.41894697011530524 0.7117996042749205
0 0.5498597837443042 0.7858344336885343 0.5820203750543158 0.7657431885642697 0.6162449683760071 0.7516750422284831 0.6280978755476399 0.7443543899849431 0.6432961727993068 0.7452681919391781 0.661219440369566 0.7536973511971876 0.6695120231544294 0.7451547640748227 0.7390398551388131 0.715364018706071 0.7570603851867208 0.7478693176788179 0.7553774854709845 0.7713344899541429 0.740154805060554 0.7921773428507598 0.717880381388144 0.8230009766577435 0.6994866966589437 0.8278236944163399 0.6262768946513786 0.8540730200423813 0.5991445931371374 0.8589335470890959 0.583244779033087 0.8557543249982699 0.5633386065420897 0.8428483901943725
0 0.7381918998644919 0.7903461975844208 0.7530374517863044 0.7734232175215737 0.792440337506267 0.758095327018844 0.8323703543173484 0.7528185375929509 0.8540283320356415 0.7546839507895395 0.8695754008098378 0.7400263908632835 0.9267799084636474 0.7308081747546776 0.9385029522268118 0.7654545089702514 0.9428215073981423 0.7922448420791096 0.9100810448721595 0.8123901519306685 0.89793210630285 0.8251770002505688 0.8814158462446829 0.854686825163315 0.8414858294336014 0.8599636145892079 0.7839447418366444 0.8738748651528789 0.7738841884377782 0.8709281574104054 0.7516179825374247 0.8574653198943899 0.7464518817185352 0.847846736635907 0.7354992603193138 0.8278904732249409
0 0.8999761085898534 0.8285544687594982 0.909104045442894 0.8137184592121836 0.944204541378233 0.7941300520727429 0.9426515050709654 0.7756282378889541 0.9617183496864602 0.7614194512202278 1.0527175820484906 0.7521581274137364 1.0899509855070688 0.75101746973079 1.1042084484408536 0.7784350257182364 1.1019051289636752 0.8011811010995605 1.0990219382705257 0.823981241208179 1.0934543258042546 0.8400391856343181 0.9996529998400159 0.8736469727920181 0.9629872760180274 0.8856118931730963 0.9345330378899608 0.887487903189219 0.9205472231950889 0.8763608059762648 0.9116180552620763 0.8616544797324815 0.8916713342256083 0.8479753833072889
0 0.981978517041194 0.6631298823336989 0.9538394701283601 0.7334071832325447 0.9461956640710277 0.7543203562956317 0.9612195755614301 0.7630198391901123 0.9982907848381256 0.7587865350219856 1.055576389582877 0.7511146421559699 1.0898293398706567 0.7486979848669048 1.1059480620887676 0.7782728315363535 1.1224521305675532 0.7596413340490336 1.130014839533944 0.7371818377433564 1.1295688055337665 0.72867705990911 1.1395320964549844 0.7075476279368461 1.1614172000593945 0.6915221943890583 1.149507578955584 0.6755398685391562 1.155103548387944 0.6711334131597381 1.1508944472736435 0.6575408923401912 1.1377317950675672 0.6509987001277133 1.1183933022131594 0.6489170280219477 1.1019098448566043 0.6576854144137889 1.0258890222557038 0.6593944421852553
0 1.2074150908592511 1.1518427053963067 1.3000813398115498 1.1432028982443094 1.370175040942135 1.136667659501132 1.4126698758438585 1.1502152458384887 1.4222653230333124 1.2193591035663716 1.4026503583584264 1.2323304075638768 1.3854945264177534 1.246664216488293 1.3196544902054403 1.2432521575362607 1.25456212961205 1.2540964445768894 1.197370595503866 1.2562451720908603 1.1857645102529086 1.2398176500361713 1.1953767938534052 1.2182282494437635 1.203966643610888 1.1788687744385282
0 1.1543970582770684 1.13425683170136 1.1845452282109965 1.1360258142717126 1.1967479099874958 1.1394679578762237 1.2040443659001443 1.16397695114823 1.1932398890768514 1.219942752034992 1.172575315175563 1.2516385826546268 1.120746723569607 1.262195697454621 1.072216808681674 1.2701553227678 1.025515499406412 1.280234391558034 0.9999388435041621 1.2837640176803198 0.9895229781271505 1.265270702115591 0.9917878405363978 1.2593346987432732 0.9859973888051732 1.198046333779825 1.0466881962564218 1.1763582366338838 1.0822206380639603 1.1661755381246413
0 0.7670122862287191 1.1978541598718333 0.80602267200794 1.1884921600962386 0.8742071691635335 1.1787000250789805 0.9226773283002466 1.169601003692314 0.9488695082527325 1.1614341189411181 0.9659245162789731 1.1919030709694909 0.9887402972241801 1.2012254989954079 0.9873955937583794 1.2574542782710978 0.9753542126975039 1.273461542250835 0.892702171356164 1.2857475370358995 0.8054786159831462 1.2927349231283254 0.7902881466456493 1.2323229758494367 0.7627813401663245 1.2154231469839065
0 0.7066144013964593 1.1760061832203677 0.6824480608483408 1.173679480305296 0.623936967569522 1.179531140812111 0.5914118496714679 1.206211626024208 0.5672275425853132 1.2199161424729217 0.5572537901419885 1.2426004342236647 0.5669346199663243 1.2634522162703286 0.5653868265717166 1.2830609725244966 0.5868520479140118 1.2993791256612592 0.6251691873537406 1.3095462078048723 0.6885251809347398 1.3059290991648123 0.7962578656305337 1.2970295290333476 0.8012238472456041 1.2771020754393394 0.7894335995905337 1.2324026501843965 0.761191757558533 1.2178612878008013
0 0.3868345355295403 1.202386196274922 0.3385256771084506 1.2309346252458373 0.32965135086223263 1.307329881120415 0.3482541522830811 1.3181900768946195 0.373137561845839 1.334189532691542 0.42379486110254316 1.3340463312228559 0.567358766361975 1.3206610429495862 0.5808702185282022 1.2999368460059788 0.5645322795166009 1.2831406468594564 0.5667553527126645 1.2600340280498659 0.5532978001605463 1.2326645669021161
0 0.14327065828353913 1.2411246011022905 0.09710715076925686 1.2614582345539127 0.09000167438449003 1.338833537832058 0.12172146038817333 1.3541955989493015 0.17762555347801134 1.3558531436178303 0.28529848242258526 1.345814177412878 0.30068032941466727 1.3443800393835994 0.32730876616372917 1.3281577077830309 0.32923306060369295 1.299354108606002 0.33669707149577943 1.228815181768782 0.3260242165758518 1.2217955012738881 0.2216319978112643 1.2452681973558113
0 0.08612380481900739 1.150275465361892 0.1296041596655027 1.1279020627681744 0.17185346641152643 1.114803177432277 0.25132634253728336 1.1073934642810028 0.30899928548857264 1.1100310563530997 0.3607501548052723 1.1143657648434038 0.3566625429204648 1.1674153789035109 0.3483381288361517 1.188800925910846 0.32749428768120326 1.2170785683100183 0.21815405383958164 1.2444474986221639 0.1423563554772035 1.2400648793637628 0.08329106370981892 1.2272523969652378
0 0.37100471946666025 1.1134096728238847 0.36274006113356705 1.1359346159047075 0.3604572321862835 1.1579018386408106 0.36000300885167125 1.1819885048539691 0.379938403337395 1.201884194881114 0.4353464838794371 1.210457790325529 0.5572717566800249 1.226569214859879 0.5670482753316533 1.216497954252459 0.5898222670636766 1.208649766841103 0.6008478003538129 1.173272769612077 0.5837191371328205 1.145987654991365 0.5553537165038753 1.1408754863434323 0.5476389703326869 1.1083907205570127 0.461903452603057 1.094629954321783 0.3961033293591506 1.1007648781136983
0 0.5832073452162979 1.0661455833201985 0.5548698143570047 1.082527263590687 0.5526467411609411 1.105633882400278 0.5579010056072071 1.1408644650124828 0.5850573014773697 1.1458628902360706 0.6041464770718357 1.1706752801252625 0.624970069618573 1.178717641357449 0.6956064322974796 1.1717732184526912 0.7510867813385464 1.1398006790748798 0.77368150581691 1.1285343034430608 0.7830577007480348 1.0944560509574426 0.7671560185330097 1.0696044049615478 0.7428104107312313 1.0638595138260132 0.7289763571337572 1.0456848956011238 0.654373773795778 1.064090197812474
0 0.7829937964331465 1.0932576329901755 0.7764151515241576 1.1271344624916146 0.7530256357418985 1.139619908531881 0.7119894105583102 1.1594754959737437 0.7222677978948455 1.1917212387552836 0.7514239427331818 1.2073223228774064 0.7646784053564928 1.1980717610036342 0.8770603263732211 1.1795789762745097 0.9234031011411632 1.16266353104335 0.9422808586429641 1.146018872383933 0.9393348602951501 1.1062196841468286 0.9220408292640295 1.0711931478245058
0 0.9647183500367296 1.0903657070759067 0.93864619136531 1.0994334942640365 0.9486742615543526 1.1482754941735476 0.9633671572307152 1.1911517906339013 0.9897683391944934 1.2041764265113395 1.047172140852846 1.1755950852647723 1.0839191010500482 1.1644258699682675 1.1527655534599814 1.132565354625503 1.1719444266020715 1.1186094931288613 1.1613794277173692 1.0753483291182773 1.1507970713298183 1.0475749533066046 1.1242053414655881 1.0467357881947494 1.0341247462691592 1.0850007047098151 0.9816917782636475 1.0976324166971947
0 1.1796172612360585 1.0592678961761284 1.1642602767201071 1.0828228159325717 1.187901727570205 1.1381386470257782 1.1978664100027245 1.138315737383002 1.2093494333839905 1.1516251239634931 1.3041755993271114 1.140571625352646 1.3702219479936781 1.1344137445489626 1.4007280116222791 1.1149771640005712 1.3913696878968134 1.0472680849487743 1.3554252919311063 1.0262839778596338 1.3044702922446554 1.035459425393593 1.2652465939724569 1.0468595612202358
0 0.1605809247444065 0.8046906722038853 0.15087308290571877 0.8334685913682621 0.14496531210586355 0.8666509790083944 0.18757865592920808 0.9014278839598918 0.267334236523173 0.9055488278009923 0.3211421041498431 0.9107293772603322 0.360115155026011 0.8955386805057352 0.35822404859784907 0.8692018468154213 0.35594266241953165 0.8354233325201422 0.36106268316852685 0.8261082460777031 0.34991082989303757 0.8176304555808694 0.31993949839123004 0.8197450307088016 0.2866045232099913 0.8160547978873293 0.263452774285538 0.8120949487568409 0.19975618785233634 0.8030776104583354 0.19163799082873756 0.8038345166404547 0.16790789463573563 0.7985689413090823
0 0.3635393274157869 0.8150001435612763 0.35909342623524176 0.8371690419577472 0.35955814302138045 0.8751958813103556 0.3847535859151022 0.8986800933084428 0.43392400776142426 0.9029333696579585 0.48599683358244844 0.9041967405146462 0.522812560006938 0.9062027940441748 0.5445947345305729 0.9034920922610956 0.5532309865001057 0.8931693429453459 0.5669162992640602 0.8721784743498907 0.5749493916197166 0.8503549459173759 0.5642339657036284 0.8404768159468935 0.5551684769252437 0.8134492423286678 0.5366541737811384 0.8104166663080039 0.48102963676228977 0.8094844419059933 0.44547704480675804 0.8121193900341325 0.3828200453468341 0.8132024913787427
0 0.18667132318244117 0.9000712520360564 0.15030974046722329 0.9067246086650332 0.1443657942737993 0.9333840547044571 0.13992480828477377 0.9770349465297793 0.19694938993511607 1.00271821052649 0.24956721657379383 1.002707083865979 0.2747861282578255 1.005250515570121 0.3100577093377362 1.0011461539755417 0.33131259939358804 1.0097696993418157 0.3571403758543896 1.012256363082299 0.3587073418505425 0.9721365898847107 0.3548114985118086 0.9561840356558079 0.36242453630291627 0.9146847631192706 0.349212616263306 0.9077586933325098 0.32120483653189 0.9103700196608218 0.2653298061456416 0.906605887627828
0 0.3831387398714442 0.9013324085581687 0.36338681001999085 0.9097003089777932 0.3576173402152353 0.9746855849191084 0.39389794348265633 1.0014871399778638 0.429552708317265 1.0046891557045232 0.46381943970735695 1.004757428549061 0.5120900609631569 1.0035200382294431 0.5455350477127578 0.9995859805258407 0.5669006920307998 0.9869886777034399 0.5758463861353291 0.9592335721433614 0.5725040304422702 0.953834674045137 0.5632007548997445 0.9514389146905818 0.5550130833092279 0.9236496727082345 0.5532972432411084 0.9025991284105365 0.5259409042592065 0.9059655064775494 0.4874121194317252 0.9062946093786239
0 0.12438372723730629 1.0306944463905807 0.1224335774864555 1.0635078422669295 0.11656198208016905 1.1032131715077704 0.16372980054231095 1.1159470200192472 0.2324463683718226 1.1079086007210655 0.25084003959315265 1.1086410209183766 0.3208466877633417 1.1135349488942938 0.3403303606199789 1.1117183740572072 0.34245081426180646 1.0821522569902977 0.34360899418655966 1.0575705940648654 0.3426553491301444 1.0160542533171935 0.33118487147535536 1.007334240234736 0.3137960499438441 1.0024291855983078 0.2736109746770299 1.006175871199799 0.24900092776976812 1.003575671531998 0.19407536994224334 1.0062493291542243
0 0.34513338420996825 1.0166390011649176 0.343481266268327 1.0551351349577858 0.3455377141184003 1.0826802368743629 0.38091142079984186 1.1038558219802577 0.4209261921756792 1.0968618575693272 0.4735865947871012 1.0976625506111761 0.5240669941279088 1.1035612337218201 0.5509549974096243 1.0912648389288486 0.5573928816199364 1.0506909220219889 0.5526583199846691 1.007079729949191 0.5431421645784223 1.0006248720828363 0.5134355184349293 1.005841961409205 0.48112310929337976 1.0080388437807697 0.46949930140365637 1.0197278591846273 0.4459920572900526 1.0031564206857313 0.39597999364943137 1.006187754301046
0 0.5588023448834633 0.995901626218264 0.5937035433670268 0.9730686435057484 0.6345102845689619 0.957842946143901 0.6941918338507641 0.940857441908626 0.717303093051319 0.9615447468829803 0.7499263351604291 0.9536083586312373 0.7686180381909685 0.9600235167450676 0.7779808633622808 0.9868874030977371 0.7664422074180457 1.0002000579063146 0.7406314046132867 1.021369701461586 0.7271810023932535 1.0332290207564203 0.7162937871985326 1.0472967273036986 0.6595714098550914 1.062374752315959 0.581904975423359 1.0630897260817675 0.5640350170333104 1.0606768985160777 0.5561325760936524 1.0499926382469469 0.5540037774564415 1.0094016531289527
0 0.7813616423828387 0.982893445634304 0.7682737791225414 1.0014453770417349 0.7335428845299546 1.0275256385636904 0.7309540951879405 1.048161738904641 0.7452857916772514 1.0647728771560612 0.7692869738077432 1.0674298447875212 0.788710501577339 1.0877991113702166 0.8203049571943346 1.082698463482875 0.8775152701813942 1.077364417086241 0.9006728605721597 1.074281766732794 0.9230929708691357 1.0703443408261009 0.9561174435576449 1.0484867331032792 0.9533459352063184 1.0176527896617495 0.9494738246038156 0.9878449967580969 0.9455936272771579 0.9798949543019337 0.9239736881657774 0.9726753549003592 0.9027329376165927 0.9638811764651555 0.8853563179892563 0.9627306934286205 0.853681530348215 0.9662996060284907 0.8062014816962713 0.9722656690432845 0.7911497671839678 0.9758239420689486
0 0.7124334449005204 0.9044102333183984 0.7031962051919116 0.9229018023934724 0.7025003860484162 0.9405970057224301 0.7155748064281338 0.9554618104423502 0.7209924824533722 0.96145207339934 0.7500681931864966 0.9541016176950422 0.7700616541906898 0.9593515044223467 0.7740570963715838 0.9691860184405426 0.7918389206245984 0.9764979327889843 0.8077723692522665 0.9706821097409596 0.8555742971249171 0.9665345651817013 0.8786753601200774 0.9646900242666167 0.8982701109213305 0.9579142289633262 0.9054361432991767 0.9485855865114504 0.920809456234827 0.9276660920399972 0.9250697222584607 0.9071641228200734 0.914187632101722 0.8633296423701013 0.9024401722625488 0.8560737175380906 0.8816476013120138 0.8577030244677385 0.8403578788110371 0.8621713106856239 0.7808746432844903 0.8735940507548211 0.7537700130585743 0.8875654193335474
0 0.5886811309112696 0.8594151441601162 0.566881197736802 0.8694624493834876 0.5534295013217949 0.8913260424005826 0.5559273315354593 0.9225797600865304 0.5625485076466521 0.9505866159139597 0.5745420442938814 0.9500408732612642 0.5921916817637661 0.9672872589420901 0.6359020763461232 0.9574870503242154 0.7028734919392813 0.9409382132009924 0.7041434011843811 0.924217784298023 0.710758721158463 0.9029915859606076 0.7587807121610264 0.8853470940227842 0.7560348756734641 0.8575514017247791 0.7455502712762143 0.8459342997684551 0.7357499299494388 0.8228037255748161 0.7335239286848196 0.8212938173019845 0.7171082673839622 0.8193894414457606 0.7008628900677463 0.8289188634918924 0.6282980574717083 0.8534314954375041
0 1.0878961781259966 0.3165270674703791 1.1258547830584056 0.31985777317306724 1.1869847753747855 0.3147307562601754 1.2578823030737762 0.30754808842175674 1.2638760437971595 0.32359128547756666 1.2667413917871617 0.35366576992254695 1.2555455745123836 0.3776089692492171 1.245819828342957 0.3968352356120173 1.2176795312753599 0.4006038847391828 1.1168429787717113 0.4100054562644555 1.1087755542303146 0.4199173682019553 1.1026115295222894 0.39244037324378994 1.083889216599001 0.37930138532261043 1.0689346431344768 0.38069568618440935 1.083109463764586 0.33987270928484986 1.0793924967880237 0.33449442625725184
0 0.9218150716141059 0.4081520990143293 0.9199206550497521 0.43752539622810177 0.9274651172362987 0.4585763641121657 0.940623891032317 0.48024884489247777 0.9611628982307031 0.478906358890183 0.986640937237105 0.4816832483395587 1.0268942824543714 0.479647648706673 1.0465189868464218 0.47724544096585064 1.0719671479772135 0.4794526323784827 1.0875761066366019 0.46597516124262445 1.0975199812043164 0.44272117145513795 1.1091042108620242 0.4261840466061369 1.106976826493253 0.4183676227616439 1.1017271045915638 0.3919503495420061 1.0834320651958331 0.37877152445334655 1.068319119084241 0.3853329448133194 1.0560088371428753 0.3962129264623628 1.0372775409505688 0.39108954822307607 1.0107567043663734 0.39298975457009044 0.9465760416058685 0.39725623558185447
0 1.1159585538409857 0.4095154325626717 1.1105742819673756 0.4214671136422668 1.1100782694195797 0.4283831644181521 1.0979771326074843 0.44325103232440183 1.086841071083926 0.4683336277245595 1.0950996742165566 0.478440821408052 1.1150918963849448 0.474859380426262 1.120491007664684 0.5041251438296187 1.1510754343951883 0.4978386795505982 1.193226124245364 0.49104630978636243 1.2291469784358318 0.4882696857547888 1.254475628064184 0.48819808502044565 1.2622054127048528 0.48003510436065716 1.2636844670792224 0.4673025617148942 1.2860790296973343 0.44403269014397617 1.2746084554049553 0.4136155529751077 1.2718536356483747 0.3938354703589953 1.248413347383914 0.39716591064388124 1.2159704371651285 0.40076323340910264
0 0.9516261466787299 0.9989990685865049 1.0141011447485924 0.9787409699340156 1.095123786197441 0.9442029631605916 1.1477435822450959 0.9424345682236658 1.1571237893154347 0.9597583743948775 1.1663991067097028 1.0109785927061428 1.1550405798809242 1.0277258693323967 1.1229007213598778 1.0520584811016442 1.037237102498257 1.0788712998306467 0.9810243529823028 1.092897760935087 0.9638359747583345 1.0882250299105665 0.9444663530591197 1.0599095198380788 0.9570563516634659 1.0486951981302257
0 1.1586500178253851 0.9709116195603853 1.1663991067097028 1.0109785927061428 1.1579817279975368 1.0299617701227703 1.1888965339702338 1.054063205115817 1.287588967822137 1.042351421160833 1.3361114925190267 1.0252767825213038 1.3531132132982917 1.0174163119990112 1.3753520623903714 0.9927517677929316 1.3700659170571887 0.9637507044839754 1.360639902580091 0.927605262160368 1.3157529291446508 0.9242599699444312 1.2438125284181494 0.9435179918016127
0 1.12783689191515 0.8859302715869374 1.1817177008730284 0.8633358074221876 1.240815944053951 0.8415099523378006 1.2925187191501917 0.8222562099654311 1.3392889697128862 0.8166404901418808 1.3473197586730925 0.8441305940764726 1.3600570265426013 0.8805948394437317 1.3317295296828222 0.9058270632864011 1.2867802643644612 0.9282163185225659 1.2229001937328223 0.9486054201681146 1.1914121405634626 0.9584440649794743 1.1630814340900746 0.956692787981796 1.1471114709831793 0.9393558524174038 1.1281380678767512 0.9455175635147395 1.120336534154398 0.9223987964390087
0 1.0878464826513827 0.8413389792877108 1.1106453040775728 0.8542740397220697 1.1255507587638334 0.8961839046790235 1.1134192706351942 0.9161409001045984 1.084384313972084 0.9458317961348346 1.035219830968393 0.9686140603501768 0.95842225424976 0.9939727167623484 0.9459600490248641 0.9807014444063461 0.925666768942959 0.9706704291208371 0.909326700560266 0.9552505913031668 0.910240511898071 0.9457524378982628 0.9224047507749751 0.9264199191668111 0.9255719445158321 0.9060436559756981 0.926354752860578 0.894047595794302 0.9335864672039356 0.8883530996116696 0.9620252729670031 0.8831914653096421 1.0002013344177132 0.8752393799738316
0 1.1054175481220678 0.7801960961686983 1.0981516330695134 0.8269416411365457 1.0953715056342874 0.8425568823789608 1.1114734542448428 0.8544921348664559 1.123820986926447 0.8840529713613171 1.1835729234670613 0.8636057968721876 1.274907715665289 0.8277371935650212 1.2999010297582123 0.8033326243558103 1.2856199802754529 0.7643545395123835 1.2731671931517097 0.7602369477702927 1.2426989096233645 0.7625978049518524 1.1827867204400986 0.7662642585527973 1.1314201799021202 0.7681742000757804
0 1.1742463143394786 0.6720450694759341 1.1587554227888663 0.6854862759016106 1.1648866298431169 0.6925926452070312 1.15388398032024 0.6955379897263647 1.145613823263297 0.7025474528195962 1.1453984055582056 0.7121650586869585 1.1385684015985746 0.7123219831617584 1.1316482033831003 0.7244842185108614 1.1306338100132303 0.7394549541528918 1.134683686537635 0.7549132709205066 1.1407823188088886 0.7682610661637727 1.184219343444263 0.7661306868735998 1.2531355157832562 0.7625844922804466 1.2731421484618601 0.7597594067689046 1.2851616457650135 0.7624777684266303 1.291535769624612 0.7810785146851661 1.2984508921573459 0.796269688094386 1.3132254722058758 0.7828952675083082 1.3357617854212103 0.7596795307404696 1.3429073858453306 0.75181516440386 1.3470124274321755 0.7408751544159281 1.3397267102344392 0.6911674572275627 1.3106735351135566 0.6861982347893029 1.2545082317660943 0.6789580713221155 1.2384237977522408 0.6742193267752422
0 1.0240013892380175 0.6589611588703396 0.9830452257071973 0.6627797374638694 0.9790791291005206 0.6678918240634628 0.9725967385108605 0.6411715070874692 0.9607374279965356 0.621727232141981 0.9220230214615178 0.6230785585514763 0.9304137819010603 0.5796154982174883 0.9455103465973015 0.5585262654416793 0.962143309377438 0.5531364702000028 1.0222483259863528 0.560009311549397 1.0581565497567158 0.565299150514245 1.1108980938260118 0.5690195222485216 1.124650750411524 0.5773348042437075 1.1268897123116877 0.63375142824711 1.0982278685340385 0.6565570780401433
0 0.9380455273162365 0.4808428334530565 0.9357001633692865 0.4881333629709406 0.9381351258142399 0.4969987259625513 0.9284468277460002 0.511641631040679 0.9374348025479332 0.5356561591505634 0.9465872954694612 0.5570286582677554 0.96404136639768 0.5517643594713278 1.000010362642012 0.5556846739880937 1.0420399205781532 0.5624748298317744 1.0857842013790722 0.5672866344964717 1.0989989182419033 0.5678730281764492 1.101638512464803 0.5575242696984722 1.107889990236454 0.5438079583717342 1.1206565740939622 0.5214020831012918 1.1181364755453083 0.4955082854294477 1.1138676378700278 0.4749020633249181 1.0728883903442301 0.48022309634227595 1.046634282354382 0.4766697090907686 1.0255456326149184 0.47863592515006737 0.9851028691595881 0.4820536242275342 0.9638684456331796 0.4797678666212033
0 1.124653821277745 0.5138309190828427 1.1336258306956521 0.5019039380783327 1.1510243576805537 0.4981489908819709 1.193506591565633 0.4907756759804393 1.2298442315641998 0.48824082188768037 1.2561279018790161 0.4892026961877299 1.294856593592589 0.48345901510109357 1.3003087371167292 0.5081175138784355 1.3061615956784616 0.5404166686779882 1.2820507210096013 0.5686846106056586 1.2699017983319039 0.5749360025068445 1.2550791120504035 0.5729055547732145 1.2078058996210403 0.5743272126581852 1.1802420932197246 0.5794564837967412 1.1354578554057702 0.5917365492526416 1.1275878865020992 0.5941765376975637 1.126082949252131 0.5776811481735283 1.1119036777219458 0.5696189201920475 1.1012419420656756 0.5676270796086365 1.1069769458003256 0.542778651773337 1.1205084391829163 0.5201892078798435
0 1.1276886934335222 0.5948761159888064 1.1809989931870777 0.5803383182932602 1.2083273635402585 0.5736900349410148 1.256485474411745 0.5733002796574274 1.2701977964511135 0.5757804114488552 1.2937721698365157 0.570848902238735 1.3148854886024508 0.5678553105776782 1.317776279700893 0.5887706805465579 1.3235810565076602 0.6261572637955893 1.3051516438069157 0.6558942760506296 1.281757346746177 0.678918664052813 1.258532521339347 0.6807423561954749 1.2389778903011879 0.6743649423390493 1.1749959507494385 0.6711046663128143 1.156759204312486 0.6751968260196053 1.1501144162462649 0.655998230192851 1.136715976449139 0.6497302229445533 1.1228556297227321 0.6493140434789132 1.127444276208247 0.6341934677979445
