0 0.26627539439221093 0.3893126115257333 0.27669906294746055 0.37560648089868426 0.3148794219124591 0.3524147037347478 0.37603937808636656 0.3424676520365251 0.43602234520384 0.3480175832239815 0.45468185433900965 0.3547673646284993 0.44465419539466733 0.36843657300276206 0.4435076118474599 0.4072768864866925 0.44753413111199974 0.4233499057152355 0.39522484482600073 0.4351247319248743 0.37115133362942704 0.4389610277884684 0.31341700550573626 0.4459357151388991 0.2677540937167546 0.43268350682383305
0 0.4548177834650621 0.2587170559099919 0.4504477396514171 0.2967967217871268 0.4690268875374545 0.32477778253172407 0.4879633135685215 0.33680769208167205 0.5236152183264627 0.3488709054582239 0.5642490978886598 0.35728605266129554 0.5904755514913373 0.35344389855087527 0.6016014199856031 0.34106920884477726 0.6073006648995554 0.3283341580657069 0.6046726682081673 0.30098825846782923 0.6059964416692011 0.28070223799847677 0.5907071772050686 0.26992406661708107 0.515498654959293 0.24722288802092648 0.47771159178556494 0.24756242514836815
0 0.4873081865667554 0.3385366216193211 0.4644792404397987 0.3470544942693055 0.45571113892181736 0.3560869360378481 0.44504220785186155 0.36803491682519507 0.44334375812404825 0.40744243682698444 0.4486603199410529 0.417443612582538 0.49161221448751197 0.42713052926901957 0.5302622566837967 0.4331110617555955 0.5756056782768237 0.43618560387295263 0.5852932143575922 0.43163129418624563 0.5903454359240358 0.41701229214128976 0.5973318015200966 0.4131662137338172 0.598787236765056 0.3952314757547133 0.5935492926132728 0.3802027281448282 0.5900621041702103 0.3659235187651109 0.5860294192933434 0.36082288165849835 0.5649655518494858 0.3573101596192691 0.5238358691897796 0.34973527576831454
0 0.3080662993924857 0.4447062876479733 0.2774224011781701 0.4657900383914697 0.2760567992900579 0.48179218021634296 0.2824794754177467 0.5117670825028046 0.3111777566200233 0.5208505018707501 0.35164138716493465 0.5188417137269343 0.39251315378481955 0.5162069164544565 0.41536255512880493 0.5146644916559657 0.43101592684653217 0.5020338689531051 0.43825808677315375 0.4719608279504577 0.4373160658746169 0.44559062645867126 0.4346095330730671 0.4276163281390168 0.370001496127654 0.44010762568675316
0 0.30619112660573755 0.519098304465926 0.2866475480906562 0.53674183299289 0.28517353529736744 0.5538872346465852 0.2877580808749124 0.5805425887827483 0.3144794556019641 0.5922904328957023 0.3620635311509762 0.5945779775040344 0.406359042098797 0.5963810654798957 0.42470317208920805 0.5954618051927997 0.43126586501794584 0.5904990513066836 0.4397443012047825 0.5881264211221747 0.4456877072572407 0.5713553806562783 0.4248498329242031 0.5586634497673054 0.42326032994175233 0.5283555142125365 0.42886103641573337 0.5163628361008882 0.41720345672931586 0.514680999817824 0.39238541201590166 0.5165993946032749 0.3518594588966508 0.5187957253726506
0 0.3136144770043565 0.5927666140318656 0.2872811337059016 0.6110431913656931 0.28129846489087523 0.6440347950741262 0.286147659927227 0.6629638529592499 0.32189659937835235 0.6714968000600408 0.37582452565288105 0.6759616104524606 0.42040080749155095 0.6718055074160958 0.4341929726392887 0.6689374477305634 0.4406855072289839 0.6513241404370126 0.4361541852821864 0.6497689505912354 0.43373896646469634 0.603716632930093 0.42413340065609506 0.5959104624677948 0.4071827349046525 0.5951176652384137 0.36149375971786324 0.5950266347790297
0 0.3188619561499034 0.6701976004610831 0.29723128458748455 0.6876401864635636 0.29399223542945957 0.6994126736858682 0.29580881026654615 0.7340503143198899 0.32074450573298563 0.7400316344487936 0.3652464456395661 0.7457708179512482 0.41774582850560493 0.7456224091564282 0.4443764019977381 0.7443260903092881 0.4526463861966311 0.7210095822503305 0.43882534850160293 0.7120143076337468 0.436403923061882 0.671500047571003 0.4222133362702699 0.6724275833544066 0.376456225773622 0.6766937818354433
0 0.32116357027273595 0.7423657679035817 0.2964858422374067 0.769585269503902 0.29961533275914176 0.8179441967586646 0.31649786320072565 0.8230942229284665 0.3599758879649215 0.820622653547411 0.42862909329465404 0.8173859941777146 0.4464509442659349 0.812164552672534 0.4511103071810352 0.7935355598880127 0.44482838514314665 0.792539122761903 0.4403198666560883 0.7518239201746756 0.44260515901077113 0.744491233476296 0.36471795999820505 0.7470066943315623
0 0.32126246362438965 0.8234410602550973 0.3030854998301702 0.8445169793113236 0.3046976687376808 0.8922263067666073 0.3470567935315265 0.8910456614882017 0.391948925430567 0.8872556441433282 0.4514982010749526 0.8801213859767593 0.4553338711841974 0.8627557934337201 0.4500656116080952 0.8414926020938084 0.4483893534490936 0.832156068274656 0.4550470312057967 0.8176916374023797 0.4467255085345534 0.8117434192587064 0.428691021982282 0.8185668228356926 0.428691021982282 0.8185668228356926
0 0.3287333064369914 0.8923585313279571 0.31803150658309987 0.9032446768688239 0.32210031763453184 0.9412321364486037 0.3480310556960654 0.9435608751589015 0.4004623032522455 0.947769695304502 0.43737763508770366 0.9502608798095628 0.4545409364201368 0.9494517149671386 0.47238963690952435 0.9390858254162184 0.4764647921178663 0.9149738227556347 0.4686717550879841 0.9077897282316473 0.4627944613162007 0.9031957574092676 0.4660665666145632 0.8807407645428249 0.4534614367470342 0.8779606711852868 0.447701793728276 0.8812664152772617 0.3922441325950615 0.8872281202821605
0 0.3328103471398379 0.9418157156571937 0.3141668263918853 0.9653083397517119 0.3123150348505982 0.9809068270559377 0.3128950589643096 1.0089356768782547 0.3412638193030723 1.018156720508245 0.3745334506852165 1.0190101435840244 0.4117233467892931 1.0210801946752577 0.45768688624470094 1.0207500917208148 0.46360344277905247 1.0091234993006577 0.4652776779088703 1.0014522507719545 0.4583227699584888 0.9989364231575433 0.45350042444024374 0.97486291722668 0.45361402913490134 0.948747067445324 0.4382426136853112 0.9497846986733993 0.40105271758123456 0.9477146475821661
0 0.33639600440002837 1.015841835418317 0.3211917551466299 1.0370361254155227 0.32348730018191113 1.058180945814455 0.32670975250242773 1.0800304137352021 0.33341073908006663 1.0833609843160998 0.4082220090724318 1.0787591047565572 0.465884414006009 1.080898057190497 0.4740036913115394 1.0603643398613227 0.46722013315039657 1.0554593310697875 0.4670261174360982 1.0404471203463965 0.4596914077085345 1.0193765960346608 0.4120391968496636 1.0214462803667494 0.3745334506852165 1.0190101435840244
0 0.4615631944633069 0.42154988951558864 0.4431240796449304 0.43197082678884474 0.4374820873791974 0.4431762857951744 0.4399303623370249 0.4785460978121788 0.461757072642926 0.49312350488094436 0.5174706781780669 0.5033548392574145 0.5530338315663085 0.5083453003842712 0.5803373909709346 0.5085683720254325 0.5895631550023536 0.4978198457904057 0.5957542758053236 0.4857721199564214 0.5939954460628181 0.474861147926632 0.5863469093040676 0.47043232027126 0.584998914449898 0.4503857569468017 0.5835972205595148 0.4406280897138222 0.578646834072967 0.4367387664132572 0.5312960370008213 0.4332428692857791 0.49238239032376035 0.4265871228684736
0 0.45434181436104215 0.4874863247064265 0.429560871846333 0.5127377785434502 0.42501093003284335 0.5277967614928694 0.4257354544176866 0.5585808781838015 0.44781608609633017 0.5723435422860806 0.45694065867755307 0.5766347506356125 0.5050676561415715 0.5836180860146888 0.5465205165460578 0.5821264027671277 0.5746064829647876 0.5802988550614885 0.5798624668311075 0.5560767569562327 0.5768526500915816 0.5326253269636804 0.5721335190527165 0.5105198687961139 0.553898810163916 0.5078691192481078 0.5177245995508095 0.5025400962909279 0.46124922989744094 0.4947529908139177
0 0.45542333706332855 0.5759851508361338 0.4342880950019334 0.6028743661024384 0.4373762997319164 0.6504460742518822 0.45586492999345946 0.6522820808334017 0.5206597992888875 0.6490096221062296 0.5697674030743548 0.6464087089156418 0.5834419174690675 0.6356409343157547 0.5822652724041364 0.6132051898141725 0.58078721355248 0.5963350267721571 0.5801617200539697 0.5900647977907756 0.5816501691209037 0.5788510632881383 0.5731510900381911 0.5808300839199877 0.5465618023378098 0.5829136218724464 0.5047930918729531 0.5840392194285161
0 0.4478324078644799 0.651844396426959 0.43575158004526515 0.6703742666353608 0.43920312724960137 0.7135612219832161 0.4529828791528776 0.7217692774944812 0.4756044097173437 0.7232199500196487 0.5305067356910904 0.7236385694408035 0.5710533317062172 0.721835848224087 0.5875642900220335 0.7199009024460209 0.587452845891239 0.7064631299332674 0.5858489066351429 0.6702235272274404 0.5816189984750708 0.6631027559220967 0.5846660549479812 0.6533258403242569 0.5794948032290282 0.6395687543460405 0.5691769887453658 0.6464637566379777 0.5212914994096285 0.6497417934892123
0 0.45861245817414914 0.7216399336849489 0.4480695948650347 0.7412130132454889 0.44025793796846036 0.7506430915166976 0.44455382087452816 0.7929602561757303 0.464491637440437 0.7998030914971491 0.5699425238526025 0.7911579017181588 0.5911148681127028 0.7876017455034269 0.5970831006540839 0.7486784746439358 0.5871183759641764 0.7227112170369723 0.5698931459441153 0.7223395532214183 0.5305893072745944 0.7252130076514408 0.4753092025528492 0.7232474738808167
0 0.46284425182872585 0.8023298919801131 0.4559120098034042 0.8172154562662165 0.4489384819863306 0.8313138014470014 0.4492006330104876 0.8419687832299716 0.4559036426173104 0.8623071361587247 0.4648837149274014 0.8638430776396415 0.47962343025625054 0.8620732750285832 0.5294659486418388 0.862172580984275 0.5524033292666753 0.8639893392009338 0.5804892956854051 0.8621617914952946 0.597233532478088 0.8590184931980823 0.5990171887095164 0.8477772348342771 0.595850458454397 0.8326466531699069 0.5985197361793089 0.8213228232225976 0.6009763783232303 0.8116009553470939 0.605381819865588 0.7937867055290594 0.5914100752771972 0.787574221642259 0.5705329381815915 0.7911028539958228 0.4825199173704776 0.7985177455185618
0 0.473973208339103 0.8618090092854561 0.46787086574186765 0.8698931157316792 0.4663824166749337 0.8811068502343163 0.4643324258263012 0.9042389667614058 0.4698938695377141 0.9084668518922941 0.4811881067497784 0.914533440976947 0.5236380327785426 0.9263969586586356 0.5628675295159742 0.9334187907674322 0.6028525837494024 0.943534451575168 0.6056601551232155 0.9405039460948729 0.6127224611460238 0.9224419815263266 0.6093080161403928 0.9025880852300442 0.6098282721303392 0.8898824841002734 0.6118989058748476 0.8671439771258435 0.6034679621019936 0.8647657688172723 0.5972748182698399 0.8598057123034012 0.5807432170581477 0.861347048528808 0.5524033292666753 0.8639893392009338 0.5297817987022093 0.8625386666757663
0 0.4800279209876764 0.9150371459742782 0.47459235768070324 0.9301787005072013 0.4733371870906358 0.9401840824906925 0.4542870150473943 0.9502664579336253 0.45326714596337725 0.9760712697458259 0.4583227699584888 0.9989364231575433 0.5235717829631885 1.0043233745888764 0.5972166605712209 1.005763257625064 0.5967749301064106 0.9860277322697613 0.601372364333883 0.9662179108272619 0.606099862558842 0.9432316891023204 0.5631627366804686 0.9333912669062642 0.5227730541809351 0.9268731397947988
0 0.4715183141550068 1.0016614687927454 0.4636591648444497 1.0158423855570344 0.4630150514792472 1.026186329370849 0.46694354585259423 1.0388726821357592 0.4668836401941501 1.0546996358256369 0.4757336485067545 1.059411977588996 0.4843503783424922 1.0653326718715015 0.5185469170098719 1.0668907424690957 0.5647168854240395 1.070496735041246 0.6058538957681553 1.0686389661021938 0.6097308516691521 1.052060592664473 0.6148567715379855 1.03101489484166 0.6120409705127577 1.0225756755724984 0.6040910199672822 1.0237124293766933 0.5975118677357154 1.005735733763896 0.5247732545170425 1.0046068886968638
0 0.6092440229359439 0.2602086267461875 0.6035258545883804 0.276941835762991 0.6106716285470648 0.3072871592464343 0.62609869668245 0.3234374538370723 0.6668382528164105 0.3191762116162969 0.7055292343756902 0.31556882896108945 0.725807201343121 0.3183067893193189 0.7456913999574977 0.32015574460460594 0.756294254160532 0.3038928266025511 0.7591279980667449 0.2851142531587815 0.7543931473869476 0.26102417395964156 0.7365092101866912 0.25760014526213687 0.7206569540494033 0.2465809443754857 0.6804223187267545 0.2406122079619949 0.6393373074003005 0.2449056589564775
0 0.7403816870449617 0.25862766952133187 0.7561107929062709 0.24744111176727315 0.7820440889235687 0.24548606066255726 0.8135457181127568 0.25041758872542924 0.8300719911233193 0.25443105944108757 0.8418102045995327 0.2598166668352962 0.8469702432812326 0.2787756523304495 0.8512050688437092 0.28671228043951574 0.8311445110988019 0.2881197823912091 0.8052112150815038 0.2900748334959251 0.7806041636050516 0.29746054135941646 0.7732457151729971 0.30277520361422267 0.7581664696046821 0.30649542427396365 0.759079684906184 0.2841930393121321 0.7548110723202824 0.26237378595590866
0 0.8431437122089462 0.2587666178938179 0.8437935725019403 0.2513002807995001 0.8549351345397115 0.23869000941033613 0.8950393565178136 0.22893369288337082 0.9225718825276095 0.2309952689937488 0.9578662557656588 0.2420532062460954 0.992542188359562 0.2545573818158306 0.9929045370637681 0.26146648566570196 0.9910902652233233 0.2732071201647713 0.9915178205998029 0.2879787504848707 0.9875510847949878 0.3050115225564629 0.9796056153676356 0.3057523243517287 0.9664879484960247 0.320398276076435 0.8998634095053271 0.32753578324857585 0.8951696089175227 0.31084762359633916 0.8806267038093679 0.2983177668448848 0.8683666760101302 0.2962208254613639 0.853422739480353 0.289282669337221 0.8476611536662199 0.2787112347830351
0 0.9924938751990012 0.25363616796918115 1.0314651052785009 0.2421340500700384 1.0541854151736674 0.24510715593564217 1.1222811381868931 0.24616394706222522 1.1270087257981225 0.27673473196161896 1.1299510938431785 0.2931233285590669 1.1088396443836548 0.30758886823238957 1.0720619283605184 0.3212007681059128 1.029259271514741 0.3390772812927638 1.012798205176452 0.3429263370473337 1.0057031117529052 0.333404951434626 0.9902615174803844 0.3302160682444956 0.9792697906182868 0.3192065514492683 0.9793326299159832 0.30716635389541014 0.9888604358241208 0.30350086669165977 0.9931967834017099 0.28689649276968515 0.9922715702824865 0.27587413538359823 0.9936196040290358 0.26186267504161226
0 0.6029440244828592 0.33984089852323757 0.6183072551737611 0.32908518985498675 0.6300479690310115 0.3233288824298016 0.6679058561108255 0.31928121249904756 0.7050176139329917 0.315821069952216 0.7405749207929796 0.31975731829511966 0.7457734424377521 0.33740128145851483 0.7480874487869331 0.3667093367646707 0.7382715112633327 0.3795376467158256 0.7345057048918577 0.38921206083819165 0.7092616950255898 0.39674531964777254 0.6606336099749381 0.40283307998307927 0.613362621621347 0.40516858014622414 0.601089388210742 0.3933638476705236 0.5937606082476141 0.37954423098234935 0.5906842172016092 0.3653281396273506 0.5908626668226676 0.3539163495452964
0 0.759030797969062 0.30871326441463287 0.7462844081421638 0.32492256606320435 0.7503717735675836 0.37322985505824763 0.769935977653198 0.383318885493161 0.8192750318782626 0.3833803749766857 0.8521073684196583 0.37980126601581504 0.8700604076109169 0.3739837092470215 0.8738262139823918 0.36430929512465554 0.8986836430380123 0.3568120794666041 0.8986080244617751 0.32574144200868105 0.8950909878778286 0.31053051164348494 0.8808307856866916 0.297875112763705 0.8678843923897922 0.2954564491981346 0.8527888361304778 0.28909447274330413 0.8321378589842743 0.28791211328918687 0.8046635890646502 0.2899557359669177 0.7813524832516201 0.29730877901885105
0 0.6118433307424038 0.4058281938332055 0.597504680665209 0.41389856764255084 0.5914545495130836 0.4170524634713399 0.5861072598157834 0.4336078274025777 0.5845798412172524 0.4415196593731765 0.5873344931043754 0.4718225536895297 0.6120864419102907 0.48453566963974004 0.6539182665511689 0.4821893325171447 0.7201046822628436 0.47757227684819115 0.7277633291044414 0.46805287229139364 0.7373467522796892 0.4656054702605659 0.7422804288026947 0.4485707083999942 0.7374144232412755 0.4298598199233427 0.7362709362485085 0.41546351281069643 0.7093427921165312 0.39829164289036284 0.6606876747022324 0.40386396214480613
0 0.7668703635316646 0.3841226717862603 0.7540942921362357 0.3775444364222529 0.7340028669070338 0.3944385579498848 0.7276120919519672 0.40591159737554755 0.736657517059156 0.4154274696591669 0.7389877788475129 0.43023108839808805 0.7430535904239898 0.4484986220969352 0.7442322374999917 0.4561581520068274 0.7589682453123054 0.4630716126940508 0.7936172287327627 0.4645027419356964 0.8396473775634699 0.46072904798454983 0.8513799637011324 0.46222495884298204 0.8856586217501177 0.4491876946689224 0.8848531293554085 0.40420014802768706 0.8525750463212473 0.3813115461068759 0.8196886450525573 0.3838597729060196
0 0.8998758963483062 0.32769507687754623 0.9663677957796872 0.3214956548144729 0.9797899946977635 0.3181723801874869 0.9905439372294252 0.33063672635016883 1.0063045256554464 0.33486485217848666 1.0103459540731596 0.3748890407281857 0.9951719499277875 0.3892528369624804 0.9715012956677569 0.3971573642468069 0.8990862991828983 0.41634010582660363 0.8864724219693523 0.4128545169477767 0.8867590010449992 0.40350449118917625 0.8678327967624442 0.3907661690468868 0.867102922943972 0.3768492598635745 0.8705551178761528 0.37600943041894563 0.8742127947930394 0.364273251973126 0.8987377077653065 0.3578429616283309
0 0.605738954758047 0.4820197135790314 0.5977559195526837 0.48535382516546793 0.5902324345293216 0.49745043512658255 0.5776833989675412 0.5100156060575807 0.581797796756608 0.5588383361334873 0.593422253439682 0.5582724826684659 0.6031056783499303 0.5651390632447092 0.6626931879169493 0.5606193000708936 0.7049737858153572 0.5520155836748784 0.7313316011058615 0.5360910949653647 0.7297015315674463 0.512416848397177 0.7268576548697943 0.487819849121851 0.7167335844216041 0.47995842953541024 0.6551050413467587 0.4825966441434196 0.6118079905542316 0.48663347711472316
0 0.7440889479621683 0.4608331648861277 0.727576751763795 0.48671688065706514 0.7361868297428091 0.5397821057939182 0.7850771107103443 0.5461009745508628 0.8425965544058898 0.5391842217303778 0.8650993385143898 0.5386400421842572 0.8847960552133562 0.5290341820917721 0.8821387558563505 0.48577317445077467 0.8549132557242547 0.4629314526409434 0.8388471835785277 0.46028569320674534 0.7943903903540579 0.4644306556326374 0.7594359232138945 0.4645818927851115
0 0.8862128752573524 0.4227199837872406 0.8983672022888975 0.41744307429138944 0.9711417472207564 0.39770884847919974 0.9966668576479671 0.4103498781263511 1.0147658355819327 0.4221294044099726 1.02223242656818 0.46079832243417956 0.9985347399445019 0.46818740863764235 0.9841609297840721 0.4829945596497416 0.9085099972762096 0.5071406593210747 0.8864208263420044 0.508164236796529 0.8816440455911143 0.4837474532788504 0.8653968746194454 0.4702413879949911 0.8628692585659709 0.45908189997364346 0.8868724289093548 0.4501104473760608
0 0.594411673970154 0.5623239250123142 0.584398382181436 0.5787963656810426 0.5802459949993135 0.5885068229549381 0.5835061340761437 0.6358553160913135 0.5968391081836908 0.6382379365053544 0.61097227627618 0.6410639116972 0.6781914003211498 0.6265093028857236 0.7002535388917079 0.6249702843294057 0.7153383182265507 0.616312383136138 0.7297121283869805 0.601505232124039 0.7226347674162645 0.585072366880018 0.7201963761733192 0.5682069838176432 0.7236566988250881 0.560114936089397 0.7172362423014907 0.5488004385024808 0.704668302095651 0.553597950068998 0.6634393171745974 0.5600317726869712 0.6038788399712254 0.5650669769416502
0 0.7311072144770967 0.5392197846020748 0.7243487633554417 0.5584965265437476 0.7211046996128498 0.5707121029189013 0.7219156705222636 0.5861753353448038 0.7284983212277436 0.6005824794169006 0.7427585234188806 0.6132378782966804 0.7904971896740608 0.6124126582245962 0.82813069012511 0.6114936779305523 0.8714629010008721 0.6007200677564949 0.8753882523493461 0.5718662041875939 0.8723470213865764 0.5509133356298412 0.8612605627715613 0.5395159147804156 0.8429831352165373 0.5391481785788482 0.7862098207786397 0.5454774040154109
0 0.8837688253947655 0.5094474210189623 0.8855421844710043 0.5284466547078497 0.8712035343938096 0.5365170285171951 0.8734256667275777 0.5492588829326626 0.8761343816069942 0.5712786768036715 0.8867801946840675 0.5816812586428998 0.925995178460942 0.5738813285399839 0.9634475800860494 0.5621020423962787 0.9978073352259761 0.5506111014648093 1.0183042459098848 0.5414485961501286 1.020548112197533 0.5101616997830286 1.0015786201121553 0.5114123731271104 0.9849070590417202 0.48240703226581916 0.9085640620035039 0.5081715414828014
0 0.5899617506829761 0.6404330364754758 0.58566607396303 0.6548185066286715 0.5822598160385555 0.6639414365186446 0.5864229801451495 0.6692508568928472 0.5880097618807417 0.7069140989474062 0.6106395800878895 0.7161993430892201 0.6776072851404472 0.7042579828335902 0.7317178217066347 0.6841920639713627 0.7319233036913402 0.6732957149701719 0.7277034256525685 0.644683316502527 0.714924705052256 0.6158329852068041 0.7006401197023555 0.6249342411778762 0.6770857226165012 0.627648314502039 0.6114399541777689 0.6425741917882609
0 0.7298661948492754 0.6118500968928366 0.727092458213156 0.6478480492907664 0.7331911755778715 0.6752493498390372 0.7565400906790201 0.6834316255160653 0.8109587601697973 0.6840554361914334 0.834377995437416 0.6787641574629536 0.8594516834022133 0.6753904704518096 0.8753366567219983 0.6671759240363463 0.8738876860095252 0.6543619833178198 0.8756368420319376 0.6210493657787955 0.8584813476207376 0.6050381813936782 0.8274115932311091 0.6125966463953382 0.7897510604164127 0.6130001856085187 0.7444129761160594 0.6151554700140162
0 0.8759099949782294 0.5744073664403814 0.8714629010008721 0.6007200677564949 0.8604953487649168 0.6064042888786209 0.8766614226456445 0.61836403091989 0.8746608476308203 0.6542898970147608 0.8779345929419429 0.6648618576521862 0.8864501477006606 0.6790887859666354 0.9425828131306151 0.6531367563057332 0.9780915337780132 0.6265178082715773 1.0020487671136906 0.6092632552286504 1.0138868335010582 0.5905488344788208 1.0066554060680473 0.5637711044660021 0.9989941100215659 0.5510184130910842 0.924502919945646 0.5750563833078287 0.8860340654264196 0.5822687860268222
0 0.6051733840115294 0.7156730650489062 0.601229128018996 0.7367592692533264 0.5990637096174054 0.7473203929313011 0.6030051363001182 0.7780305988739293 0.6229288888327329 0.7875681450764497 0.675055105823272 0.7889236557418583 0.7144593161456763 0.7847318132049862 0.7347048078371731 0.7781825564461523 0.7466428759595412 0.7687821183033936 0.7513602935733696 0.7476238277959144 0.7371352514654677 0.7282316517133807 0.7301200829416337 0.7055774503474693 0.7303607250095743 0.6879443241435247 0.6796212862846264 0.705624090318533
0 0.864809750023985 0.6738549841686696 0.8742065958585863 0.6900715905035136 0.8745362826321188 0.7408010753373054 0.8625360220628686 0.7564228496019546 0.7527092625508423 0.75112378590737 0.7520523581037235 0.7460054182502652 0.7390951878823526 0.7285668770365965 0.7308932445629288 0.7055053640444102 0.7331397600554607 0.6964905636090256 0.7483137642008328 0.682126767374731 0.7565941554063144 0.684462507677792 0.8105992117227969 0.6846069204238262 0.8328587045584728 0.6794237711499349 0.8644502015769845 0.6744064684010626
0 0.7525119082857246 0.7547679166249432 0.7404494552695923 0.7766110270114829 0.7413955879972416 0.7946514648417026 0.7451748204980715 0.8222690242991502 0.7711216718191647 0.828137233592018 0.8047731069895618 0.8327691387734326 0.8458317700091449 0.8304948879538964 0.8634441653974623 0.8329964747819764 0.8840843656191946 0.8191589565879954 0.8906103023924967 0.8102631225666498 0.886731068156666 0.7733315805021311 0.8733413801169412 0.747645981994648 0.8632821513205168 0.7558353222180322 0.753869004982785 0.7510156564527813
0 0.7336802272234659 0.7808678913050578 0.741782168807889 0.794615421690173 0.7478105660061344 0.8354902766439514 0.6903289315987075 0.8579423481933982 0.6123477373024881 0.8672848291258101 0.6035456034681235 0.8624079265699613 0.598590373096175 0.8494029331343369 0.5958735304971706 0.8346353575469451 0.5983444326184673 0.8224918674748508 0.6012559802777059 0.8113432164129534 0.6055246246340048 0.7964423051788944 0.6087686883765966 0.7842267288037408 0.6245833415299118 0.7894857367937852 0.6755768484521552 0.7914648179946459 0.7144863485093235 0.7852472542858496
0 0.6134804473707838 0.866661258590358 0.6092577400221912 0.8898452702697615 0.6107337430983115 0.9031746520691514 0.6151428476826132 0.9353951381028404 0.6458719582693004 0.9361558166980538 0.6927915258954791 0.9271195824836846 0.7515329044698495 0.9138733640867205 0.7568450340839148 0.9040547773582365 0.7582994833110921 0.8873444038614301 0.7443988295669556 0.8741375207492572 0.7383460492099466 0.8550193206463309 0.7332475293001748 0.8466893400900067 0.6899423507880599 0.8579783913449277
0 0.7397381258853049 0.9185987893501789 0.7393135556816015 0.9771680198515105 0.6099656997818463 1.0218594363144047 0.6051293757889579 1.0259360848503325 0.597395110371123 1.004384851949207 0.5961705262874146 0.9884422215939702 0.6011934276209494 0.9657015646923713 0.608122200644075 0.9422652509522615 0.6140642023416117 0.9370495908000188 0.6470587330648903 0.9365631283243289 0.6947784946760112 0.927970248887764
0 0.6345446774814076 1.016460028131337 0.6322359695419936 1.0316961646886118 0.6428303670966563 1.0633399602978286 0.7012581342317326 1.0589283265786014 0.7828888777252505 1.0451018854839875 0.7834620358765444 1.0264018339667864 0.779790932830303 1.0008460388327924 0.7676880213211685 0.9848817345586549 0.7526465297891485 0.9795506402655514 0.7370211031813633 0.9778997198415508 0.640127130731944 1.0117958522114867
0 0.7780986708450055 0.9833931283864953 0.7808695781713042 0.9991915861356135 0.7842622298614865 1.0268451887445909 0.8082950817734011 1.040661273159587 0.8679907207950086 1.0382032743092253 0.9183543556337803 1.0355794289338442 0.9231880304217853 1.0092306844662013 0.9053864084879382 1.0031210100720775 0.8931320797213924 0.999083936960858 0.89166420436486 0.9785023368778506 0.8911235570919176 0.9681935152605824 0.8265645617137745 0.974212721566008
0 0.7396842412629479 0.8434994011096885 0.7448124427412502 0.8746169186785914 0.7579669672277388 0.8884113291746866 0.7866658212310713 0.9023103368521922 0.8826108316430206 0.9021701767990847 0.8845762465746098 0.8729810879069678 0.884979082824433 0.8584406081882037 0.8711757816104135 0.8322756117513864 0.8631116493141089 0.8340634000952326 0.8461913184561454 0.8299434037215034 0.8039999453682667 0.8328412250764917 0.7703485101978694 0.828209319895077 0.7463345629300142 0.8221608948445617 0.7494920510669604 0.8379233094421505
0 0.7576074187807385 0.8889628134070794 0.7571505178036209 0.9024724109641168 0.7470561289239614 0.9173985283902549 0.7466559418790216 0.9542111040407346 0.7525924650618543 0.9785197581038245 0.768820731389464 0.9842581640232032 0.7783771222010647 0.9812953209115122 0.8288570142140127 0.9734810215759676 0.8914020084479767 0.9660957077855991 0.8952651673495687 0.9434631803385886 0.8911804511290327 0.9174279872752606 0.8826648963703148 0.9032010589608115 0.7863603375113651 0.9038927032463119
0 1.0084725932619203 0.34657582443222723 1.0731641012534154 0.32086172759940307 1.107686050575225 0.3124634331531142 1.1341627722447893 0.3136205864151524 1.1385340675409723 0.33030575371987975 1.1392017489125623 0.3504439990250825 1.1275096212679019 0.3867555028273273 1.096702062795157 0.4067205969212388 1.0330270076977808 0.4370015771787747 1.0176259677187605 0.43222196711806404 1.015844480922934 0.4204749517127939 0.9962802768373196 0.4103859212778806 0.9937607885034327 0.39197421497291557 1.0111461480581019 0.3753323955059901
0 1.0184261617037027 0.4326653218958685 1.0341867501297235 0.4368934477241862 1.0978888375907467 0.4071279085475137 1.1323864037537925 0.4204862689520769 1.1418832513233945 0.4460168578939918 1.142083254793396 0.4646448231081339 1.1050363386229956 0.48415572546479035 1.0216997269098882 0.5173057886120574 1.0220403707128294 0.5089866450151838 1.0022977170061564 0.5103094046623246 0.9841879621477193 0.483510000730605 0.9990294502097381 0.47021312980956664 1.021818813393885 0.4603189245048456
0 1.0217808240008295 0.5188521118546477 1.0723851009075416 0.4985951402753222 1.1127679548359466 0.4834348624342004 1.1349652552247402 0.48447304928219975 1.1418749434988695 0.5273375822563727 1.13496242591492 0.5362694594292479 1.1097643530563581 0.5520858186841731 1.0584950439829393 0.5744766408900112 1.0155142538345898 0.591950985115293 1.0074826324166368 0.56472990032467 1.0006215303550974 0.5524205637275564 1.0202641823267697 0.5417838214733446
0 0.8785104002981202 0.6684339020667004 0.8748445956616459 0.6874222987961375 0.8748687987154722 0.7397341500240492 0.8795185453677143 0.7543215098537933 0.9252054011905968 0.736594863567805 0.9599787695048183 0.7255833205656694 0.9965309754099827 0.7040466970370889 1.0153004640253593 0.684168058478865 1.0146868473810633 0.6650606953353889 1.0052629691828145 0.6483286479196816 0.9853284397257283 0.6237712240690632 0.943023458668557 0.6541315953159305 0.8885452459357811 0.6820012166941684
0 1.0150195435693536 0.5899252639433691 1.0013837349469839 0.6113971058551632 0.9901377313549697 0.6191791344522724 0.9900133464612055 0.6316218066960535 1.0072769703269937 0.6496947554046245 1.01782543087395 0.6730554505684972 1.0729335156901976 0.6497887557665005 1.1385496025603992 0.6120753414676998 1.1456865067731137 0.6000147746581148 1.1408448843704582 0.5595472313306112 1.11139177338989 0.5534879693206453 1.0589356895208812 0.5754714799002085
0 0.8795455777313614 0.7548369509346567 0.8882773913992563 0.7731874078960134 0.891932239006322 0.8132476395972419 0.8889666266197893 0.8233654084974122 0.9386274200037359 0.8073400950195827 1.0134322215189497 0.774467540125101 1.0218640299818427 0.7648760492652444 1.0200095738146628 0.7443304923337669 1.011799502775651 0.7285211976251978 1.0021701425926968 0.7226854992106814 0.9946791684476862 0.7057732360373267 0.9600328342321125 0.7266142027273964 0.9241267558495956 0.7382493162649837
0 1.017079301616302 0.6736429779524196 1.0733741612281396 0.6507835947766979 1.113711078148838 0.6273402164902321 1.1397308988412846 0.6420069673093076 1.1457296144709994 0.6600942852505073 1.1498683954188298 0.6871603604755618 1.0761881762523235 0.726661563118209 1.0204502193526046 0.7453253313439641 1.0120779541317102 0.7264233901502147 1.0013429162441074 0.7217267033520134 0.9961443945993351 0.7040827401886184 1.0153815611163006 0.6857143817214552
0 1.0196500253676624 0.7448819765661595 1.0230508047774325 0.7652833608915195 1.0059168642151755 0.7793119318025982 1.0066197056700008 0.7927133999050472 1.0195687481717837 0.8174041594023332 1.067180380328316 0.8067495156423146 1.1015131031045957 0.7947431336299818 1.1437829240785322 0.7711195395858684 1.1509468606548938 0.7595744138571469 1.1450536252748842 0.7212767643076855 1.1208045144537926 0.7033371512457819 1.0766288217902655 0.7276564021284062
0 0.9937355048199832 0.7840734002175861 1.0058195116850583 0.7922700451272428 1.016232810413779 0.8130535348867983 1.016595008065663 0.834774146586121 0.9954249374954598 0.8533227208109316 0.9509518888318143 0.8719721198040582 0.9029996128723408 0.8909459071609506 0.8893070903177933 0.8891147709793024 0.8841085686730208 0.8714708078159071 0.8854467607260219 0.8599508882792645 0.8719219108680615 0.831688084367464 0.8837248171721941 0.8197104408203885 0.8882204973621413 0.8239529358813348 0.9394546463523252 0.8082988908782505
0 1.0166193912244266 0.8130174917352688 1.016927524149016 0.8337072212728645 1.0059788765571205 0.8471591017594715 1.0112936553760692 0.8596126109627029 1.0183547609076093 0.8905499127739583 1.0648066506321994 0.8800033984685284 1.1032484727877785 0.8722755546686716 1.1536283630657262 0.8551472727260561 1.14768919067801 0.8085665227312505 1.1245268529175076 0.781720238688551 1.1004074253999472 0.7958821452462973 1.0661287673509618 0.8089194094203568 1.0199553289824312 0.8173681162508037
0 0.8906560592952658 0.8926147290907577 0.892007677477622 0.9183867831339286 0.8953462644405101 0.9450095035811789 0.9008313651609294 0.9533034409859735 0.9639602944706587 0.9422379533265021 1.0092335371192465 0.9240319091111796 1.0248563145221483 0.9034107336034648 1.0249806994159123 0.8909680613596839 1.0176356640136086 0.8916528812387443 1.0120668169973643 0.859540524659644 1.0048731988524717 0.8482981133757869 0.9958655830334016 0.854317559821129 0.9509789211954613 0.8724875608849217 0.9034943231375767 0.8929716283328747
0 0.8956436204406284 0.9506793554706765 0.8922022024329188 0.9665390625634034 0.8926644018198036 0.9975736568697969 0.902626278086111 1.002342429971057 0.9255886123766122 1.0105607487996149 0.9879821893531646 1.0151026661721638 1.0221905272356802 1.015538956403612 1.031341432592574 1.0048444970789696 1.0346720719408116 0.9646509297310736 1.0234612284320321 0.9656961811254291 1.004702696846064 0.9265261912529873 0.9644009400086004 0.9432327923366993 0.9017126562368132 0.9552931190063682
0 1.0263918608402671 0.8882466833492488 1.0241372176281476 0.9045137020682509 1.0043701807627108 0.9275931165662437 1.0235152931593263 0.966727063287156 1.0715756985733884 0.9498150402537172 1.1227017181089838 0.9320992309271795 1.1337233350722333 0.9274458919667801 1.1383974648832391 0.9202765969456722 1.1591457945595596 0.908500843075145 1.1452776516937746 0.8662850868285027 1.1335450655561121 0.8647891759700705 1.1033025375150727 0.8733064368303983 1.0656338769807885 0.8809621943271964
0 1.1400248852167705 0.9216787475821446 1.1510843114681388 0.9325607273507067 1.155071675158558 0.9715540337386791 1.136723927437064 0.9846598519426196 1.08995842627318 1.0040409509257868 1.0375375024874063 1.019287684302596 1.027854077577158 1.0124211037263526 1.0339934335398127 1.0035613128565364 1.0350856851151062 0.9651303276604075 1.0706051826869758 0.9535312572743496 1.1235559768212204 0.9335734678667107 1.1353237230421178 0.928332601522389
