0 0.4083541055692096 0.4404063715889395 0.36641154537914283 0.45845354330134297 0.3398796412845777 0.47994080212104356 0.3233284834130178 0.5005394615461749 0.3271828827017327 0.5423948789848848 0.3535983614781349 0.5499963442944436 0.4050964199390855 0.5385839516522136 0.44310649399562146 0.5263982100184758 0.46406348528178243 0.5050782594983801 0.4581699889838178 0.4896448280731405 0.45579349172286454 0.46990873909430647 0.46807405826012916 0.4514999819023396 0.4440643593114862 0.44574078775259923 0.4313494889155593 0.4351509822021773
0 0.4395239887656404 0.40250692056255954 0.43541721712939585 0.4307581632617123 0.4450305755848306 0.4440918538406579 0.4735813500283805 0.45059836803363434 0.5331277221656474 0.4415952438207181 0.5621135054169206 0.43461377360927994 0.5799013637224365 0.4153034025486078 0.5867520203872048 0.39256595885477447 0.5924238368025678 0.37523913830525385 0.591061655143908 0.3665176328629223 0.5819314048251455 0.352359475328006 0.5522791720279453 0.3460332839087706 0.48198870051478737 0.3597768581354979
0 0.6011197832626681 0.3603987330977813 0.5868970233231126 0.38806996405330296 0.5816985541888197 0.41053692358652477 0.5888963719608933 0.4279929489453238 0.6155147138577542 0.43779733096218304 0.661785725566667 0.4242591685253873 0.7027523086277874 0.4138255366645973 0.7241345478660697 0.38498220767975894 0.7158840760183558 0.33788347539634134 0.6757582280058761 0.33923495626731776 0.6543474111498491 0.3434855559243683 0.6352552313702242 0.3607733330514809
0 0.718280799939574 0.3032038053490282 0.7042901856872831 0.31518413519283456 0.6995072036495097 0.33609232220098545 0.717671505629137 0.3390816023739301 0.7229849901834706 0.372499013005056 0.7381732614473094 0.38566539528439653 0.7931109370495166 0.37518064545914404 0.8348213515523188 0.3728243748584559 0.8595560651805007 0.35610359500083844 0.8550833156748079 0.3136040333798989 0.8328708071925479 0.30307836026807544 0.8065229494562987 0.2962112005276169 0.7573923323497602 0.2908377409415492
0 0.8275182792158065 0.2935193733956372 0.8792387225084197 0.27238068558136413 0.8995383201551947 0.2742750146377265 0.9057796825095259 0.28741536796879513 0.8452475723877104 0.30999663797299654 0.8215181184552809 0.301210060159985
0 0.935383815977777 0.2810780419395866 0.9052965743728536 0.28823983492476585 0.8502041349791365 0.30918518549116186 0.8573343317110573 0.32590690528086075 0.8615561187673425 0.35354003274605583 0.8502320076478204 0.37626446196575314 0.8626568721719317 0.3958462571191183 0.8719028428597961 0.42340223767157886 0.8866853878827177 0.4321627865363183 0.9685606938204073 0.4045966113059662 0.9840584926672659 0.39684179210301984 0.9924163339266017 0.3783298590500464 0.9878662025251539 0.3410605977996786 0.9527261996709064 0.32370680836980464
0 0.9385146104850751 0.26044033909204717 0.9200310200668262 0.2843368663410614 0.9357993030742964 0.27951926941451566 0.9540305211450155 0.32572940230336406 1.0064076531279538 0.32386298205943653 1.0368329999336416 0.32037271691975816 1.0772007544889877 0.29736572899739466 1.0875293667683597 0.2941840515086544 1.1116652518907675 0.26488991558946345 1.119559506724635 0.235273237613117 1.1122459685834598 0.20441938923677364 1.047540170734308 0.21203104922422408
0 0.35924089532669196 0.5505633415639387 0.3404868207478316 0.5715226465365522 0.33220636138425064 0.5848042792189537 0.3379158113238996 0.6285921292043526 0.3665439676632043 0.6298683430267574 0.42499864230242296 0.6150809356479102 0.4575014245907076 0.6037968078828775 0.4728061211727094 0.5878744660329588 0.46770526059443657 0.5506953661694615 0.47641096791013887 0.5298903550223171 0.46472993482770936 0.5183859211290539
0 0.48454642433781203 0.521104717141387 0.47586023873331373 0.5299805164091876 0.4695024510608197 0.5459288872073784 0.47184966575496695 0.5835587940052283 0.5292412205138822 0.5875798327882381 0.5987585780185524 0.5836527151204246 0.6073771425828979 0.5740426102835238 0.6066242552346751 0.5294433078162902 0.5999869274950287 0.5059325151309487 0.5859384530581868 0.511213933465983
0 0.46931075869408523 0.4527882702667989 0.45709781319697346 0.4719313330278659 0.4593390683776209 0.49019881086849976 0.4635029952493553 0.5111330268249227 0.4867493410451125 0.5207440715939048 0.5849046157446894 0.5121285618088242 0.5993783381336526 0.4993237650090471 0.5962677702866196 0.46554570883043916 0.6097271770732894 0.44172632849415955 0.5863553500528284 0.42468206664730507 0.5642488010840683 0.43351882249269774 0.5325093719486694 0.4409510996384885
0 0.6091088268563113 0.44108218431192986 0.5973692286402699 0.46536538605669814 0.6002574116556403 0.5088697374073494 0.6258516770946057 0.513624141827378 0.7025480356092064 0.4965957142509038 0.7387128198704105 0.476512934130805 0.7386744813970635 0.4578848107426891 0.7305975901030024 0.4308828129855878 0.7168105439202312 0.40257951238989115 0.7044044961582628 0.4135550525039857
0 0.722685223456053 0.387455608547671 0.7303947269825437 0.42867989627828723 0.7398435607908667 0.45843879353804823 0.7476792504911223 0.4646097511997332 0.8474769518655726 0.46168836319371276 0.8703468539872183 0.4489997567290784 0.8712168716026651 0.42202378792024886 0.8615554138182815 0.39602657989285933 0.8398455351838978 0.37274722794572135
0 0.975228714024982 0.3252404918786849 1.0375189711907726 0.32175116667108794 1.078302212842638 0.29718540622365364 1.0886984461621627 0.2947380343040135 1.1095487729857627 0.29654220197350545 1.122697947240352 0.3361305702663162 1.104842467894683 0.35470663575788813 1.0622620357764343 0.3840388751674057 1.015488394219645 0.41033071643951596 0.9964254970068263 0.4097246757476128 0.9844063587236324 0.3945487140088488 0.9937882764408634 0.3810867585527061 0.9886874158625907 0.34390765868920886
0 0.729475905089087 0.48547889478547607 0.7366639620055586 0.5088995260839471 0.7450594367891803 0.5515022635658932 0.7270784762188076 0.5626451119795929 0.6285655746072623 0.5795183057985165 0.6067587923659198 0.5733984661012941 0.6057256600014835 0.5318265472973317 0.6136680141643 0.5148733867694294 0.6276391067053869 0.5148222688049667 0.7015141982957092 0.49751034259374505
0 0.7398240390796627 0.47036800541739215 0.7347803337368797 0.48237436420947044 0.7374949361985973 0.5057819810338053 0.7443156053474984 0.5434249023057913 0.7553204280283989 0.5475862805080528 0.8362678561660911 0.5402971625777578 0.8752441464959715 0.5264624870320785 0.8774087247299251 0.5074737180964805 0.8713995080628587 0.47864246365369684 0.8567717268314469 0.45942131404781383 0.8475445729057255 0.462422668762813 0.7476116294509694 0.46387544563063304
0 0.8715452159478276 0.4316599217054217 0.8877868462363679 0.43198246376257726 0.96752685650691 0.40551123964880736 0.9962609723597144 0.42614988242842816 1.001699938138752 0.4670005101374262 0.9672549624481763 0.4875471116660138 0.8789835303646456 0.5124335343064408 0.8762396453361221 0.5069197353011214 0.8702304286690556 0.47808848085833766 0.8578731851850971 0.45924099127407275 0.8715159333810216 0.44955373952443756
0 1.0895475321682833 0.3646643716681351 1.1001368677526644 0.3703845223954674 1.1208519524959586 0.3707200789267589 1.1285907385892555 0.3940505488383594 1.1323391783644705 0.4165435373198531 1.1220586654140476 0.4323887322570375 1.0727342410935916 0.4613342971708008 1.0118542649154096 0.48620864526917335 1.0018351802190577 0.4684691212756267 0.9963962144400202 0.4276184935666287 0.9830629938271154 0.4163845438339769 0.994705688436198 0.40926085433912424 1.015556015259798 0.4110650220086161 1.0627451439131066 0.3832144082114349
0 1.0982225470190574 0.44672627263361325 1.1303481806841695 0.4556290407817674 1.1345894894516588 0.47133295636761857 1.1399901167573492 0.4935554606885007 1.1296419827667736 0.508666350056585 1.1133132097268763 0.5195387143096729 1.0918828711596453 0.5357185258460674 1.0225293333530259 0.5657069839798691 1.0132540800983554 0.5560448212464243 1.0070803387841771 0.5436387734844559 1.0063560290536993 0.5236322003450101 1.0018442361255986 0.5049910624827584 0.9807331859969889 0.4942850665971938 0.9987239074229635 0.47717761224382227 1.0125402361725406 0.4875870950205032 1.0727342410935916 0.4613342971708008
0 0.9759313871970725 0.48463591833788505 0.9812839151738141 0.4941949052103232 1.0018442361255986 0.5049910624827584 1.0063560290536993 0.5236322003450101 1.0063846066714444 0.548224929672798 0.9858626241930067 0.5560568957884788 0.9178231687160981 0.5821033419161682 0.8785087731854533 0.5922664896163465 0.8739195983615975 0.5788556521246664 0.8714176198759406 0.5516863460679601 0.8618816433162607 0.5331223551184426 0.8763456048496219 0.5262821642583375 0.8796018805816237 0.5130776784886705
0 0.7435522521946126 0.5472767529250333 0.7349720261036141 0.5755149811500498 0.7421022228355348 0.592236700939749 0.7448942071930075 0.6104140173935121 0.7520439256361321 0.6152065253038673 0.8333392198301905 0.6056243292794014 0.8741029397708522 0.5929877807113108 0.8728857610481002 0.5797702804675077 0.8710021327794213 0.5532451185930308 0.8624999935332387 0.5337664993006723 0.8364030982463969 0.5417657737159581
0 0.6155606983395199 0.5779204898510376 0.6099369812531057 0.6079108278490023 0.6109701136175419 0.6494827466529645 0.6380813245066772 0.6524980557741812 0.6790479075677973 0.6420644239133911 0.7373673401267102 0.6258084053963436 0.7435027429675416 0.6195863297701963 0.743271302229338 0.5927906837351079 0.7341508127661774 0.5726679202605197 0.7281123135323051 0.5617304836367517 0.6285655746072623 0.5795183057985165
0 0.48657435059333765 0.5856204313611958 0.47153037731634545 0.610444601427187 0.4757326426614267 0.6500069407717258 0.5332496786450457 0.661461196632608 0.5755784433648259 0.6597490702141496 0.6116560848746729 0.6508611964042944 0.6104877104299309 0.6078206664621317 0.6000628994926613 0.585675309053984 0.5303426788675325 0.587399510014497
0 0.3590463831637131 0.6273689132105732 0.34365454383035443 0.6544861613707357 0.35074569713986714 0.6950663049191222 0.42199262407076754 0.6856384027201253 0.4731525773309537 0.6705544822323947 0.48797416577628333 0.6554566073384467 0.47401283409079836 0.6495431193632373 0.47288279811940326 0.6251307128091905 0.4729797017263621 0.607971200559275 0.4612212867481777 0.6016970670365834 0.42493102126227006 0.6143466300788101 0.3665439676632043 0.6298683430267574
0 1.1124822355338377 0.5226562593598146 1.1230039500780657 0.5276421045180469 1.134974989032311 0.530154548808367 1.1451969368491217 0.5500969895092142 1.1465395967965777 0.5707477068308896 1.1195245845653403 0.5930594326065609 1.0263251675081286 0.6433500370566104 1.0094366093848652 0.6177906214894374 0.9913601551056559 0.5611198878594456 1.0078917912660117 0.552450440313658 1.0236984127468287 0.5662609667752282 1.091950492199798 0.5364528314151676
0 0.3665718403318881 0.6969476195013486 0.3531898154409732 0.7155366994670566 0.3587640233003163 0.7578559383142552 0.4315181348257844 0.7526535467561182 0.4832866774473466 0.744178376390289 0.49534485915294857 0.7354959143703655 0.49936448803783623 0.7184395779814565 0.4851229113361377 0.7155534736695183 0.47613766395328294 0.6968993213331305 0.47363568546762597 0.6697300152764241 0.4215095159340953 0.6864628696760962
0 0.9793488551181199 0.5599716591846695 0.9978464133982106 0.5744857104697925 1.0060811758167971 0.6204256147802378 0.9473049944766877 0.6468276519959445 0.876358559402309 0.6653068807214363 0.8730665077366782 0.6544051767326712 0.8799081311966057 0.647946143510048 0.8763100628275402 0.6088742564844388 0.8757665016999279 0.5967598792363266 0.9169146782954813 0.5839217156090316
0 0.8587912031144418 0.5987762416928075 0.8752521827858218 0.6098101552538577 0.8785734766649592 0.6458765125082663 0.8652361978575144 0.6625514911675132 0.7949224932377179 0.6816898441724959 0.7456180143550781 0.6867107746092104 0.7469826324434563 0.67047045249386 0.7425142891956309 0.6467952469774917 0.749395864064534 0.6159229429320255 0.8325817464956636 0.6061179051395488
0 0.7345163498579966 0.6282741432610902 0.7403393233419562 0.6418123443678185 0.7475461692755564 0.6703781943305506 0.7442141662009498 0.6838897611646284 0.6798817980145648 0.7058624447505183 0.6141455816740515 0.7250141148918261 0.6123365596372748 0.7115814890847322 0.6137411291346285 0.6709278961465385 0.6287690184383739 0.6539761429973633 0.6791413652149757 0.641915996085519
0 0.3734323210688648 0.7576054931381296 0.3578791992186 0.7767694971621442 0.3656149989205889 0.8174589870480579 0.41740912546473996 0.8195574711660347 0.47356742353722203 0.8160321803069897 0.501321283014771 0.8074395636835261 0.4998586442544696 0.7880949820228919 0.49697625343740315 0.7668515489665264 0.4896812602532634 0.746991261019616 0.4320218523468553 0.7540014675139336
0 0.5549240087964273 0.7278791593152381 0.5051391842347079 0.7234434422374906 0.4955256063438219 0.7545777642730688 0.5006795171737508 0.7971894239004937 0.5620142950073591 0.7887879660711992 0.6182795066524016 0.7787567200683346 0.6276111613848452 0.7665701324957234 0.629163245915182 0.7433584558140924 0.6274524335993139 0.724780524915858 0.6125305306691273 0.729683171432828 0.6109684846415956 0.7127207127866141
0 0.4876671205829803 0.656169430991116 0.4788982087128439 0.6688684731352169 0.4753078526274291 0.6946334049292194 0.4856736405129628 0.7154633122826478 0.5547838739265104 0.7266760050365538 0.6120082770411677 0.7113446327942222 0.6128677625721948 0.6721130940753378 0.6170505182539892 0.658177194841934 0.6113737491071101 0.6504933205934033 0.5754485456544034 0.6596875165702206 0.5338465730548175 0.6611978382985074
0 0.6332814477548461 0.7211130723678328 0.6283513720298156 0.7431219947032931 0.6264787337636798 0.7659554884316222 0.6340361908713976 0.7832698166914964 0.702391054547006 0.7700915848077865 0.747755029689657 0.7500763514161394 0.7634288914798847 0.7422098889098918 0.7613338021023299 0.7140629548137336 0.7567048909549221 0.7015696377702584 0.754892986901421 0.6872900278739619 0.681634076449054 0.7065715662540072
0 0.8683540427225112 0.6620894422456657 0.8762380667347358 0.6667617349735266 0.88773784915926 0.667529299754308 0.8965321633562808 0.6766904614571295 0.8947283089974827 0.6948747993005059 0.899099437147721 0.7153609959910417 0.8793202798991275 0.7272123298993654 0.8350816229793759 0.73246709266474 0.7678434012105764 0.7361867258685525 0.761514124876071 0.7160211029980008 0.765155912236642 0.6962107592117955 0.7677411652816513 0.6865117301669103 0.7947258104065714 0.6827565562035516
0 0.8992754678913194 0.6627858130160649 0.8989315304067854 0.6761002972465894 0.8968418119374092 0.6931895821003321 0.9033537288328369 0.7298046337183787 0.962021087443781 0.7076396607542407 1.0275808517237497 0.6864397095311939 1.0248770208157434 0.6457122316710099 1.00249057411289 0.6242564214245235 0.9495578590625862 0.6461803589374927
0 1.0258448685134858 0.6448559838606903 1.0301587329769737 0.6860176775075447 1.0181647317827829 0.6921680412262194 1.0359109922298328 0.7143835091152745 1.1023394080672462 0.6742007808453656 1.1296832249959519 0.6585594685714681 1.1508584025614517 0.6327632603311132 1.1399595186244103 0.5996576063590741 1.1239949304989527 0.591106432082484
0 1.0170069696743984 0.6909619840339598 1.0371320591417645 0.716277001308394 1.1306510726936942 0.6577032207611486 1.1429524600833563 0.6605739184583802 1.153724734413303 0.6923047024286998 1.1477094581716762 0.7065476571112527 1.09448697261812 0.7480574002672141 1.039672729153613 0.7779651548132896 1.0274711978565612 0.7534463464704868 1.0105661755001587 0.7289997607693929 1.0061074257850444 0.6976309699440346
0 0.9892924617466738 0.6968947998910912 1.0019645401353545 0.7094739940050889 1.0074635801740242 0.7350900856093797 0.9641003481862664 0.7756835420763336 0.8935473223436949 0.8165415215840813 0.8846108873166225 0.8047463526386943 0.8869812384669855 0.7736551485535671 0.8878407522021643 0.7602562579183129 0.8776382211041441 0.7347123889557308 0.8983519894002807 0.7152719085325735 0.9030913717963818 0.7326387801265474
0 1.14274361007587 0.7094540261611303 1.153859821890351 0.7278703259009255 1.1578845758028993 0.7488431853086578 1.1532894187061118 0.7614580507753018 1.0945763709838392 0.8115424557974785 1.049169109638034 0.841305765060136 1.033756649052284 0.8103346387323853 1.0275247048855305 0.7994923077650683 1.0433267920671427 0.7892295178042561 1.0402516102078054 0.7785681834094196 1.0951291584758596 0.7493478638642035
0 1.1345113458054596 0.7791860355778204 1.1513171720215647 0.7855060920423717 1.1616645883712111 0.8012570581834574 1.1638802564953696 0.8253172832135484 1.1188978531298646 0.8710604103054397 1.0567930995305175 0.9070463059284813 1.0468255120021555 0.8954199497925538 1.0344523419389928 0.8576710636239563 1.050969057604158 0.8438022858493855
0 1.0078434089953086 0.7392146956145381 1.0263767405517243 0.7529277242790867 1.0417800633152086 0.7894827370184455 0.9836008674881122 0.8283149628126768 0.9246437383739157 0.8700657414198067 0.9172364164065587 0.8294104862013315 0.9123795622256288 0.8050848581940301 0.9650681958840088 0.7748272942660143
0 0.9090870524888521 0.8091128780314379 0.9165942305488192 0.828120022604342 0.9187824852061807 0.8689319068692559 0.8513144389975247 0.8750926944781184 0.8138764249333619 0.877732780614369 0.789409397583398 0.8677823688100174 0.783385643471818 0.8478345700220641 0.7849238943537993 0.8133905973373684 0.8046515393076621 0.8059741375477459 0.8851264635672673 0.8046619462339644 0.894641779648532 0.8170601437754815
0 0.7674589265400483 0.7373985703348152 0.7476588389603722 0.7497114815351859 0.7541074510522526 0.7856390981523728 0.8031681153592751 0.8069147917627951 0.8838420918517882 0.802081019039985 0.8879040570057117 0.7609436929191725 0.876742816032215 0.7306721853553023
0 0.7621027918960674 0.82131349555537 0.783385643471818 0.8478345700220641 0.7846784930572503 0.8846062506865495 0.7212534764056739 0.900572124879929 0.6528900251250888 0.9026927088883627 0.6474092607309507 0.8659088444608564 0.655749199011612 0.8484941177512154 0.7162073677664144 0.8344095519879344
0 0.6382659555533297 0.7836698635718776 0.638808285318459 0.8066084378144384 0.6439633878725946 0.8455390136492538 0.6728265200864378 0.84639614139599 0.7168495536241539 0.8357000155849241 0.7769370313799376 0.8119069534048772 0.7756076305054425 0.7974708183868228 0.7532029081580578 0.7871827809635518 0.7473331771203696 0.7518581929424948 0.7019441914190957 0.770453729381937
0 0.5060976587998839 0.7976317117685324 0.5040621073117892 0.8209923180347424 0.5026054368778868 0.8449559528970826 0.5039981425559293 0.8600795229159967 0.5761605420016702 0.859430399077033 0.6424075212983944 0.8513761192750512 0.638808285318459 0.8066084378144384 0.6221656199985117 0.7793277057051756 0.5608753509753277 0.7900595028688876
0 0.38403269700416043 0.8190108996912264 0.373313929703183 0.8333260770154883 0.3722821172495809 0.8732695297070618 0.4289047865501646 0.8800490494207418 0.5092439633804093 0.8829458745168486 0.5152050726407544 0.8624315984218281 0.5034825663052844 0.8601639293207265 0.5033200653614395 0.8413499650833242 0.5017465830950204 0.8185802036502228 0.48996990977826876 0.8100412131366538 0.474493484436659 0.818157291690157 0.41863047277864385 0.8196269919867939
0 0.39295933425665464 0.8761645949303353 0.37656922819858435 0.8914082427066256 0.380340762896943 0.9096313621109191 0.37682178746046135 0.9339326225921782 0.40805461087235506 0.9434731861359014 0.464044232137465 0.943378355840984 0.5109525331238762 0.9412812594221753 0.5114230802155051 0.9293416451933703 0.509343159520707 0.9010724037533913 0.5084027252897618 0.8851769923288876 0.4299359390514542 0.8798802366112821
0 0.5234451548288056 0.8666649823577584 0.5076880968062092 0.8887829801426458 0.5114322180377708 0.9237577587817626 0.5206310101012984 0.9327187813189811 0.5808809888009272 0.9277396833763366 0.6427410010560378 0.9231948012203621 0.6499323150505805 0.8989901309068534 0.6449129599258054 0.8558505386621499 0.576676118252315 0.8593459926723033
0 1.137819898930907 0.852436606798527 1.1563801662958497 0.8657963263257447 1.1645051569188598 0.9054618415312898 1.1005815289847367 0.9397789861669583 1.0460398187678448 0.9606341753464837 1.035740489055279 0.9459220350162081 1.0247551880855825 0.929831444934603 1.0387653240490775 0.9059219032114528 1.0468331594365976 0.8964019597614225 1.0572098710449183 0.9058837997211263 1.1198967985450854 0.8702783667209988
0 1.1487271130557877 0.9162440443975074 1.1678283487419534 0.9354782084775265 1.1697600763395812 0.9746668878004471 1.0985710095932317 0.9907937015082163 1.0454207636018058 1.0024765783110576 1.047827248378626 0.9618323023240724 1.102233716515212 0.9395085020063467
0 1.027791193833105 0.7988936128965687 1.0333465849303052 0.8106555164763073 1.0502253821979664 0.8421795379831521 0.9882049042437263 0.8910926326139533 0.9344746465086693 0.920759488622681 0.9239626928200427 0.9098090375247768 0.9164267698472048 0.8886814843204768 0.9253353402833657 0.8700793898806332 0.9835585741843809 0.8284963364666976
0 1.031548689514861 0.8579085425851939 1.047934617790248 0.8962216369876814 1.0052475212094383 0.9486779945867866 0.9492948250558766 0.99063470802234 0.9337008275511203 0.9730624923283983 0.9290537925427136 0.952952743327946 0.9173344209869373 0.9228201860465669 0.9254120172300595 0.9073356366568648 0.9345422675488222 0.9214937941917811 0.9888232544607043 0.8917367767961831
0 1.0241368378686044 0.9291873007523733 1.0475470033624124 0.9648596859873438 1.0448024133848277 1.001832434128828 0.9256803865434879 1.037732500373676 0.9217486053590181 1.001107383305538 0.9267539722284543 0.9704729011253438 0.9346670438244646 0.971413558416457 0.9492948250558766 0.99063470802234 1.0058658714264164 0.9493221387690159
0 0.789750003270884 0.8728966620935653 0.7882135361095104 0.8865649692717211 0.780889532163672 0.9041622739818532 0.7860872963489037 0.9241818615954349 0.8546962977647803 0.9286025893483348 0.9165710678340515 0.9266720366658089 0.9201947313336238 0.8992452609226268 0.912533327136082 0.8706844906404546 0.8514121493640945 0.8747277986434107 0.8147259184928716 0.8770069223313642
0 0.9164358257537457 0.9252034255276085 0.9278847131489105 0.9523987605325871 0.9222414743512923 0.9943183104098953 0.8464827544922912 0.9851050747466402 0.7995069547641044 0.9667074521646466 0.7923865188877857 0.9440211264352758 0.801710576420466 0.9238602594703608 0.8546962977647803 0.9286025893483348
0 0.9201737997242976 0.9961475670955778 0.9247817913102963 1.0401157398547178 0.8014379774126711 1.0483826786343708 0.7892452585758245 1.0131099823692906 0.8054290286798139 1.0067336129176738 0.8093134154843957 0.9882086653905646 0.8482025630629194 0.985568896155129
0 0.7654983977793743 0.8887929749952121 0.7782132681753011 0.8993827805456341 0.7827536387211469 0.942616647735674 0.7142505968187701 0.95755834893999 0.6565014151478864 0.9617949941908231 0.6487821507657936 0.9265353123998789 0.6545313490769116 0.9039781914797865 0.721981031954587 0.9018803304976553
0 0.7853044214848138 0.9399629240940208 0.7999224418606237 0.9651486796395755 0.8054199727732729 0.9702116717105422 0.8082795781708985 0.9891232937334059 0.8054290286798139 1.0067336129176738 0.7421627943850768 1.0178364779768843 0.6785005947050244 1.0185689036818213 0.6732352094796399 0.9978150104991395 0.6747138164564626 0.9774477918122119 0.6931876460191094 0.9595158705028695 0.7170042427028958 0.9571075420056374
0 0.7893128796159774 1.0138442879383907 0.8052735599392431 1.0596807608056211 0.7296207995937416 1.069829954099582 0.6761422092571532 1.0718766971172506 0.6717754192649601 1.0487395644535271 0.6742781026996783 1.03342232336343 0.6802204032756528 1.01903272509031 0.7420951733449239 1.0171021724077838
0 0.6511203095534 0.9276432779905971 0.6582595621918617 0.9808869389874278 0.5881043327590094 0.9960991243523551 0.5260845597538305 1.002525671836353 0.5212639441917711 0.9623191883095846 0.527708874615622 0.9351759112011502 0.5817479549846376 0.9270744008569389 0.6452072915442313 0.9241390584447013
0 0.6550904292112165 0.9828965184468511 0.6647714087068043 0.996964514594897 0.662983274146962 1.0382529347641118 0.5926349424492532 1.0452975974820669 0.5299968192270962 1.051080000783835 0.5286834418464463 1.0125354656431438 0.5443938646693655 1.001018957207826 0.5883071958794681 0.9983020410596559
0 0.665534056910629 1.0355992111224586 0.6706063398711569 1.048185581658168 0.6757169613050318 1.0794000755819935 0.6728085516293963 1.0903114832574894 0.5435419588670006 1.1010388084309188 0.5384410982887278 1.0638597085674215 0.5467215576523087 1.0505780758850198 0.5920165922322751 1.044653453299837
0 0.40064519856052677 0.9455425908270972 0.38836463202326216 0.9639513480190641 0.3864029169097672 0.9851430336619625 0.38994849356452355 1.0054331054361558 0.4534656903086682 1.0091966745326901 0.524432372223355 1.0027961559969647 0.5228485106820936 0.9613143985798728 0.5131772920421079 0.9412817964921549 0.4636890480236011 0.9441660209399302
0 0.41513703276257174 1.0057816764415834 0.3938997964601973 1.0301290106249503 0.39610200821843666 1.0722549122242715 0.440218202548998 1.071740912783402 0.531977351102734 1.0604456504083961 0.5236013980303164 1.0059137010471064 0.4535333113488211 1.0099309801017904
0 0.42184127659331 1.0725133218428284 0.40432390244840566 1.0947609151799016 0.40866140987379274 1.1357918656626407 0.45904824912549114 1.1305244017338236 0.5349812544872061 1.1173478247765916 0.5435224371557966 1.1129680203102625 0.5442279301241315 1.1024172581822487 0.5400256647790502 1.0628549188377097 0.531359000885756 1.0598015062261668 0.44145490298295403 1.0730292011478613
