0 0.48486266372109504 0.39809206031549355 0.4349034605950568 0.4225790648416959 0.437219817885404 0.4663484372282443 0.45805432549002645 0.4782389305384657 0.549003519855243 0.48627249391265265 0.5646938601371921 0.4613566934655566 0.5655080116254971 0.44438531809976484 0.5980893280380705 0.43233985235768496 0.5872627409056892 0.41326736728595054
0 0.6146451617125188 0.3612244475910355 0.5850011118984124 0.37268915509491984 0.5755650164160148 0.38636217128497047 0.5772536916404891 0.4096428959977038 0.5870449565663658 0.41130918955363915 0.5990140648854753 0.4325572604326886 0.6767466883505484 0.45401069892851464 0.7034814001042022 0.4501255612854644 0.7100874279683562 0.42180269762512523 0.7081820971975173 0.40737025822984024 0.6984165032237377 0.3910898501970241 0.6639007987093519 0.37089760187142035
0 0.7357064182803378 0.4119343227476389 0.7154727929965322 0.4243401285383537 0.7095178605644303 0.43692459929610744 0.7088410941802811 0.4672771066755736 0.7248620617465711 0.4831211935011041 0.7781159585004731 0.49500566658221185 0.8114064850070455 0.5028323572823439 0.8374610439976737 0.4968803378694804 0.8417831582813304 0.4750127656442709 0.8296789224439829 0.46199648885106653 0.8303300178760351 0.44625809594848115 0.8107731589763789 0.4283113943597297 0.777917072355494 0.4135945960744607 0.753411545899267 0.4078332820868635
0 0.826818668701807 0.4187349036586195 0.8312000264403694 0.44328434382796705 0.8289987696809573 0.4599296070812533 0.8437956880323928 0.4742145993310718 0.8431713923453965 0.4861453408065362 0.9270789901678121 0.5185854123764394 0.933143379166055 0.5123832620097213 0.9453827425216407 0.5171677447170805 0.9585713848837694 0.4967490579728026 0.9604186009926613 0.4755709480232902 0.9461912500451516 0.44616405410248955 0.9031619293098552 0.41824930394242027 0.8648668781706828 0.4086103775981649
0 0.9602276163983938 0.4698051188638579 0.9592515376467949 0.4988159397426158 0.945845110945343 0.5172764487545822 0.9334706200715194 0.5207237601330683 0.9410606282379839 0.5390353169422899 0.953626103706075 0.5413538347232363 0.9524858401052645 0.5607911750154408 1.0005989559153694 0.5682887434885106 1.027742436602614 0.5721276127372042 1.047649949773914 0.5621877718729023 1.0649463084592525 0.5503627243203829 1.0684520136686868 0.5238536013614455 1.0330931003350226 0.5028274537292349 1.002412599521453 0.48607950666756033 0.9869902566900624 0.4729187928434464
0 0.9876972091981439 0.47117802318613866 1.0035819204532368 0.48444744104775445 1.0331746283631489 0.5022109624976316 1.050854085029981 0.512724036313737 1.0726658001791611 0.5064101717949602 1.100135392978911 0.5077830761172409 1.1316311740737446 0.5183661108628835 1.1364447141120773 0.5144125173475745 1.133314205333425 0.48761452032681785 1.100621174768793 0.4716647395783424 1.0586271762400012 0.46115618093407224 1.0244398414240388 0.4601108937815754 1.0024371416805913 0.4606589291409197
0 1.1364179143670214 0.5182201687746956 1.1640248922709273 0.5329742051106509 1.1767277528431737 0.5486738549052715 1.1771935076457525 0.5812019480920528 1.1577215631530993 0.5950581444209777 1.12756041663222 0.6032229876918425 1.0842351699083501 0.6063859401803443 1.0641634718878388 0.6067523004580929 1.0598111714802498 0.600008134961144 1.0446066129881824 0.5888055988693415 1.0384863669139102 0.581010125990782 1.0388928782615832 0.5671212067830061 1.047269109378338 0.5614625766037972 1.0653271488548284 0.5510879195894879 1.0705460714478754 0.5224389438166432 1.0526220306966643 0.5137753436953475 1.072828856235414 0.5051771893317538 1.1007608174588663 0.5066587976915365
0 1.1462718091266804 0.5987228638744674 1.1716752726852562 0.6085092373641893 1.174832581208964 0.6314995829578249 1.1637938537020536 0.6645012354025782 1.124820907385773 0.6744083533880291 1.0842698712041177 0.6782235301015422 1.0477706942696432 0.6766347227615362 1.0412416792617805 0.6611152429912327 1.041159022440695 0.6509252711730761 1.0588909498046801 0.6430165790851796 1.0599496853773642 0.6241957300245783 1.0640819438597122 0.6073687916896962 1.0845344822757998 0.6077276266810526 1.1268534641241383 0.6049637573491502
0 1.0278239646307403 0.571511121505601 1.0390849916488094 0.5836934989921985 1.059648115423997 0.6012411174243505 1.0654690491308192 0.6076949038022016 1.0599496853773642 0.6241957300245783 1.0587278937484275 0.644249561548386 1.0255479526009545 0.6536116542890493 0.9467822645152946 0.6363649503769438 0.9357658215816047 0.6223330991955369 0.9333701938490488 0.6007931441401113 0.9360885473152338 0.5874477451198447 0.9444647784319886 0.5817891149406357 0.9523227840490117 0.5620241574786472
0 0.8427637522047646 0.4892277969645522 0.8379234124213761 0.49698904190698223 0.8256583781136935 0.506818673676504 0.8270466121777593 0.5179512488387693 0.8240300751370835 0.5407614244080875 0.8308852022574519 0.553814939251978 0.8896071208606151 0.5784268150644708 0.9342938019034948 0.5902040891653552 0.944546306460115 0.5811726237090324 0.9525673681333908 0.5601746837838376 0.9551762650334349 0.5404469643725354 0.9394289388824977 0.540558678524594 0.9335253483545898 0.5239149203285861 0.9256918848967051 0.518259300263934
0 0.7110725370636256 0.4792435811444458 0.6985640474645226 0.501729149658537 0.6955463816308879 0.5137328621780953 0.6964465763191544 0.5393708477797396 0.7111887663875194 0.5504646798340403 0.7652311436776292 0.5599918920262372 0.8046955157485858 0.5679987527506868 0.8244399728636331 0.5592918943495911 0.822942282233426 0.5417769987962903 0.8271281402058858 0.5173347576071661 0.8091761709166599 0.5016723458632316 0.7781974865285994 0.49438917535060867 0.7242366372666158 0.4842454719268086
0 1.1278232859203225 0.6715327378550849 1.1600276320846072 0.6958128073002195 1.16090199456464 0.7345211269430646 1.1356016205512849 0.744555217737567 1.089599650477907 0.750448775696677 1.0465193103506905 0.7548498153617293 1.0316609741829903 0.7477242459382216 1.0261252871404019 0.7195435097018225 1.0344855590925772 0.7098855585953912 1.0448037937688808 0.6977820614159231 1.0506763918921713 0.6780951797113728 1.0850850170701916 0.6774671335209467
0 1.1368448124411792 0.7433945612939068 1.1460462384951313 0.7520960444904367 1.152202231433571 0.767346209019566 1.1527638608674862 0.7878193275451665 1.1325307193520917 0.8048564746429211 1.090725489443929 0.8160954997187577 1.0254208366989337 0.8196303472147174 1.0262581206534236 0.8009390510613591 1.0152212449955977 0.7772767074138843 1.0274987324451264 0.7750779076468192 1.0320030454600757 0.7492576019390311 1.045804539516456 0.7561347049911061
0 1.1182020942891473 0.8102053818905697 1.1223056595650749 0.8162554104148426 1.132345659622613 0.818615840943454 1.1391870851643189 0.8492829609596421 1.132567797877634 0.8622560904391247 1.1089458619205463 0.8719583193832298 1.0853864725726814 0.8853075885507837 1.0445129915573919 0.889500999551155 1.0193364207133877 0.8944789273071155 1.0115339080478407 0.8875592664828279 1.0093870154469458 0.8667134484000781 1.0035424655055274 0.8573482415027535 1.0021116337879628 0.8475677772760669 1.027288204631967 0.8425898495201066 1.0239287484212414 0.8185530862500219 1.0912539104995889 0.8162197329044741
0 0.5975564602638014 0.4335367438042396 0.5675628433587309 0.4460997761507434 0.5614745572258976 0.4838976257868221 0.5759295655563847 0.49819304247151125 0.6699578851837797 0.5246581511600227 0.6892286495262377 0.5190182197687286 0.6934827761042932 0.47860975316714477 0.6790890243339338 0.4556111332204648
0 0.8318717062743419 0.5569127815431472 0.8896878694490031 0.5770437178255842 0.9312787013967189 0.5962659041667157 0.9356018248294767 0.6212556952157798 0.9425032168822148 0.6308693684845371 0.936039651094041 0.6467849767799224 0.9116097694134311 0.6584766567609506 0.8271862036772011 0.6335431840077874 0.8141607370151828 0.616677988064345 0.8108638274136809 0.5962882650177092 0.8130693964765119 0.5837303928675883 0.8137828772616506 0.5700952597527719
0 1.0241289558416347 0.652239196493216 1.0484695327802447 0.6783028083760536 1.0456117394924025 0.6957926103790001 1.0351071550375242 0.7093052303735611 1.0243230459147838 0.7249315345907617 0.9923688861873929 0.7152396260394229 0.9362630793981581 0.702775469761033 0.923984301899534 0.6926240260426583 0.9237341154626402 0.6780358651488626 0.9174849476349132 0.6634902620272797 0.923824710253736 0.6526308167704363 0.9364748972604136 0.6476137713731852 0.9430010096578109 0.635345203301249
0 0.6948881397381772 0.5421427929665859 0.6857212121115763 0.5661404385953801 0.6905740466490898 0.6036047063156004 0.7057438258138113 0.6166152333709128 0.7490743523779216 0.6268023545996563 0.7884570351646147 0.6338819261200288 0.8046823663915603 0.6347906760613343 0.8163995144562692 0.6244690012541084 0.8131038949038631 0.6164295216929123 0.8092785642467013 0.59591556546056 0.8129762215872246 0.5844349542751349 0.8040849484811983 0.56926818522497 0.7659454575843994 0.561027957260937 0.7136943196832947 0.552375912098464
0 0.814627901510715 0.6255054245120522 0.7981243356650034 0.6390606022788262 0.7950189360384591 0.6666627303588563 0.8091944197010843 0.6830718312661851 0.874254046205569 0.7143497968181887 0.9168072553262214 0.7221747674528599 0.9244195480659065 0.6934528206359211 0.9238272903519276 0.6773313037413159 0.9142518746917303 0.6590978226895324 0.8282430457885208 0.6337916503792201
0 0.9237673238408955 0.6983847504887466 0.9161856593812743 0.7227550956746899 0.8958261345983368 0.720147918840107 0.9065235190772687 0.7669773934576517 0.9189580180744037 0.7800713159919289 1.008663214269041 0.7815466336313763 1.0142575777735654 0.776323679634905 1.0266282401123812 0.7734203184602935 1.0310393782380431 0.7483045741600517 1.0254424346353272 0.7288270411856433 0.9928973072430528 0.7153638592251393 0.9370403968416161 0.7051376203551052
0 1.0080416183240937 0.7821269618532063 1.0177089188244826 0.7873056380120037 1.028122908488265 0.7991980663958688 1.0250787654218483 0.818096991213908 1.0279098005769138 0.8420095212982766 0.9969831447298747 0.8492679242348057 0.9430229404924391 0.8452993425537256 0.919648610874053 0.8448892454207466 0.9046345532078423 0.8348211971813365 0.8981339088941256 0.7933371896805183 0.9068655903543541 0.7685107494584612 0.9192069144622016 0.7823092334002849
0 0.8957329597090495 0.7208524802476535 0.905466676965949 0.766728927086219 0.8968907170042313 0.7944978461241785 0.8387324825524847 0.7728335538409321 0.7834333314376759 0.7460297030401791 0.7796705473897376 0.7291627870312758 0.7838647074567613 0.7098077671771227 0.7797292238516736 0.6957590967984052 0.7935893943699901 0.6692325096176098 0.8095364909781697 0.6846051872669944 0.8758393093725487 0.7147224963753379
0 0.6872477988166197 0.5999168283853996 0.6709318727985784 0.6244131268225203 0.6600545887865508 0.6407439924472674 0.6580366595513902 0.664242985267735 0.6616437221008178 0.6781674224607359 0.6680779496580237 0.678953659281786 0.6777146218783485 0.6884839370715787 0.7554218552913191 0.6900443702554516 0.7736983241316808 0.6878030127161736 0.7896428406416688 0.6784752033946789 0.7915675949875421 0.6556807719817579 0.7887991064417001 0.6354152821208383 0.7488880025993471 0.6282114774147491 0.7057438258138113 0.6166152333709128
0 1.1081379161970242 0.8739477704201528 1.1232770670816823 0.8913098991064606 1.1261093922858434 0.9275726726762691 1.1158217858896033 0.9353245682247416 1.0703482368718857 0.9413423593695681 1.0311531939128629 0.9452039085195421 1.0014071833464944 0.947654614788962 0.9993228373548231 0.9304558369296613 0.9903690176395731 0.9116420276560476 1.006811326925157 0.9067900531512646 1.0125601218790967 0.8921593344852562 1.0197716668797605 0.8953077219003784 1.0444198166681045 0.8902055609587016 1.0859148936283414 0.8854318217365001
0 0.9041686787614058 0.8383440042190692 0.8979540093610299 0.8564975299228103 0.8895924473597591 0.8538052375438016 0.8831633799989362 0.9024199746645106 0.9527898661275938 0.9115246747321754 1.0060033812016353 0.9087795041881878 1.0122180506020113 0.8906259784844467 1.0098222616133183 0.8675422429933409 1.0008684418980685 0.8487284337197273 0.9444218538808441 0.8470811649259676 0.9195554359847657 0.8455938068282931
0 0.8973259631706039 0.7953266407174414 0.9036708859858098 0.8338681694023573 0.8980471842503172 0.8557929685152637 0.8326148581886834 0.827333248593446 0.793417235131469 0.8064943107725404 0.781138457632845 0.7963428670541658 0.7822833144370689 0.7464857980762929 0.8391677287188573 0.7736623484341948
0 0.7834078633539951 0.7997822786129337 0.7758261988943738 0.8241526237988769 0.7601918353323116 0.8270151472667369 0.7586104423126192 0.8636931781659071 0.8226438549858479 0.8903710757154827 0.8806769962191476 0.9047412875518311 0.8891572011933865 0.8529764429505388 0.8331432792443433 0.8274574817791622
0 1.0019356044021543 0.9477788479746785 0.9974619196672689 0.9692475520514711 0.98189010271443 0.9757571157427799 0.9916531582022974 1.0049317174649102 1.0319675898818634 1.004965674909818 1.097519848965561 0.9913185013367741 1.1116621242499307 0.9873787169042186 1.11744283753303 0.9807466400926547 1.1165378467729337 0.9463899220808049 1.106372753496949 0.9367354111052958
0 0.574344302389405 0.4978203429143621 0.5521531981498815 0.5173030360851536 0.5467145561438678 0.5254684688975272 0.5452263380134628 0.5614419383891509 0.5633177471243456 0.5729599471504057 0.6310168988089382 0.5801585916601117 0.6542674252579729 0.5856248518316326 0.6737551676590693 0.5742241959942499 0.6855348623330018 0.567549561410473 0.6903799565759406 0.5309123682180547 0.6697715354052052 0.5260672739751157
0 0.5615461341787914 0.5739963704083496 0.5419345886083439 0.5904531892842741 0.5401655557609812 0.6161900995130977 0.5427783228083126 0.6335131105581148 0.5668687133100286 0.6449885615471568 0.6336348260526525 0.646882576646888 0.6580034511731347 0.6438940999278508 0.6695329594101733 0.6226313044502781 0.6767738426418052 0.6090778467489653 0.6656744203747562 0.5817684628780416 0.6546094965350583 0.587158207832442 0.6321669158095451 0.5797024966239981
0 1.1027161033374242 0.9910641443096294 1.1074113500882514 1.0217223989660846 1.105947861260118 1.0283780527646778 1.0950010325469592 1.0405816192969704 1.036036230544128 1.0586064696644704 0.9850898984868042 1.0645170357183342 0.9864850445395607 1.0407348781843428 0.9806939075568647 1.0315958955999947 0.9908071682485837 1.0036414130531655 1.0303734924438768 1.004388342279741
0 1.0784297804553922 1.0467963864478216 1.0953700122546084 1.0686672629490135 1.0962705419400405 1.088322657320419 1.0800340981684342 1.1140598162556146 1.0253941820973962 1.1214352522489968 0.9781072626660982 1.1173176964956433 0.9676892217079522 1.0946469629902382 0.9693850046929808 1.0818239453728917 0.9810314780995952 1.0775623381413981 0.9857553717925711 1.063895743151434 1.0366019519095993 1.0587394722515315
0 1.0702842927388252 1.1172118409403684 1.0837304444049185 1.1390389970731556 1.0825361833441387 1.174534589677754 1.0678615992295768 1.179639774281865 1.0210078589471507 1.1810682897803646 0.9559171116416628 1.170431765779172 0.9488933988763438 1.1485590477961336 0.9647991776621436 1.1429655732121828 0.9807377467242473 1.1327133251174015 0.9794382092776321 1.1160751113618423 1.024063235485862 1.1226778373827977
0 0.9900322752228268 0.9124628231243199 1.001082999210436 0.9391710375736549 0.9976586429640751 0.9694758463191783 0.980521669507037 0.9755576108829684 0.9220200747066116 0.9680257082344322 0.8828855485488053 0.9596028248811798 0.8730674003438188 0.9456283458305353 0.8769235546276666 0.9076475829583351 0.886506646452988 0.9013453750706741 0.9531948059145936 0.9131352019870113
0 0.9788245054106236 0.9751586031217853 0.985315287086775 0.9922395450069325 0.988311988629804 1.0092767665236748 0.9800284342510974 1.032217188166895 0.9216607627786564 1.0324942422320962 0.8609960344566421 1.0236760340813538 0.8594956120180505 0.9953243852551883 0.8627218454952046 0.9797501921961177 0.8755667232967534 0.9796590684956149 0.8832517660336847 0.9612444177761641
0 0.8697483204832934 1.0280669609362156 0.8636934801787834 1.042976141059981 0.869020028847689 1.0644498512818363 0.8684556885936027 1.077538874073305 0.8792713562015471 1.0839704015843339 0.9261920581479653 1.0864463644427034 0.9548101725187147 1.0861748348230416 0.9683533139023341 1.080803645044808 0.9806652606147155 1.075920745246414 0.985855123732867 1.0631414479974721 0.9862185789949769 1.0383389901353972 0.9812596289223358 1.0317288981870556 0.9221267322038318 1.0333815399731188
0 0.9644602260080283 1.0837771052922494 0.9661915614921304 1.0927393649211319 0.9789722398524567 1.1151878136208195 0.9802717772990718 1.1318260273763787 0.9646324640578559 1.1398153900092756 0.9482279255705766 1.149180340363034 0.9011077197435668 1.1482129678125879 0.8553512508043943 1.1413442366175102 0.8492936482771146 1.129809365984216 0.8570798240657267 1.1238624454893333 0.8556791535674309 1.0947565015092062 0.8707855357194794 1.0819753627784179 0.9248611115364314 1.0876889495765043
0 0.7610490455349882 0.866405732078325 0.7612540738611194 0.9177852432845205 0.7715709817675848 0.9279882465653575 0.8173630032058306 0.9566422550066642 0.8750010019312823 0.9795260659085537 0.8829853004891011 0.9588485297272183 0.8711707323668137 0.9467379283772751 0.8726970395247846 0.904320676799962 0.8232128151842093 0.8903535636767034
0 0.7675111802689908 0.9278115236098916 0.7622885268745356 0.9452495943696636 0.740725534434024 0.949513043083004 0.73690217042648 0.9828350324443734 0.7465208147508747 0.9983181018029414 0.802793695477104 1.0138812459709328 0.8580007140249983 1.0198608379431413 0.8578981998619327 0.9941710823400435 0.8640527921067386 0.9785076070623168 0.8173630032058306 0.9566422550066642
0 0.746421062810579 0.9990723969569029 0.7486525391075448 1.0174852061945072 0.745394896465472 1.0509401981429378 0.8077253797189811 1.0780382129442234 0.8635650812963387 1.0880552858603618 0.8681892230490189 1.0751429860243589 0.8688533152434009 1.061299668078929 0.864059697663663 1.0446177339549652 0.857601706263815 1.0228780185589874 0.8030601610216879 1.0162771340198786
0 0.744063949853938 1.0521827832767388 0.7339493080508339 1.0669152404450382 0.7306588751324575 1.105029005904299 0.7973142443177594 1.1214776063314666 0.8402093161532724 1.1323400981020695 0.8583110187369648 1.1233741555094938 0.854913928321368 1.096132089230068 0.8604372186480953 1.089653158386941 0.807059906413214 1.0786595055111239
0 0.6700838745741111 0.6809149423543452 0.6552781293543347 0.7046552210017785 0.6576777003669736 0.7394402388208198 0.6750825204799802 0.7489763876845048 0.7567117296007315 0.7580569180456761 0.7673934738806913 0.7566794888429677 0.783498756547083 0.7495774239510936 0.7799691239148868 0.7277484263364599 0.7833948612726325 0.7106656429694661 0.7810308427590671 0.6976659023966537 0.7744075188663162 0.6859980291762985 0.7551074118876893 0.6907934882378829 0.6790028742050503 0.6884560524121143
0 0.66416710093174 0.7432991553274372 0.6571803217768795 0.7564337399691571 0.6520574203227201 0.7731175155749676 0.652225515038393 0.7894897241564044 0.6591480947520313 0.7988947119148749 0.7270346586085714 0.8148550223622032 0.7685987838325503 0.8269600992666067 0.7762852076808665 0.8217674739256857 0.7839032887538058 0.7994483448493659 0.7767114812728139 0.7612034182848904 0.7554805349294933 0.7585452080255156 0.6749827685396844 0.7497306828384662
0 0.7509616695626484 0.8235913142216753 0.7552551463295224 0.8308226987369173 0.7496348662852691 0.8644999754910652 0.726374709748344 0.8683644164432224 0.6812509238386348 0.8655331661920745 0.6315016150648607 0.8623921903984 0.6229146615311125 0.8479294213679157 0.6246090634047563 0.8218843783720396 0.6357895673861953 0.8167354733995232 0.6480317902118147 0.7815040444872009 0.658016652021089 0.7986287067407529 0.7263691853028045 0.8154763149291037
0 0.6471750996937655 0.8629660796332024 0.6407882132920645 0.8847969187296828 0.6419552085220801 0.906848201150034 0.675167436591976 0.9247671959622591 0.7399930994642648 0.9462298572930354 0.7620890229939441 0.9467581846775869 0.7685428710596373 0.9288318239379754 0.7620192991071821 0.9164096555636586 0.7586194464688156 0.8627235385271735 0.7261752058677523 0.8698730067511454
0 0.6400913308213787 0.9032990101859433 0.6294437579291071 0.9132396912563511 0.6137744166343572 0.9523318781571376 0.6203321599745008 0.9733172983991536 0.6870872811000985 0.9890116036723596 0.7392320175523568 0.9872715211494866 0.7358704796358334 0.9818147321162898 0.7401598130685529 0.9493800404959428 0.6734702724955623 0.9243681882010759
0 0.6292839498817436 0.9761996349460921 0.6218325824130924 1.001668947225319 0.6217028024192628 1.0335260666471704 0.6893898623952113 1.0509949674024217 0.7438644459733463 1.0536913735846618 0.7474213444363067 1.0179734961743465 0.745588875900524 0.9965435063208959 0.7386662961868856 0.9871385185624254 0.6877527544058655 0.9883903111054589
0 0.6199058863825535 1.0338813540399487 0.6165143204124962 1.0595273892746417 0.6084288888029968 1.067737195231409 0.6470318649830205 1.0845903278652995 0.7313571387145281 1.0997489398265683 0.7349809988414806 1.0679355407731217 0.7304538468063263 1.0536494946981034 0.6887243890894443 1.051616259969322
0 0.6012343190992352 1.003048217909874 0.6148130129819281 1.0194623053778695 0.6183084742264358 1.032728051124804 0.615449839345546 1.0631658624573885 0.5753177937847818 1.062285930643752 0.4937213749403342 1.04854662677175 0.49415041075505123 1.0144266218880142 0.5042322622818515 1.0043529382305454 0.5592725672254578 1.0071823469998464
0 0.3908529328079531 0.9574757338800257 0.37311744770914024 0.9680832693675855 0.36583417495616183 1.0099247902282493 0.43452013544645324 1.033072764822415 0.48733172631586336 1.043933415111171 0.4942187535304283 1.0315531256234127 0.4938169835464753 1.0081262554821993 0.48516306834873496 0.9897590080948465
0 0.39244482051853125 0.9057409352810519 0.37480908736001417 0.9155941756146501 0.3708859714121743 0.9496704601299811 0.48582854165450196 0.989137715527946 0.49304899607764274 0.9830577924460022 0.49687374119657174 0.9629578284631624 0.49903549360677574 0.9510221085868386 0.4862889866341378 0.93713691175485
0 0.5077863985220421 0.9421910100631706 0.49687374119657174 0.9629578284631624 0.4929492441373469 0.9838120875999637 0.5002722127235534 1.0034219201211176 0.5599380405312249 1.006561054432946 0.6075570060597137 1.0037569512135844 0.6206013877418544 1.0021572372051586 0.6253239003234454 0.9752686168366648 0.6198661905493253 0.9724300006581309 0.6113448175681845 0.9486496846059859
0 0.4043850253004935 0.8463283410735549 0.3821907309419034 0.8597763342214949 0.3765376606213464 0.8981123844864731 0.3945082020998243 0.9077815359372193 0.48535704778378697 0.9353623162728048 0.500098593562341 0.9341616100255621 0.5028902667792385 0.8998193203361088 0.49799551614781984 0.8706696559875767
0 0.5671474460632866 0.8947049283227648 0.5157993440220098 0.8771886242354157 0.5029900187195343 0.8990650251821474 0.5016960057184586 0.9353149129407069 0.5075868946414506 0.9436996003710938 0.6133412374854854 0.9467858069052845 0.6293767962651151 0.9093352128994822
0 0.5265425255204225 0.8268275718754573 0.5179583342094439 0.8388088536020325 0.5145011876867795 0.8737724358583862 0.5682788887942289 0.8949709334968871 0.6306079909363531 0.9088469229196429 0.6374294375983108 0.9057841804535453 0.6438477331649306 0.8660725424677048 0.6307363898187979 0.863767778119262 0.6226140245988402 0.8369702814512708
0 0.4142618485011627 0.7848751462098905 0.40541119164560047 0.7944605398875199 0.3938644701792819 0.797967851965052 0.38924309064937146 0.837324202558114 0.41080746420126796 0.8462827792233035 0.5121385502845991 0.8739947206641036 0.5179583342094439 0.8388088536020325 0.504145965058471 0.8153401045742611
0 0.42054483962841327 0.7241325261317827 0.409132041490079 0.7354487949230526 0.3994819880007655 0.7378465244538447 0.3922629146890096 0.7571484729143183 0.3943946390456797 0.7763155773058842 0.5019828315368821 0.8140537990720552 0.515493182644198 0.813341382804652 0.5132617063472321 0.7949285735670477 0.5214455087856424 0.772742447077789 0.5127246319239098 0.7504707213335674 0.49978000218206514 0.7513161401880315
0 0.5206802835395796 0.774118034798651 0.5134612102278238 0.7934199832591246 0.5153606404275985 0.8187544514694439 0.5348616323982021 0.8256724274784659 0.6108336278642414 0.8334229319690268 0.6240775134269736 0.8303146276526778 0.6224459298831674 0.8205980728698338 0.6382519567286715 0.8157588934398444 0.652157172263016 0.7723632204210061 0.6425726993263098 0.7654434029301375 0.6142880121641362 0.7720152989556137
0 0.45316372410514016 0.4774780107863538 0.43369828463361015 0.49234531202356063 0.42424911613627314 0.5064564766249594 0.4250171036051057 0.5315249396611569 0.4546682898778865 0.5454957357481084 0.5076465943515845 0.5595065692397719 0.544384311719522 0.5595884855310421 0.544813347534239 0.5254684806473062 0.5556604243071022 0.514019209268975 0.5665744627439574 0.5064744162475131 0.5570555703598584 0.4902370517349837 0.5476378110274402 0.4864674174470225
0 0.4559992364894204 0.5442531506143075 0.43819540861523054 0.5377341823664686 0.4235208245006687 0.5428393669705801 0.41680051089039166 0.5583698396612459 0.4143408837706852 0.5857904703779839 0.4335098296440976 0.599630105359721 0.49344350410773774 0.6183871530990247 0.5370368395253212 0.6239695787918965 0.5390660497189258 0.6174469275803646 0.5454187647329383 0.587052836616185 0.5412906204589673 0.5697496099253208 0.5339020713201535 0.5594573244258274 0.5082123157170558 0.559639571826833
0 0.43906729135851347 0.6017144263842932 0.416740454783324 0.6205754881970252 0.41274899606010707 0.6375252689769578 0.41514718596136096 0.6590882614174695 0.45687802478962786 0.6743435215247805 0.5086579248683915 0.684183871485453 0.5306540964577748 0.6854664940239658 0.5367075556509 0.6573352885216709 0.544825777536703 0.6444667090540731 0.5322118127806645 0.6251684435572927 0.49287778274226657 0.6182541505119636
0 0.5481859343418416 0.6367014727087401 0.538604223627905 0.6562257059749309 0.5316188255844292 0.6825823159951806 0.5333843324562197 0.7001078274917623 0.5945150302034095 0.7098133333835271 0.6551455871377353 0.7100682896665703 0.6555773851752221 0.7023923355398937 0.6645605842473838 0.6873938731974722 0.6639606914942241 0.6786976187427118 0.6587694472646878 0.6782548906131239 0.6583020967281275 0.6641455674935716 0.643691712054788 0.6467111796974926 0.5673876704915575 0.6458823341796469
0 0.4228677811973656 0.6624588879442476 0.4042331475245057 0.6666330544389316 0.4006406965624719 0.680565654603018 0.4029705436883487 0.6850021433081311 0.39914579856941984 0.705102107290971 0.4209110571132928 0.7257741190267669 0.5002459716072405 0.7522034379290542 0.5187808533398047 0.7487835665883317 0.517281812012598 0.7336539431406957 0.5268976941142229 0.7226929617422041 0.5234022328697152 0.7094272159952696 0.5152470773734539 0.687288492838109 0.4564120553644525 0.6734562237837579
0 0.5382763208648687 0.7028134410832351 0.5274634154796941 0.7228259643292652 0.5160506173413598 0.7341422331205351 0.5207772732571057 0.7469196888876303 0.5164195970490092 0.7622278767725786 0.5219114782108178 0.7736297448188117 0.614387764104432 0.7712610038016522 0.6441701114824274 0.7665967058452822 0.6482599410345553 0.7356706045328584 0.6328501597274645 0.7110485525899422 0.5945150302034095 0.7098133333835271
