0 0.23691718080325086 0.10542242066387526 0.2511786695775136 0.10164871169060478 0.29701477707928015 0.11665976344210642 0.3046157603955873 0.1046940543663079 0.32322397827891247 0.10716970117635045 0.4282590465727916 0.14098311056971013 0.47489248304434184 0.17070276922279712 0.47709063053579187 0.1827991544215016 0.4778185971000163 0.23481303083820848 0.47014052787874705 0.2535479005003333 0.4553107930831291 0.28046597180644317 0.44242260279940815 0.3063400342772549 0.39836614450021135 0.27328718593431284 0.26015190127340004 0.21889614407761906 0.2256732143329348 0.17865711155195352 0.221743858857257 0.1535936005869177
0 0.54608564720484 0.18214059596856735 0.4783059123230585 0.21053286750901903 0.478706727585648 0.2393976049981719 0.48923831057022527 0.2328019507241378 0.5095789890476893 0.2403468454349378 0.5276593448427188 0.22002689844250423 0.5394756052635471 0.22020127220845573 0.6377226205949454 0.27529943791284145 0.6571688797346318 0.28451223004895504 0.6797899180879217 0.3138916621432734 0.6854422691015049 0.3044088350690339 0.6821936611338533 0.2907253348273108 0.6674547021190739 0.2653314096578481 0.633484650207236 0.22891335076520627
0 0.6859970618917076 0.3026692155628443 0.7026988743030467 0.288092684566622 0.7186781992226954 0.2942523568292677 0.740057794536275 0.2959821134629805 0.8108952454810706 0.31511926901783516 0.8317907167487374 0.3209245442224455 0.8603531011122865 0.33252666793897717 0.8706463206510862 0.34259169835291353 0.8788680265371713 0.3466489273586453 0.8831566284757792 0.4014012178907036 0.8605197900736976 0.41611697970233336 0.8109016368953517 0.4469520153389131 0.7691138543697764 0.4265224261485028 0.712022840009944 0.4088956476383883 0.7042441066481483 0.36593958033376683 0.6953294304930391 0.3501311339236192 0.6810408411569069 0.3150842212603101
0 0.8213698768952324 0.31779548892175713 0.8387171880344555 0.29778493316433796 0.8709774729094624 0.26653364126132373 0.9006958372597164 0.24495783976366647 0.9224962850292768 0.2695220295668168 0.9469768308024116 0.2979015658752158 0.9545498779508543 0.316211858423334 0.9642545503321857 0.3224390394205112 0.9712590875165512 0.33088117823215496 0.9846996519212052 0.337897302118968 0.9984967200570669 0.3477738825481315 1.030375221122799 0.38421444435228386 1.0418486949862942 0.3931361348185491 1.0336512634381996 0.421113491079335 1.0253093343917667 0.4532380879918947 0.9798637257415164 0.4636013057815998 0.9618529615559357 0.43937322347131885 0.890671646918966 0.3820994562493552 0.8831228741085136 0.3958237489677548 0.8790294012191422 0.345290421168346 0.8610861457680932 0.33221727670396267
0 1.0355532453897647 0.3813026464451739 1.0987431312543348 0.3895766010573472 1.1002264692309724 0.40510116625514175 1.1921267462419844 0.4638044952348008 1.1811458085712063 0.5242322233489064 1.1296641635169231 0.5374449500324695 1.0531545357448855 0.5092454128992648 1.0224251102927533 0.5078264340938925 0.9872687147575907 0.4636414548252266 1.0268635535585684 0.4504537004325633 1.042334807520978 0.392241843544665
0 1.1685547430252756 0.44615048136005414 1.2156152033285772 0.44214496884055404 1.2437552836349846 0.4493551795831448 1.3270738320138276 0.48026022907161403 1.3290079469673746 0.5320068621181698 1.2928247757645324 0.5604926001278271 1.230585375472915 0.5562221970973668 1.1654628453581384 0.5602162039403107 1.1447739719645886 0.5342977801921598 1.1816095294342412 0.5243301515747179 1.1923470847500601 0.46194961178266153
0 1.1709540495451978 0.5620096371340945 1.2315862633683432 0.5557997590649432 1.3010983051298006 0.5628736026764795 1.318352467078331 0.5696863476775466 1.327559223501718 0.6242364213051782 1.2972114434858446 0.6476164249582971 1.2442651896730987 0.6611536614484721 1.1658646907159125 0.6648788559048816 1.1562820741883157 0.6375030144461151 1.1805467660335522 0.6293173133459007 1.180178064483419 0.5683941912644598
0 1.1664753039176645 0.6637401951626002 1.2687963077201778 0.6587284671562985 1.2964726671635503 0.6658407496730779 1.3070143985215175 0.673137382964924 1.3143561715320076 0.6873639089362702 1.3114413686045476 0.7159033834282177 1.3045273287240833 0.7340912301755428 1.2813326563149248 0.7532775786336038 1.2287536333489717 0.7637233427035467 1.1621204067819655 0.7604264690929229 1.1461839612531808 0.7545258032533365 1.146137873559414 0.7469104129931564 1.1739423961233288 0.7369370315374364 1.1821640524627817 0.6797294291985523
0 1.148525609415238 0.7588231395124838 1.1880887751119156 0.7659104497383638 1.2300713497687177 0.7646354218650275 1.2756585720561393 0.7850371789007727 1.311310361558637 0.8090450217767069 1.3054116241630673 0.8547008853703316 1.2912479866596462 0.8738929866666708 1.2689850706052659 0.8812338117020383 1.2494079897128527 0.8859728054462304 1.1592488476229041 0.8726373082210399 1.1290609038318737 0.8586565832831162 1.1396803959879078 0.8532935422165991 1.1640185340025033 0.8444895466323382 1.170311860720458 0.7875085258742548 1.1405415500986957 0.7660103389019622
0 1.1479496107244676 0.8677159246395681 1.1401124437466423 0.8736665350609538 1.1434506651754193 0.8895828131619941 1.1381625409816014 0.9341000160133374 1.1141181876444406 0.9404308336614126 1.1126449496285602 0.9648381032166579 1.1395364450558718 0.9825593201880382 1.1597198245213285 0.9887230455758811 1.2173954623519556 0.9913958718641805 1.2924807837272483 0.975562094436821 1.2958045905665592 0.9635879176591379 1.2921999429359396 0.9419111327500568 1.295505020557076 0.9140878809679672 1.2545823653755943 0.8864317214461099 1.1830685478232807 0.8802027538994208 1.1607365002282504 0.876120493544518
0 1.1372178407406976 0.982069679058981 1.1592561036582936 0.9886251173500695 1.218396350247384 0.990973433831757 1.2405354178099304 0.9886768928945724 1.2809209059590185 1.0168534186746647 1.279424624096255 1.03745299309982 1.280416882734266 1.0611133148160297 1.272602759603324 1.070871620367505 1.259834599317716 1.078316126466962 1.2427964612485527 1.0816898778880724 1.2094229736995112 1.1025295005083717 1.129681714475696 1.1015349206732103 1.1197779547950726 1.0848659418948563 1.1150989730996663 1.064229889502245 1.1044607517254574 1.0537438555643555 1.1045111540479324 1.0493178659502187 1.1267006239329542 1.042595335398898 1.1305788563194927 0.9819352728657136
0 1.1301454353387306 1.1016328488990217 1.119800998641956 1.0886736370249464 1.1115879715599206 1.1217984796151972 1.0803631521404529 1.1405566372025566 1.0824067009963674 1.1593685312722062 1.1001706715016994 1.173894594759265 1.1026779412206489 1.1928044170547258 1.1505693532337784 1.185805360340805 1.2270458371981752 1.1702653675908794 1.260465412440983 1.1570411352307604 1.2598864723435317 1.1379047313544985 1.2589446160279958 1.1098184200241525 1.235372612811287 1.0921644061494058 1.2130592944344314 1.1039312207989098
0 1.2241396635281325 1.1747220823341937 1.245489552445909 1.195075855725927 1.256375470803786 1.195473321467451 1.2548936035304887 1.2439633507713295 1.2401236674540241 1.2522527329356332 1.1763606268240514 1.276815589074555 1.1051089208448714 1.2883885082102229 1.1017476555692112 1.2686645349790926 1.0754710879723604 1.2377632773911142 1.1039596699073857 1.2260329407090662 1.1020673280188968 1.1939430777970073
0 1.1052788570304721 1.2909596143722202 1.1787526773085841 1.2766869357195656 1.2275023995071332 1.2584606500669975 1.2411893722613936 1.2752947601677966 1.2402763451247902 1.3029893585948968 1.2361676742694183 1.3255724698271807 1.170448945542356 1.3585955922911293 1.0912362240935165 1.381163405946366 1.0852121675027726 1.3678489591365004 1.0758268456363678 1.3348105390955052 1.1003622783121556 1.3203439649290147
0 1.1921516507174594 1.3479674383839069 1.1685206159208579 1.3588221738719302 1.092237111988945 1.3807409679139429 1.0795193540258121 1.3837594843992627 1.073362819685817 1.399572081436214 1.041747725572673 1.4176140163137152 1.0742456444214605 1.4561671421293294 1.1354611129707661 1.4570522880621235 1.1918463928572396 1.4505793504447155 1.2316846140131767 1.439344407730003 1.2280799663825572 1.4176676228209217 1.2352186593998058 1.385583512747141
0 1.0757533994670092 1.3354288335795514 1.0896247229963363 1.382724504721071 1.082301679204021 1.3843470537541316 1.0749973646298807 1.4018186777915986 1.0376476839747182 1.416114367797366 1.012253941113511 1.4418081709025035 0.9475447295392937 1.4503260955853954 0.9337065498176076 1.4467699543270056 0.9177974627644148 1.4326356037431929 0.9193715054252456 1.3993763549596743 0.9261429675957012 1.3703837173061257 0.929416372112537 1.3628355301425794 1.0082114603921077 1.3477851785217112
0 0.7428623220912368 1.3006222125858389 0.7275048166599036 1.3138579506225143 0.7343051080092918 1.3406462227264122 0.7299991424927273 1.3688919125409253 0.7351332157937513 1.4137086529079814 0.7741592144580354 1.4213163293920958 0.8510173438586913 1.4305753191006616 0.9150151375862059 1.4320480343883242 0.9200786086432394 1.4014270948634369 0.926363306103777 1.3685288338539865 0.8902564249956616 1.3203403030036076 0.7499103104242925 1.317321916493371
0 0.9326465328609741 1.271615978342863 0.9322202704342888 1.303216200125865 0.9193282616568468 1.315704990323505 0.9015830203696898 1.3170280018408531 0.9287827150639015 1.3601664957547708 1.0786826169839352 1.3347798139663272 1.1006056606671146 1.3222967766069658 1.1062797449259003 1.2905371763397966 1.1000627083026722 1.270843928237844 1.0755445341417187 1.2371449829070678 1.0228373480552233 1.2646764109495103
0 1.0705976555411296 1.146733829204743 1.0823332548270088 1.1599868257562527 1.101341495582728 1.1760432628888384 1.1049375139559305 1.221802807546553 1.0766923143758644 1.2354859559065516 1.0202019152157318 1.2628522526265489 0.9362828535958941 1.2730176986334012 0.9301896654645 1.2482801664332654 0.9090140273610323 1.2184561193292132 0.9622036635287373 1.2068716945169886 0.9635847261570842 1.1672336444413833 0.9856733913971554 1.1693630931183352
0 1.089497835616509 1.055654436436572 1.1141715313735965 1.0640340330506222 1.1131490703346254 1.124663370454629 1.067741884193562 1.1467645543339204 0.9852096705341205 1.1692651648925236 0.963194451463408 1.166517421731525 0.9509490436207273 1.1455511066940238 0.937583214019493 1.1180101339128126 0.9433451590371031 1.1135226940403207 0.9429764574869699 1.0525995719588794 0.9526454640700512 1.0432329793106498 0.9618882082264473 1.0654666084454216 1.0317948393102896 1.0612152948924993
0 0.9820960047608149 0.9353674600856917 1.0649594615340403 0.9420918215997163 1.0865570474354849 0.9523570267950835 1.114059156064548 0.9689395830241821 1.1305054101501342 0.98255356734976 1.1282386788607757 1.0416525311082394 1.100190773941902 1.0496731008860087 1.0631118341172905 1.0576879178255 1.0183699781291629 1.0621830714740572 0.9651112104208078 1.0623444108960116 0.9297344763775697 1.0200143150794851 0.9614691043538388 1.0089694759781171 0.9710819232823957 0.9520556583166674 0.9665959216194732 0.9377984072161435
0 1.0957234040158412 0.8471797614105557 1.1282299521220458 0.8616501274775367 1.1401124437466423 0.8736665350609538 1.1413754432152043 0.8910459837108876 1.1376988201185667 0.934002087787526 1.1134845305958052 0.9377617992736041 1.0668143449861796 0.9424835345029621 0.9811685630347452 0.9351716036340688 0.9549337685029529 0.9239271161805873 0.9515681885985837 0.9162445228237738 0.9633354609887634 0.9092224547567401 0.968371573570205 0.8868351999760794 0.9785863764430969 0.8528654813209813 0.954701859330779 0.8218355703780138 0.9771620700463515 0.8088321667604171 0.9989569506089884 0.8134347933735548
0 1.0217411484029553 0.7136685526995561 1.1042561035475624 0.7393334616382194 1.171165856277169 0.7883226768099242 1.1640185340025033 0.8444895466323382 1.1109023440041568 0.8554556769605163 0.9925152608489759 0.8076378085980581 1.0021842674320574 0.7982712159498281 1.0096253743841577 0.7396311681912283 0.985543562610647 0.7142638358304901
0 1.0137224745754314 0.6131016277042316 1.0285384983456627 0.6124276358001078 1.061045046451867 0.6268980018670888 1.1079038974652677 0.6405964478041346 1.1419758589748858 0.6458903248362305 1.1632062140295374 0.6592470024518301 1.1678160641842938 0.668459969454171 1.1834817688825274 0.6806415083600329 1.1737955037846117 0.7381736205055294 1.1448432009865517 0.7498060289617657 1.1014737783693536 0.7387458922833509 1.0093445335928488 0.7059802065044644 1.0253356960728173 0.6954135028555973 1.0347051326464154 0.6365468735161969
0 1.022278217954036 0.5090630230619854 1.0376314087566607 0.5078686648996266 1.0545456983339898 0.5095391975766991 1.1305181590736344 0.5382591009681388 1.1811055062094886 0.5685900477160827 1.1817679924370563 0.6270399918613379 1.1558917994946394 0.6367867917362573 1.1441245271044596 0.6438088598032906 1.08052132269933 0.6310109873511695 1.0107471693647385 0.6061352570572757 0.9977716144571807 0.5793105069859221 1.024157615956399 0.5772770255969942 1.0326226546508108 0.5220222349360608
0 0.8910797307448488 0.38501829616281436 0.8835320338157491 0.4005371085223308 0.8112664960550153 0.4486566053133724 0.8373543982480908 0.46113768173494685 0.8709540096372569 0.4904163902898646 0.8708215318880059 0.5195434341366807 0.8705003887349797 0.5302502968170929 0.921165496668901 0.5479215692066739 0.9750219336928823 0.582745708665388 1.0219124578105836 0.5761690899838906 1.0339403710705568 0.5229343140975417 1.0235959343737817 0.5099751022234661 0.9790916754085643 0.4644498529226179 0.9616488480562586 0.43921692675514706
0 0.9193840593861203 0.5469115618193817 0.8688888876377994 0.531811395591798 0.8649775114436198 0.5487319282418525 0.8277243208046994 0.566217018893663 0.8432849062292739 0.5992919169021147 0.8640933134859486 0.6322074364263993 0.865232464462677 0.654631169174516 0.9310261100624384 0.685004346728194 0.9699743479286553 0.7052716975706718 1.0255790784277765 0.6973663145335482 1.0350219611707328 0.6378813907101011 1.0112569779215401 0.6138485755432673 0.9750219336928823 0.582745708665388
0 0.8635244733492549 0.6530028673031775 0.8572944928399011 0.6694337588241747 0.8105739049078002 0.6785814836676692 0.8240405391539851 0.6972704772206076 0.8153825204270895 0.7461464665894538 0.8145242102416699 0.7573736955281012 0.8326050092713195 0.773234276209064 0.9309829637753526 0.8054181454713599 0.9567079497503439 0.8089493144388499 1.0012798695528708 0.8018830546282953 1.0085510403193707 0.7406719007076982 0.9646300360803133 0.7022416754087951
0 0.813449876176883 0.7584144280445712 0.7832259446528436 0.776750147599507 0.7955908863586496 0.8047135584131421 0.7917212832295282 0.8412908611976931 0.7842196739941951 0.8644250638173897 0.7845091440429208 0.8739932657555206 0.8616797873391859 0.8966281525323073 0.9523487379859361 0.9176769682434894 0.9644097950535502 0.9081817222402702 0.9676875141990945 0.8885921552024071 0.9791465873223737 0.8561528101928365 0.9333750142598853 0.8052894921163709 0.8314572290371742 0.7748933032095805
0 0.7840454231798859 0.8738953375297092 0.7678800098856086 0.8939323148908954 0.7900334920376211 0.9195262288324342 0.7758065083255992 0.9792684593658597 0.7734605455348331 0.9870125029810292 0.78499885015952 1.0059280781147681 0.813088528143452 1.0175642784714956 0.8665172320374075 1.0199740452115384 0.908426360524851 1.019317311822249 0.9623230999105498 1.0097836269137865 0.9709119870967954 0.9494845521546703 0.9564675088020655 0.9350256917642454 0.9317981276736866 0.9146047152758787 0.8601417324113643 0.8975709568229657
0 0.7707977542197493 0.9934220294022941 0.7577818969504737 1.0109551036981168 0.7665882787194269 1.0248571198628509 0.7536790114271508 1.085511429557757 0.7433029016260755 1.0928272823022247 0.7523987534437544 1.1162975004050895 0.7896433148252576 1.122895169501912 0.8431454648885718 1.1246866417579087 0.8880572570623 1.1227625942713484 0.9440522622550972 1.1155734339440826 0.9430499036563285 1.051981277474833 0.9127467406308816 1.0189620768864591 0.8655163441419792 1.0203964832439618 0.8162611280153371 1.018868070536222 0.7878042191846122 1.010323342599727
0 0.7883255984055119 1.1219830903404313 0.759744841082953 1.118482646502119 0.7841996690353055 1.1927317210699815 0.8011326878308097 1.210251328751461 0.8348374184936349 1.2186366782037887 0.8705712834229085 1.2179434668470435 0.9094547043771839 1.2147463524249347 0.9605691185846739 1.2046250981616036 0.9651962272542645 1.165672545666678 0.9492640963541885 1.1477304999527755 0.9379000425438107 1.1193446511067167 0.8878369185542243 1.1246174777234879 0.8400693550329286 1.126572250339226
0 0.782877637986851 1.2038610217828174 0.772621062048901 1.2181739703034187 0.7455970888723387 1.2295797971788547 0.7606248218932283 1.2511336815712244 0.7537842281821225 1.268703233834503 0.7505065090365783 1.2882928008723664 0.7433029991073883 1.2969124456815604 0.7528395279412188 1.3166728968801467 0.8266489059618232 1.3195838104258029 0.9017299127084071 1.3157914128727601 0.9187680507775703 1.3124176614516498 0.9319034419099711 1.3018816829319606 0.9345014163131136 1.272007691246109 0.9308002786662519 1.2471415056909843 0.9097715329015015 1.216080869618839 0.8730367800767997 1.2171965190080078 0.8327621965334198 1.2200998487526824 0.8028406789442318 1.2118796306227992
0 0.694169024748539 0.4139149156457866 0.6713942225957283 0.4346540701912811 0.6812479113985417 0.44848737616314754 0.6799789157650038 0.4753010340971468 0.6766850769364547 0.49657734310247137 0.703543242989102 0.50276020497237 0.7589477217808502 0.5267238671879295 0.822199624165485 0.562053256163963 0.865987955527629 0.5483065950627659 0.8708096960975821 0.4915847388307066 0.8372511987940182 0.4579272113330837 0.8112405845449522 0.4478355395775864 0.7684878776142725 0.42705464350784145 0.7120582097721224 0.4084952010927836
0 0.7027363256160436 0.5031007751690525 0.6680052010647172 0.5018979750683584 0.6624717258241679 0.5129928056253477 0.6411180216459231 0.5217686808516181 0.6686612017800606 0.5383156915915829 0.6672958377607474 0.5594882800626526 0.6626029574030706 0.5860898589810032 0.6866258844272943 0.5967837212423897 0.7318957118629245 0.6221839761850164 0.7851313877226551 0.6579530179448483 0.8045868161411243 0.6748359609343565 0.8159800277497176 0.6757090476437303 0.8583878955678181 0.6703574261728411 0.8606855587121122 0.6284317693148601 0.8434581456412675 0.5992449768094451 0.8225734766442108 0.5621322060514388 0.7581408044077917 0.5270644373846122
0 0.6587053733540768 0.5898655397384291 0.6535051161617305 0.6046075598718105 0.6417601085198499 0.5970175138687627 0.6332358134494944 0.6074807453259449 0.6207582003748924 0.6125103483887072 0.6027064776292183 0.632203021697375 0.622728495297964 0.6604470535002183 0.6267375472574634 0.6750899910464837 0.6238547168778087 0.702584789373848 0.6498246966963521 0.7162447008182616 0.6926366160426385 0.7365271269163722 0.7599265837529197 0.7604458857855128 0.7976485281340522 0.762280284986014 0.816014890942845 0.7431650315364564 0.8238239728822498 0.696782553527684 0.8025991289162816 0.6754381514402459 0.7850129628914413 0.6589499578881169 0.7317180746161036 0.6236793860999194 0.6848936248499635 0.5984618015790234
0 0.6392790368913399 0.711462804223289 0.617984545128702 0.7197402094779252 0.6082980581916468 0.7335348309615958 0.5942472448014505 0.7356773347288071 0.5932824538499689 0.7921917498923566 0.6076966843378282 0.8192515333830616 0.6521630728607543 0.8352845793988908 0.7448935871094707 0.8676417003336739 0.7673839482486228 0.871880223610593 0.7840145730197308 0.8641508296211492 0.792779196212868 0.8419859391539498 0.7962169947784234 0.8033669016756781 0.7843605192260374 0.7773582373689392 0.7621104862096673 0.7614180550820023 0.6940728135419346 0.7373413964379102
0 0.6093290970690293 0.8216401627069784 0.5948637967695847 0.8272719562756299 0.575083292906934 0.8389349307974516 0.5709825367053267 0.8605518099994587 0.5783376829882737 0.8728355268157252 0.5779127606979626 0.9054481539876059 0.5857787622759334 0.9198836504653615 0.5970280141475203 0.938099465647682 0.6421828952122909 0.9547888814100974 0.7332809967298062 0.9847573730209639 0.7467396859639333 0.9875995689700959 0.7753928024698723 0.9818981014082463 0.7900751887633471 0.9195939929010931 0.7686947639959966 0.8931069913223597 0.7449121650945549 0.8707114700509558
0 0.599152704188661 0.9395701049158062 0.5832697843750044 0.9474573986802017 0.579546359112477 0.9594454486462046 0.5566415110640766 0.958696215170726 0.5554537842915839 0.9783733937268927 0.5580301172121415 0.9824942826281401 0.5535601726754756 1.0459330981538737 0.5503290247228879 1.0570031580640842 0.565494438628553 1.0745130622062602 0.6073287602756687 1.0772159101689966 0.6826913801768882 1.0880211879478312 0.7239149996828504 1.0926389659096287 0.7451874350000498 1.090999570061191 0.7525681161887895 1.086937498347779 0.7658735173985751 1.0233206503474541 0.7379042292908133 0.9877776014446877
0 0.6007364184749032 1.0778676419684434 0.5943368134456886 1.0898015126937495 0.6058600709498715 1.112162987424097 0.6097576549988655 1.108387306666671 0.6242531543477703 1.1283106107795433 0.6261595727115676 1.1348448996514862 0.6235356484397789 1.1537078086861152 0.6622723464902506 1.1792613254565547 0.7460048663437564 1.2260694376215946 0.7712933105411637 1.2196574210724622 0.7835410308740464 1.1972061396492772 0.7608416477553003 1.117299263271055 0.752439255976513 1.1170577756614881 0.7454428626475618 1.0920754598919353 0.683261447887519 1.0896744976376862
0 0.6286697362958098 1.1588798167713283 0.6187127221865125 1.1588209995834926 0.6095301336237727 1.1941829589756123 0.5473301408786457 1.188712227004081 0.5435475032005113 1.2011987469417187 0.5528276458323397 1.22308652234721 0.5473835820568574 1.259237980614089 0.545940427636853 1.2778392693395115 0.5667763195993655 1.286327172698712 0.6352099011912623 1.3038447718240818 0.6950669322179052 1.3129085141313086 0.7284210716855424 1.3127985747388302 0.7428306380297344 1.297957472018333 0.751118083437662 1.2894881204476882 0.7547857747449368 1.2682907613298393 0.7606559464940434 1.2511353412257622 0.7455718014494237 1.2264889577057532
0 0.5462550676999717 1.2784166891986215 0.5384378431565453 1.2926060601196716 0.5260565984677186 1.3032767326453634 0.5203536285843702 1.3480600802049778 0.5221567216416836 1.3683688578609516 0.538250956211975 1.374833472739697 0.6118406821053413 1.3908850705440818 0.6924372367087214 1.4027956467475793 0.7133729755173633 1.4072168404462293 0.7215605740791615 1.402814198536135 0.7262871319466524 1.3920599381758283 0.7301138825156637 1.3662973994257948 0.7349437656896383 1.3417686502814574 0.7274365170656633 1.3146345548504155 0.695440784696631 1.3129874640187844 0.6360946089650118 1.3060755013730467
0 0.4448897234993331 0.3020401457574841 0.4577407654378712 0.28278211977301754 0.48425957150930515 0.26584705998208974 0.5126473379681231 0.24029257326394413 0.5269513087458289 0.22303152181759758 0.5393620004911799 0.22170872818222587 0.6384939521331282 0.27644626195613414 0.658581484397015 0.2851953883231951 0.6803754169845291 0.3151500063949962 0.6952029789250873 0.3503940559524732 0.7045490881538654 0.36419878309564896 0.7022884148632357 0.3761157806044478 0.7061697195741665 0.38256925200390574 0.7049049767355844 0.40033038972933577 0.7013424289929875 0.41253584039956764 0.6570786976261038 0.4223432478882891 0.5960198620595374 0.3778994945025141 0.5393850984943482 0.33889706963416916 0.502658658935356 0.3243806230942593 0.47651491757323466 0.3239300456330225 0.4635576233119185 0.33696843092759243
0 0.4767965429281837 0.32511628313871516 0.4650105521510861 0.3389654054657125 0.4596929667949208 0.34460302619871813 0.45532650982638045 0.36001900013869853 0.43700682814447656 0.3826292191566177 0.46379191866878455 0.4096941919800639 0.510056488682659 0.44707002914952926 0.6122043855512391 0.5013177039124038 0.6217911532960625 0.5095394327744456 0.6603212677585644 0.5159860474840677 0.6716336119546087 0.49189602416499784 0.6817375210530495 0.44952257924950345 0.6711548228561786 0.43545671017083065 0.6574908939488014 0.4224302952001215 0.5955423802529656 0.3783620422876119 0.5397972948170457 0.3389841169460015 0.5031361407419279 0.32391807530916156
0 0.5102728285537337 0.44880586175215215 0.49313595603260457 0.44011647147098776 0.46658001834778556 0.4395788466979184 0.4388489419532293 0.4489339336695921 0.4348498792429642 0.46837116791174843 0.43058583937168315 0.5007102313187958 0.43369653124453694 0.5385503593291697 0.4450831386673512 0.549405705138094 0.4871681304214125 0.5650537667318251 0.5580377440549145 0.5980481840279238 0.5897730256771128 0.6154542758161884 0.622124030524669 0.6098917320711542 0.635771311238113 0.6088300803712797 0.6420681788523928 0.5949485331843216 0.6541486079528538 0.607077163810771 0.6603392232443557 0.5869759759339163 0.6676025601483355 0.5400589868452518 0.6421807943343502 0.5228594145406126 0.6108372256153975 0.502155752170767
0 0.19860368465433326 0.21622672165941145 0.26334282596283076 0.22257431873334024 0.4003353890346048 0.27516635151558855 0.4430655651763716 0.3067253596943584 0.4479760967272163 0.347199104651615 0.4380923627253689 0.3806049333925619 0.42925319646551036 0.40521724058262604 0.383907765743253 0.40634548505823315 0.3291138086949584 0.37674591292359755 0.26208069770796494 0.35413918001730016 0.21095170549952652 0.3292572466794997 0.1854723246527043 0.29120037191745024
0 0.18927300297768596 0.3410172335225196 0.17811554839436083 0.3566892357639723 0.17231281078058602 0.3841963018364163 0.17115048503926306 0.41888052902891326 0.18952011130296642 0.4385345100227451 0.21561138014962777 0.4643261980286663 0.2729886026824049 0.4899642459470224 0.3299331454730325 0.5121306286601329 0.38691865510256385 0.5410662471600701 0.3964682912340022 0.5318152914581147 0.4203590297565313 0.5227759688738098 0.4276351796289255 0.5006504952328992 0.43355567524203453 0.4472527235188408 0.38349556942055535 0.40625843774640075 0.3289179522433355 0.37839469821438804 0.2604767144815968 0.34985677777962704
0 0.20087856485529132 0.46741213549259664 0.17781221897815758 0.47662555270056634 0.1440044500659149 0.49089457068465076 0.13703555148529845 0.563789312726762 0.1497650001989837 0.5811254411610801 0.16360430213853172 0.5891184529475854 0.19961260137490672 0.609680445553727 0.27181224333086523 0.6243641300274657 0.33205819192859254 0.6365234424580649 0.3721718061980106 0.6438678415119468 0.39856004130169603 0.6280319719148793 0.40328107956009707 0.5918457428293208 0.40450869078529433 0.5566119205398935 0.38691865510256385 0.5410662471600701 0.3298678599891582 0.5126802237570631 0.27257640635970726 0.48987719863519
0 0.44336906789268643 0.5496071109876945 0.4018153377525151 0.5650572528434468 0.4050604358186362 0.5910947418827902 0.3955607442689972 0.6426098975964966 0.4098736927895985 0.6608438103750743 0.43455683486151475 0.6807043108525317 0.5039082341719747 0.7122513487074408 0.5315663546316193 0.724852754387038 0.5797933243872413 0.735037289871428 0.6099079745891383 0.7340729127514356 0.6224812263982462 0.7029252004841061 0.6253781063336857 0.671424185335422 0.6024371889069235 0.6333399993474367 0.5595559583779564 0.5994955634691137
0 0.15392025981382612 0.6101720476205714 0.12316940296711915 0.630720442380449 0.11624147122540646 0.7103844202093871 0.1443322714272004 0.72645749109423 0.25727406384634927 0.7503084545363056 0.3145693527013189 0.7624080308810083 0.3498671820661141 0.7676086719990414 0.3779938065894349 0.7442525656686163 0.3804093694927838 0.7239175470822001 0.38308223910611117 0.7120875968852337 0.38328960123429023 0.6783284652629323 0.3605855070980547 0.6453647297709834 0.33069103199275107 0.6373614907164281 0.19891877969726013 0.6084071607362018
0 0.43290804957072426 0.6803561216052022 0.505014252172319 0.7136116808367984 0.5309583018572988 0.7264144923659961 0.5797728409677894 0.7316526719780145 0.5939104164562197 0.7549199879407963 0.5916625561340044 0.7916285008973492 0.5993598800719919 0.8050850387931954 0.5947732480068582 0.829468628907723 0.556108727351089 0.8348246531691316 0.48030940603914857 0.8148737348016276 0.3988046216933159 0.79315455897154 0.37446839046022296 0.7739307009028451 0.36796668865142457 0.7539660691556694 0.3789692536220306 0.7467120879918342 0.3858203942033128 0.6997080515913372 0.38621977755759607 0.6750035834554154
0 0.13808404110286177 0.7257013765136743 0.10140371090015016 0.7641525787626859 0.09408790148071039 0.8364106783960347 0.13315311278262093 0.8632520477779694 0.2173512501612329 0.876525891304504 0.28456356940591615 0.8833957722494272 0.32608914567559816 0.8859679100546023 0.3418460452924715 0.8707038331463758 0.35390982619899924 0.8687443971022416 0.3643734591046778 0.8517991100432637 0.36540137865273337 0.8289175218217975 0.36213579716716043 0.7994954148890407 0.34465968425824545 0.768762484644773 0.2536295824259449 0.7489754336328841
0 0.3937276948531958 0.7932091814234118 0.3658622122653722 0.8143669073661162 0.36649972620204024 0.8516847515054957 0.3543873080055712 0.8682818493171438 0.3625544432990932 0.9026827369822327 0.40624341827952254 0.9226132008136368 0.4786798835260076 0.9424173357834116 0.5335877633481176 0.9568296510536033 0.5565197030319841 0.9594188728166643 0.5793005883286502 0.959722666880172 0.5856499284583899 0.9205000091485299 0.5764996756812348 0.9050464967145636 0.5783558231002044 0.8716355543395918 0.5504237477366484 0.8364410135999613 0.4798319242325767 0.8153362825867255
0 0.13261034549217476 0.8642641906599974 0.09639084890210203 0.8881647784533274 0.07798156309135312 0.9186434234519335 0.079929929222884 0.9911677786548045 0.13490692975438706 0.9943270500508957 0.2190231334551916 0.9940624220037768 0.2801830788271591 0.9985274030773538 0.3269852736141028 0.9886926843626965 0.3287070148398051 0.9670843809587552 0.3386483638744892 0.9545358546752188 0.34425140981112234 0.9393810226707355 0.34014095226070235 0.9064002032209008 0.32958257270880204 0.8850155032584709 0.28538796205131145 0.883569866873092 0.21865312461320013 0.8762374381430709
0 0.3431287436168449 0.9239326238707944 0.3632482649767398 0.9039560217997579 0.4088471671834569 0.9220362944907707 0.4778554908806123 0.9422432411597468 0.542309171608642 0.9581080495051534 0.5574874796135424 0.9832852926942226 0.5522121683881388 1.0525940109933198 0.4769031418511848 1.0569720602884722 0.36651262582051036 1.0578853010682148 0.3544769987844719 1.0418224574514219 0.3295736816159622 1.030929573148512 0.32661020890479014 1.0060783216148612 0.3291729909698208 0.9987321795051685 0.32674461509805747 0.9942756826438305 0.3280336765816102 0.9691957140346436 0.3389952747133125 0.9551724970839816 0.3455532842630895 0.9390925695093028
0 0.4191265359641245 1.0560384805060377 0.38256779898626586 1.0578955283362645 0.3826254140191027 1.0787528307936751 0.39724944905700055 1.1370525631962836 0.41516591215910253 1.149850261091456 0.47304493514342216 1.1677069303409577 0.5511868634237996 1.1892793227733163 0.6089186672464375 1.1941471155460943 0.6176106143446143 1.1565459318793068 0.6224059158297854 1.1553050719217424 0.6272293711854457 1.136041932303251 0.6250621372491798 1.1293870550541925 0.606929334276003 1.1148535245563966 0.5873512729146961 1.0769161219661403 0.5678474747801593 1.073924088503878 0.5515388301299441 1.0547053440692082
0 0.10258024355180145 0.9925707629121728 0.09780673277794044 1.0540981025424154 0.10017880090872505 1.094599158725608 0.11093687213776698 1.1036316246200768 0.2142509299731888 1.1124916234132842 0.2707461448277338 1.1170982742505653 0.35703341769032326 1.1127850746753343 0.366924822143208 1.057972348380047 0.3551708204621185 1.0430957422689469 0.32972473600316266 1.0332150008480647 0.31277090696524196 0.9980853098283559 0.28005250785941055 0.999626593271214 0.21950061526176357 0.993599874218679
0 0.06876994670589825 1.0744450914526926 0.03108218037458288 1.1391624998165841 0.029622888376235945 1.2154742846120694 0.14146249802055938 1.2272614671476174 0.1860897884201994 1.2321787687382424 0.26949168702390547 1.2272562379801848 0.29750438877341073 1.2190873885142037 0.3096039940014653 1.1776987752548016 0.3106882212904996 1.118772627711481 0.2698564666984643 1.1174737747238306 0.11334476459007847 1.1047035035880013 0.09861578452126074 1.0970859922747618 0.09610931019720875 1.0683875750626
0 0.3844419018910267 1.0954745144111415 0.3603591421423935 1.0954591735090666 0.35787829375517033 1.116343787192413 0.3124675775490387 1.1180216267649496 0.30934415935782633 1.236799017421787 0.3593466501464687 1.2569360007368169 0.455494645657793 1.283437665083661 0.5385662816166088 1.2919665585874245 0.5439773063271378 1.2677570630965616 0.5533016248446059 1.2212753105670588 0.5406208134208618 1.189301520365227 0.4173779481597911 1.1525709253501712 0.39796375415409907 1.141710465907222
0 0.3240078539427698 1.2449661238319571 0.3073126389066857 1.275243362980963 0.32236804639487493 1.2801128988095523 0.32062582174972076 1.2983365843200798 0.343460486853705 1.3302011296181682 0.4138321352611831 1.3602734768059517 0.44776280469013685 1.3663121661823476 0.5172767640643535 1.368034285405299 0.5289103931623924 1.2949978735994836 0.4562537528193139 1.2841613548042559 0.3625789352441754 1.258181974328406
0 0.06815300283873788 1.2219208993216917 0.0534086818678452 1.2571171831171328 0.05076143819134671 1.318530164209607 0.1511658031229145 1.3340996627037447 0.309236686393246 1.3550865490675907 0.324572411944526 1.3042404606226077 0.32095224916909226 1.295588608835429 0.3219110480077549 1.2839600644880629 0.3082228004554071 1.2782524804011108 0.31217706110124976 1.262749459149298 0.30426339729218754 1.2475570886508291 0.29633308528919217 1.2182766514817764 0.27053241954037544 1.2291661652064723 0.18802019906593898 1.2337131954912646
