0 0.3942016843250789 0.5219469119109134 0.3983243041535104 0.48636203708765907 0.4584533391635874 0.46394441838345063 0.504608815863943 0.46779596896268205 0.5038121814529615 0.4870523555729042 0.5156267495752487 0.49916295692284746 0.5151621612614583 0.5114976845603544 0.5107402856121392 0.5493454448454933 0.4647515225160717 0.5486440774691691 0.4256839580222575 0.544125672472786
0 0.5061748188551419 0.4868300707671869 0.5038763808941839 0.46451278317271366 0.515055503764238 0.4461418528216677 0.5493294506783142 0.43397832369408706 0.5823066223685449 0.4316206315680065 0.6536203046942156 0.44372018402687075 0.6662998500028614 0.4537009025019904 0.6608435213401262 0.4640843117019862 0.6341234560577669 0.4764682841534377 0.6327611002813143 0.4955916681765988 0.6145938171450144 0.513875157790835 0.5383225658580876 0.5083875387621589 0.5383225658580876 0.5083875387621589
0 0.6684629835244503 0.4549872080041962 0.6869636938693261 0.4430040847957745 0.709326082943589 0.4459283002292715 0.729358624891975 0.44441602695765536 0.7447000634236888 0.451911575165173 0.762471101021575 0.4630893169238423 0.767763478302792 0.47599977527799847 0.767764859414177 0.4892218006565281 0.7532911602915916 0.5060404203312462 0.742977014607896 0.5222814678074686 0.7227121785026147 0.5299611048978382 0.653296545265334 0.5299739952707638 0.6366911217860785 0.5276255105539159 0.6291030687666732 0.5188418153623459 0.6279032832603539 0.5014493064528253 0.6325615964007226 0.4971002584845219 0.6332584788714083 0.4785981670282613 0.6592461091840085 0.4629310087868415
0 0.871356068736623 0.49102170168851306 0.8398410047631406 0.4735017146374709 0.8132521005859957 0.46725059304560074 0.7701930773689647 0.47968196882915004 0.7686967982645276 0.4909963961385733 0.7519602136800577 0.5072830054650471 0.7497656709935501 0.5238774988522014 0.7539607769315132 0.5450852038999346 0.7784535092510614 0.5539544983464678 0.8172873984765955 0.551418241783075 0.8487341196747007 0.5518117250987187 0.8738581539123272 0.5514964751106521 0.8772497198823845 0.5258504398759593
0 0.9223707435693238 0.5022376393700476 0.9531178200739736 0.4946891633848925 0.9918861287469003 0.5014704538431604 1.0329187039930967 0.5220057800282024 1.0292278822021521 0.54991470072478 1.009694099955245 0.5476554982265883 0.9894278827385787 0.5421131099384283 0.976483252996734 0.5429585287928925 0.9563495779966673 0.5320030718399406 0.9335881811612211 0.5320960370222899
0 0.9493614177304217 0.5319156311031309 0.9551183833254291 0.5324913618197801 0.9781804170931475 0.5433575365540758 0.9867004089629035 0.5539158272276911 0.9915609882066336 0.5745022397085239 0.9848078843200531 0.59469148591002 0.9646441812664523 0.6148388532249577 0.9336962197698262 0.6106738941395063 0.8994536820206689 0.6049566243777269 0.8860430828536487 0.6049147454911685 0.883878568220675 0.590406414610433 0.877421957932212 0.5818887245929851 0.8686682907941758 0.5642757723595937 0.8702643218389087 0.552207049896209 0.8777512418066333 0.5485230148632109 0.8951860899731738 0.5269563394590061 0.9043032123733199 0.5197668338303224 0.927963757782813 0.5261072376408488 0.9307267840575617 0.5360897975978149
0 1.0635004078057753 0.5415211432643535 1.0738510081665722 0.5484619947021288 1.1132907089803072 0.5569831395285719 1.1198162614722935 0.5630247121106501 1.1221973737796334 0.5876239736763017 1.1108529219612282 0.605240153902878 1.0799014742689317 0.6220028425831701 1.0461531706474925 0.6343518180835211 1.0203110102275597 0.6380422868291908 1.0043997044624944 0.6305453318582889 0.9941124489536475 0.6146045770473186 0.9873928598216841 0.5972488910447683 0.992211759148103 0.5735911382361137 0.986777743447735 0.5550352279565965 0.9795447253599587 0.5458223963728445 0.9912442440043011 0.5425631201604576 1.0089875586107917 0.5489883192623496 1.0320658695555989 0.5491554601634938
0 0.5301299921130892 0.5030274918661011 0.5137355629663828 0.5173809687835774 0.5090895892190881 0.5588670461936794 0.5231374113778605 0.5686125041543099 0.5854137677215866 0.5742899751343175 0.6326363289493198 0.5778288630114427 0.6340478233228929 0.5512691144719163 0.6314688663022733 0.5310543404737128 0.6155385114234507 0.5133030331192501 0.5384844681856938 0.5097537044639097
0 0.4120418896287156 0.5349303926142815 0.3890076891585227 0.5502439287515658 0.3866866920216163 0.590035648086702 0.40544451255525216 0.5975269897798036 0.45740168714050566 0.6049802055313868 0.49670189843138474 0.6080571319009968 0.5052468277208374 0.6022226855869227 0.5063477785693891 0.585954396194473 0.512867459584702 0.5827251372098589 0.5147962376649547 0.5744948539425371 0.5104080954380708 0.5600173928189401 0.5022091398450693 0.5505265357263539 0.4646349459262666 0.5486957629303114 0.42592188381655627 0.544356272998696
0 0.5306645576529496 0.5720628807845117 0.521388271325683 0.5754844169113195 0.5137184094965044 0.5826450770044098 0.5062158782040722 0.5853631445161946 0.505510628451471 0.6034051889434792 0.5077539295302269 0.6229808077892511 0.5213824304787625 0.6343084068881027 0.5603711033762496 0.6381524520897467 0.6149642955310981 0.6383820207768086 0.6292498111352915 0.6288550274794449 0.6324961005661563 0.6122507505223412 0.6265184165459747 0.5835721292889431 0.5863494970819345 0.5761729031270341
0 0.6507220306930084 0.5899439938579748 0.644160117376263 0.5815859610809625 0.6400481463980684 0.5778931019938631 0.6351344999734507 0.5763971252614377 0.632698924508538 0.5696907363734806 0.6340238586671585 0.5519416613827713 0.6391985293217527 0.5398683863478236 0.6499430377326391 0.5301268913230023 0.6729941202047106 0.5297532485062123 0.723266328747723 0.5303271166169103 0.7324517971389223 0.5304420516060159 0.7444230920974508 0.5404126097742183 0.7525159168127296 0.5487897983827482 0.7565129528018184 0.5688123790542016 0.7589060327719388 0.5874355689856472 0.7542995368288234 0.5952124721384945 0.7403327495063614 0.6041964008813441 0.6920865824529254 0.5979650818115726
0 0.6500951782347325 0.5908189156335409 0.6339862041813442 0.6102037060211062 0.6278937128389767 0.6292172740963705 0.6317877602081095 0.6403557393567104 0.6408133776109217 0.6455445751762355 0.6710825647314131 0.6543647684141588 0.7102163080140855 0.6618613874033149 0.7393329634596146 0.6639360732554164 0.7538104579990026 0.6588206334226432 0.7570159495324509 0.6384467931052359 0.7555119565028272 0.6169657405295624 0.7427383809717532 0.6033989092666782 0.6927427737845998 0.598800885089274
0 0.8473113582652001 0.5530468651873774 0.8177721737083993 0.5506095228443125 0.7776910202069087 0.5554597646697051 0.766087852868534 0.5579904603356519 0.7593722658206972 0.5789485978731591 0.7605958284283845 0.5995195514827399 0.775671644865717 0.6090737796850056 0.8169116820949025 0.6210231203290362 0.8606265148813108 0.6313005929655732 0.879333342547477 0.630439986603064 0.8877199082507793 0.6053673026028292 0.882254220124436 0.5913113440099097 0.8773032949819477 0.5818838055115443 0.871033789953847 0.5653851684633907
0 0.9993537620420806 0.634617648419716 0.9739906900959012 0.6091226654064801 0.963545072457179 0.6156816690284975 0.9326556355887906 0.6106731798222422 0.9001268924909118 0.6052792853921164 0.8890054816823745 0.6041670783258625 0.879333342547477 0.630439986603064 0.8749301868428612 0.6339121910260078 0.8781137820239165 0.6481828565335407 0.8834831188442922 0.6629673956729004 0.8864093325334201 0.6749238511331562 0.9275200120026205 0.679330449496872 0.9498591849256623 0.6808262830829399 0.9979111605086521 0.6710889056430233 1.0018945705073383 0.6494884260657324
0 1.0782621680394413 0.6216174373593 1.0461531706474925 0.6343518180835211 1.0205037128394947 0.6365851257363105 1.0045607346484542 0.6335881224520062 1.0025373572231362 0.648888313927249 0.9991003826342798 0.6706172619124965 0.9885584136895902 0.6779048460809544 0.9921274140945155 0.6892611894027265 0.9963722076692559 0.7082887434127704 1.027389668269587 0.7080687003859882 1.067406142891085 0.6994470874204382 1.100865392594622 0.6892838535594074 1.1123378681449698 0.6664391410997935 1.105809647596899 0.6348550194910104
0 0.9753476125477001 0.6755501848364331 0.98888047406151 0.6839904272683888 0.9952793368495958 0.7080318065968569 0.9968883046811532 0.7256884380206774 0.9737796553384133 0.742792523319483 0.9408338345906893 0.7448129027617155 0.8912058976301596 0.745164971604567 0.8736552856356037 0.7372826114097948 0.8746161306391945 0.7044542569186882 0.8945095123749041 0.6775794577989472 0.9279700961064832 0.6801874984512689 0.9497628336196948 0.6815548636293801
0 1.0743487730329164 0.6980743861301582 1.0964002260660979 0.7145272358688989 1.1008060498267984 0.7365975804726602 1.1017722309425582 0.7548543240349638 1.0731345486215247 0.7669023541140451 1.0304822482568436 0.7741530444933714 0.9780257829411959 0.7745913518428796 0.9701156376555624 0.7449360350575035 0.9756116641798387 0.7417207674504729 0.9965992507632506 0.7278741796599978 0.9963722076692559 0.7082887434127704 1.029671761214875 0.7078539934713751
0 0.7618180570080295 0.6073192305789681 0.7546880603664319 0.6612341910155385 0.766646294530744 0.6730603993637813 0.8488373150712121 0.699144822291163 0.8640411552404874 0.703470518260391 0.8783764996280129 0.7015821646342278 0.8834844528723345 0.675738670186253 0.8832904162323572 0.6644245567657806 0.8793993554555118 0.6469826322565738 0.8605301635753433 0.6320291735120135 0.8161725440731373 0.6223518130139597
0 0.6391341414283945 0.6445844214027473 0.6217789001018582 0.6607874491417998 0.6174760977873365 0.7018448965583609 0.6347376558639897 0.7119129983924538 0.7006306313874799 0.7206435140213414 0.7267948521793326 0.7230386264631061 0.7419973583205657 0.7145930479189818 0.7432789296680343 0.6750790001019573 0.73267094781531 0.6658239386169053 0.7097206606024455 0.6604282654827233 0.6699919058708079 0.6540928622956005
0 0.3988319188631333 0.5956010641821081 0.38170105257450715 0.605846979141683 0.37948764059333834 0.6481468807365112 0.39459512945664615 0.6532011572521794 0.435577785193904 0.6628362878489329 0.4861388968161763 0.67246963974163 0.49841652329632385 0.6648388802506024 0.5000531614697297 0.6396817364477675 0.5051954551961109 0.6348808393399001 0.49616076666484216 0.6094685374252081 0.4578786155507597 0.6049757005548356
0 0.7470392986568526 0.6722069078174969 0.7483275401445324 0.6965492325672352 0.7494230790202769 0.7223487184098536 0.7731455107089239 0.734687021685867 0.823482247293286 0.7502774863580419 0.8683216233253297 0.7563119441238949 0.8741053697394662 0.7381396603641915 0.8748101672791719 0.7157683703391605 0.8644912393443501 0.7043275672147878 0.8492873991750747 0.7000018712455597 0.768928387476032 0.6728456924491679
0 0.978218485553131 0.7731341907499992 1.0314787677705364 0.775138561855725 1.0748702061569826 0.766559178791475 1.090557136884138 0.7800132465418549 1.093323654415348 0.801698185921746 1.087797289493139 0.8221846797287263 1.047106355729868 0.8359063565193576 0.9822112337481127 0.840932632766176 0.9731792132729286 0.8410628798781891 0.9637907919437647 0.8140649484626601 0.9707334220855962 0.81269224717238
0 0.9578050047213975 0.7442954717217761 0.972400398656935 0.7702638771695952 0.9767415435376428 0.7885628506331989 0.9710871548834912 0.8142778766732172 0.9200772931853985 0.8165587503394756 0.8552138436296183 0.8170850748996963 0.8525450114324179 0.8074428294867176 0.8550818178135491 0.7839997835926765 0.8575552793427297 0.7695566410718304 0.8568148072929224 0.7581140592434016 0.8693181428390224 0.7572974614862485 0.8750055379471913 0.7398537582729853 0.8905631109143618 0.7457650837430503
0 0.7324862493716282 0.7439087467899004 0.7310106413841824 0.7721086811864527 0.7833087445699545 0.7941701322699323 0.8531877981482157 0.8068427173482342 0.8559159731132395 0.7691712358479602 0.8519932399104189 0.756229263025351 0.8239323313971485 0.7511345353124389 0.7728564567910212 0.7368727633251874 0.7473983675669166 0.724877635371744
0 0.9701579823058752 0.8426062794777258 0.9659805356672118 0.8528926456345444 0.9608079035428978 0.874964768942362 0.9663396045772756 0.9055633731887914 1.0092492864338842 0.9006268928567422 1.0522553195964601 0.8949618319782527 1.0847497222122795 0.8793131290682709 1.0802462131175696 0.8452000904975975 1.0651057178002443 0.8318744911551742 1.049195746063221 0.8371488106976246
0 1.056465772689141 0.8929467886481892 1.0696779078590737 0.9080727244060628 1.0716102700905932 0.9445862115306699 1.0207297661524852 0.9544098274772432 0.9470916776134483 0.9573806091967544 0.9427505327327403 0.9390816357331504 0.9405951294913528 0.9212965359013735 0.9482452252289744 0.9230950936127676 0.9587871941736639 0.9158075094443099 0.9662432532713081 0.9062919537352316
0 1.0529681213044193 0.949218189033337 1.0651507305066414 0.9550872846021018 1.0685917071796243 0.9716721601569119 1.0664403060223635 0.9922008838651925 1.0579877274110268 1.0007309222119172 1.0123141960792923 1.0095250121907802 0.957801346884309 1.0169921881887765 0.9453930286161345 1.0043089308861368 0.9381270040743408 0.9868247764756296 0.9440084358224872 0.9806951866828387 0.9473490591053759 0.9596948192440314
0 1.0388954945209905 1.004505850760187 1.0518832546530126 1.0255888992975384 1.0573186043814227 1.0569160840904082 1.021738291918558 1.0703368154597694 0.9399050062601115 1.0841518455732821 0.9357248915653635 1.0688956627033956 0.9289736300074249 1.0560399283874429 0.932862022728186 1.047939303869945 0.9473583973016713 1.049093740837499 0.9554255706891379 1.043478024676535 0.9573512627804464 1.0161351392343796
0 0.939808654954144 1.0848804261197225 0.9387817970425185 1.101166134957319 0.9213288703819724 1.1053264687294588 0.9286912462297334 1.122082042593526 0.9279534422360106 1.1361820097918023 1.0042273565182307 1.1345821506585148 1.0460441675551788 1.1293887335105521 1.0439507751376995 1.0898324557922274 1.0331487566449977 1.0692632808867029 1.0200026343831001 1.0706799907823392
0 0.9324859557006113 1.1402525476491732 0.9243871098871697 1.1503682154967347 0.9114666966912244 1.1585990871262457 0.9219796612660235 1.1813540036710906 0.989511943019004 1.1904699245238486 1.0033655308766918 1.1922244736298862 1.0380153367338987 1.1943608705516813 1.0420607575564929 1.1509892130878427 1.0290413249984953 1.1344061162370889 1.0051275247259557 1.1362962485673085 0.9408105105800055 1.136951041535486
0 0.8578496693728013 0.8184559974859201 0.8550238090737676 0.8440847850192816 0.8517465306428293 0.8560852490848939 0.8377332466272238 0.8640591838984916 0.8421707428138994 0.8816295768156551 0.9595540025372776 0.8716650415327312 0.9654341002573817 0.8527641772265877 0.962378528808269 0.8332649794860171 0.9572018945998284 0.8170232792537769
0 0.8487279677318604 0.8831711977111357 0.8428148635577392 0.8938007391905242 0.8411452189303159 0.9106865601666042 0.839538919154843 0.918572477769489 0.8469343014566213 0.943599374460311 0.9362566526667293 0.9285401114644748 0.9416880003110131 0.9215534727172869 0.9578553535399636 0.9185933632221138 0.9647002983477855 0.9051779679649213 0.9593612999253425 0.8731222026256115
0 0.8316974548333287 0.931002355664328 0.8303498705778254 0.9539737578278423 0.8227671217762809 0.9814891202833108 0.8255006328534735 0.994902736836447 0.9016451893757087 0.9857601354228448 0.9439437569424947 0.9769238155426813 0.9453560200779904 0.9577237845193243 0.9417223407930726 0.9425960700573945 0.9343282925193364 0.930340447879925 0.8482845537682091 0.9461705213235015
0 0.8360756082521805 0.9958864754947441 0.8426024947722089 1.0146993225901748 0.8396802831672078 1.0410566906699765 0.8792163352869105 1.0488492549499797 0.9345013289576762 1.048324709093815 0.9482902379353716 1.0463078870596951 0.9560683574049356 1.0428779125380514 0.958186752108179 1.0140778660030159 0.9470323348456247 1.004694336110007 0.9359729348609955 0.9818109511572052
0 0.9200049543841909 1.0471702721262608 0.9276880565758298 1.05724015266441 0.935628540259396 1.069624243249836 0.941737015101537 1.083080089704272 0.9393282324523485 1.1012946033652755 0.9225180925076002 1.1048548249989325 0.8765541732299211 1.1030633821037632 0.8277287191431068 1.0930868548884962 0.8256669991516024 1.0490306254835742 0.8378812807797997 1.0503997693657416 0.8387484425335076 1.0438425444477806 0.879666419390773 1.0497063039043766
0 0.8188577288538825 1.0962598925942266 0.8217522701170351 1.11271629974108 0.8192167977639464 1.1489306201484737 0.8963605418559587 1.16631608512393 0.9118204294891193 1.160184716627083 0.9233905903734768 1.1493826981343813 0.9303965653672585 1.139010093470906 0.925413967798795 1.1340825066591382 0.928787597535701 1.1213534620470857 0.9205897323602072 1.1066551614143825 0.878643563563274 1.1043058362820306 0.8286288873508318 1.0948009527972902
0 0.7031124413319522 1.0938385585876682 0.7001915637549933 1.1329672011808223 0.7728027943824047 1.146282128298908 0.8180275756383186 1.1494022638790005 0.8206910717233501 1.107959411238569 0.8162219031106994 1.094888970008003 0.7713825270786558 1.0888545122421498 0.7092499205439837 1.0772519043288018
0 0.731839804818742 1.0172055753953844 0.725476616540758 1.026978067920376 0.717183734087339 1.0257796223474653 0.7074469160724491 1.0482811594845094 0.7049747885713106 1.075495576518708 0.7714788783846234 1.0881259316957097 0.8184076447500199 1.0954028436398298 0.826893229815374 1.09514412811986 0.826663518665295 1.0500161428459276 0.7725664130921146 1.0372977704582131
0 0.723026823269299 0.9602936116745093 0.7196228551344602 0.9902938824865117 0.7227747778895404 1.0090644996806424 0.7336718136601674 1.016133819526374 0.7729201458900097 1.03888339995905 0.8252169150477399 1.0481735765291773 0.8385240674955974 1.0497996572272583 0.8426988460781765 1.0139707420437345 0.8353364702304154 0.9972151681796678 0.825404281547506 0.995631317382887 0.8225744191643457 0.982946281376191 0.807499936755055 0.9861633276872778 0.7563277108429604 0.9726301362464665
0 0.5926348032122613 1.0558452462135 0.5847933388907469 1.0682751241083386 0.5812600129959233 1.0907326526400263 0.5862756170184039 1.103931562278549 0.664801285847979 1.1193882224305984 0.7010903979346762 1.1219100245762637 0.7050077950253278 1.0837668993454632 0.6980955032814293 1.067868374435793 0.638342675026055 1.0680937535747441
0 0.72057702999784 0.8936091554286428 0.7106475093710152 0.9175678536585673 0.7091719013835691 0.9457677880551193 0.7216765709577114 0.9577224648113187 0.7574205816626205 0.9728870730623799 0.8070498526511926 0.9853062787328809 0.8233135571861109 0.9816175886912676 0.8298997864739628 0.9531167088734455 0.8296080644999757 0.929759901486061
0 0.7340715489454639 0.8426929769804334 0.720540021459696 0.8470240090618303 0.7204119977277534 0.852252541294868 0.7205123511178476 0.8898377842884854 0.8339795477786165 0.9307876487497145 0.8383496970292152 0.9190441215000158 0.841721992738079 0.8935438023746108 0.8389568092349111 0.8846301375080724 0.8349693971520982 0.8679167935453056
0 0.7329720079855926 0.7785796675977572 0.7355458229048675 0.8017217680705286 0.7353887948030343 0.8369928010168689 0.7419143472950205 0.8430343735989471 0.8327836555127777 0.8674029199134788 0.8375405440152887 0.8655163449913719 0.8516501793368617 0.8568138296313341 0.8581387232907038 0.8162702558465996 0.8509057052029276 0.8070574242628475 0.783212393263987 0.7948987128163726
0 0.59295019344397 0.9980744548341717 0.5884203480354537 1.0195464660035058 0.58347209094905 1.0356614765318453 0.5869777465020252 1.056017723226813 0.5935349714199863 1.0575593441222937 0.6372498042063948 1.0678368167588308 0.7056809201390584 1.0658955610070295 0.7083444162240897 1.0244527083665982 0.6471753227490932 1.0055642949888488 0.6105641502904761 0.9969569116557487
0 0.6130666161895476 0.9524712684216002 0.6077646263052487 0.9670006494491027 0.610017714880646 0.9968284432477921 0.6480108120768258 1.0035070217574849 0.7095336383497175 1.0239810646360714 0.7294943670215039 1.0264201856831927 0.7321288587366447 1.0150198337560639 0.7218746096818153 1.0073504017718484 0.7209084285660555 0.989093658209545 0.7183346136467805 0.9659515577367737 0.708593793547764 0.9501392713337603 0.6806305703685033 0.9570872375877605
0 0.601520123562912 0.8821456881475894 0.5906587623023867 0.9088902401553174 0.5934596203156562 0.9516177768753161 0.6131629674955151 0.9517426878751599 0.6803731888765758 0.9547730275404834 0.708432763361804 0.9470964807400429 0.7095546385513549 0.9173109168426539 0.7076882892278699 0.8973400753715565 0.6524349679830791 0.8933646695411234
0 0.6139204376628333 0.8182012983701137 0.5978837762219096 0.8414754246589545 0.6000735199453566 0.8803031218308389 0.653624190108707 0.8928930258105968 0.7078809918398049 0.8958829142786762 0.7197732130960824 0.8911664769734089 0.7206363727656635 0.8462954285153902 0.6639034414493004 0.8322061335414519
0 0.6263867646707892 0.7707995542461483 0.6196698435949102 0.7789864172703029 0.613243310464976 0.7977588131684898 0.6141131402747684 0.8167441372772335 0.6646425794710654 0.8308774408565283 0.7217292435853239 0.8465523653313037 0.7356461762949618 0.8393070110641462 0.7329720079855926 0.7785796675977572 0.6894195394131863 0.78411626006829
0 0.6235515661754601 0.7070294201860423 0.6117570302531923 0.7237885514582217 0.6085787711843059 0.7606029840040988 0.6261293831788617 0.7684853441988712 0.6895158907191539 0.7833876795218498 0.7310436478381996 0.7803800040132076 0.733160708513401 0.7388086829648195 0.7300734646383131 0.7238094369108464 0.698702271240087 0.7224438504367915 0.6362806107875125 0.7130269841627639
0 0.47210819466770426 1.0183440797268108 0.46300201423955734 1.0347135736050692 0.46096707465752296 1.050101194745885 0.45890426334063056 1.0694487733709066 0.5220680896290251 1.0942150312501722 0.5777065097008374 1.104651430611922 0.583673143717327 1.0895270761822544 0.5838125023916175 1.069727288761225 0.5754949481522372 1.0538890240839711 0.5180166906423973 1.031120543473596
0 0.478381417767633 0.9596601929708788 0.4700952570971423 0.9735781355246697 0.4609600309894601 0.9826688653153837 0.4644422558321545 1.0125752870585745 0.5189784169636982 1.0313466478715998 0.5789457794260422 1.0540392385961173 0.5828751259711432 1.0318250621637646 0.5890113382861357 1.0154184059723623 0.5857846548358728 0.9948272531583197 0.5462969582481391 0.9822381662368248
0 0.4894934920982791 0.9206243138642604 0.4803873116701321 0.9369938077425187 0.47951272238743686 0.9586039956071479 0.5470321888565439 0.9804277657932247 0.5800990860573183 0.9928294758894296 0.6002384213902456 0.9942588616441711 0.6073351860818621 0.9668395882790222 0.6026949588291828 0.9531880429555183 0.5915503169849701 0.9512289932593418 0.5914353082115062 0.9333526584809144 0.5400689131158322 0.9318536438785933
0 0.4921172599463648 0.8557937502703723 0.47577026037360237 0.8744274186478079 0.4683633847645155 0.9116900596239704 0.4903135118559353 0.9181727625397929 0.541596291747035 0.9315516495947316 0.5916896756592606 0.9314292058383126 0.5908951797471081 0.9074433565350737 0.5961544548900511 0.8901694450648
0 0.3587661953178329 0.9943414164848319 0.3430127197898305 1.0084870286961962 0.3398766952122047 1.0434483328600372 0.3761400562390297 1.0579237101109902 0.41322343702351094 1.0699475360374755 0.45590759743729525 1.0846102901137185 0.4597788526233258 1.047838585506277 0.4572595280466095 1.0293969897328406 0.4044772412591649 1.0123601394775574
0 0.36501154668290353 0.9396174872131056 0.3488050797291087 0.949690089741262 0.3432647393482305 0.9840861329100937 0.35933184762773485 0.9938133178029664 0.40320423007571626 1.010738681118817 0.45782518035651143 1.0288688910509751 0.46636570847475645 1.0130274958545822 0.460563956978061 0.9819146622355145 0.4616662159183296 0.9735797007842392 0.40778049624593926 0.9536390904084812
0 0.49674926958630394 0.7907742445916249 0.483993633906314 0.8009970616319274 0.4799783242672844 0.8126136673733971 0.478679789238332 0.8374296096423629 0.4931916471517753 0.851418746303303 0.5910345384213986 0.8876435691140444 0.5972845855651778 0.877874526129319 0.5976202203281521 0.8415937578905991 0.593007864810331 0.8239822550828894 0.5360395161406767 0.8086055907590604
0 0.37724670802061333 0.8208543597405047 0.35925849498786133 0.8331524091951249 0.3542559351820269 0.8709803111662969 0.41266804727830986 0.8979348536588819 0.4676002824212526 0.9174604175517764 0.4748933232015528 0.8735601633689368 0.4730813574983832 0.8572681246361058 0.42270338651419104 0.8407965353758323
0 0.3736890855860847 0.881498861452183 0.35649302057613086 0.8953053170665415 0.3535811438220469 0.9098256829284862 0.35160312165440594 0.9285321106726405 0.41026960119844313 0.9535632005226233 0.4696143939364918 0.9734650833256677 0.47903068528210924 0.9472522218363958 0.46768507157050404 0.9168192666709091 0.41323369958821177 0.8974067549770165
0 0.38182297419083633 0.7637547690301689 0.3660694986628339 0.7779003812415333 0.36205653691315853 0.8119944301265033 0.3778123603305153 0.8203262610586394 0.4227881756634425 0.840155384494965 0.4775787042427405 0.8570032926653882 0.48456398199492456 0.8454238492370628 0.477718062917031 0.837203505244359 0.48028960912943197 0.8140090213341336 0.4784207260118691 0.794398175997964
0 0.39027401738112133 0.7035996384276425 0.3738131829795722 0.715595693598401 0.36790346637747584 0.7340388546314074 0.3667454639674911 0.7502937310510941 0.37246007842558077 0.7595702724075287 0.4246767129031235 0.7771352213446772 0.47714771482842044 0.7927767176392236 0.48704721722404265 0.789154351492454 0.49309746644510666 0.7621501246101686 0.4886546892257884 0.7432563200407243 0.4797714826765062 0.7279461540453358 0.43431597812760564 0.7192426999817584
0 0.39216372856547943 0.6518181968491049 0.3802281126431457 0.6595894625649401 0.3770642163306618 0.6985107242129871 0.3925087548858709 0.7054472011843865 0.43536249359815804 0.718827653498895 0.49029355479642367 0.7271144958200392 0.4961742257189848 0.7013925706994885 0.5019143640225783 0.6842317114282168 0.4894676653153817 0.6733724392857555 0.4367992133567238 0.6629732022371496
0 0.5132043330592307 0.6293428721985203 0.5006368612247127 0.6396099270558235 0.496951397296109 0.6772588536776639 0.5097178635673665 0.6883082753291468 0.5674699154277875 0.6949876566281482 0.6187276291993485 0.6920922101756913 0.6218222347464841 0.649130662227928 0.6158197682314519 0.6390966182313697 0.5590767166313259 0.6378281645182929 0.5231417721648849 0.6357031862342758
0 0.5076766475770542 0.6907026628146503 0.49761802701549535 0.7015595552319637 0.49009453566099326 0.7291084466521518 0.4913994755227514 0.7420620855844078 0.5025913402648852 0.7487173184001684 0.6087488632615413 0.7610283882883389 0.6118192325174958 0.7215102816311889 0.6090618934039768 0.6967180487768809 0.5683799288804418 0.6946267466430496
0 0.49959061741809835 0.7485866970852588 0.4929498407606944 0.7498997157107441 0.4923115306183225 0.7612467783327878 0.486902984949134 0.7858437597623703 0.4962990590771401 0.7897773712577146 0.5338096258941633 0.8060693397441935 0.6067632656037997 0.8249455027597898 0.6128869135747365 0.8177623403032794 0.6121960475641692 0.7969050800395934 0.6142120064418422 0.7881813324779644 0.6086014038715388 0.7621434332985427 0.5463730144428477 0.7567110794199329
