0 0.366150543681767 0.407383833922563 0.40582494011511344 0.3983964792476982 0.4607950541721496 0.4029826598093493 0.4953608668046803 0.41925668651173337 0.5232741605705257 0.4408329863478688 0.5028305155066133 0.46290623615195164 0.4907846975026149 0.487195440601488 0.46831102890897663 0.4954760125649022 0.405834249975763 0.47736875495261094 0.37934220542724206 0.46742163649756635 0.35913694966493315 0.44692553324777834
0 0.524239355102751 0.3692709187635261 0.5180359085256775 0.3985352340840263 0.5221352992245363 0.4157351861020136 0.5416507659304676 0.43509553129269546 0.5954450024672698 0.4447123841980694 0.6360545596540844 0.4535206413071245 0.653984420189577 0.4435642129914304 0.6593106164117644 0.40002075290326977 0.6617991524910014 0.39271800020735564 0.6390433829619566 0.36997521287876145 0.5906314082459413 0.3572396464126317 0.5593646168111442 0.3575338629003976
0 0.6599744164618621 0.3996886941874143 0.6557141904533171 0.44159996826201553 0.6710005431652941 0.4539441736172512 0.7188973825374753 0.4610814708270945 0.7694996117753614 0.47029823052631897 0.7885007691913037 0.4597834610330491 0.7902232216001368 0.4298439523168345 0.78736726273849 0.4175413977690448 0.7756489543138934 0.40442196556799576 0.7312690174189389 0.3850250341442613 0.6988232905902102 0.380053040091596 0.6773979775958783 0.3808762653771165
0 0.7737670600623954 0.39955317323107536 0.7816747255944188 0.3733851876584587 0.8159633313351414 0.36104534445731334 0.8616942175640763 0.3666747054310673 0.8935523809855175 0.3851670142440673 0.9111402563242743 0.39932154305660533 0.9105343913433257 0.42183688275481285 0.9009219249900617 0.439972771347989 0.8930125138591665 0.45133345522593454 0.8682461056841706 0.4540972663817697 0.8485611010455979 0.45913181783409657 0.8190778556820714 0.45500006589131825 0.8052033872757058 0.4530557120358931 0.7889835085409809 0.42896174856273395 0.7908688469372958 0.4198741324464425
0 0.866770379465222 0.45638831651118655 0.8694928534791968 0.4666599013224361 0.8729140417294632 0.4770294032343185 0.8904931092692521 0.4870281997045534 0.9011406402623702 0.49982325964566515 0.9058123813342709 0.5122518337222582 0.9332269442098273 0.509500309224569 0.9652565874467551 0.5064536268992713 0.9801320678760791 0.5104220825263238 0.99846229078556 0.4974493382934111 0.9984245169785406 0.48896685035727677 1.0001891345784975 0.4845045896499307 1.0008479652192053 0.4582234239604383 0.9864131117427295 0.44866525444305144 0.9632254434090965 0.4336418771996861 0.9325301946987814 0.42608833039871535 0.9193874659693761 0.4194112029203541 0.9149438627896775 0.419160428507433 0.9119612168763527 0.4208062978625158 0.902310370998554 0.4401758688031296 0.8946444561971364 0.4522883220912301
0 0.9260085382184072 0.4132720687243503 0.9571717596680077 0.41429172235082357 0.9887865576701971 0.4272769828399133 0.9903268687574525 0.4360476353980675 0.9807146725016788 0.44474317737189945 0.9640571607866714 0.4331101205204002 0.9340986722551573 0.4274239780615167 0.9196633786933665 0.4194498690481609
0 0.9914885188451235 0.4354665326453206 1.0118753945710761 0.42456146720827537 1.0538862110438605 0.4259854489232509 1.0884192174997878 0.433800450082797 1.1262341770477429 0.44244732840801104 1.128835889327278 0.46252515282042134 1.130304951114997 0.4828161963535915 1.1149864195697279 0.49666322001088664 1.0885145475546958 0.5033680118204938 1.0558416808671636 0.5073440645306111 1.0172445653578561 0.5156971655324109 1.004696744906847 0.5050119842299997 1.0012092952636311 0.48555392869814323 1.0022516144609448 0.4581758754198811 0.9857830166823626 0.44768513559214945
0 0.3790629036559735 0.47296903039235194 0.3675122114973697 0.47390082603907063 0.35420306810015234 0.48096243879273487 0.3525790907322689 0.5015639221840047 0.3524654727109465 0.5232272317501404 0.36863152711464975 0.536544883559541 0.39774215856767814 0.5474257454173991 0.4248112002050994 0.5558950860700205 0.4637964524938558 0.5668845182890767 0.4813213451033391 0.5629641941996596 0.48548500036061276 0.5465443654805536 0.4884204827034798 0.5295273388834888 0.5002514570045598 0.5129067515031269 0.490590833520782 0.4979502662813986 0.4673227850824206 0.49383933974234334 0.4061480404186066 0.4771897968190575
0 0.38292695336622407 0.542015599171308 0.3716859855375495 0.5495959347746681 0.35526150212381874 0.5532453861087152 0.3520461630380854 0.567901586833305 0.3487247739082524 0.5926141225232201 0.3631137987490935 0.6060751275090387 0.38434754643328223 0.6154597466197457 0.41024574037329653 0.6222935647920883 0.44329357562419 0.6342493614255155 0.4603625623965172 0.6398458635080422 0.48000443566948103 0.6389362022515365 0.4874375606891257 0.6230399510724643 0.48695315778342846 0.6074074906089684 0.4852542079413541 0.598471549806015 0.49506545258520285 0.5916064175906514 0.49261492395368256 0.5747828629353838 0.48382038320952875 0.5643947715897492 0.46509018917891015 0.566805539651647 0.42503650524502 0.5566146405391883 0.3979584307921619 0.5473265667715695
0 0.369835126937346 0.6102529100115328 0.3499211254344144 0.6202146714871944 0.34481338798456684 0.652655350655799 0.34886437736535736 0.665975541518104 0.3777098696562823 0.6802199108684143 0.4039825416625541 0.6907030639831172 0.44920808570913257 0.7034171702822979 0.46945541545437175 0.7054044444716214 0.4750139077472059 0.6955563314629667 0.4741313496209621 0.6703527549629764 0.47819652983728617 0.6632709515688152 0.4710244424327455 0.6410117136511728 0.46181362164711515 0.6405710845741194 0.4435075023868551 0.634179936884427 0.4103307385726635 0.622304168405455
0 0.3671212591051425 0.6770357018702687 0.34863523703303434 0.6931487406198252 0.3397908868849745 0.7042367087712003 0.341934760320888 0.7296170447125929 0.3481258145582352 0.7360107314551896 0.36286388953111504 0.7431771059906954 0.3989448975825891 0.7546097063397094 0.4563688387126572 0.770308532502232 0.47168738167505786 0.7741555894056361 0.47556980264501625 0.7653478424048981 0.471967663817534 0.7584667976719928 0.47098567850550144 0.734524536481672 0.4716977639312348 0.7214467550880692 0.4763595072622916 0.7067970598358904 0.46942227305910883 0.7058248829081778 0.4498056009687044 0.7039259884395556 0.4045469145268631 0.6916323205769315
0 0.3603744013070388 0.7424031486713344 0.3450407153642654 0.7508813760091213 0.3399812632900535 0.7705763324999784 0.3391546776942185 0.7975540314246801 0.3700184543587605 0.8055305599774606 0.43947429572490937 0.8202193805419786 0.4589739639476552 0.823473659929836 0.46731286750830564 0.8194261077133395 0.47186315073720764 0.8088490407990306 0.46838825280278806 0.7859325942130053 0.4746193352288784 0.7813288462090046 0.47622691945748097 0.77086100822318 0.47263293617765584 0.7742694693150037 0.4570839791259361 0.7705256070305766
0 0.35606837480786574 0.8038364179362757 0.3402864486862146 0.8104922229214507 0.3346171904844749 0.8303015616097892 0.3341204586854154 0.8490101176934894 0.35557631648467014 0.862188427162681 0.3971930018829399 0.8727150889129999 0.4619242573462336 0.8877850423582473 0.4686119869999263 0.8699440864012709 0.4700045997986355 0.8497962308697531 0.46026724159444593 0.8244373221893859 0.37017125428577763 0.8060735889693067
0 0.34921218432504975 0.8610357562880543 0.3349785918515399 0.8728638929477484 0.3316710424167449 0.887527233552884 0.33083908547342045 0.9129698164830633 0.34952479439287987 0.9215869939858043 0.3982899459638257 0.935723513326038 0.45776675332807604 0.9479706507088582 0.46826226932252124 0.926490387920075 0.47586621435383375 0.9069521742713373 0.46246399463916527 0.8883822963580138 0.3974474736998074 0.8719683266851309 0.39736613618792704 0.873000159660903
0 0.34847611346621316 0.9224832644417762 0.3325936838236775 0.9403397239323428 0.32948947816858337 0.9524234820980478 0.3297369958111223 0.97906057302776 0.35131427569371454 0.9857357013904554 0.39408131390850143 0.9940763014650873 0.4316142384022151 0.9993361272333489 0.45727411082039743 1.0013672282924253 0.4533617316673796 0.9815191681297565 0.4610888513354785 0.9703440683030372 0.4710760078806716 0.95531276161283 0.4641192578375039 0.936863721598361 0.45791955325509315 0.9485136797007044 0.3984630802688129 0.9360085840739414
0 0.34617195876574813 0.9839718308077602 0.3336697093421103 0.9986506749464857 0.33076943165119993 1.0131102823155989 0.33375513614537156 1.0323068634705808 0.3450181568818004 1.0432743354980574 0.3798326447173684 1.0507612811542677 0.43152945182290414 1.0574844032237314 0.45943948602143714 1.0582659923627105 0.4683157901370873 1.0349939675746282 0.46148163054622293 1.019952609739339 0.4554126389594103 1.0175372601489572 0.4539241400762133 1.0016801904569326 0.39367404216461677 0.9942800347011106
0 0.5361352691921867 0.4297761692601065 0.5238053538896826 0.4397979969971932 0.5049237939071987 0.4637287235305649 0.5047511804881891 0.481888638833534 0.5076702435340041 0.5060769278074086 0.5523751717018328 0.5112228090009495 0.5906680378033139 0.5098750010710046 0.6100768374213668 0.5111961531384931 0.6214794437830654 0.5102763035898094 0.6390298657680914 0.4979087622301968 0.6422935290266893 0.48046177896414877 0.636872957636194 0.45340513198391 0.5959576791120602 0.4454332628572124 0.5412585633342839 0.43664876268912867
0 0.5108815708263288 0.5079257372606237 0.5008450131431739 0.5154713991543037 0.48835182368949004 0.5302261887093348 0.48598369181679196 0.5469594044381472 0.48873760083571904 0.5599343303280125 0.489787067104969 0.5679145544578573 0.4968428865082061 0.5689033497945906 0.5066189574997567 0.575308956770403 0.5235592795785068 0.5760044234483294 0.5744893041239559 0.576707329481474 0.6095384387529705 0.5765834811154965 0.620208161254713 0.5663289956521196 0.6217356042087283 0.5522755212772178 0.6276540840701207 0.5410754460506298 0.6266357687305402 0.5193915696356334 0.6104264506360382 0.5120844139704465 0.5906026028177948 0.5107050974713854 0.5523315483781535 0.5117762066012034
0 0.5111190527163322 0.5767788619180817 0.4955130017612201 0.5910974182363188 0.4887419872123713 0.5971424217659043 0.48806707894581247 0.6163509678378086 0.489226856774733 0.6335785812349874 0.5014932169674261 0.6403331748002351 0.5392520106664523 0.6484222082903925 0.5763446087415135 0.6569773927334451 0.610880856004677 0.6606982453534586 0.6192466283687686 0.6557159959505441 0.6237541829774658 0.6278126227112447 0.6284374841313527 0.6083265423388986 0.6363103009157247 0.5909659702198947 0.6295816564400831 0.5858266928812573 0.6192908182069733 0.5673194619894824 0.6105760592534466 0.5767288921944278 0.5742163450383416 0.5775083436660685
0 0.49164111847205455 0.6375537344418594 0.4784499558395001 0.6611628856009526 0.47398414467877426 0.6725665363380448 0.4756144398003385 0.6971337296174557 0.4962260139457554 0.7098136558478849 0.541542921895568 0.7178428539058404 0.597530178972359 0.7209330081344033 0.6052191631941837 0.7192129799014397 0.6105131908795822 0.6919793331255392 0.6143433307207765 0.662022739422206 0.5775679416802451 0.6574285848282897 0.5392301990046127 0.6486989070905195
0 0.4837490566374976 0.7696113498917209 0.4749034277129327 0.7806809728974281 0.4679467007258283 0.7864201954111002 0.4726568265434431 0.8091809493105034 0.46779840546960255 0.8255651784498804 0.5164138873590988 0.8343363907605431 0.5635760739226926 0.8375885859267176 0.5910889059627606 0.8372478741928152 0.5955759021600902 0.8202520830216115 0.6050004800612612 0.8098231042635171 0.603000013313658 0.7952752322202489 0.5936065863421564 0.7920005586931915 0.5884390422511439 0.7803659212304388 0.5269252886008391 0.7781798221921944
0 0.4816701159958401 0.8305864559247434 0.46933023480027014 0.8487197955128704 0.4684153982534746 0.8709720283861712 0.4685481481002209 0.8852581604873629 0.4838943389889645 0.890206314672603 0.5292766819242962 0.8974054163301775 0.5973869568287323 0.8957601022398523 0.6055981676842377 0.8767684195358729 0.6073219155948104 0.8602246559598287 0.6012819050302096 0.8596579705021536 0.5911998441476672 0.851810705094134 0.5895489906147353 0.838151093882819 0.5639693104610433 0.8379234491584171 0.5161191166116448 0.8354141037452646
0 0.4844296646418913 0.8914003565204695 0.4767425602957749 0.9090667096553867 0.4737518561227912 0.9257126787368403 0.47559964123751647 0.942197442380997 0.4801552055465452 0.9509487629793355 0.5490849843330603 0.9522158479692108 0.6020347807870081 0.9459281607095588 0.6048740565775859 0.9418499664969628 0.6044247243215459 0.9289182461806194 0.6091310903877445 0.9197863502761155 0.6105606941760993 0.9096357413187773 0.6059178832197116 0.901991215920947 0.5980749641145371 0.8950172524868302 0.5292330586006169 0.8979588139304312
0 0.47616799769582085 0.9456341568456658 0.47102477176759205 0.9549845871187239 0.4614587313770809 0.9698698288946357 0.453421387191057 0.981332479563615 0.45731200912659287 1.0011808343828172 0.45531530213040583 1.0185256121434565 0.4613335010331669 1.0193689964012584 0.5376350550069767 1.0149550233090339 0.5857133313678381 1.0065858688698766 0.5858198831760925 0.9839406083333037 0.5898382419564864 0.9755515621818218 0.5960172085094831 0.9504002180857413 0.5500353581861774 0.9534680542486499 0.48034091798480083 0.9512545439952488
0 0.47689780854030756 1.021550162585229 0.46884861858550986 1.0251780002032944 0.46928673169801205 1.0355903491027092 0.46710305901309745 1.0419984625794658 0.4693995497586267 1.0660995049059816 0.5227002126777179 1.0713309617462519 0.5993738181532747 1.0728439923198387 0.6003977130092689 1.049208265445903 0.6004824531556836 1.0268397037094572 0.5838474943426892 1.0222704538297538 0.5836711211722636 1.0085377193288154 0.5379192332361289 1.0166733805413681
0 0.6762258825252269 0.45724147796675396 0.6507010448387521 0.4589798070590269 0.6431765880185794 0.4665977567420152 0.6434514269799018 0.4817430674593742 0.6392592015300262 0.4976611456458562 0.6461754383196314 0.5190525289023603 0.6617297799337063 0.5293452069373711 0.7289351841844126 0.5418406138693062 0.7601504192208168 0.5397807094027548 0.7763466382960729 0.5286221687490594 0.7771935333564052 0.4859382657402014 0.7678649147451865 0.47651805417877885 0.7555000887615968 0.4683508843971102 0.709680885964235 0.4613703171080899
0 0.6483167409313386 0.5238286962938269 0.6336934680094854 0.5363266898743202 0.629873920686593 0.5634872133605976 0.6296470914256023 0.5849965964808763 0.6383419185929973 0.5918101899780114 0.6546715141402358 0.6002532230594921 0.7167218466939393 0.6142642472135723 0.7485166573321858 0.6181604286286181 0.7627585394844623 0.6131623848673385 0.7675938956459909 0.5864239712601195 0.7602096480646863 0.5789547746573213 0.7576850748076941 0.5657322321831152 0.7572257766585884 0.560912023717812 0.7415175001611634 0.5419253540157208 0.7276682279220016 0.5419428193747156 0.6614786325099318 0.5298695223218387
0 0.6364960133539801 0.591271751235808 0.6287652856841842 0.6094915019709791 0.6263198730571933 0.6192200010492589 0.6228586515915657 0.6285263902484804 0.6197713615033935 0.6597061080154664 0.6370295192419095 0.6696780461765134 0.680041850428835 0.6776640386609468 0.7303717409610743 0.6833184408805901 0.7518663740983812 0.6821343448888858 0.7556535172411321 0.658046590419791 0.7523979399998919 0.6514357369328453 0.7547230751741465 0.6405713604382713 0.7485621605315733 0.6335533559303179 0.7490519829851126 0.6193544704764848 0.7172789840087058 0.6151815902613119 0.6546278908165564 0.6008066206597461
0 0.6195750565468362 0.662196397216609 0.6104371633757613 0.6956054997429758 0.6081999014741015 0.7106785226710265 0.6149528641125268 0.7368028677454751 0.6682317153697784 0.7423110233858723 0.7104675393730684 0.7415157775558665 0.7338074511241565 0.735554678672381 0.7404463424514951 0.7205389846755881 0.7390553489849315 0.6876126629607963 0.731201837361455 0.6834347697437352 0.6803914636435064 0.6785522994929002 0.6368986492708713 0.6713382389772752
0 0.6100040632651474 0.7277166839154372 0.6024814863206827 0.7512809585003791 0.5918248628381862 0.7800011402826383 0.5946660185044722 0.791869270971996 0.633713580127749 0.7995794001566172 0.6841849331493282 0.8007775393584432 0.7225868575600078 0.7980462374278633 0.7260917023493146 0.7881864506283879 0.7274558711521502 0.7788659380714305 0.7261533775834175 0.7554637044240998 0.7266537925552586 0.7384687487532111 0.7110246766878349 0.742433120603606 0.6689527534609607 0.7438108462496521 0.6155536247509727 0.7371668131929607
0 0.48262726250513227 0.7039913641884273 0.47393494183868123 0.7184395372272304 0.47109691929857556 0.7331486147077952 0.471897118019759 0.7575994791240612 0.47676926473808146 0.7649963879375509 0.48427316314688656 0.7682860203226586 0.5275914842248042 0.7777136712392992 0.5886683780130787 0.7801183046460981 0.5920760102619609 0.7794768248981706 0.6016513899203019 0.7511646296372341 0.6099386282796283 0.7285467803158182 0.6051649473522024 0.7225624477187492 0.5975632097777366 0.7231756807512051 0.5418271001247202 0.7195612111381745 0.49634629139849185 0.7109495332641789
0 0.6044422084491443 0.7953519958814482 0.605986746958064 0.8099383241662976 0.5949234087616422 0.8211611443282182 0.5918396962671648 0.8374938539421434 0.5918414844416188 0.8526623093366843 0.6022681726600699 0.8609092706243828 0.6089380123652076 0.8598481587385244 0.6229943807652789 0.8562297178940582 0.6362718171405486 0.8548970980153864 0.6863903206124311 0.8571306945777858 0.7202232437902569 0.857082046523299 0.7240076374721651 0.8356584069612509 0.7215285593509285 0.8253319093748089 0.7217143943687194 0.8153788699984027 0.7137489882946859 0.7986952380272312 0.6838747564503295 0.8016936327542427 0.6340523544383387 0.799501531548514
0 0.6238515636274519 0.8567490059105928 0.6169016302647872 0.8613633353151546 0.6154851541747874 0.8755347100332974 0.6173106804284612 0.8941520484967139 0.6423557125364916 0.9068425892970806 0.7095254027865491 0.9282305797270097 0.736564000189225 0.9308222513444718 0.7460854821384082 0.9277657859895138 0.7469408768261271 0.9131166186115071 0.751988821272201 0.9022482971557411 0.7485743094514207 0.8885974025704358 0.7343765530917454 0.8826161106283474 0.7310082765036059 0.8645808992746229 0.7328293323211444 0.8452770992516866 0.7242735115017811 0.8436789319617147 0.7204882237326458 0.8575183438264923 0.6866241790373171 0.8579617938275016 0.6359134726456506 0.855645206551761
0 0.6134773692522308 0.8972073217353693 0.6093035095579218 0.9197738717803144 0.6043489296643567 0.9294577873965126 0.6053012652534926 0.9439611249680206 0.6041186475883789 0.958963598935879 0.6285714767766253 0.9715711490229046 0.6697455875039706 0.9809337164755001 0.710218122956658 0.987802986178948 0.7315214202665131 0.9871959389838615 0.7374567750050359 0.9688678759008368 0.7389194863276766 0.9503121844142749 0.7295669375066922 0.9322366698201824 0.7093697951990341 0.9302045894596227 0.6417323880992046 0.9071544005302621 0.6155029501516065 0.8942978783032124
0 0.5992556440728687 0.9522946533179685 0.5906873918000484 0.9774386839417052 0.5852339735392084 0.9858552030049942 0.5856261218132903 1.0074649756139087 0.5850357070679605 1.0225504402951087 0.6047500188107088 1.026909836978133 0.6648114858489056 1.032133483453425 0.7121557038268868 1.0315833147699827 0.7093956379608963 1.0172258070049731 0.7113714072787228 0.9883637695521532 0.6693872430090727 0.9816818250118745 0.6293352950862892 0.9732748428790071 0.6052096888754375 0.9603139862021296
0 0.6085682162718011 1.0278440785613743 0.6019935292936264 1.0428892400022063 0.5996914310856318 1.0796888117421488 0.6317326317889679 1.0833807063695344 0.7025942452556517 1.0921136907742541 0.7286191581214129 1.0885758564105237 0.7316548472087951 1.0614590081704767 0.7293002551575707 1.0495533027979445 0.7214602292407761 1.0388746907379531 0.711391885517223 1.0298796209138803 0.6635959584918348 1.032362303973265
0 0.7892590737001031 0.44843353543811215 0.8015237196256848 0.44855563727551884 0.8051711957841241 0.4554534034132695 0.8195085519289493 0.4558659727473707 0.8471082307339062 0.4589354370246966 0.8612277362562106 0.462111619984456 0.8688178959457542 0.46836441991935746 0.8727463598489476 0.4792931962356754 0.8899833816449133 0.488494550726799 0.9012521390103992 0.5012503148529285 0.9055078258909875 0.5118257845793945 0.9008831512364985 0.5439090766975526 0.8751232183131262 0.5478832083644759 0.8433300956625871 0.5334486704676388 0.8045559181318804 0.5240232639218861 0.7881609654829494 0.5193307122691936 0.778933796819204 0.5072602175862814 0.7776222226479432 0.4859207608538772 0.7775110621186152 0.4683419984235298 0.7883565496925162 0.45988279188726744
0 0.7865870936309807 0.5203076413254081 0.7776569205143544 0.515862869696437 0.7763338089768637 0.5288498385750119 0.7588967325351959 0.5411752659794616 0.7568569320079093 0.5556584519307858 0.7584316979471051 0.5622657505718419 0.7604439533057967 0.5785142773561227 0.7675824039479333 0.5866995916669665 0.7718843260611625 0.5928907446250133 0.8421546306952896 0.6091249660136621 0.8759413186404743 0.6134606347275943 0.8879409846236671 0.6131464392618077 0.8907125878558875 0.593177521415838 0.8934219480531018 0.5739982074629136 0.8858308942763313 0.5601611798307417 0.8732532450012657 0.5488186420640198 0.8445145015021549 0.5336146518943213 0.8050858780166583 0.5248958585282725
0 0.7704660617967088 0.5918936639486149 0.7630662075610913 0.6136089631236602 0.7516436307825444 0.6179956641246848 0.7502893977275507 0.6313774349497824 0.7559473410702278 0.6393552724772726 0.7533775806581633 0.6529658638222102 0.7560273800820527 0.6573288368541427 0.765799622345714 0.666282411321545 0.8226982319648353 0.6774494307311626 0.8663496326389633 0.681970040375659 0.8812782976163454 0.674881372725831 0.8834737057311469 0.658424177041894 0.8832682865620829 0.6344455927538438 0.8743363252710026 0.6148323657303315 0.8424818536726846 0.6087716594238101
0 0.765706257793205 0.6674668171611128 0.7587394225409483 0.6609022059930301 0.7550777267545979 0.6655781823744465 0.7513395683053306 0.6826175051680754 0.7413663773087404 0.6876064848989758 0.7415424631347556 0.7271483265280897 0.7532931569779244 0.729992546634484 0.7568623822989926 0.7340852037899058 0.8195114057260732 0.7444614271901755 0.8547314716508495 0.7458046617586097 0.8720289483073673 0.739047956962147 0.8745818068298399 0.7142584250445649 0.8749383631502836 0.6983418611136493 0.8638874564073187 0.6828224833618615 0.8220749075275485 0.677761241964344
0 0.7376309011211544 0.7273984907844163 0.7326763212275892 0.7370824064006146 0.7265382295816833 0.7541845682874007 0.7286296298649733 0.7808224317512811 0.7462561176733399 0.7888808757595075 0.7915445273216695 0.7992191801520149 0.8248483847019442 0.8058821651884122 0.8567802130504063 0.8071637527799917 0.8613435387571163 0.7834542922521495 0.8614973581701774 0.7663118271249952 0.8531264782813779 0.747176392761347 0.820072487128354 0.7449392198500395 0.7579223020685486 0.7358303930026787 0.7522803665282365 0.7314472683505623
0 0.7297206711520319 0.7821728190175317 0.7267605506403395 0.7893420931480956 0.7223981736665583 0.7991089994776351 0.7197803898473989 0.8019354521964507 0.7225404557133894 0.8162929599614599 0.7250364357242179 0.8377983981205466 0.7424913081427047 0.8442361389860119 0.7830732159502662 0.8535157157252661 0.8454883809524605 0.86306083987582 0.8507061526139605 0.8386447661682738 0.8504082629796146 0.823434815417062 0.8444222025723156 0.808226056782153 0.8246927771144292 0.807856174921025 0.7916850211940464 0.8012346852412984 0.7461627531208308 0.7900652815990754
0 0.7374264618070387 0.8439255198691334 0.730509438136331 0.8633135027217138 0.7355298374138101 0.8831768940015529 0.7485431879339176 0.8889922045169584 0.7543887544688397 0.9021854580625838 0.768539381508647 0.9049668390758207 0.8125509148521268 0.9239077955784835 0.8220572830861721 0.9248408450454219 0.8587898719151383 0.9335809821479574 0.8637746792389793 0.915918036887966 0.8589267894386072 0.9052595764481587 0.8549663099306839 0.8871413743810929 0.8467350298270343 0.8624372174094574 0.7832759528576492 0.8547416169215044
0 0.7676199556114681 0.9052371549523311 0.7532665916642778 0.9012298727428559 0.7485458701955987 0.91174488760877 0.7464127051158032 0.9274124793996618 0.7365951217067279 0.9304274493979493 0.7324034660355998 0.9342308311729792 0.7401038921672444 0.9504781658409575 0.7443755868501977 0.9646483484427976 0.7921893098524049 0.9809288336533276 0.8520187066401697 1.0004898362734451 0.8579078261460515 0.9865460899588397 0.8595892821784402 0.9728110125438901 0.8563463857475399 0.9607808211013458 0.8484263208189202 0.9321286446644844 0.8227899798783329 0.9269393408480467 0.81192759041484 0.9242196068116648
0 0.7461833171270522 0.9645025186362989 0.7381112209598258 0.9681612627211328 0.7314591772315071 0.9879855428769067 0.7137402189578584 0.9886957324055184 0.7099878408806802 1.0173087977183146 0.7137295756788555 1.030606385713768 0.7240628993447976 1.040037752841034 0.7450709892819877 1.0469734379865476 0.7727800404418186 1.0524532092996797 0.8371114139885145 1.0566785829822705 0.8398367819880941 1.0410939819047202 0.8415013361308906 1.016179963917126 0.834112125174276 0.995984609783922 0.7924231682772906 0.9817599329030434
0 0.8436398657340484 1.046017738309858 0.850964151393976 1.0442500132442956 0.855999664386593 1.0601238897022378 0.8596320268298944 1.0710111706618852 0.8594319721841924 1.0925379525574588 0.8555382061474103 1.1115512850837002 0.8175127332112294 1.1078190872159464 0.76591282835266 1.0977937861729232 0.7323902262626372 1.0863101870649137 0.7300356342114125 1.0744044816923812 0.7319509486686873 1.0615005035271474 0.7323386265066341 1.045189137649709 0.7447126447870898 1.047721546522922 0.7724839389819266 1.0524117139430091 0.8377036169082984 1.0567615736956117
0 0.9048533799361976 0.5125323977590984 0.9008520297189955 0.5443038786440751 0.8778814960046627 0.5470722607349441 0.8834620825971957 0.5598292169773763 0.8938114140655029 0.5728552969800166 0.8914764061655513 0.5948812152719405 0.9034298369161031 0.598951336574573 0.9590017586488258 0.5927684140736832 1.0026976063811404 0.5777362515552192 1.0123266725107438 0.561921637841526 1.01057671483276 0.5233567252686266 0.9929030977045252 0.5120983703315488 0.9800773703766626 0.5114984758342783 0.9664718169367711 0.5056001746055314 0.9326860230788134 0.5088487335888696
0 1.0063219220393989 0.5203654832394312 1.016295113035989 0.5153765035085307 1.0565320018893365 0.5062462185677216 1.0896633497925041 0.5037042727640872 1.1099538566526714 0.504551947285079 1.1269570200237513 0.5129222025264867 1.1314625731315906 0.5279234843780426 1.1307485664034758 0.5521723845426033 1.118688445559731 0.5684446392959764 1.075740408334715 0.5815857827951688 1.022724921473373 0.5933160841675589 1.0084186868460505 0.592508712886935 1.0028069787360145 0.5801465585910254 1.0118749634633368 0.5638541522174684 1.0112622823050526 0.5222553101424001
0 0.8912896770605334 0.597250026951076 0.888268207601062 0.6127931326719558 0.8753179942031873 0.6137724459607757 0.883471023469466 0.6356714939500822 0.883707564156033 0.6592552762916098 0.883599085888386 0.6644291969530741 0.9193642254130783 0.6626555113059983 0.9626092581852133 0.6571400908607473 0.9841926491525952 0.6529798261469573 0.9987780833502173 0.6426497522116071 1.0049161749961233 0.625547590324821 1.0048370300715253 0.6151582536452215 0.9994120510665072 0.6004272876701764 0.984091237815043 0.5859061827110896 0.9592667385912147 0.5932047113768765 0.9028376339963192 0.5988683458612317
0 1.0072965240414888 0.5915531275672072 1.0000976185388002 0.5993258725439499 1.0047747870365193 0.6159478575382668 1.006100580835691 0.6257135717515036 0.9981858804304335 0.6425667614982659 0.990815359537865 0.6487188033322472 0.9892574954882613 0.6532904452638358 0.9941525146085013 0.6671488166324946 1.0063095763536631 0.6800290668286362 1.0140704573458597 0.680318342209028 1.0306823665300846 0.6746630525387917 1.0511587084080427 0.6655576876833772 1.0642485215910673 0.6590096517865703 1.0832914854894338 0.6528967210766542 1.0957268527176685 0.6470552983595511 1.1109356113525775 0.6364134131910197 1.1210012728144498 0.622655799923281 1.1099165622923004 0.584778541026204 1.1003790725407523 0.5842402935057882 1.0913084055517488 0.5777800167875334 1.076270368219493 0.5824583774015553 1.0226626784383668 0.594105688060604
0 0.9759489375954886 0.6550178670890302 0.9945731021384054 0.6656111042030749 1.0071356376983331 0.6809431567916931 1.0112357169914061 0.6934926362507722 1.0096182921684778 0.7216065651672178 0.9938324443289226 0.7281759448005111 0.9693814033151302 0.7307368501080268 0.9369978659192612 0.7313877768923894 0.894811858829455 0.731064158853143 0.8810818193195515 0.7267450654104866 0.8761245571643055 0.7136762979348731 0.8755616875875705 0.698030049880468 0.8668795925237411 0.6828426349820454 0.8817148929486144 0.6769383731717852 0.8845967626229359 0.6669639900588923 0.9189436378831743 0.6641932237354181 0.9630769750349851 0.6588022893601789
0 1.0915040755290373 0.6512534820811038 1.103473514081954 0.6589183162591102 1.114695142127572 0.6684741694563884 1.1192167030377762 0.6870701641833182 1.1159924966709218 0.7013873687079597 1.1123165812566604 0.7176370876085433 1.0588200520048625 0.7468631606979393 1.0143150448174698 0.7721601738259909 0.9983851267566297 0.7463771375809184 0.9931468768566296 0.7292773599267376 1.0108338195255486 0.7213777446473778 1.0123107504761002 0.6912483106416486 1.0100966522972525 0.6813581103583998 1.0166420059323782 0.6818762062586318 1.0642174000735642 0.659404453733093
0 1.0842981030962537 0.7312737911551782 1.109732601216685 0.742821421472648 1.1126954039900583 0.7584048304338955 1.115035776413372 0.7818842783255953 1.1010425451355337 0.7922973429742868 1.0546977920665563 0.8105507601580889 0.9918024787611333 0.8260856354218117 0.9832448697673158 0.8093190127372987 0.9732058593868116 0.784760685572162 0.9884617473415886 0.777318711332482 0.9945233763245775 0.7725798958579082 0.9938502403057417 0.7469391130704263 0.9982917622041207 0.7475615434204862 1.0152967137496547 0.7711002540564351 1.0591472749822577 0.7465098541080876
0 0.9781239532395115 0.7299662057188628 0.9892673304477585 0.7367169499338123 0.9936163818808555 0.7461080138207103 0.9945233763245775 0.7725798958579082 0.9879317874568108 0.7764461167260955 0.9644010664274243 0.7863209338543711 0.9188965943310277 0.7939146984820632 0.8783627099305613 0.7954192603689311 0.863120147516468 0.7837032643921734 0.8615907227226863 0.7651274212854275 0.8611683470183282 0.7514966783203061 0.8710472793751824 0.7401078767317029 0.873772647374762 0.7245232756541524 0.8814712853319525 0.7256021549275894 0.8945780004045691 0.7302330596034272 0.9369978659192612 0.7313877768923894
0 0.8610163157797215 0.7838075988420012 0.858120226477489 0.8053557244740613 0.8460120822266494 0.8108438406013123 0.8499876754497107 0.8249725278464818 0.8496622406467698 0.8404942898308748 0.8580953635705751 0.858840120301478 0.9283478722278831 0.8563111734202117 0.9837161629659958 0.8413181220258128 0.9858635476737023 0.8140767877157539 0.9793324136664874 0.8019849492963548 0.9686709729359234 0.7853226610616698 0.9167927625942811 0.7940190329318911 0.8780354869531664 0.7957725669587831
0 0.9862218921686001 0.8133286791793792 0.9834200615061037 0.8412766266691422 0.9662470709195979 0.8464541236795146 0.9682904477957927 0.8623078485172729 0.9794498328064045 0.8726533056075964 0.9804332899130435 0.8867618412325816 1.035755345418515 0.8761531066066022 1.067841887267265 0.8678764567682982 1.0954086563802647 0.8561722675976057 1.1046802721021973 0.8486899901175575 1.1023087781613805 0.8256053441723806 1.0973043866862664 0.8093366657679156 1.083589460891501 0.8010280575033626 1.0554927318937235 0.8118596520676687 0.992363560163414 0.8265634280816755
0 0.8549156042619077 0.853604552663159 0.848184415608991 0.8630394961393333 0.8549351884131808 0.8875361763276154 0.859846215335786 0.9049892605716482 0.8672807674378147 0.9132160702391624 0.8978725823591939 0.9163056861366724 0.9272959992433705 0.9228240334828738 0.9424122874129977 0.9209507818511806 0.9808885753093585 0.9151662376457216 0.9803710468780374 0.8875514451256269 0.9800420357261885 0.8727362963209376 0.9671060419562248 0.8621418670905904 0.9632238132856725 0.8468287740058532 0.9279584062154822 0.8574540839031087 0.8583603435129641 0.8592764176046713
0 0.9805737837854204 0.8887773463218652 0.9813562921591302 0.9168284361451534 0.9653516996098273 0.9185772017068343 0.9730361179391069 0.9312298234994388 0.9811882531181584 0.9455446437914746 1.0174673447252636 0.9410488398754113 1.0495076513413726 0.9371565068055266 1.0761087593245526 0.930106950279764 1.1026004949528585 0.9206470867181947 1.101194662141862 0.892907808128088 1.095785690939209 0.8817715550284168 1.0801216469079848 0.8640090437838083 1.0679352518197742 0.8666920509287303 1.0356619808660061 0.8773375124461698
0 0.8620754272297716 0.9108899460330004 0.8639151731113563 0.9179335419772497 0.8588521149501442 0.9327913782549122 0.8498757066008769 0.9327309233943604 0.8562841427125338 0.9615704249943908 0.8595270391434342 0.9736006164369352 0.8960880125825204 0.9807200503967097 0.9577224573854588 0.9773825401185169 0.9785420300431769 0.9715185815486245 0.9808139008208954 0.9426980394524751 0.9660061455646172 0.9178705885271304 0.9423500443779916 0.921740385744226 0.9269687762659755 0.9231773400727258 0.8981686838190859 0.916347181493343 0.8667196860355337 0.9127382775792986
0 0.9813909900255413 0.9467705449877132 0.9791031114454579 0.9719963742084885 0.9590002277775357 0.9763641157056316 0.96283532712822 0.9884772978615176 0.9686969014655069 1.005265264282517 0.9704272749922176 1.0098985531909601 1.02648202728985 1.0013883143676054 1.0716743901239898 0.9901583415078687 1.0909974476798832 0.980492193279249 1.0955305459563172 0.9647617623952 1.0937201334177815 0.9421549091098868 1.0822175176274096 0.9285680457340414 1.0492737929164866 0.9363254075558108 1.0177634461851555 0.9410903352320821
0 0.9704895180272237 1.009108949297915 0.9659252982332864 1.0252341821284865 0.9536766601100697 1.028706793166454 0.9599143749190737 1.063509819320994 0.9655723182617507 1.0714876568484846 0.9996542135796003 1.0682805932218171 1.0449870702861168 1.0590661254513638 1.0906160284525253 1.0498931530375815 1.0908934398483714 1.0235872524270662 1.0874478065100877 1.0103311597882836 1.0722354715262705 0.9906361341677327 1.0268092502672452 1.0010350077777534
0 0.9640171364738279 1.098811981871885 0.980675280890694 1.0887723754332292 0.9994203551547143 1.0674494939721013 1.0452831717460087 1.0591076208080346 1.0738947469134263 1.0531381356720115 1.077277243129477 1.059599604506569 1.0805832766826102 1.0784244197533388 1.077312835083115 1.0971259410463994 1.0700828080629232 1.1052934879696645 1.0333368936932732 1.115711321083567 1.002122648421834 1.1205177441165086 0.9630843850359654 1.1182402679648333 0.9510206878433125 1.104175611929124
0 0.9985631722925417 1.0669302059555668 0.9799897134184009 1.089873790559456 0.9498674035212477 1.1036148285559186 0.9311676704026413 1.112969165551357 0.9034586192428103 1.1074893942382247 0.8762323986478895 1.0996823066026278 0.8603513980813713 1.0922676366809478 0.8599592498072894 1.0706578640720332 0.8553452184318032 1.0608305028819418 0.8580394649138796 1.045640703750914 0.8910614404621735 1.0406884509114736 0.9217146043313318 1.0354042352186674 0.9527572342128909 1.0289771090429647 0.9598832534015707 1.0639046212675167 0.9655411967442478 1.071882458795007
0 0.8594647961084283 0.9743902203299806 0.8587650090082244 0.9870653779753743 0.8519564636051637 1.0012794401664902 0.8414212971190657 0.9982063995402561 0.8383526983397263 1.0105495943322846 0.8415947006833997 1.0149955580775583 0.8397745389530881 1.0418835857977653 0.8431721488842765 1.0443555398104263 0.851260252853868 1.044291508600966 0.8593172353059564 1.0446222793380286 0.8916847648994604 1.040376639678292 0.9220729488262296 1.0346561266822931 0.9534116801676809 1.028270495863261 0.9653642168310056 1.0247563894686227 0.9714089439244024 1.0088386334214043 0.9595301876623137 0.9772367103120182 0.8966802155023044 0.9808030411100511
