0 0.3539555184194304 0.44990368202182035 0.3910967764601004 0.4292469429208408 0.4454317596696726 0.41722813315243656 0.4818572973626269 0.4227175696101682 0.5126953837653565 0.4353687037955465 0.49649975861215384 0.46300797698618307 0.4888605857557794 0.49028760997983806 0.46835995837753935 0.5050965853471068 0.40442952022244055 0.506192371965049 0.37693825397129566 0.5044460819821334 0.353792892578187 0.4905355506468176
0 0.5015623685086575 0.3653512719969971 0.5004551948049611 0.39572617394249976 0.5073513788916207 0.41125574262473474 0.529633012997522 0.4242665170070948 0.5836709976373585 0.4175021302934315 0.6247258045470852 0.4139044154026113 0.6405163421333073 0.3988253816573555 0.6383596678489202 0.35480042635585 0.639552351470748 0.3469384443186921 0.6135428003492805 0.3316037989532192 0.5642229620806889 0.3337150772375211 0.5338071747165853 0.34337974990804293
0 0.6389504320280615 0.35427778158851214 0.6418703843050979 0.39639266220030017 0.6588475802946699 0.40383557815916155 0.70672098367614 0.3964240208818935 0.7575812709159174 0.39022718920152016 0.7743214485355132 0.37428280537653436 0.7709485615615099 0.3445940210151794 0.7660901962779771 0.33346338141954585 0.7524588047596154 0.3241949271961837 0.7059438026410105 0.31860622266318367 0.6734908162106441 0.32349326110807713 0.6527535216472683 0.3307215828464923
0 0.7498037133586857 0.32001536715281687 0.753093818976962 0.29214628175669083 0.7844217144200436 0.2698383639195423 0.8299302690123631 0.2616071633052008 0.8640918080428039 0.27007014550653574 0.8836169644111538 0.2785866798611171 0.8868252647634325 0.300706672816527 0.88051893074543 0.32126085234801344 0.874728935671715 0.33470266979835056 0.8510635806088811 0.3448239508283502 0.8327324971069092 0.3556336837840663 0.8033078239451095 0.360450877882577 0.7894609189277919 0.36271779275246446 0.7695917827692719 0.3441062610991306 0.7698955984445073 0.334686081515095
0 0.850012207763944 0.3474989030498768 0.8543978578201215 0.3566906632747045 0.85948083402825 0.36576826231903437 0.87829628106197 0.3702382172469015 0.8908296131936468 0.3795117761999056 0.8974784834764248 0.3902205892884429 0.9237261941289336 0.37931700642106114 0.9544209038837519 0.3667416076778411 0.9695846579214507 0.366146678702339 0.9852564040355942 0.3480085544372124 0.983788489915282 0.33975480179429546 0.9847550377923173 0.3348776384202912 0.9809630006979584 0.3090724511084407 0.9652855213480189 0.3040887708683329 0.9401575080385329 0.29640522906299066 0.9089745928263787 0.29825185059148057 0.8950421912331691 0.2956878183706573 0.8906701683386445 0.2967762622501715 0.8880416474819003 0.2992745472042273 0.8819060562126768 0.32104230123718996 0.8764801501643682 0.3351435872883435
0 0.900457812296793 0.2877201402086299 0.9309943515183124 0.27936672748292984 0.9639896503243407 0.28253680039565626 0.9669702089933995 0.29062066889282623 0.9590714262062614 0.30197637626560686 0.9408781941343588 0.29563764033827616 0.9107282119170832 0.29908282478451936 0.8953175558215818 0.295642737677222
0 0.9680040463068968 0.289706040549985 0.9860285782529479 0.27296573898116344 1.0272029048623277 0.2617527208578381 1.0621693271629224 0.25900977576139583 1.1004739350445445 0.2560930151282806 1.1063963614347847 0.2748759023079062 1.111251139991451 0.2942062650458231 1.0986613983456972 0.3122929501466751 1.0739991861854692 0.3267657326035568 1.04283453589137 0.34043960708669907 1.0066359411100896 0.3601552344222478 0.9926069883844517 0.35350744087793823 0.9859260892691271 0.33559410134771844 0.9823226524298196 0.30860511806475316 0.9645062165065589 0.30332275979763745
0 0.3776020297654496 0.5099350688346874 0.3665045874084283 0.514307436458653 0.3547279444199743 0.5251799349877527 0.3566213335442553 0.5457404909225575 0.3601655157910685 0.5668826492595611 0.3781641001296583 0.5750102092056161 0.40836437399480596 0.5768809056283439 0.4361685281807878 0.5770142316868391 0.47600865425228994 0.5760289739951173 0.49242297422158343 0.5669528034651111 0.49370967192747517 0.549704989038916 0.4936989194919649 0.5322436546003675 0.5024225526969106 0.5125005316072049 0.49048617252722665 0.5008249367171432 0.4671209147184464 0.503798268997268 0.4047050756209433 0.5059238838622503
0 0.3930161179661991 0.5760530157872265 0.3833421587794168 0.5868106246333739 0.3679543447555439 0.5952928139141226 0.3672941104565252 0.6105377690535251 0.3682271815341305 0.6356131240369046 0.38451846704856313 0.6444133559251081 0.4067913051279163 0.6471887092836859 0.43317868598736564 0.6460796090957911 0.4673966091554482 0.6478167855914349 0.4849723231856955 0.6481502675934684 0.5039573045751166 0.6413726407599785 0.508518010234929 0.6236543570551318 0.5054086186968836 0.6085678447997145 0.5022456008503107 0.6003705056582931 0.5106471448820193 0.5907385932341042 0.5054210658724313 0.5750812238605468 0.49509931956217806 0.5675971669069292 0.47725590780410104 0.5755639829999201 0.4365094570695045 0.5776477672132064 0.40855837042047666 0.5767194013715511
0 0.3917723754648601 0.6464681023160038 0.3740494500906195 0.6621474453361389 0.374545797357662 0.695288659898869 0.38074025337697 0.7070524226891987 0.41124965199710234 0.7122799445706702 0.43861760438143504 0.714614328125875 0.48482905937682774 0.7134378609488903 0.5048927309405434 0.7093013238643682 0.5086472518825746 0.6980384324183326 0.5035351353337479 0.6737455317925751 0.5063013308893619 0.6656259457929301 0.4955576343415058 0.6460883688657106 0.48650854631429263 0.6484216782128225 0.4675933401462591 0.6476849763290848 0.4332632946588945 0.6460644470264808
0 0.4003952084698646 0.7123532387862114 0.38510146573739046 0.7335979016041633 0.3783544833052793 0.7470544137045451 0.384725409401135 0.7711412311603126 0.39183648724988657 0.7755141358883249 0.40740588894671 0.7780763760365631 0.44449097472614335 0.7783940118420042 0.5030917445881867 0.7764670433046484 0.5186667239167827 0.7756209372016455 0.5209636547081471 0.765874459265126 0.5162929147647071 0.7602501818324484 0.5112967199989996 0.7372160907537199 0.5097841591866769 0.7242599128935856 0.5118548240435753 0.7085874696117673 0.5049313715349165 0.709720927046711 0.48549710474471525 0.7137544225462383 0.4393242903436957 0.715350492905566
0 0.40484962925827916 0.7780689391941996 0.3913393343267742 0.7909289752076559 0.3897323566023527 0.8116366566775897 0.3934784527044506 0.8381708406616593 0.4248969391535614 0.8366858125020968 0.49505083106000103 0.8301659398862912 0.5145997642340595 0.8274881844028505 0.5220420663827288 0.8210432438233878 0.5246912343815856 0.8093724784356485 0.5174390887400971 0.7880856214964225 0.5227337554517139 0.7817309491735726 0.5225340740069762 0.7710492308409358 0.5196072569729977 0.7754482937332486 0.5038251793570206 0.7764640587736
0 0.4110185749590173 0.839219204682545 0.3967640613431199 0.8504379697113377 0.394582204579654 0.8714400038122186 0.3972545860466332 0.8898180479380978 0.4203838875576892 0.8962232410776281 0.4627099277499396 0.8939978154910749 0.5283246267666547 0.8892663747852046 0.5318309439528213 0.8698767989245549 0.5297886531672832 0.8498276386685432 0.5160224778895361 0.8280392491675127 0.42513743903653956 0.8371690936898141
0 0.413988396796599 0.8970089374018957 0.4021151742354497 0.9128030685306463 0.40136629752538444 0.9280826376429093 0.4048481654761502 0.9531226616096511 0.42450879326009433 0.9559144881811363 0.4744091158532921 0.9550623264316872 0.5344277913482354 0.9491564097760259 0.5410303021262572 0.9250787148791374 0.5451430022188313 0.9037605771111407 0.5289512953154545 0.8896864352394985 0.46283188875774933 0.8931938677927201 0.4629267198578841 0.8942236509015778
0 0.4236382026956751 0.9571023231235518 0.41117546073786926 0.9792648151057176 0.41018950627746725 0.9919699264458363 0.41492471132583253 1.0178500713211662 0.43707514979522477 1.0178823407637598 0.4801532416767261 1.0131818513487192 0.5176116022614218 1.0070494402066732 0.5429564875554456 1.0013321971374587 0.5357957508814506 0.9831662998915168 0.5414394371067456 0.9699599855275348 0.5486346422606097 0.9523184350610063 0.5387435950181884 0.9364288137562392 0.5346682912312135 0.9496396909637431 0.4746259079612366 0.9552881618421901
0 0.4317670417064984 1.0177060375561149 0.4220617402247939 1.0357585227898936 0.4216753244055166 1.050717425391519 0.4278232238648903 1.06852648291659 0.44064793240657263 1.0758346881601906 0.47583327441376466 1.0726876695575387 0.5273393757508816 1.0637328100911188 0.5546659420567221 1.0561231783247902 0.5593884471883448 1.0307853020650197 0.550191769687183 1.0181792551306168 0.5438708243838353 1.017646112202101 0.539745177221063 1.0026419107031985 0.4797907807859382 1.013502517859357
0 0.5233614310100697 0.42073777895412684 0.5130383461749051 0.4342009178252703 0.49867815097519835 0.46318153715557164 0.501573780697584 0.4809277877666202 0.5084989141772321 0.503620604048002 0.5529262364823503 0.4952260356723032 0.590010265795292 0.4824274111677825 0.6091445150494356 0.4778933289431994 0.6200996825044438 0.4735770173144129 0.635113719709637 0.456262473998998 0.6353501975297414 0.4382837697956919 0.6255037390839006 0.41354640059060294 0.584292156223778 0.4180507633435322 0.5295129133086702 0.42589757436683445
0 0.5119398540859375 0.5044588400210379 0.5034335861750102 0.514821419399642 0.4937499254579197 0.532945186173902 0.49426560454226864 0.5499598156831017 0.4991379734956723 0.5617762020798273 0.501506911886363 0.5692371221905366 0.5085487140105545 0.5680842894148247 0.5191549359681277 0.571393537796316 0.5357784131613276 0.5669901886249571 0.585521694067136 0.5523993955963332 0.6196516267808962 0.5417662684044363 0.6283178169986042 0.5285743843040486 0.6274351037802923 0.5144229663629769 0.6313122918380536 0.5017347906256026 0.6266617177082932 0.48091209870405166 0.6096350291080748 0.4786539625592388 0.5900865561995671 0.4832558584765108 0.552977096751867 0.49577833387812204
0 0.523787686570409 0.571476034485466 0.5109973484455868 0.5901084039548931 0.5054197469990827 0.5980293369179638 0.5080028736061374 0.6169479976333391 0.512039453752582 0.6333862107546829 0.5251310176363405 0.6362885769800407 0.5632867833582483 0.6328451151280974 0.6008720738681266 0.6300556720210065 0.6351509166413217 0.6233225391161866 0.6424617031095579 0.6159587986910884 0.642146059463209 0.5874186148845336 0.6434217671683391 0.5670272767798848 0.648163844916933 0.5477503237511816 0.6407405907713664 0.5447609199832516 0.6275910902289091 0.5298146081010645 0.6206871859168067 0.5415967341727139 0.5853908726442288 0.5532617497514061
0 0.5150624992578079 0.636535360090028 0.5061926028529845 0.6634958981573907 0.503765197585498 0.6759467259703539 0.5094985203715704 0.6993952815356215 0.531721093287869 0.7055680949639725 0.5772311642492991 0.6997993902319903 0.6323048216432099 0.6860178206622115 0.639506546074182 0.6820356831647159 0.6400702100060782 0.653912170178602 0.6387481081076924 0.623574570037059 0.6021401749659775 0.6301283800458491 0.5633122134930066 0.6331212642310068
0 0.5296525853289689 0.7675754509188005 0.5229012618254165 0.7810144716079068 0.5170911184169719 0.7886931623144126 0.5255205657055269 0.8094578292075819 0.5235509028636907 0.8268793408729156 0.5724001931947926 0.8208442757023313 0.618902304520847 0.8098675391935676 0.645652501860327 0.8012835057787999 0.6471570807782822 0.7833775096003364 0.6545806000328974 0.7703890665780156 0.6501769857524899 0.7568140650247998 0.640471830758805 0.756440736236279 0.6334738125149484 0.7466542197667997 0.573167828422853 0.7629742619589915
0 0.5379142385944153 0.8276113154534955 0.5289499631487892 0.8489810577699801 0.5318128212381857 0.8709373586173598 0.5343524290739543 0.8848175217876756 0.5501401174601953 0.8850359993409351 0.5955738980173503 0.8784388473002247 0.6616609246340167 0.8564070649682377 0.6664575334012426 0.835439310475733 0.6653459489701056 0.818802550608476 0.6593651361165831 0.8200619982553752 0.6482175398308538 0.8154398180520254 0.6443044396090856 0.802625450114849 0.6193419583099695 0.8100758746037879 0.572294801906644 0.8219827789603135
0 0.550863173480775 0.8860388752135395 0.5463536376941217 0.9055580704988081 0.5462479812969243 0.9226744205470411 0.5508296065206403 0.9381824658206231 0.556744876108185 0.945343118646386 0.6241217632083454 0.9259032931117713 0.6746536434007111 0.90389527548309 0.6767321031707627 0.8990700076804048 0.6741125341816039 0.8866044968709806 0.6771576041815215 0.8762950481886045 0.6768380246770087 0.8659758108419208 0.6710244756284973 0.8599197544277958 0.662205969711288 0.8554768971204759 0.595624758286867 0.8789911455060434
0 0.551963215446469 0.9413606276701589 0.5485293519269455 0.9520140391481334 0.541719826655646 0.9693869609706613 0.5358223805955804 0.9829665033772993 0.5429619674006413 1.0011392134730963 0.5439427304088712 1.0186383274954265 0.5499489733971522 1.0176550289514368 0.6235502275601215 0.9904686990176274 0.6689842732263249 0.967893700186666 0.6652675376934416 0.9457968776217548 0.6677675626160879 0.9364175967871403 0.6695447966272032 0.9100575932896705 0.6252590428832893 0.9268383552916868 0.5569774180701256 0.945585360902951
0 0.5654823604358097 1.0151120154756015 0.5582515351209639 1.0210611035398076 0.5604351210701156 1.031075179269391 0.5593885496868591 1.0379740125099741 0.5656923476849611 1.0607685493303896 0.618509534365512 1.0498792038429292 0.693473268667135 1.028356377684841 0.6904832599039467 1.005019331322914 0.6867919545058216 0.9831986578609125 0.6698124554260048 0.9837359195915388 0.6673237078597529 0.9704080546270418 0.6241170320230356 0.9920577799423952
0 0.6644952936127675 0.4054811120140413 0.639917935084142 0.414830673377002 0.6338715789646416 0.42451022149656303 0.6366945890318674 0.43918492512926294 0.6352954014020608 0.45595241804974407 0.6456433861538866 0.4747211218620118 0.6625355825820827 0.4800847118315177 0.7301266578986071 0.4721026269015691 0.7601943152221158 0.46073298427566983 0.7740928321380081 0.4450026275528692 0.7677166795937951 0.40315869696385437 0.757037837981062 0.39677790160401444 0.7436120115963297 0.39252869671045376 0.6977894375195688 0.3994698115467627
0 0.6485356102362054 0.4787326253524297 0.6363957084768033 0.49529632371611254 0.6372563972004233 0.5229063396749054 0.6406643003670912 0.543932472674523 0.6502858234582707 0.5479635534935559 0.6676213444247046 0.5512923792036619 0.7304451769669253 0.5463332514092564 0.76208242625627 0.5405932057127335 0.7751160534813297 0.5314516262812619 0.7753163540283785 0.5039482251936561 0.7668612114960166 0.4988852559878281 0.7621705242350367 0.48675881364184875 0.7609097646354164 0.4821999062777656 0.742400786720983 0.46841132150344417 0.7289094170702728 0.4725822170825455 0.6623793310244173 0.48067091688368113
0 0.6483963868788734 0.5479925660077466 0.6439377113617368 0.5680640594988339 0.6431963015955806 0.5782766819743305 0.6413939025587556 0.5883826895786398 0.6436461723049032 0.619689258746443 0.6621444030810393 0.6242292957393741 0.7054016740782245 0.6191097154200907 0.755395585582501 0.6095235130901817 0.7761395399337 0.6019227782194038 0.7757656945196039 0.5773164955462705 0.7714782186656424 0.5718515385164626 0.7719107960655829 0.5605682264756727 0.764723754631072 0.5555779652946875 0.7628054822768497 0.5415960815853381 0.7311428028527467 0.5470599781789515 0.6676722046942213 0.551844677409481
0 0.6438750435177283 0.6221746006726282 0.6406079135851189 0.6574682016700808 0.6409710118609178 0.6728259365618238 0.6519584207308178 0.696255268277208 0.7048010375461269 0.6856420718926574 0.7458201915755285 0.6721992173075919 0.7675561862913518 0.6593904506600321 0.7714915761168604 0.6427683737892363 0.7645811256336732 0.6111031588293736 0.7562240328912294 0.6093878857048038 0.7058921881368638 0.6198703490361303 0.6622969838895894 0.625886190356831
0 0.6456034973541505 0.6888862800412247 0.6422493298789688 0.7141028859485585 0.6367113113455868 0.7452832629165598 0.6414819597599571 0.7559950529016474 0.6808295361754408 0.7517958517658183 0.7302094536964014 0.7378251706357023 0.7671663323355515 0.7236458006166341 0.7689178711028599 0.7129874948065057 0.7686745820026222 0.7034967047685504 0.7634572034099474 0.6810849319222317 0.7610775178809595 0.6643754640301321 0.7465178174613498 0.6729259440772868 0.7057566355286471 0.6868871900218269 0.6526051863471224 0.6964296968410841
0 0.5174885789800514 0.7039737662283194 0.5114566407479635 0.7206587624596503 0.5111729734074577 0.7358420687875173 0.5160778488848017 0.7594262517381628 0.5220730796257368 0.7651722522030339 0.5299396583095413 0.7661268917115643 0.5737383036348825 0.762320243214139 0.633655494207372 0.7463441638175455 0.6368675629032523 0.7446970578643963 0.6414208825702403 0.7142385133339363 0.6456797877584255 0.6897147273499531 0.6400188195184643 0.6853155655532849 0.6327153745484588 0.6881931066391426 0.5777979687122135 0.7013884711567582 0.5320299256540846 0.7066387845292658
0 0.6515951685699783 0.7564562968166063 0.6555610281019897 0.770205517697752 0.6466746814679027 0.7844589771617928 0.6464255495108383 0.8012979929889994 0.6489864118798243 0.8160771455188319 0.6605372367323326 0.8209854117122677 0.6668571051998092 0.8179509794233323 0.6799427307261492 0.8102092857941657 0.6926550365822424 0.8049284564611829 0.7418658434833476 0.7920725258242101 0.7748234234586381 0.7818774556290254 0.7748963706451276 0.7598678314292872 0.7707386137457186 0.750549562956545 0.7692404757978064 0.7407958809569647 0.7586644721137596 0.7269289513852023 0.7300617839375502 0.7388108173844138 0.681146490253278 0.751618368740627
0 0.6808655548372182 0.8104581655743305 0.67487224651487 0.8170387564652618 0.6758829738785515 0.8312717701540056 0.6808027044499272 0.8488644086980716 0.7073468969075043 0.8537178165881816 0.7764034705961889 0.854411110686749 0.8031863199462819 0.8488265432702761 0.8119481006018365 0.8429925917198385 0.8103100623439194 0.8284623189701704 0.8133949980230558 0.8163584979886576 0.807764912571756 0.8040816056594026 0.7929219203412408 0.8025120141921923 0.7865971926068397 0.7859493072968133 0.7851147672557502 0.7665940645162977 0.7765085995070236 0.7676030460358877 0.7751552211360409 0.7822230939707097 0.7422339256213204 0.7928121817883382 0.692432092286549 0.8057648709868309
0 0.6775831059930598 0.852991118669185 0.677323498971447 0.876231175017015 0.674129709910601 0.8871529431311961 0.6775045430089462 0.9009989225738614 0.6788833525106004 0.9159715922267332 0.7048365185345115 0.9209217586783627 0.7465349290362595 0.9176948179739876 0.7871290931240895 0.9122489093772281 0.8077839713741037 0.9052678218412868 0.8104750155192462 0.8856292867525783 0.8087696458724634 0.8671104584977106 0.7966072227225421 0.8523033724624153 0.7765848928990381 0.856381198798969 0.7067921549344082 0.854208592772145 0.6790659096094991 0.8495487020050744
0 0.6730198476990588 0.9109321549437496 0.6689133313263425 0.9380016622017685 0.665019662450121 0.9478381360101372 0.6690476158387235 0.9687764326567944 0.6710174517740437 0.9836523437481466 0.6909619751441337 0.9819870024270164 0.7503653692598403 0.9690622467339866 0.7964033372291965 0.9543260031699474 0.791291709290423 0.9411643170342847 0.7883474304519914 0.912449409876633 0.7463119847405661 0.9185312324996354 0.7058681960272898 0.9223526913258593 0.6801742587596418 0.9169601279710261
0 0.6948399314235325 0.9817520893995831 0.6909720719433323 0.9983836213510192 0.694937553209994 1.0349305016767916 0.7267804117068177 1.0289175041098457 0.7972992171481945 1.0161728031409236 0.822060233505575 1.0049198677915891 0.8204431453767547 0.9775875140006741 0.8161402506350663 0.9666931750381561 0.8066995402932331 0.9586397512415342 0.7953716597364182 0.9528950705224508 0.749219600853078 0.9696497814794695
0 0.7731454344518999 0.362996335774264 0.7851163384997734 0.35943671477333644 0.7898340749045527 0.3650636868018033 0.8038735714702572 0.3611654108355573 0.8312837317145862 0.35587810248000856 0.8455772195042797 0.35473794987087054 0.8540277743461785 0.35855393838212807 0.8596993817903225 0.3680243280735153 0.8780470106299895 0.3718198708094757 0.8911790174160981 0.380868813726756 0.8971098536165051 0.3898968065149395 0.8980165868654013 0.4225449065206656 0.8735873681854236 0.43414348021168386 0.840173802819548 0.42961476053416114 0.8008032135918939 0.43206064937001387 0.7840367666858271 0.4324057833578982 0.7730096368781194 0.42341220309774324 0.7681314282995877 0.40301306191580943 0.7650573459503496 0.3859181829320726 0.7741976838084254 0.3744228468251398
0 0.7826680539833716 0.4338297326290292 0.77321686857699 0.43217734935303076 0.7741187425589618 0.44522831017444237 0.7592080406742312 0.46246782264665875 0.7596640260648165 0.4771916125193661 0.762313169951765 0.4831572395131514 0.7670151937597218 0.4983857723225535 0.7753516576876368 0.5042202282267908 0.7805878516049426 0.50896240644885 0.8517960617971463 0.5037040403063636 0.885448284055538 0.49779478467730315 0.8970873904260087 0.49388952533469155 0.8964189358042786 0.4736011094670087 0.8958230501036882 0.45410072884421376 0.8860920640772962 0.44289516406803986 0.8719231422661352 0.43561580876357464 0.8413558556868799 0.429421243411122 0.8014668089466996 0.43275192605338214
0 0.779037716599638 0.5084162676077609 0.7754911797322922 0.5317944784215048 0.7651014576180188 0.539494776146277 0.7660396160605607 0.5529397545901328 0.7728985139043107 0.5590161068981688 0.7726909039400904 0.5730486200875078 0.7760088807141188 0.5765050035043499 0.7870412480541007 0.5822980635041929 0.8443655745874277 0.576113003297105 0.8876608796195988 0.5674251785356396 0.9010109714344763 0.5560405677429576 0.9003735637410417 0.5393466897580305 0.8961279035890202 0.5160442873767093 0.8841158558136525 0.4996127515708783 0.8520552905534095 0.5032616434031597
0 0.7871501014358102 0.583480116371525 0.7792542885670075 0.5791733516763039 0.7764753411692524 0.5848277528564335 0.7757077516996616 0.6025515624900476 0.7668318801301233 0.610403981433465 0.7736746871117008 0.6488795539670626 0.7856040691667303 0.6481264356040031 0.7897723011306876 0.6510436635561218 0.8525662409415624 0.6423633265248215 0.8871102403827273 0.6331084127931702 0.9028244379322687 0.6213367677544098 0.9011295433500346 0.5964168989789186 0.8987916252767418 0.5808013319234382 0.8854056272666444 0.5689942656490498 0.8438108326143317 0.5766037794810687
0 0.7699055842140117 0.6502965198618279 0.7667117951531656 0.661218287976009 0.7636163844094805 0.6797231494781455 0.7701483438427523 0.7050510026288119 0.7886826325175429 0.7076161132166806 0.8345545125155228 0.7041058802041126 0.8681289283205006 0.700609109590476 0.8994585668370725 0.6922803855696262 0.8999048336938089 0.6678098970737044 0.8971625490219737 0.6510606564316518 0.8857778121408417 0.6349263796867451 0.8531935518357983 0.642660585585746 0.7910994918402992 0.6524262169228584 0.7848626673585105 0.6498476439360583
0 0.7714392500917937 0.7060395383731048 0.7697645491079569 0.7139129074456191 0.7671617864807768 0.7247379169982805 0.7650879564306716 0.7282770922239109 0.7701995843694451 0.7414387783595733 0.7762598458153089 0.7616444024184679 0.7943534834309871 0.7626818217973205 0.8354608674990692 0.759551639654465 0.8978867251719711 0.7501316466590368 0.8988514495412339 0.7247763643567073 0.8959950739554149 0.7100455911076344 0.8875965161709085 0.6970220594378858 0.8683103506233498 0.7025791977026961 0.835031448035205 0.7060275890355728 0.7887914858992524 0.7087981660840127
0 0.789366043205396 0.7638982871926808 0.7858973127914641 0.784864012991001 0.7941402576691425 0.8027125146915973 0.8078011970323258 0.8044756232818465 0.81572281929715 0.8155774461201352 0.8299800226262735 0.8140432758885532 0.876059134323124 0.8192981891312726 0.88547927280121 0.8173560345245151 0.9227449850504632 0.8148547830315369 0.9246220584662462 0.7961494210299959 0.9181001958321733 0.787218186803332 0.9111844416641062 0.7707522384694725 0.8989962091181634 0.7491500942911097 0.8358652340976117 0.7606853132410372
0 0.8291297674363443 0.8145824313532765 0.8144681975086783 0.8149829279982864 0.811642490585805 0.8266443520765955 0.8122073293580998 0.8425501948166346 0.8031500354857121 0.8484325256478321 0.7997074927331514 0.8533956501445932 0.8099516987397954 0.8669169413746713 0.8165046083021641 0.8794427134840909 0.8658396029164518 0.8809649343781407 0.9274357772631717 0.8820796752508153 0.9308214636914154 0.8667269547282309 0.9301425340051368 0.8528395793811713 0.9249530996129495 0.8420903782609325 0.9124020224613083 0.8165480578581298 0.8865472347545582 0.8191809847944557 0.8755043923500277 0.819788965315236
0 0.8182414031425922 0.8787584201770882 0.8109934730317725 0.8847444929461706 0.8078565402952435 0.9060558570861751 0.7907115361866555 0.9120623756305545 0.7918827357240891 0.9410675584727652 0.7977720499316521 0.9529020538988163 0.8094317281658697 0.958992372959584 0.8310715243835438 0.9594492409693188 0.858994904608125 0.9564776590676743 0.922390345917214 0.9412995229542312 0.9224165335785853 0.9252969216526724 0.9198350993458522 0.9005221907194606 0.9092280487335097 0.8830607232649427 0.8662076850544245 0.8817045903422689
0 0.9269528476805156 0.9289538055689194 0.9337911736605186 0.9250345794735764 0.9413757607156655 0.9389912842304926 0.9467518549429764 0.9485100532026397 0.950188781897913 0.9695451084108164 0.9496026147311715 0.9892390061566504 0.9119220608188273 0.9970076245836799 0.859953256649064 1.0027158753595353 0.825352400883582 1.0015811930653638 0.8210495061418935 0.9906868541028458 0.8207386585935876 0.9775391347199144 0.818364456059725 0.9615295500419899 0.8308485800878507 0.9602856554949665 0.8586993913912919 0.9565260383484343 0.9229813723508801 0.9412027643927114
0 0.8965913961039788 0.39078160032134707 0.8980528713259712 0.4229389241431096 0.876138133755211 0.43252601381751377 0.8837279583426323 0.4432821983141182 0.8960097099388118 0.45287029669612194 0.897450613297057 0.4750320421145053 0.909784361950629 0.4754125973380177 0.9628888377279556 0.4527201928926761 1.0029286381080393 0.4249674010352538 1.00964277637486 0.4066700234088878 1.001431256690827 0.36961840014642106 0.9823111791146447 0.3639495278597602 0.9697129641725354 0.3672118897997632 0.9554609983756861 0.3655455397710335 0.9230892073017873 0.3788443716650103
0 0.996780851674913 0.3679799836231539 1.0056567232444515 0.3601275646797366 1.0433219428253229 0.3391628475890162 1.075175276386695 0.3267488095014471 1.0950887528284898 0.32148893029756126 1.1130682995301842 0.3245448170693934 1.1199892912305254 0.33781024514294117 1.123384696192618 0.36165180298898575 1.114379021112273 0.38112425010631795 1.074748824863006 0.4068101952900008 1.0250711792414173 0.4341410360195164 1.010995398215143 0.43764529436331845 1.0034418580882916 0.427283127489158 1.009528685460876 0.4086884908018676 1.0019134297427834 0.3683395887175694
0 0.897668320060476 0.47739614784916923 0.8973466191822719 0.4934471284314878 0.8848935420824419 0.49828556086126685 0.8965322701875627 0.5171779609632815 0.9007416458790145 0.5400863457221586 0.9015088570832555 0.5451601955331707 0.9360580940566947 0.5327047615412076 0.9772642347072877 0.5143600133416815 0.9975925528121732 0.5038327672037443 1.0100613425088258 0.48939277399302994 1.013156753252511 0.4708879124908934 1.011326817627196 0.4607885921496289 1.0035555707369253 0.44806231954080467 0.9861775255334454 0.4385086336868292 0.9632206354053585 0.45306583123436023 0.909193335516963 0.47550935589953736
0 1.0097407764266713 0.43705077624146954 1.0040377437888819 0.44678350811195294 1.0113993865483355 0.461576627394517 1.0143388061198428 0.47069439536785423 1.00947031607516 0.48948953255454947 1.0033266323782581 0.4976945732160165 1.0025799930377643 0.5026163018083837 1.009687644573229 0.5146512977338398 1.0237061910098366 0.5235551028088408 1.0313169657263548 0.5215092062641982 1.0465489902239395 0.5110163726542895 1.064964328717822 0.49600281145082326 1.0766139101528411 0.485696511587588 1.0941374714639505 0.4740286084867131 1.1052685953864434 0.46460710242988545 1.118292127056192 0.4496763330352076 1.125778714059528 0.433252284959542 1.1085877069565213 0.39967050751284866 1.099203852939005 0.40200667974205 1.0892757320129411 0.3984325876345914 1.0754124202178117 0.40750147197336917 1.025143748162557 0.43492907126440433
0 0.9899039716422411 0.5082911487638105 1.0098380199477828 0.513026847963304 1.0246652995814753 0.5241980002114492 1.0307775580847314 0.5351960811118528 1.0339447812188567 0.5630745737438568 1.0196718652929104 0.574210304756374 0.9962795616379853 0.5840392908345772 0.9648358322074295 0.5943864822484067 0.9236764510819548 0.6067242075497534 0.909569623127385 0.6066339280107996 0.9025345405130599 0.5953869673302318 0.8993463672498379 0.5803105557394747 0.8883244749744046 0.5681164552190079 0.9017834201709916 0.557913897293658 0.9029086167140065 0.5473307841447955 0.9359077186821411 0.5343292113117434 0.9780003989832331 0.5158393252699377
0 1.1018623370944525 0.46996424454909075 1.1148181591099862 0.47384257909383937 1.1273643769947028 0.4797877603123275 1.1349074420570058 0.49655096770711155 1.1341813745802591 0.5114682747028579 1.1333412161895284 0.5284040490915839 1.0861466264835116 0.5729265273663561 1.0470502220782438 0.6109237774073223 1.0271786458946432 0.590579494528714 1.0191896922409538 0.5754891161852257 1.0350905496256186 0.5624870389983737 1.0314463909718117 0.5326868375349093 1.0276204317498052 0.5237142074038513 1.0340854380595614 0.522255845604692 1.076650194613411 0.4860905292100321
0 1.1083415429396317 0.5500949597475011 1.1350723952323323 0.5537179354895193 1.1405883897696483 0.5680132952117539 1.1468300735183616 0.5901890073828686 1.134952310255375 0.6045322420320635 1.0928749642857558 0.63621822673756 1.034212593712919 0.6702194335431609 1.0230455635952063 0.6564492625329182 1.0091205362088354 0.6355314116615582 1.0227298567799759 0.6237044039656724 1.0278366254518252 0.6172689509170205 1.022854801023858 0.5924872366074428 1.027287499276353 0.591761547396046 1.0478279083470334 0.6095965866977108 1.086405855239775 0.5724841304631524
0 1.0046680226232927 0.5806662035803233 1.0166647360671877 0.5839016407224634 1.022486718885885 0.5917475806433147 1.0278366254518252 0.6172689509170205 1.02206626142517 0.6230131272823042 1.0008046441446674 0.6396925341607002 0.9577476177396623 0.6607400430602088 0.918506453757465 0.6743635631667727 0.9016779129948069 0.6675196213891456 0.8970536956402642 0.6498786035643198 0.8943424578967244 0.636723900805023 0.9020467516634794 0.6226639584640213 0.9020729393248506 0.6066613571624625 0.9097562829625084 0.6054034958627079 0.9233083689439822 0.6059845515856251 0.9648358322074295 0.5943864822484067
0 0.8996456049375459 0.6682522939769081 0.9004591974015552 0.6901167803343671 0.8895873022353256 0.699095889487991 0.8958446985808612 0.7116700408781703 0.8981463321935841 0.7268915903112066 0.9094585001535763 0.7422378318112254 0.9774837746148324 0.7187025338176701 1.0289034526091236 0.68748687952084 1.0263998248298043 0.6602996635722042 1.0179960295130237 0.6504766521627673 1.0047966913380497 0.637439153740287 0.9557153096824011 0.6614727156479714 0.9182472250012019 0.6748059600699765
0 1.0266227691254977 0.6594632490465564 1.0286079393922907 0.6875352588015998 1.0127486040004698 0.6977308333505841 1.0174143433478569 0.7125653485375422 1.0300331301537131 0.7192985650009184 1.0333716787914886 0.7327505268211395 1.0854859990688812 0.7058206870904336 1.1153537840981107 0.6881322986924475 1.1402393664340233 0.6684598554295103 1.148010991589644 0.6583884685937084 1.141805592301501 0.6366067740450377 1.1341847207857838 0.6222560516656775 1.1194195350086829 0.6182739751830436 1.0938703573179642 0.6372551417626126 1.0348399046071546 0.6705166926040853
0 0.9054769280247422 0.7380901717110149 0.9005100596628983 0.7493022155097546 0.9112207261246761 0.7711462560919164 0.9189504510221024 0.7866790313386085 0.9275824281668504 0.792465107962086 0.9579114361189396 0.7862999891764955 0.9876804645656583 0.7838261668351802 1.0020932808016096 0.7774670265727505 1.0386074944434447 0.7602903644878252 1.0334442477126284 0.7335385620660276 1.030624156587379 0.7192018064393988 1.0162322904805245 0.7127588656605813 1.0098660407532796 0.6990026614030699 0.9772971147797089 0.719932965965762 0.9097902978309792 0.7425834701529096
0 1.0338486143111707 0.7346722356525998 1.0393436587193898 0.7617696764160815 1.0240443028329396 0.7682739545207905 1.033666435477622 0.7782974664296324 1.0440247323982497 0.7898002902667306 1.078615491364533 0.7745383536368996 1.1091779186768638 0.7611357798050378 1.133907888105949 0.7462883065729479 1.1581246375547816 0.7291251068869539 1.1520748511734666 0.7025184423074359 1.1449256776451575 0.6932899490198476 1.1266663303234528 0.6806808807478401 1.1152449307164012 0.6869502458251154 1.0855948524505907 0.7070027399577655
0 0.9221180524215771 0.7917598645259863 0.9250989939859284 0.798071129861456 0.9226724161293235 0.814066747786649 0.913915873006043 0.8167001790767748 0.9250256685340892 0.8428784135058205 0.9302151029262765 0.8536276146260593 0.9670401641164172 0.849598671924065 1.0265318397500862 0.8278603906949877 1.0458284803621933 0.8159022119095539 1.0431797147405948 0.7871389254711422 1.0245627603454657 0.7673891607143828 1.0021658497227492 0.7782550618176386 0.9874212358093952 0.7842685637383839 0.9582069493357726 0.7862516098957357 0.9269551172726147 0.7921678489011615
0 1.0444290989967921 0.7909339638533028 1.0464557912564292 0.8161994709704783 1.0276050392357088 0.8264848207046166 1.0333855000615622 0.8371372632633358 1.0419291956883479 0.8517368654228604 1.0443969172724472 0.855732404304426 1.0975791995031878 0.8306275148436605 1.139718639329398 0.8061306059036756 1.1569156404953786 0.7909165442008046 1.1586786229971782 0.7742296495922428 1.1531005346032708 0.7527452141044967 1.1396004456791897 0.7429566152230881 1.108809836538891 0.7603961238409096 1.078911004581366 0.7744899743561399
0 1.0443243483513074 0.8549443690595379 1.0425976503100778 0.8720252812905435 1.031248819624166 0.8790826816127071 1.0431983952775927 0.9111228010976529 1.0500572931213428 0.9171991534056891 1.0827245974120743 0.9038519422309528 1.125340972757967 0.8812767421224278 1.1682528613206926 0.8586531627331432 1.164085007622085 0.8329382753363982 1.1584912066313549 0.8210554006295873 1.140345950223634 0.8064278649645998 1.097838428259451 0.8301851179404567
0 1.053151947334328 0.9442896107928055 1.067689329548812 0.9295109626167725 1.082356515274102 0.9031122862668246 1.1256364859748 0.881228362841668 1.1525076168428554 0.8668302698891477 1.1568935555702322 0.8721116035759303 1.163290852225773 0.8894623457161974 1.1632594270321275 0.9086654672780679 1.157592678854908 0.9187922167709953 1.1235461867971726 0.9399644177374862 1.0939428680564802 0.9540098889719567 1.0555209123359166 0.9634997157310415 1.0413935125175995 0.9534138577887085
0 1.0814336911630331 0.9028634064866599 1.0672071564968553 0.9307897740456242 1.0401751751896975 0.9532133572893038 1.0235329159968132 0.967936642808211 0.9956095357722321 0.9709082247098554 0.967763962001065 0.9714673215960762 0.9510390370878422 0.9690059529460928 0.9470110836992396 0.9480676562994357 0.9408573032031393 0.9398760780369001 0.9409197753250803 0.9242674943577853 0.9722598889062006 0.9095377298163121 1.001235896752657 0.8951949995209171 1.030398564434237 0.8796218370774306 1.0432346797381626 0.9115168187200968 1.0500935775819127 0.9175931710281332
0 0.9302876718474162 0.8544156498709473 0.9317442878024842 0.8669758345083954 0.9275083461843114 0.8828677104957032 0.9167247325360441 0.8830332941132797 0.9158172427564482 0.8959805129968063 0.9197262459641425 0.8993401378521285 0.922489102499725 0.9260849568975605 0.9262166834045702 0.927474493640663 0.9340866868773515 0.9249862001928166 0.9419929748107028 0.9228919243674142 0.9728146308792969 0.9090469536323486 1.0014588410483503 0.8943585849952695 1.0309170219467632 0.878737043271023 1.0419703394158422 0.8717280222296191 1.0451746035412364 0.8544052135948146 1.0282686345905145 0.827176097387985 0.9676311905500833 0.8495019133625453
