0 0.4230448381955969 0.41081070472329123 0.37902822227527355 0.41376888946837775 0.3492293870325192 0.42536803825514147 0.3292437021672885 0.43955314221326436 0.32484203160469766 0.48131249347855604 0.3488818717740154 0.49777071712914506 0.4008404848696896 0.5045187634235933 0.43992082357019036 0.5058652156291982 0.46430222962124124 0.49250381610384086 0.46160539882799995 0.475562467323068 0.46314093552521024 0.45567875893278154 0.4785764546234772 0.44213519093716647 0.45650280817535427 0.4282866800958704 0.4462768190022964 0.41366991260003694
0 0.46050945817086114 0.3849591253812095 0.45105865164097536 0.41083051604461907 0.45775618305295285 0.4270273658087884 0.48407110610575244 0.4431648214781234 0.5433361198237531 0.4550174515180949 0.5726894395515272 0.4582766327922565 0.5936196101320693 0.4457626953375984 0.604650498930291 0.4261641184716653 0.6134924362498277 0.4113849938269019 0.6138696385884614 0.40249058840116586 0.6077987946152833 0.38566408149345555 0.5803849412660286 0.3693206997159291 0.5098217354211905 0.35833928938459053
0 0.6247728101482151 0.4000511652431638 0.6056632978219492 0.4218713603399408 0.59628080446841 0.44177882636816096 0.5998448986863911 0.4611239618500353 0.6236530719839934 0.4797800460935344 0.670975387907907 0.4826709441105747 0.71257138547783 0.48673007217956815 0.7388239447310538 0.4662483967860352 0.739997137580626 0.41790734256098006 0.7009762029422467 0.4053656612826333 0.6794698398708017 0.40208272237053805 0.6576724058655197 0.41219287312409464
0 0.7490440144292027 0.385236444010649 0.7332045656496264 0.3919805041193423 0.7245259820254586 0.4105256928063848 0.741491088444165 0.4196814721185405 0.7401367236707739 0.45379385342621137 0.7522516842744547 0.47175295392897426 0.8073526436783505 0.4805840189432702 0.8480991960519841 0.4927019691862673 0.8752368369583977 0.48508668936894095 0.8791662646633329 0.4424917548519169 0.8597538125515506 0.4246593750411833 0.835636750091661 0.408933771588231 0.7892232834261584 0.38678882232444517
0 0.8564392034337351 0.4135789878415041 0.9105006366032974 0.41100889767486665 0.9297408259054859 0.41984390900576846 0.9332187887186699 0.43469036024772695 0.8703659131774673 0.4356130415488331 0.8491506210398589 0.41893701297108604
0 0.9630443513040996 0.4387851247736208 0.9325921012798706 0.4353200173912679 0.875311099511515 0.4365397090356944 0.8789524160200678 0.455152224319932 0.877666364423023 0.48330068099241363 0.862316976729553 0.5013429332279445 0.8705173681192947 0.5245452169872269 0.874099280565726 0.5543529613442064 0.8866775749128375 0.5679163406611492 0.971114035816057 0.5695439780745014 0.9875890811486575 0.5674015652598197 0.9992555664999037 0.5524046356878981 1.0020949730226087 0.5148350795002351 0.9715209551366822 0.48594607012775604
0 0.9700745394835852 0.41993104692429134 0.9475821048631573 0.4366347794565783 0.9637482610334708 0.43742284743244314 0.9723882185614221 0.4883498568288574 1.0233429418796633 0.5046219656925829 1.0534090804510337 0.5117501740631193 1.096867322108904 0.5034577218263846 1.1074616045063705 0.5039487794589294 1.1364614895007317 0.4839819193358749 1.149835774358782 0.45809864985349863 1.148760611667548 0.4257722769223551 1.0847820784872149 0.41079511880261227
0 0.3542220786751471 0.5002655880653754 0.33203853321700627 0.5140388398071155 0.32146206904799013 0.5240103910496758 0.3184771270583665 0.5682764920701647 0.345882071293396 0.5793885694101387 0.4052153981877433 0.5852772748149208 0.4388010854059688 0.5855940964795687 0.4566750410830863 0.575495824544979 0.458964982457564 0.5378233053032204 0.47141259982875294 0.5207314781924844 0.46236276324272185 0.5055880166072058
0 0.480976265106111 0.5150526850816485 0.47086313468052543 0.5206285151383888 0.4616261767939047 0.5338394363337831 0.45658890967828947 0.5709971403050632 0.5112443535672049 0.5946865353802843 0.5791552741899275 0.6148831191186129 0.5893456269060849 0.608574668864236 0.5972757552297562 0.5652352353306083 0.5954283696328044 0.5402350643758317 0.5808333866166017 0.5404885057598906
0 0.4795209403387887 0.44380635744063124 0.46400819894994993 0.458082545633883 0.46262710683388325 0.4765010136288961 0.46258552100021205 0.49815885157674306 0.4831741256990211 0.5154645372980312 0.5796572340295749 0.5410151998493359 0.5961233702479504 0.5336414825971014 0.5996755956142518 0.4999409535058134 0.6173000661912036 0.48157793328902865 0.5980331495463398 0.4570490086454691 0.574964522435009 0.45795586481100264 0.5428638769660974 0.45418186826636253
0 0.6168278233335478 0.4807423500372962 0.6007745259107068 0.5001468796140048 0.5951194804705173 0.5431655451663785 0.6189187446538946 0.5565903249723251 0.6963071991491783 0.5666094313599018 0.7351380527495136 0.5596911352833116 0.7387170054584903 0.5416845195046812 0.7361568010179423 0.5128153214535299 0.7283336119668344 0.48071863226851147 0.7142197809225127 0.48703896134185526
0 0.7369438824146558 0.46813736821665825 0.7363884678896577 0.5106174608606198 0.7397387134643736 0.5426230658105093 0.7461095374856137 0.5512877874901203 0.8430737977880485 0.5829053377307097 0.8676274666486931 0.5785413066851842 0.873704259998642 0.5527847578948373 0.8694184378228397 0.5243392908790355 0.85296716009546 0.4943612568707652
0 0.9929590050317808 0.49519293367504064 1.0538041010181174 0.5133183775124883 1.0979662524053593 0.503663647934576 1.1084833125122537 0.5048873257647574 1.1282729669626699 0.5138253001497549 1.1332894262105186 0.5566024031370368 1.1124364779205482 0.5683837203940582 1.0656131321969657 0.582022318941408 1.0153296418886495 0.5912770751219044 0.9970339383017726 0.5841132302944674 0.9883702131686004 0.5653066677210052 1.0000456076340716 0.5555410425866363 1.0023355490085493 0.5178685233448775
0 0.7244754571757005 0.565164002285956 0.7268723079208799 0.5902671362948283 0.7267119139629655 0.634315432388159 0.7071806537269403 0.6388735107229092 0.608749169903642 0.621175744237417 0.5888733840484291 0.6077390856125034 0.5959451580615859 0.567227169815327 0.6069077336834608 0.5535925175845832 0.6204126955174336 0.5583644545298855 0.6951310465621515 0.5671361254493471
0 0.7374042265187702 0.5541390628645052 0.730201775529691 0.563995772234003 0.7282801273796219 0.5875425816124729 0.727561359159255 0.6262566102141554 0.7373834186510038 0.6340738698230671 0.8169875519676479 0.6549674373021316 0.8573212655457472 0.6550545752206546 0.8630980788476341 0.6374598116584069 0.8628901795811398 0.6075372254283651 0.852491927598488 0.5839230894526999 0.8429965754974766 0.5836379579283465 0.7461867597761854 0.5505551672924837
0 0.8721509050729814 0.5622058574100187 0.8877765052092925 0.5681222667693405 0.9699378832290302 0.5700706721639467 0.993686652464511 0.5999219854801877 0.9910105996371745 0.6412576057101297 0.9537509191909502 0.6492174111466438 0.8636564531100868 0.6427940791500554 0.8620763708417508 0.636521265352579 0.8618684715752565 0.606598679122537 0.853590857894943 0.5841290155608913 0.8686491746545765 0.5794798529910125
0 1.0957297657162322 0.5727239938016501 1.10484791547861 0.5819035307517394 1.1247920145101693 0.5893762647414635 1.1277383304035764 0.6145823618044314 1.126992834840534 0.6376024770934561 1.1139868432068925 0.6493600367125438 1.0607243602857235 0.6602978382154719 0.9970903527245778 0.6633154170553927 0.9908561550560311 0.6427228461054032 0.9935322078833675 0.6013872258754612 0.9828339758526539 0.5859348751278953 0.9954627651476617 0.5830717209345436 1.0152524195980779 0.5920096953195412 1.066239819635765 0.581392661797867
0 1.0881797994686493 0.6549833820451514 1.117482624248527 0.6746690968296075 1.1185310595970854 0.6913015564480932 1.1194339594787257 0.7146305608994048 1.106505190135656 0.7256555003208561 1.0886223253443132 0.7305224678178931 1.0647814753272649 0.7387555259597937 0.9919699139416203 0.7437887969223668 0.984886271076784 0.731255048146381 0.981331085973028 0.7171412171020591 0.9845150181149209 0.6975663978740597 0.9837754719286493 0.6780034574650272 0.9654619501133219 0.660377003762485 0.9861604538221489 0.650060926900737 0.9974853732916618 0.6648836205047618 1.0607243602857235 0.6602978382154719
0 0.9626968061437341 0.6493995796169014 0.9660114152615495 0.6604799668165807 0.9837754719286493 0.6780034574650272 0.9845150181149209 0.6975663978740597 0.9797688219331424 0.721331012179688 0.9584258125570659 0.7218141373098718 0.8876487580689627 0.7234931964465486 0.8477011559437222 0.7197429575398422 0.8458715885752206 0.7052053954601707 0.8487288133263761 0.678098448147613 0.8431213030966287 0.6568762200540824 0.8584201958422022 0.6552605013288461 0.8641286959677426 0.6436296624017878
0 0.7260763174099412 0.6297137850941475 0.712307011984807 0.6540288511271547 0.7159483284933597 0.6726413664113924 0.7151167015255206 0.6911627974605011 0.7210925049796766 0.6982593156907431 0.8014777703162637 0.7170579856309933 0.843305434757902 0.7189192531070766 0.8446954359881937 0.7057320895496161 0.8480249035970051 0.6794607254887907 0.8435935459542843 0.6577118033058148 0.8168331073865045 0.656432677697405
0 0.5964975829472678 0.6151444930050324 0.585243936391556 0.6421722349014283 0.5781721623783993 0.6826841506986048 0.6037742665876027 0.6949525792715651 0.6453702641575256 0.6990117073405585 0.7048580356330166 0.7034351723500674 0.7119921734457492 0.6995423876157588 0.7169700364992431 0.6735799127172205 0.7120664359988664 0.6509954072825122 0.7083568063139671 0.6383468166334638 0.608749169903642 0.621175744237417
0 0.4704116697887744 0.5780699008973714 0.45106158147656816 0.5968566521495058 0.4474410429339202 0.636521105875983 0.5007747987688903 0.6674337398734757 0.5419935940001797 0.680387273368205 0.5785671829454833 0.6842523541479739 0.5857934015397835 0.642275197955524 0.5800225376146673 0.6172869058197142 0.5123432838636599 0.5948924614884756
0 0.33912513581929704 0.5743869487187111 0.31899391548714795 0.59526859750966 0.317966258104494 0.6369131069018893 0.3886155953541291 0.6523932014731435 0.44096031990266216 0.6554781467794083 0.45820758814098045 0.6460095319883595 0.4458698697798093 0.6354795965160593 0.4495171356651328 0.6115090561022397 0.45294164379296603 0.5949676807188827 0.44280178602470505 0.5848495974629652 0.4052926204783151 0.5845446546172841 0.345882071293396 0.5793885694101387
0 1.0872145058855713 0.7332470225002486 1.0964098779385205 0.7416939392527014 1.107485312307868 0.7482518845745311 1.1134878431046995 0.7710423161174306 1.1107761538204626 0.7914527185971624 1.0803506311389088 0.8036815245274672 0.9805647825422192 0.8200961393496459 0.9692131357300309 0.7895795324329633 0.9627532205665394 0.7286017663778267 0.9804044184861668 0.7259326594736996 0.9929916219475035 0.7447273432281949 1.064704253036693 0.7394881461574304
0 0.332887948511434 0.6441917936023888 0.31635349911671196 0.6575294354898124 0.31352300170823194 0.7003302961150278 0.3848079355108915 0.7204120379802937 0.4364576594442786 0.7300905650652888 0.44979035846865756 0.7258651335307595 0.4569839003435117 0.7107771197237093 0.443787827671826 0.7030747019878599 0.438729782590306 0.6819554369484252 0.44158700734146145 0.6548484896358674 0.3879889079153298 0.6530228586166845
0 0.9513740832881463 0.723347658388756 0.9664239678835347 0.7437505158635155 0.9654605459527043 0.7909668070219894 0.9035621018799451 0.7961860231296592 0.8314460257087399 0.789552535966343 0.830382324445701 0.7778862376416673 0.8382446158476138 0.7740082805735424 0.842353560052921 0.7350260709876641 0.8441800939851194 0.7231369025049661 0.8864182514016329 0.7249360977274649
0 0.8273918099182549 0.7192265183165397 0.8411500550801493 0.735565013776864 0.8373571835060196 0.7715485918561362 0.8212375099132223 0.7830527953756433 0.7496046589917116 0.7772743236327045 0.7010055551713783 0.7651095858219517 0.7054761535225031 0.7498935581308993 0.7057557609419686 0.7254830759031479 0.7183956070232556 0.6980374969570783 0.8006502971351119 0.717273345268032
0 0.7016255555622473 0.7048330381292246 0.7046221578240632 0.7199193981354098 0.7060383969299918 0.7499989156746252 0.7001971409875786 0.7619002392278941 0.6337916333519822 0.760923632305471 0.5665777115325861 0.7567376787889902 0.567437794965396 0.7431384794655372 0.5766859479958952 0.70435482989654 0.5944923518111584 0.6931666990082105 0.6454893492741068 0.698900588560277
0 0.3277401043365727 0.7051502977469856 0.3089969353456039 0.7182940453080239 0.3085707328762686 0.7602666375033201 0.3581926716136651 0.7801673593410331 0.41312173139270014 0.7961419726307041 0.4415978506633249 0.7974197788625514 0.4439401097252032 0.778229602814759 0.44527958778730126 0.756715332001392 0.44208833103954825 0.7350143227293359 0.3850328386010895 0.7218878583691323
0 0.5088179187702458 0.7390682046021545 0.46159050701261634 0.7176032832470991 0.4462608872203959 0.7443591595856146 0.4429676510061623 0.7872974358268445 0.5038433399349822 0.8003483955716767 0.5601385691182866 0.8100756337882657 0.5715178461453176 0.8015245740736504 0.5775227626732298 0.7796394281434716 0.5794764866246955 0.7611041371432633 0.5641113614895519 0.7606902998078328 0.5658951964017597 0.7437667732424251
0 0.4577726360060983 0.6465921079057506 0.44683745209119113 0.6558323588194485 0.4383680931396734 0.6794803684737117 0.4443372928200535 0.7031776650419556 0.5089161083113695 0.7378576873804068 0.5671666755166972 0.742796406140017 0.5756122768302813 0.7051982513189469 0.5823576656675595 0.6931806421121189 0.5783658774854775 0.6837995815696886 0.5418800708884149 0.6802829904453351 0.5014024761092702 0.6673853387785517
0 0.5858187868641577 0.7595731965139345 0.5767844531988404 0.7791308530179654 0.5705433162519423 0.8005400817174161 0.5744823008232496 0.8198724569911723 0.6430661120441993 0.8307319831960495 0.6907695899130689 0.8270534999818215 0.7074363705495865 0.8248640059409897 0.7108763915654209 0.7969531566571834 0.7088303380310589 0.7832881385848246 0.7098520493593713 0.7688698208940661 0.6353465537339087 0.7622132884545588
0 0.8243388070862429 0.78368243389667 0.8310472307380355 0.7909162361990396 0.8420061722908765 0.7956261304521487 0.8487225151553138 0.8075099811434536 0.8434502859259534 0.8244522068834724 0.8436958080973676 0.8457487949677859 0.8222900960947108 0.8503706743431264 0.7785388103447004 0.8401799761551064 0.7128696414890083 0.8205694894608683 0.7106704654572296 0.7989068105175479 0.718033632619082 0.7810282397296264 0.7224135153796131 0.7725518473845208 0.7492076139235615 0.7782368146493207
0 0.8540714347290855 0.7950258147223382 0.8511546850592127 0.8077679288092243 0.8458188977294708 0.8235537651505621 0.8450014219152908 0.8611683999562229 0.9059722766107401 0.860004319776992 0.9734133594430121 0.862150893492033 0.9787074445359554 0.8218781002089598 0.9612486767467481 0.7934279939560932 0.9058638507950639 0.7963382317284798
0 0.9798085235535977 0.8213850248911813 0.9759853239666303 0.8626328482133321 0.9632061350040939 0.864434608788886 0.9760353666507886 0.8920171965434145 1.0480003306279397 0.8761275804097037 1.0774486317188572 0.8704553670432215 1.102909695093656 0.8528455289333706 1.098808461932544 0.8171068044545643 1.085047759026676 0.8033377517702592
0 0.9623219356110364 0.8628701124877701 0.9768472728356513 0.8942675500508286 1.0785497107364996 0.869962291725443 1.0898746950877791 0.8769802838875056 1.094120514665281 0.9113472939537153 1.085545443043448 0.9230291076537437 1.0260788356434136 0.9447577834254405 0.9673268198779679 0.9547304957458081 0.9603004965996231 0.9268364939655411 0.9487169303869603 0.8973891164806377 0.9504992392497523 0.8655505121581418
0 0.9344001323395702 0.8590367159103374 0.9441986188713984 0.8755603180163147 0.9445378343883362 0.9022012375212046 0.8947723989698559 0.9264471984401356 0.8186922917549156 0.9415656870197683 0.8123499691397632 0.9270885359362057 0.8206747993475729 0.8978747283016836 0.8241059419221696 0.8852290051590573 0.819209483470914 0.8570347099495311 0.8429911221625119 0.8454048048078442 0.8441978561777879 0.8638154378371558
0 1.0801846343716273 0.9241227698300403 1.087347203619002 0.945747665809364 1.0871636857838562 0.9673948029816469 1.0802763792925838 0.9779940751018582 1.0138418317457223 1.0061104888117174 0.9642043018489128 1.019189952541358 0.955328946128898 0.98395542397681 0.951414001620974 0.971331942027143 0.9686697998622736 0.9668720229741764 0.9677689195744967 0.9555127438963664 1.0264486421317476 0.9462258887822966
0 1.0586968986362701 0.988637829607988 1.0737032669761701 1.0005420925619182 1.0806406161516007 1.0193271687717893 1.078110353864781 1.0433321709922259 1.0257812943700424 1.0719935685782047 0.9588073325763782 1.085321417178763 0.9514362241517784 1.070651484206681 0.9468122576385829 1.029918977395268 0.965458307730304 1.0222225541993302
0 0.9441040751391669 0.9063163807589936 0.9593440039983707 0.9259578548707234 0.967126621148103 0.9665828501413971 0.90339194364653 0.9840147213832647 0.8383393075027303 1.0039972395618058 0.8390761496613557 0.9621710705740959 0.839106740632752 0.9369982564260623 0.8958734779874982 0.925954123122357
0 0.8351445242587123 0.9397528058477347 0.8387063431730218 0.9607029652172399 0.8328978651753549 1.0008793675560532 0.766532840018646 0.9835475443581924 0.7298580169195181 0.973178110339996 0.7081562003708514 0.9551233737223415 0.7062098533789077 0.9337765299793176 0.714381756722968 0.9010370453690447 0.7348768392563589 0.9006811489573877 0.8128643620444869 0.9271849268804656 0.8196487843561682 0.9424443261145861
0 0.7122630311545131 0.8216073621721539 0.6907475032590344 0.8266678680836385 0.6900023206530495 0.863596645683001 0.7332613673339933 0.9010778333309065 0.812124749067819 0.9242487161667533 0.8240336487139748 0.8859148623653555 0.8191288498153595 0.8528231757674822
0 0.6908003167612352 0.9008145961151429 0.7062098533789077 0.9337765299793176 0.7003207417256863 0.969741398136082 0.6359576758743963 0.9632757786982529 0.5695120170621327 0.9417324213183429 0.5713582786857601 0.9043105684012018 0.5827944876639906 0.8903672805972797 0.643926609670549 0.8976262687821466
0 0.5784902849549708 0.8217185308126403 0.5745614303703699 0.8440626457877008 0.5719838962174345 0.8834456793794768 0.5996971603116759 0.8942340389641513 0.6442964161588829 0.8990943741390028 0.7069550359848928 0.896847752379955 0.7084731933569847 0.8824447510476933 0.6888289484272124 0.8647755782070777 0.6900162307297264 0.8286290487582733 0.6425641779734814 0.8309275790756624
0 0.4481153195405864 0.789594410757112 0.4416145004323674 0.8114565710108738 0.43555578102067705 0.8341009794151933 0.4339653304403904 0.8491898379537535 0.5037948599611349 0.8734655035623765 0.5693479789329812 0.8885469732528232 0.5745614303703699 0.8440626457877008 0.5637814298952101 0.8119682304218645 0.5024963810249025 0.8011835652612468
0 0.32605961470469447 0.7681214713801365 0.31292730014854353 0.7782499093755284 0.30417705113892446 0.8164762516361869 0.3575543481558723 0.8425647984168433 0.4345937187901074 0.8730873286334505 0.4443338221904177 0.8553291910209984 0.4334509375356667 0.8490934470094936 0.43694603287109857 0.8308644752722222 0.43984610164625215 0.8083275784086417 0.43012824876997846 0.7960155104847133 0.41360372305798687 0.7985142488630451 0.35935890754270094 0.7806559885579668
0 0.32358773554939274 0.8264082133190024 0.30479709904128177 0.8354763509275368 0.3049027540389154 0.8543800592746269 0.29678646300833056 0.8766389039019074 0.32510309411020977 0.8966325800012375 0.37920332320910605 0.9158625547189123 0.42492033896867465 0.9300245973526794 0.42769250222215804 0.9186541976783896 0.43117091666287044 0.8906304431644237 0.4333480533560755 0.8749521183638255 0.3585831339653195 0.842757580305363
0 0.4514713700957135 0.8622619128352808 0.43195780150565405 0.8781886225067969 0.4287852407924404 0.9132637309722641 0.4359311291450959 0.9250938441748936 0.495094653635674 0.9410761941531173 0.5557290636322282 0.9580335741704186 0.5673738117876836 0.9371353233592549 0.5708994980945118 0.8937335374739496 0.5043092528658585 0.8735618945066362
0 1.0476737333753707 1.0605342035546277 1.0630082625778452 1.0798437025796013 1.063156757782218 1.120961517882385 0.9947498266966186 1.1320497977152766 0.9380182900764906 1.1333724524137987 0.9309257380974292 1.1156073992002602 0.9234381655512838 1.096274142537353 0.9416121012764633 1.0780140853746636 0.9512529888443931 1.0716026720661909 0.9594355620056843 1.0843423469503684 1.0268980073759724 1.0715829006140123
0 1.045823358139103 1.1259314484335181 1.060540109017003 1.1511019090395853 1.0547989321720166 1.1896218903520432 0.9829051291590083 1.1806324145054237 0.9292981206186514 1.173575479048688 0.9395122409400296 1.135146581971359 0.9963982221413012 1.1323586868775635
0 0.9517876254034865 0.9708456104115145 0.9548705676495866 0.984123858204104 0.9650549709889733 1.0203984636477843 0.8956530592401661 1.046242110487505 0.8379948551331768 1.0563562075576678 0.8299667265530288 1.042151292278217 0.8267887437879068 1.0191430558081593 0.8390046942873803 1.0042490892903333 0.9033158842352216 0.9841753197965772
0 0.9439614467130624 1.029146337060163 0.952351919140848 1.0718085981743823 0.9009368218166307 1.1077465706320873 0.8387462701711279 1.1289648125398626 0.8270946433108777 1.1066099908512796 0.8265095417057495 1.0855818100469734 0.8210386578286953 1.0524317326830646 0.8318467888694268 1.040262320847594 0.837917632842605 1.0570888277553043 0.8961253020978218 1.0470776937392374
0 0.922965922693628 1.0954385592856204 0.938653886629515 1.1379740997078103 0.9288258777609956 1.1727398957969557 0.8067941199065893 1.1663086312980064 0.8101057692869501 1.1295746583620758 0.8208871729850062 1.1017113332139479 0.8283480181884761 1.1053506765641974 0.8387462701711279 1.1289648125398626 0.9014090646742865 1.1085821538838194
0 0.7074924428229584 0.9601809420065259 0.703355115851529 0.9728532902935081 0.6928647830873096 0.9873235257759844 0.6939993498406654 1.008454669634386 0.7594124298224159 1.0364011863844311 0.8195536160793815 1.0558889075630566 0.828377735170468 1.0306471740431882 0.826521440459291 1.000415698650859 0.7666980524788376 0.9832288011192394 0.73081946414868 0.97277013856074
0 0.8197080606605249 1.0544236671677834 0.8254878336998663 1.0846432637411454 0.8118997001985511 1.1231870026915372 0.7405108167626444 1.08814396771125 0.698706919926227 1.0541622534122148 0.6962328468904759 1.029791739600979 0.7091527071193207 1.0135354957419755 0.7594124298224159 1.0364011863844311
0 0.8095473950244975 1.1242403908704277 0.8054635227384188 1.1683005657827252 0.6847178164810571 1.1337208446112943 0.6797874886380053 1.0954424258639284 0.6966575545376898 1.0948682164986157 0.7040055409936874 1.078314962296292 0.7420819899167552 1.089185477071174
0 0.6809814893553441 0.9671665646803115 0.6912074785284019 0.9817833321761448 0.6872008285328951 1.0251108868908057 0.6181315735515959 1.0159036061170275 0.5615277541699359 1.0000671071076186 0.5609159252221324 0.9633450129906548 0.570847883723899 0.9435405100165304 0.6364064991725681 0.9647904819337493
0 0.6901798211457479 1.023427841568374 0.699410829655598 1.052799976071037 0.7037382376650716 1.0595876051389916 0.7028293884066605 1.0788416563857373 0.6966575545376898 1.0948682164986157 0.6333918402009528 1.0837600854752478 0.5717567030804483 1.0624982347390617 0.5706993586176645 1.0406344706830233 0.5760811513524674 1.0214715036714066 0.5974063425000936 1.0105257696661178 0.6208788992927335 1.0164184213875058
0 0.6797102663474335 1.0961750460615651 0.6862295855730465 1.14595758304396 0.6111845271375911 1.1296537840399399 0.5591308735228949 1.1131757490680232 0.5594041262282814 1.0893200505272662 0.5647948280773095 1.0753883879532022 0.5733278762345592 1.0635397440989856 0.6334690624915247 1.0830274652776108
0 0.5629593412338991 0.965222105602311 0.55951997461507 1.019115232246173 0.48880232418908826 1.0095990623101072 0.4276483390404645 0.9944040992632067 0.43079663472545676 0.9539040622849969 0.44229085726710904 0.9299097642332436 0.49606121950283455 0.9407327637322581 0.5579280234950543 0.959796753875534
0 0.5560687391445612 1.019962694316872 0.562689048265967 1.036892164278678 0.5529471708022444 1.0761566446077395 0.48362843072077966 1.0586846155517662 0.42200220271450023 1.042654069253133 0.42821562241714234 1.0049696711924072 0.44562624435082926 0.9992671204436379 0.4885706573173729 1.0117969229030177
0 0.5559261634150974 1.0744735992853078 0.5583824182223982 1.088381504221438 0.5572597203207221 1.1202960249361988 0.5523323522151248 1.1298319663244427 0.4253880847461167 1.095584891953233 0.4276780261205944 1.057912372711474 0.4382544902896106 1.0479408214689137 0.48315618786312386 1.0578490323000336
0 0.31754445039101115 0.8960745420784161 0.3021089312927442 0.9096181100740311 0.29610045111914196 0.9294107342291889 0.29558662242781497 0.9502329889253035 0.35620896065666147 0.975787597793214 0.4259999435957819 0.9940952101009195 0.43252225246071113 0.9534803312496472 0.4270691868121071 0.9307928627608432 0.37870734465385997 0.9165008095628697
0 0.31984922035462293 0.95926204754543 0.29460945999305743 0.9754509648072384 0.288559393985784 1.0169014269102428 0.33127214008061234 1.0316290899625329 0.42209724323352227 1.0523840579306014 0.4245921241370398 0.9968197647832749 0.3561317383660897 0.9765202179908506
0 0.3133714570608195 1.0260334485844647 0.2921323973179901 1.0414778668296698 0.2883574141941986 1.0826075609514205 0.33804985352061606 1.0949076796646753 0.4139532662665859 1.1083839609322441 0.4230535978005134 1.1071008890072285 0.42578310531320074 1.0971530954026019 0.4294036438558487 1.0574886416761242 0.42162500037586653 1.051548474678869 0.3322166257959239 1.0333002564659977
