0 0.32289306363515013 0.41972422286267896 0.35963988839771577 0.4033507786367494 0.38412693702879863 0.39703780121106463 0.446352932754718 0.39959247533679476 0.4827917964299414 0.4192887278037219 0.47738345187857884 0.44267612176918575 0.4803374863683166 0.4771396180922882 0.480566495821433 0.4923190958558547 0.44799445755030537 0.4960656637941994 0.41088841357004824 0.49669781714707334 0.3611441721230375 0.49380149927279193 0.3363896740523552 0.4813161436004821 0.3215340677808878 0.4681390826794256
0 0.4832414170552815 0.4200761932122503 0.47746835934736337 0.4415571990504883 0.47889175687736385 0.46841745929840234 0.5024295349102099 0.4873601339403928 0.525043480314928 0.4921522365704983 0.5655836531377353 0.4947113539418449 0.6090760449727751 0.49755435577278334 0.6362655420822625 0.4878116056972557 0.6383546884966942 0.45678448501678265 0.6361772667244876 0.43880009584025376 0.6198375028926927 0.415923207799463 0.5372137986195558 0.4089521112567393 0.5082903614988047 0.40264019009451824
0 0.4855948810306397 0.332546551770381 0.48410966236712366 0.37437418220283386 0.4869817373947971 0.3877337406227095 0.5094605141876828 0.40233098126218186 0.5382028280424649 0.40710267873409567 0.6124613112186098 0.41547396632456574 0.6403449882912812 0.3984006427237234 0.643225357002819 0.36221255240250566 0.6403532819751456 0.3488529939826299 0.6284887009882542 0.33560025715589653 0.6060508116611834 0.32204325561512687 0.5401886487163959 0.318300738996763 0.5122452991817754 0.32390417420133283
0 0.6429031942959393 0.36067409276185264 0.642915349917256 0.39602465485888266 0.6513171868430639 0.40829261809774176 0.6709983251636751 0.4096720138681164 0.6811560188231346 0.4052893503900295 0.6903015423653994 0.40143652360294696 0.707073604196332 0.3988872138629198 0.733424559575296 0.3947503409240263 0.7556908419979681 0.3918171113171935 0.7655591356017135 0.38883199797871687 0.778303433518844 0.37141353152815954 0.7831663254234955 0.3637279791973766 0.790107546293806 0.3563563086325198 0.7947004945421099 0.34180298056206243 0.7814250702459437 0.2931468299616934 0.7715567766421983 0.29613194330017006 0.7641476534342186 0.2915994692495913 0.7423507335048256 0.2977136658765967 0.7192342471587674 0.30529739761823843 0.6750076184572837 0.3189473360035349 0.6548707334203199 0.3410143577147547 0.6430486244016014 0.3556137288944161
0 0.6699501625589674 0.4092861471271642 0.6521104817239606 0.41971491600552374 0.6384080024209049 0.43903677429502014 0.6387844633841818 0.4573748379258273 0.6376613954932281 0.4726039195114877 0.6432441371481402 0.4832324358198364 0.6624904453073751 0.4910697455972579 0.7088659277939338 0.48828827343706366 0.7511027485929312 0.48533688946099535 0.7753213862749666 0.47951257960824073 0.7944986297703954 0.4680721273312232 0.7955511728419329 0.4422884612863867 0.7886697813253319 0.4161409766181267 0.7830315907835402 0.41286208275710606 0.7737450176024433 0.3956057406258364 0.7655051468704439 0.38745844283078196 0.7563776195719356 0.3917691213338428 0.7073810004958028 0.3979475154392879
0 0.3789981975200947 0.4971060672583993 0.3558097261990104 0.5028583921361277 0.33462613871294894 0.5158163695111323 0.3263473551822167 0.524199723474647 0.32744512605136405 0.552128678149323 0.3263955032910464 0.5604659890036335 0.33000789344283876 0.5735277338419259 0.34471816239625924 0.5798455716472138 0.38505661666716307 0.5811588230650023 0.4366369196897471 0.5793909811776127 0.46477680397865556 0.5769655401442554 0.4843514249923375 0.5668746480234975 0.48603383659535304 0.5571157920379013 0.48314567666065106 0.5361985830529519 0.4807643318623514 0.5106548669248688 0.47436883892717624 0.49686937858802277
0 0.5067568225217949 0.48863778207114655 0.4935611583551416 0.5033331332175094 0.48573374107393213 0.5144396024852186 0.48253088406170974 0.5380779799002158 0.4857084440521258 0.5575976387455548 0.48832812048609003 0.5629238943955669 0.5072310398583412 0.5707851991646637 0.5531896884272801 0.5749194927274947 0.6051133802368478 0.5731276558484296 0.6425262219299266 0.561331172444575 0.6427825498093478 0.5415715636824824 0.6435097003376581 0.5162697443452995 0.6320548169721196 0.4964102618682123 0.6104033271483887 0.49746409462778124 0.566215611245638 0.4945833812545084 0.5247930018825134 0.4919685596638112
0 0.6579903985890737 0.49046597705708095 0.6444498854798266 0.5139085007903821 0.6435053198708283 0.5424392771310883 0.6483098425773804 0.5595497024381592 0.6594242574671549 0.561986824716396 0.6694170646215859 0.5709298509850302 0.7540901250565126 0.5613402743133918 0.773645289670828 0.5595147080719187 0.7859532972709724 0.557277333223671 0.8009004377044474 0.552100888146151 0.8013921769083132 0.5295701740965132 0.7986314508355167 0.503134749528149 0.7720314683551817 0.4834153432528206 0.7095856574308341 0.4882074412188481
0 0.36531059668831056 0.5814199118370104 0.3386378107678113 0.5969707628316333 0.3293206512070473 0.6073468173979603 0.32887724692252107 0.6304296507620499 0.32944084538904256 0.6516411920067131 0.34427076003467605 0.6578086244774962 0.36256050507219717 0.6626537387955752 0.4143980499408797 0.661912965847037 0.4707165465525717 0.658337781210174 0.48759099497333963 0.6477938308248841 0.48579220508169296 0.636393600143581 0.48480619414939174 0.5975625034923163 0.4816191993046948 0.5783352031676731
0 0.5047886534966384 0.5698726724667519 0.49262105442006676 0.583329388504616 0.48778484660231225 0.5908710313826185 0.48510383028739473 0.5982620758598297 0.48638747735769894 0.6377927448786079 0.5104605219543895 0.652318923541282 0.5657849888786626 0.657817827500068 0.618515442161354 0.6591757716540697 0.6409190553399563 0.6518473111048639 0.6447387239523705 0.6184433701928168 0.6384929472000895 0.5763779589053694 0.6067756110700594 0.5735516803436538 0.5536193087122521 0.5751049744602988
0 0.3595406423554996 0.6614240172614384 0.34038278949478173 0.67572937668568 0.33436901018864407 0.687675526569851 0.33376915576685656 0.7136507734044889 0.3365173284728088 0.7285865155235571 0.3633984567850844 0.7389544369632755 0.4289036089475369 0.7423012041830787 0.47638841501032275 0.740784032284704 0.4922135048798205 0.7310337782674221 0.49354752650546485 0.7237368577907052 0.49154039422204177 0.686417854675061 0.49303086598494744 0.6762285207277957 0.4884121648505323 0.6549401529008098 0.469922468339082 0.6587534541942769 0.4143980499408797 0.661912965847037
0 0.5088582469273359 0.6527910709256814 0.4926908740467219 0.6744513526088638 0.49209331069782525 0.6867394036586693 0.4943274861188804 0.7229619862227962 0.5072857267996057 0.7296203908780777 0.5754696042040848 0.7392633094055022 0.62550606810823 0.7408095015604931 0.6468885599357104 0.7349931345469073 0.6490178053112898 0.7204369431936714 0.6453603145183637 0.716730481173089 0.6457483899390386 0.6853672555813586 0.6359557801215341 0.6561561667286107 0.619040121436989 0.6587789234700658 0.5655438271409563 0.6585550494677791
0 0.35022729156680127 0.7337516514433173 0.333351697609588 0.7511391997210234 0.3341835494775187 0.779175514058004 0.33284723677898354 0.8001596303195532 0.3540003943959411 0.8091268796423173 0.4029451439485935 0.8103891724138975 0.44335383909034276 0.8144090502914795 0.4693714417252032 0.8165530539038536 0.4888399037875529 0.8101500633233477 0.4892386611989658 0.7996768299926721 0.484164728252841 0.7874249011611371 0.4895561436192698 0.7665176114819107 0.48909252088971295 0.7409768624314744 0.42914477068524315 0.7415639822153673 0.3637102115231615 0.740013207914595
0 0.5020118423795518 0.7260268776580889 0.48921844275393506 0.7510532475781463 0.49009494149497906 0.7664799618817129 0.48415060965276685 0.787065702577331 0.4897915776747492 0.7999983789762805 0.5217065742058178 0.8078534377112825 0.5848859661280977 0.8138840182186192 0.6221336125524076 0.8130821887240026 0.6404245031263742 0.8110837051496652 0.6408797349380839 0.8020472661542143 0.6382162738325766 0.7892667155379831 0.6375679637656101 0.7658999827904829 0.636989101162569 0.7511728408544297 0.6320139984169635 0.741435302109538 0.5757954775422361 0.740681278940628 0.5081645166135405 0.7313599093968121
0 0.4956183785705865 0.8039134411798777 0.48512135644854854 0.8323811985372057 0.4827227121351145 0.8469562146905405 0.4845039468173508 0.8785280404652861 0.5076276085997358 0.8895187076901948 0.5634626361995698 0.8942615648811708 0.626629055058221 0.893089348912285 0.6297630121119574 0.8903490612244549 0.6330404462393262 0.8775135635898543 0.630789861145306 0.8546189782267536 0.6360519180381765 0.8441660970781039 0.6417539426062371 0.8311611762426132 0.6380281498858308 0.8119715255181678 0.6221759683526301 0.814159784475421 0.5851694836660266 0.8142243920023264 0.5217065742058178 0.8078534377112825
0 0.3642516726344912 0.8087707358223654 0.34791487655298725 0.8261206344998736 0.3439433399490932 0.8350425973128042 0.34158361482654553 0.8712260028948062 0.36089333567874315 0.8814026215696812 0.4056112682897211 0.8919649005380968 0.4554477807199371 0.9021695083046337 0.4839888039960084 0.9066584788027608 0.496863478612734 0.9043180940627894 0.5029489964556879 0.8873243392052329 0.48482982015550213 0.8799460100004118 0.4821839142594052 0.8469938642907383 0.48480960171047144 0.8313224275858859 0.4907962893529061 0.8118142826416864 0.47076079221469885 0.8175365256547775 0.44477142677998677 0.8161109192100159 0.40349806042437697 0.8107107213975059
0 0.5079676005379613 0.8912958758091268 0.49811049756504255 0.9085531778680679 0.49008271275680954 0.9242419119910918 0.4912286104357082 0.9396498014945595 0.49852603681215 0.9672343206291666 0.5375312628643294 0.9699115281720182 0.5789904620937942 0.9662941117891761 0.6392511125727864 0.9599221650641866 0.6493482317469662 0.9487712389299506 0.6456777678904112 0.9378619804331461 0.6468717490517594 0.920129476225951 0.6454423338349319 0.9043812129387762 0.6429059401300923 0.8948334495768006 0.6331240123033258 0.8865123529851076 0.6277207694097137 0.8933732482956955 0.5637461537374987 0.894601938664878
0 0.35381837029415186 0.8800960734532216 0.3388426875019952 0.8977110467140413 0.33535232883706845 0.9120021634839657 0.3355312884922511 0.9440461366431108 0.3416698441261655 0.9490199697980276 0.37953985449018446 0.9571792800984665 0.424527186039017 0.9677227342667836 0.48762072082440655 0.9784417211636992 0.49509673469330145 0.9555878401646506 0.49066157535985055 0.938969053927145 0.49008271275680954 0.9242419119910918 0.4957858828613154 0.9043933932631849 0.4831806071824445 0.9067149532030575 0.45601481579579467 0.9028502558720483 0.40507247041401184 0.8920025501382947
0 0.35781851626092387 0.954374881100704 0.34708376901051574 0.9630490667484946 0.34342284160825354 0.9798733984051609 0.33985959887006517 1.0060557180408867 0.35104499578640136 1.01571948496731 0.3811447927528584 1.0255023102220353 0.42688384671495816 1.0345524956548309 0.46279747151362377 1.041047586636931 0.49321016875460333 1.0450455849505598 0.4984733711839191 1.0277491059094939 0.49419237091483875 1.0219251019862723 0.49097942994288424 0.9882922087091842 0.48872655377597335 0.9790848191309159 0.4248107035769458 0.9680631080504907 0.3803339327036741 0.9567636071143637
0 0.49737784806036067 0.9655136269105314 0.49110764287999714 0.9846813980710235 0.49389473477683576 1.021225529618759 0.5000897648110469 1.0276361571089005 0.5513873662675748 1.0337766316529762 0.6044295742883433 1.0361933467582976 0.6412796088376858 1.0390211527019406 0.6468980673417465 1.0170174424711966 0.638009047928989 1.010795062982044 0.6339432632703574 0.9898282441386663 0.6349960584309637 0.9685037540934097 0.6282198747208209 0.9610531804520474 0.5792316238315005 0.9655568898214649 0.5377865432021098 0.9695335047881132
0 0.3627985733150405 1.0192204015687314 0.342092628754675 1.0491218984974298 0.3381058280142615 1.0645282606189703 0.3392070788200468 1.0925457501558518 0.3424669577380053 1.0998818476146937 0.3908576452784289 1.1076661892950819 0.4538241126631509 1.115152388937742 0.4903906296745645 1.1176398210976777 0.49793723654383026 1.09658193301766 0.49513373497402674 1.0733657986709508 0.5058871829702906 1.0376764200373019 0.49997567047400815 1.0316061663308673 0.4926290150786715 1.044005638799339 0.4628257087137721 1.0417659838045434 0.4271814828529612 1.0352520680223443 0.3803224773392203 1.0251995860385257
0 0.5077882396717924 1.0310602471279993 0.4974171394139767 1.0696043896319989 0.49465141149861414 1.0748402426063735 0.5008277407869696 1.1082660630823737 0.5647882378591105 1.106678174129385 0.6530228765383165 1.1041144503351081 0.6562297176653145 1.0894829597814766 0.6470712993147023 1.0832794050924226 0.6368116301583049 1.0490583608664874 0.6383162205212847 1.0392282255030285 0.6052660083020556 1.0368552695256132 0.5508485683918656 1.033814281253174
0 0.5059745578063559 1.108626789048107 0.4976903471238971 1.1315371444474522 0.49682223930070035 1.1506876181897727 0.5010574471602222 1.1759648200388246 0.581195999103715 1.1736066416637083 0.6451999975125238 1.1662527505697218 0.6499656123299075 1.1569151147726886 0.6563228201836068 1.1262153393302006 0.6535334372138774 1.1033584035672976 0.5648023564591846 1.1070373727131912
0 0.36210369746479965 1.1046328379322785 0.3463610281228562 1.1302254792372297 0.34423063721083136 1.151625268482882 0.3478988099944955 1.1762217227645189 0.4069383876484368 1.1800202851866957 0.43410532457153195 1.1770413846252887 0.49860461951938206 1.1754158460721023 0.49629756002506525 1.1510844663737767 0.49742094818604243 1.1315559692475512 0.5056345658681305 1.106849620929175 0.49558209356706406 1.1053909470299972 0.4903765110744903 1.1172806225138714 0.4544052663390827 1.1161923350889627
0 0.7846827236114026 0.3644589663173438 0.7897459745667892 0.3558209028878239 0.7951221257966985 0.3413980125172074 0.7949385839957342 0.33672843092772714 0.8160951782220279 0.32516488657324266 0.8585331430023919 0.3189577809033617 0.8905893255342023 0.33040482547642563 0.930668710728464 0.3535375274961304 0.9357556167382175 0.37299225280388765 0.9365897596790391 0.3873413713560357 0.9359921963301424 0.39962942240584126 0.9296960450225212 0.40439160061388885 0.907590067981922 0.41241963353060823 0.8183766637518167 0.4175730466119239 0.8007234012540786 0.42204827067270667 0.7910120664276832 0.4155231670000445 0.7825477505535963 0.41323314713266085 0.7758303323166408 0.3935321720416907 0.7782583593666685 0.3728319551635521 0.7841156885355449 0.36377821874992927
0 0.8191425047651582 0.4164389764602088 0.7931226110574069 0.4279821686326672 0.7950625869497953 0.442974385152032 0.7954838538791296 0.4674375384510497 0.797082692296847 0.4874961847438988 0.8236673300075651 0.49032093592368736 0.8627572676601896 0.49515333496937614 0.9017766123124431 0.49818974109603403 0.9134595968407113 0.49989466477842476 0.9549493243432154 0.48330844977836257 0.9557373027117486 0.43462839296354 0.9447648303329703 0.4235090069017932 0.9266597726328587 0.4164898762807782 0.9075759493818478 0.41206043494680206 0.8631251246358338 0.41516652696311973
0 0.80859510808778 0.49173432331303163 0.7985403447138228 0.5039628451986861 0.8022226360975611 0.5289184980641294 0.802543927289931 0.55771085916892 0.8184220549503892 0.5699281931641115 0.8540239250109776 0.575364513194892 0.8822673121490461 0.5791539113255056 0.9301192018137603 0.5869759026060916 0.9486806368620269 0.5781149963392394 0.9526827017389599 0.5562242349090888 0.9532825561607474 0.5302489880744508 0.9458263885741536 0.5192440781952244 0.91453719259213 0.4998193655780292 0.8630407851981184 0.49549370875308335 0.8239508475454939 0.49066130970739463
0 0.6585013526745939 0.5630937208322496 0.6432421523445083 0.5803683203093623 0.6563476788709319 0.6388830946334253 0.6646120432710896 0.6498315301123548 0.688501546066816 0.6596881271855486 0.7696352732341731 0.6414122623223673 0.7837439937395785 0.6361041649114519 0.7935858325759777 0.6253312621611209 0.794097538787984 0.6177316175008946 0.7990337223427031 0.6058607668171191 0.80585684399885 0.5870145446402351 0.8057461862711475 0.5704537601849533 0.8021463154149633 0.5613404946071795 0.7849906405291576 0.5578568754239296 0.7737323595395597 0.5600843113633079 0.7543779918142488 0.5625172927218469 0.670707870942052 0.5712453942230526
0 0.8176985697372703 0.5721398590672452 0.8053180461231408 0.5870521942404329 0.794097538787984 0.6177316175008946 0.7981927061832095 0.6325732356194682 0.7994679623356662 0.6375267165923592 0.8068111811216667 0.6456580378011361 0.8270855489246896 0.652885768605166 0.8639203193375125 0.662197973857419 0.8797866194707873 0.6603689134839718 0.9022302973767213 0.6678052444710167 0.9304878031148638 0.6719538411854366 0.9431354345939572 0.6707098769969825 0.9480010251483055 0.657043033394176 0.9534370873878475 0.6235261436815356 0.9338320214705377 0.5989627568543149 0.9217678347402668 0.5875594714091573 0.8831037461627582 0.5798158340928213
0 0.8090793214250973 0.6483810280707943 0.7985117063026885 0.6750527925090912 0.7972036308043016 0.6967553059382529 0.7961660997802149 0.7115953966748995 0.8006577335139625 0.7296509772476298 0.8091644051882719 0.733018592866432 0.8236260906955316 0.7366904600506707 0.8575833299288438 0.7415213317144325 0.8902794316097734 0.7417579209891093 0.9288458355232081 0.7401435703263859 0.9474919821719197 0.7334378555623706 0.9505164270343989 0.7072931855268426 0.9480670360028949 0.6862134178828717 0.9378321674373098 0.6732415645017973 0.9019750170389409 0.6681832678549218 0.8800418998085677 0.6599908901000667 0.8639344379375866 0.662557172441225 0.8265749882491287 0.6536418153729762
0 0.7736480201018443 0.6404114931532715 0.7990363855783236 0.6746559443250874 0.7971471564040049 0.6953185116030283 0.7958543450421378 0.7105366257235799 0.7986883748849805 0.7207839614530688 0.7835020586281565 0.7261673580643798 0.7444109754390866 0.7281785569111073 0.7001166008303339 0.7283922354568766 0.667094625811253 0.726737676647074 0.6453461959182896 0.7163712825892828 0.6465283495524541 0.6845923840134497 0.645637732211336 0.6688064711260767 0.6487468886742601 0.6448169925933859 0.6657037576225824 0.6501154294957656 0.6885156646668902 0.6600473257693548
0 0.8000483426378823 0.7278926339287968 0.7905029944030407 0.7462087069390573 0.7910807114696363 0.7677794467675266 0.7909479163867419 0.798764648975352 0.8076201222606899 0.8105663099864406 0.8483699548771102 0.8095197580905383 0.9012286210969145 0.8072668916063798 0.9231205280635104 0.8075380757174001 0.9411996396363644 0.8001516133859704 0.9397290141557597 0.7764821564549605 0.937209030123885 0.7536063958919588 0.9299516684747748 0.7407866682936026 0.8891877172582807 0.7414740216056988 0.8589867990184137 0.7428640020491627 0.8244625247092439 0.7373523828179867 0.8105396370776934 0.7336428660335499
0 0.7799998724360462 0.7264120804656655 0.7895677301888093 0.7430323940850984 0.7913783476076394 0.7684790191350402 0.7905102397844426 0.7876294928773607 0.7475899515286659 0.795311042482664 0.6958359727239831 0.8050506048264557 0.6581624772245573 0.8087636725917197 0.6404397672628936 0.8045993058410552 0.6390103520460664 0.7888510425538803 0.637851481303539 0.7662403565741901 0.6386619691899936 0.7524966863890611 0.6406347644283117 0.7408329085063734 0.6563610240972902 0.7285682644024484 0.6681581029625974 0.7263031788628722 0.700130719430408 0.728751434040683 0.7447086115770897 0.7288781292786207
0 0.7958806633321249 0.8074245919688252 0.7862612854875765 0.8444754657373036 0.779496929304617 0.8510712864645799 0.7871354931557295 0.8735893758257026 0.8011148551875766 0.8787356869453639 0.8159024140329876 0.8838255236647287 0.8734408379332852 0.8769234277731156 0.8923270007832578 0.8763240889338052 0.90710158656504 0.8742111291769475 0.9175657893411481 0.8723993662216722 0.9335179466113133 0.8658818994586458 0.9345402134988805 0.8575262080306093 0.932501407405973 0.8400196014246012 0.9310578735890715 0.8239121395536202 0.9220711695122401 0.808331772085408 0.9017533003725495 0.8068700434223758 0.8483699548771102 0.8095197580905383 0.8084706748744764 0.8115874313375625
0 0.7728287400865563 0.7913863197705311 0.7803848834101147 0.7980620218439843 0.7854588163562395 0.8103139506755191 0.7867294903629148 0.8426418232180749 0.7780934602150471 0.8497286161298495 0.7466997063502775 0.8620075028880921 0.7254019261232421 0.8699790614045148 0.6745114729959745 0.8879425415756508 0.6451034874331518 0.895760446927428 0.636626198495436 0.8862676305838219 0.6344297967288218 0.8784970353407783 0.6306051738078965 0.8567929945296896 0.6360236808380282 0.8434476999104916 0.642264503281798 0.830405129474803 0.6406656648640805 0.810346483181954 0.6600765069896881 0.8093502961586397 0.6969276870754759 0.8053345042098664
0 0.7789722500289817 0.8514681346485838 0.7880284015697385 0.8756880929282428 0.7948622052166237 0.8777318630124139 0.8034242057547842 0.889379870858857 0.7985292324638422 0.9091719151864671 0.7954799870105509 0.9140673943771341 0.7818100886438901 0.9236670499936248 0.7671049503260335 0.9344196005619296 0.7366334876118665 0.9426720036979086 0.7130675670814007 0.9479205719446732 0.6967048248726391 0.9508648776697366 0.6665744996331429 0.9540508510322314 0.6512046415753548 0.9547646660540622 0.6496599864850433 0.9498300098812701 0.6467836008419782 0.9385050784003628 0.6473258353270235 0.9179366351229162 0.6479657544761428 0.9067261798245293 0.649130352900897 0.8951188763421384 0.6747808719338291 0.8879237167755519 0.7269900825502216 0.8691477154363092
0 0.8082604135725389 0.8818382279808543 0.8033959685546359 0.8886614736912447 0.7983021893262101 0.9102683357379845 0.7959905476861118 0.9133113476093239 0.7818100886438901 0.9236670499936248 0.7758539292744946 0.9302063963206043 0.7799632152697942 0.9454072130229841 0.7851371239528835 0.9533299340487461 0.7993576477224369 0.9577390232006963 0.8424614777791779 0.9547270551848731 0.8778950701753214 0.9490093943175634 0.910337037054916 0.9427804090837292 0.9333076853093758 0.9361326961019376 0.9333805693826375 0.9242414932361361 0.9318252323015879 0.8984168448022892 0.9270630540935403 0.8872236869220741 0.9151694361006046 0.8732871865901747 0.8923834751835544 0.8777608832690301 0.8728879214575018 0.8766018787895072 0.815633015095133 0.8838443484648275
0 0.7668214327881048 0.9340792267782224 0.780771412083358 0.9453507386226875 0.7845559702769517 0.9522899878975254 0.791005135112498 0.9651661898961782 0.79130048017761 0.979552958048524 0.7873854179740128 0.9899117151966791 0.7802234499160858 1.000137171362215 0.7720685977071853 1.0125931182309833 0.7339692531326436 1.0192174242668943 0.7077387259602251 1.0185290397898439 0.6713981065499983 1.0217887849708072 0.6474227466173816 1.0166205942871926 0.6385337272046241 1.01039821479804 0.635531419697337 0.9889968981704605 0.6347407780931833 0.9688817774773147 0.6379041178835133 0.9600162890646811 0.648298873195696 0.9495649352979586 0.6520551941891413 0.9557857874051839 0.6681626560601225 0.9532195050640256 0.6958683908589269 0.9502029549024208 0.7138898824950388 0.9482232961281826 0.736675843412089 0.9437495994493271
0 0.7950190275166145 0.9573218228346662 0.7909910165124239 0.964806991312372 0.792406313129177 0.9801960560157408 0.7873712993739387 0.989552516612873 0.7810457653297239 1.0004398955457245 0.7770742287258299 1.0093618583586552 0.7800505901058596 1.0163575820337893 0.7884267577701654 1.0370232040755845 0.81428905580421 1.0352160232660905 0.8581175166105152 1.023148791454718 0.8875819765736344 1.0167676804381651 0.9241366660578646 1.0052087182294622 0.9346726073707889 0.9983493503008015 0.9340384159038966 0.9753418161371075 0.932084321411434 0.9599904010339365 0.9284985691553242 0.9512363340399688 0.9181213690525519 0.9415160927132488 0.9127616274956076 0.9426109858828391 0.8776539084376151 0.9497466162852746 0.8430002756548871 0.9546894055846753
0 0.7749755116232895 1.0109492510946707 0.7793129862926667 1.0182100493531172 0.7886679195078716 1.0362859821078734 0.7940394885919992 1.049237483306922 0.7892139627649828 1.0776691184459792 0.7636187725959022 1.0931446702402068 0.7538486722963191 1.098869968017152 0.7124459474671511 1.103924178735219 0.6702796726975324 1.0964252638201686 0.6570802702791008 1.0905040811325983 0.6478371403280437 1.0821453349407075 0.6364998754202278 1.0479995899151677 0.6407549295620506 1.0394180008859446 0.6471392290794529 1.0162802205034855 0.67136986934985 1.0210703878031948 0.7074693270223705 1.0185478645899428 0.7342527706705724 1.0195577980506016
0 0.7897878710595128 1.0372882786588964 0.7939971327917767 1.0481598875555036 0.7894551245026891 1.076931896478268 0.7725524388817728 1.0867574496959456 0.7792557385186543 1.106099226203109 0.8170009725548961 1.09733855346446 0.8708536684621194 1.0860115983846526 0.9130939728414451 1.0747757125414852 0.9250475018440134 1.0696182135313608 0.9260144398677294 1.0529821298756836 0.9248120677885341 1.036137446036991 0.920092245380709 1.026021883908194 0.9079715842501415 1.013181804127812 0.9017330528792623 1.0125371787786681 0.8873125776357798 1.016786505238264 0.8583727969482956 1.022770768070813 0.8140196568663554 1.0352348480661895
0 0.6567685155410237 1.0894453101812787 0.6522005611246784 1.1038117261515985 0.6571733727973932 1.1272364606813225 0.6494268144541981 1.1569527643728863 0.6442494691617728 1.1695608370243729 0.6885014879703031 1.168269562727185 0.7299465685996938 1.1642929477605368 0.7832310838946139 1.159128843005731 0.7921353674438909 1.1588668231862735 0.7903236044886155 1.1402637960287478 0.7908811031101803 1.1132109534426915 0.7888976258811241 1.1039847390643243 0.7792698571187284 1.1064584247869151 0.7725383202816987 1.0863982511121393 0.7633634922581217 1.0935226936241118 0.7538627908963934 1.0992291666009584 0.7129423895426379 1.1028089333836029 0.6708325891733158 1.096746812803777
0 0.7945691221761456 1.1039486168460535 0.7908952217102545 1.1135701520264976 0.7903377230886897 1.1406229946125543 0.7991244756915918 1.1648617776923125 0.8285171971178948 1.1635282716491453 0.8554853281035063 1.162364188806868 0.8923082709891457 1.1576299996904822 0.926366631495868 1.1512880656560547 0.9456080504205854 1.1459814956270662 0.9464208293799308 1.1185506296571048 0.9470889857291984 1.10805857152633 0.943758513810869 1.0989264811484576 0.9379187398514028 1.0878086224686379 0.9252886635817197 1.0688809915636497 0.9128528111037388 1.0755129345091963 0.8703572263866326 1.0871268437362689 0.8172844900928249 1.0976789272481673
0 0.9303710745904611 0.35283795512861693 0.9376414093032001 0.37286047920319537 0.9379085171681639 0.386528850187929 0.9362333580678486 0.39889220043812995 0.9302348428982306 0.4043539510136911 0.924931575741583 0.406885638518506 0.9288714385359924 0.4177760722152118 0.9450483478708991 0.42384938068550043 0.9565172623251641 0.433853521395631 0.9584160279537752 0.4409245442711611 0.9774574954045636 0.44427638985371876 1.0090183813973326 0.44999508188598275 1.0316608652407502 0.455616595153898 1.043514418506354 0.4547883039495466 1.0540068584826106 0.4536949381618835 1.069221411939583 0.4490299387181847 1.069407244813438 0.4400123245228326 1.071636465925982 0.4211269253638236 1.0741492045764547 0.402581899988522 1.0727327624232563 0.3940364331775694 1.0488150224273811 0.38346143893676343 1.0197493198756749 0.3793693166226402 1.0026642379902397 0.3776816903584212 0.9746631581263232 0.36631147236767997 0.9422669836562874 0.35308725967568416
0 1.0117967102135945 0.36947965209503014 1.0265712959953763 0.36736669233817243 1.0584015809260001 0.3730665595703375 1.0740137462579398 0.3647719246883792 1.1015370847922255 0.35024219504487814 1.1303639166791162 0.34138434354188013 1.1612318457318054 0.3363459028600578 1.1936585484748803 0.3366013169348336 1.199015998958934 0.3491936195500758 1.2050087864463253 0.37794985843659584 1.2029371610074877 0.3870992462326403 1.163116864923072 0.42554010044458246 1.1396497745931256 0.4333030587779902 1.1023010068954058 0.44527769397079603 1.0812867442062992 0.45358962627092597 1.0662568780867363 0.4560806094116889 1.0694908108774377 0.44901111391808585 1.0691378458755834 0.44003114932293147 1.0721893824017652 0.4214484743474321 1.0744891965146801 0.40435906810745403 1.0735409592368201 0.3939799587772727 1.049027946964939 0.38200581980143977 1.0194799209378202 0.3793881414227391
0 0.9554808768375227 0.44185001423986137 0.9546799254053608 0.4833272745784614 0.9257389991814311 0.4961551353034262 0.9258931582458017 0.5069499176177102 0.9471875018635009 0.5195091527785362 0.9546719066502432 0.5312324598253749 0.9814129944982224 0.5311647975346152 1.029718970438201 0.5367939477121662 1.0524049556182868 0.5366494588390839 1.0749509003340758 0.5260693862355234 1.074429657667777 0.5059354407422786 1.0793257764951645 0.47929979852225224 1.0735848327362176 0.4706963299290756 1.0612077457314242 0.46507787142501483 1.040323987052321 0.4560917973021519 1.031107948764967 0.4552950461702896 1.0106630122246085 0.4506005302530018
0 1.0654486812731725 0.45613708381198553 1.060683066455789 0.46547471960901876 1.0727766359226534 0.47075280432937233 1.0801480919088025 0.4796025227057617 1.074713175205706 0.5062758145259859 1.0757167413474176 0.5249353160838081 1.0608986542289673 0.5328142779816635 1.0705958704552887 0.5389801830705195 1.0792307550667108 0.538736988051161 1.0797119330056781 0.5441061420081548 1.0858363700395186 0.5487207765792655 1.1272825962053545 0.537900563720201 1.1520260882242033 0.5282474884672678 1.180514073709314 0.5107688709529218 1.204763414725567 0.4885438452667725 1.2102383961559955 0.4766353449827993 1.214875798036266 0.4709085198239266 1.213600541883809 0.4659550388510357 1.2121135067302398 0.45561357912105227 1.2033691099275603 0.4324523917927127 1.1891627047580813 0.42840250122456874 1.1782314426430798 0.4252043088066566 1.1644638596123453 0.42544597644408794 1.139380375655271 0.43332188357808904 1.1017622090196966 0.4453153435709938 1.0804785473927352 0.4536461006712227
0 0.9525025965473319 0.5310238596423598 0.9819517923739316 0.5311271479344174 1.0316047630031833 0.5366621741114739 1.0427065938555198 0.537327151642644 1.0651350076249344 0.5512478819382989 1.0838624292647547 0.5672281523543693 1.0843695533309796 0.5870028992638079 1.0815580330060586 0.6116919501640122 1.081174539731165 0.615680784186078 1.0604861503802099 0.6254106860213338 1.0207433205148373 0.6245859457978096 0.9933646045906297 0.6221768676021239 0.9729479052504197 0.6182007488524484 0.9573803867915932 0.6138857837009928 0.950745389082192 0.6100271958976923 0.9432186284952273 0.597226293099435 0.9400293425776396 0.5916861885596241 0.9388964179623698 0.5834810955323787 0.9492476719378844 0.578795743906654 0.9535473729528205 0.5576045548440168
0 1.0855528525015896 0.5483804027955582 1.0756968950651162 0.558794106962083 1.0857905776299597 0.5681739745050957 1.084695426669131 0.5884208687989336 1.082125068081916 0.6123726977314269 1.0811886583312391 0.6160399827698841 1.0735172751341966 0.6201778878108137 1.0817816395343542 0.6311263232897435 1.0859920468030642 0.6351543342939342 1.102312433211603 0.631132432817452 1.1318768689116872 0.6204221139951266 1.16505758514092 0.6054970635495486 1.1845130741396406 0.5918912764928205 1.1948078537148588 0.585769130531871 1.2055143637651184 0.576376547716468 1.2158690543499693 0.5511604024134946 1.2137008897835035 0.5441082043380634 1.209761026989094 0.5332177706413576 1.2026883526773935 0.5182240267400656 1.1786141625442577 0.5105414459698078 1.1520402068242774 0.5286066870510739 1.1284025477569957 0.5389028602712239
0 1.1764440790676307 0.5996588169720097 1.2045451346685117 0.606699827156978 1.2120142753187344 0.6249075335124266 1.2140519358751967 0.649257738010851 1.2071876039552727 0.6601827665439001 1.1747433460027872 0.6800989475625666 1.141094424898216 0.6968576405273733 1.1085383636815829 0.7070566349831743 1.0793715398564665 0.7141373183672405 1.0687684421525074 0.6986698996996216 1.0803960978169245 0.6920944311543714 1.0856287719732012 0.6877667507305256 1.0847992111781612 0.6460432406087127 1.0765348467780036 0.635094805129783 1.0818098767345026 0.6318447204573557 1.0857650036654318 0.6362507548454515 1.1020430342737484 0.631151257617551 1.1312957152357552 0.6193821678439059 1.1647881862030653 0.6055158883496475
0 1.060713193517842 0.6243142654698164 1.0765207281779294 0.6347356065459768 1.0848415669783837 0.6471208363601312 1.08530289863505 0.6863487811953997 1.0806796153548532 0.6924348049380787 1.0552832311232563 0.7060955390131763 0.9830995799147348 0.7046561861310702 0.9592795245829341 0.7034391798693237 0.9498517072944673 0.6972544499803687 0.9477835184649661 0.6858730440991644 0.9378039302371614 0.672523167334185 0.9434330707319603 0.6714094493644959 0.9485257044239407 0.656646185210172 0.953762960725999 0.6249441132166614 0.950034876932702 0.6194416582770483 0.950474844607892 0.6168896185902072 0.9571956994541837 0.6160598000039287 0.9729055494501972 0.6171231531010299 0.9933787231907039 0.62253606618593 1.0212679997904723 0.6241890976138057
0 1.0782233511046773 0.712416624648605 1.0685520810056135 0.7206563125121939 1.081991499625306 0.7326838711244692 1.0805704753263257 0.7515127958831812 1.0781271841397784 0.77869741206993 1.0754755505614546 0.7799632558223376 1.0809047395823244 0.7875079534641944 1.1178841326052251 0.7798813508772605 1.143237015500154 0.7719866189431605 1.1708309470348106 0.7592528822186901 1.1954473716529916 0.7463670197115015 1.2099254668332164 0.736710889694714 1.2175415211664076 0.7242925924261435 1.2166215210886957 0.7146318802635746 1.2081900245605388 0.6856858659941385 1.1810818531106309 0.6764143651059378 1.1750551007408645 0.6811577185138863 1.1416473413739996 0.6971791895109817 1.1080136844059476 0.7074534831671783
0 1.0566161072124554 0.7056422164288758 1.0690767602812485 0.72025946432819 1.0825585347011635 0.7333646186918837 1.0779283782022946 0.7805122297890598 1.0734756636594334 0.7840650386449967 1.0557518081613244 0.7867442697867485 1.0015885030524694 0.7901688560228202 0.9729051482392111 0.7889314975790475 0.9473981062799115 0.7860314471988632 0.9406783969700654 0.7800176678927256 0.940183100431024 0.7742893153519258 0.9374784290617396 0.7535875710918599 0.9307175094881164 0.7396525981418876 0.9490801385988992 0.7326065095941651 0.9504752167706216 0.6993719918830079 0.959563042120863 0.7037795536530309 0.9831136985148091 0.7050153847148763 0.9831136985148091 0.7050153847148763
0 0.9405784212331008 0.7843468756984985 0.9417525561121478 0.8004731623695788 0.9253180753665698 0.8084650730680275 0.9315825528647066 0.8235152913696161 0.9316367361921125 0.8386392814896734 0.9348096124367351 0.8575073832305105 0.9371342271404624 0.8616671678353933 0.9593378888451354 0.8629971228977334 0.9887447288715127 0.8620228154383724 1.0305156828390545 0.8594641700068498 1.058519053775862 0.8571471922127586 1.0763428850109356 0.8501387532652339 1.0767145507586455 0.8321035248745295 1.0769744132422074 0.8043511099209596 1.0624867816076904 0.786273649784276 1.0018720205903984 0.7905092298065274 0.9729333854393595 0.7896498947466597 0.9411454563089584 0.7850276232659131
0 1.0768507824508762 0.7805875289894555 1.0724263051081633 0.7848587350130045 1.0635502587590346 0.7858391520000744 1.0772861679802845 0.8054098808722792 1.0763428850109356 0.8501387532652339 1.0737477258329085 0.852841391352866 1.0812744864198733 0.8656422941511233 1.107293234591179 0.8609426998710809 1.1414939266350883 0.8513491537822991 1.1665774105921627 0.8434732466482977 1.1828554412004793 0.8383737494203972 1.219695939295529 0.8134679652105693 1.2169466210531312 0.8053758209839174 1.2168359633254286 0.7888150365286356 1.2102032566889183 0.7712692529405024 1.1790834839077848 0.7561549233289812 1.1711285831728135 0.7599524545862035 1.1434781772378604 0.7712493969754494 1.1176429708675188 0.7806185728449716 1.080663577844618 0.7882451754319056
0 0.9368224724023851 0.8606083968840738 0.9346378981629544 0.8668841960096687 0.9175799079412222 0.8727585648054784 0.9268077737557598 0.8876017103059793 0.9326899035154484 0.8997971647372175 0.9344699926612394 0.9382125884043792 0.9577230129171825 0.9387488470987112 0.9966587915054366 0.9327864638301161 1.0355380956933937 0.9253872862262957 1.071156375426947 0.9174956090560501 1.0795653624371828 0.9115052366957931 1.0786476534323617 0.8881573287483916 1.077119408015015 0.8698946753745734 1.06468699214637 0.8559958246428717 1.0585049351757878 0.8567879936289523 1.0302321653011257 0.8591237962231425 0.988985890609219 0.8612855934706611 0.9595931691829159 0.8626190995138283
0 1.0769370117504962 0.8583814958926771 1.070640860442875 0.8631436741007246 1.0776582058907243 0.8698570257743756 1.0786335348322873 0.8877981301645854 1.079579481037257 0.9118644352795992 1.0713834185645792 0.9163991885045327 1.0654848791319256 0.9175317312743209 1.0662495746088216 0.9232412590150219 1.0750103810844662 0.9330744491423352 1.0784255646032408 0.9443617310230449 1.096688217977059 0.9416448502810955 1.119474178894109 0.9371711536022399 1.1381767999431174 0.9319022331734493 1.1600416152460105 0.9246114222244411 1.186769730030361 0.9173409634574591 1.2028207175010452 0.9133378867810759 1.211754383786916 0.9069506662368146 1.2220915191623565 0.9019061160272838 1.2182951334415795 0.8809204723838073 1.219785605204485 0.8707311384365423 1.2151516399335507 0.8559271699181662 1.2049015072314457 0.8494397158457018 1.1873928673437855 0.8369761320672976 1.1673856074057265 0.843416772248001 1.141763325572943 0.8513303289822002 1.1075485149289594 0.8605646764871758 1.0809768502818704 0.8649427217836095
0 1.0566370699829455 0.919230545429003 1.0634273722931624 0.9270403176541714 1.0697200869914476 0.9428089331233726 1.0717447744842807 0.9599563411455744 1.073430615575334 0.9684829831564281 1.0695449361083307 0.9727165395797793 1.0480059941435889 0.9814253200639134 1.0167393076794866 0.9969369940764113 0.9930310556118338 1.0054371743775306 0.9639348247870883 1.0143138506806273 0.9466356728276499 1.0209254414441482 0.9352632975010133 1.0271228866054931 0.9298199898800694 1.0192189903798303 0.923654342582452 1.0066831621648848 0.9347149631710114 0.9994269460522199 0.9345478310430121 0.9814293672617135 0.9345630951795316 0.9749449679531034 0.932906636825072 0.9602931252174459 0.9282432888175437 0.9516143574238738 0.9189295658661157 0.941459618312952 0.9341864751233105 0.9378722146206719 0.9566454171657641 0.9388241462991068 0.996389392567582 0.932805288630215 1.0358074946312483 0.9253684614261969
0 1.0768526723127807 0.9387086776826407 1.0696918497912993 0.9420905359557601 1.0745082113267526 0.9684076839560326 1.058980757595258 0.9788575103408279 1.0648628873549466 0.9910529647720662 1.0841268157975854 1.020682781372771 1.109962022167927 1.0113136055032486 1.1348619643240372 0.9987681167797673 1.154032790248384 0.9916655538317481 1.1646816803619013 0.9876797745735365 1.1875546439522877 0.9716740736126859 1.204386736572833 0.9600525274759774 1.215192076823612 0.9531743347472178 1.2138473732072295 0.9395812629628799 1.213537909542043 0.9248352962267278 1.2073440250442773 0.91158107084417 1.2033736339768288 0.9136594357646842 1.1865285682926547 0.9180781854251703 1.1608498120595743 0.9245549478241445 1.1387014792187524 0.9315053849894452 1.1200412139699667 0.9378519011696543 1.0964470562393527 0.9423820722488067 1.0790208368792467 0.9457608757580719
0 1.1930990728466415 0.9684051641401595 1.2107488987350434 0.9844607337566255 1.217652149845854 0.9951440946522433 1.2201591608140996 1.010817058739023 1.220921565218105 1.0302137822645563 1.2090786939432394 1.0519320657299625 1.164072661648551 1.0684038045475044 1.1172102195254743 1.0788821162409343 1.0874763606245001 1.0852820520575859 1.084147034242616 1.069306363787297 1.07533089890312 1.0511927814323425 1.0770636779401777 1.03342262762495 1.0746989985091187 1.0144980514838162 1.0852044115490038 1.0206074821723756 1.1099902593680753 1.012032002670861 1.1354007621997464 0.9987304671795695 1.1539904344481613 0.9905879580803297 1.165518114375614 0.9883416973408523
0 1.0872493174868678 1.0863784726091033 1.073734723721023 1.099929312647462 1.0627446961328346 1.1089815216791574 1.0644305372238878 1.117508163690011 1.0718019932100367 1.1263578820664002 1.081299257962429 1.1411822027668024 1.1039005315420694 1.138882522390883 1.1406246442271897 1.131633943187854 1.1749665222718408 1.1256323829371337 1.194547933134784 1.122102981027077 1.2112518128182164 1.1140922455285296 1.218230239075179 1.0991972077735137 1.218320678357851 1.0671344098142697 1.2082563785296014 1.0516293415464528 1.164072661648551 1.0684038045475044 1.1161326237740554 1.07895741544133
0 1.0551950538652188 0.9787618589584062 1.0649193617552433 0.9924897591072908 1.0719214430665729 1.0056875100895517 1.0746989985091187 1.0144980514838162 1.0765389986645424 1.033819475808954 1.045839347276298 1.0500118973888668 1.0014285872576156 1.067882780941435 0.9841153166981031 1.07413517312115 0.940980958368323 1.0901159397541933 0.9386704622646701 1.0863153537331165 0.9255439439195001 1.0685029681797444 0.926581474943587 1.053662877443098 0.9243156257130473 1.037252691388607 0.9226874045587361 1.023319245820562 0.9298199898800694 1.0192189903798303 0.9363267746523577 1.0266883888212912 0.9466639100277983 1.0216438386117603 0.9655370998141419 1.0138417032962277 0.9951721285145967 1.004927377392933 1.0162146284038516 0.9973338422604153
0 0.9392939717408244 1.0884328956357556 0.9475995464047593 1.10730252475852 0.9464456299707431 1.1397998205019657 0.9625508007688335 1.1509207339456395 0.9722632811316744 1.1506022397258855 0.9960703633998464 1.1446164495114102 1.006789846513735 1.1424266631722293 1.035660179737294 1.127802809528234 1.0496418328420316 1.1192619248630626 1.0613694642434133 1.1083572485120394 1.0753087615479284 1.09873876809545 1.0871928430865712 1.0849416782738783 1.0835941177668327 1.0689848148036887 1.0756285350411234 1.0518923537998561 1.075430874640085 1.0468635736265697 1.068654690929942 1.039412999985207 1.0458675844764462 1.0507302945564791 1.000861552181758 1.0672020333740206 0.9838459177602485 1.0741539979212489
