0 0.36738321083206354 0.404283279662486 0.40716920288760217 0.39622051206088105 0.4620709148146462 0.40208514182158855 0.49641844721020373 0.41916103205874483 0.5240450708805928 0.4413835845836478 0.5033156159876153 0.4629777514545846 0.4909537038189754 0.4869829518584022 0.46837507114333865 0.49473930318602116 0.40614481914065537 0.4751809765449891 0.37978701032445417 0.4646189065125113 0.35985311166368605 0.4436557511375458
0 0.5259468161257466 0.3698548762051734 0.5193612648198221 0.3989703810007386 0.523234895746632 0.41626310569288605 0.5424939766926832 0.4360746246849083 0.5961541421875386 0.4469417980703694 0.6366422203797933 0.45669369296888623 0.6546996728359029 0.44715600668335526 0.6605950114749659 0.40374311839671934 0.6631787564942246 0.39649938586953076 0.6407241400550806 0.3732305384594518 0.5924862384289351 0.359370371069547 0.5612203579886239 0.3589369684105703
0 0.6612630568428534 0.40342655679937117 0.6564548902452736 0.4452323126561746 0.6715773377049378 0.457930349449775 0.7193734598976615 0.46618111309172905 0.7698473411937082 0.47657397659553186 0.7889832356644351 0.46650296311525435 0.7910973130914094 0.4366080955839096 0.788402821092769 0.42424095696833747 0.7768580216705536 0.41085083934518 0.7327387364030797 0.39042414657291696 0.7003630311614595 0.38469790176333746 0.6789302058993683 0.38502243730709546
0 0.7750401431477073 0.4059389971044496 0.7832891250438623 0.3799590074332297 0.8177340284330392 0.3684189352280464 0.8633842652047268 0.3751115908404637 0.8949955250065441 0.39434241867376385 0.9123954486843746 0.4089040593480451 0.9114949658349822 0.4314018714484362 0.9016465773327806 0.449311316965054 0.8935896673891782 0.46048621954550367 0.8687908548914007 0.4626732985308974 0.8490429495957492 0.46724901559442306 0.8196182764339495 0.4624318214959123 0.8057713714166319 0.4601649066260249 0.7898693362804148 0.4356971782254819 0.7918733381080658 0.4266548177864275
0 0.867285365179183 0.4649296597572648 0.869872976642518 0.47526303178707185 0.8731579142578042 0.4857105649973768 0.8906034271255491 0.49611690131113617 0.9010818580082631 0.5091577792205719 0.905590206156705 0.521693171197076 0.9330366092044421 0.5195799992280347 0.9651012531252356 0.5172791067296281 0.9799225236214405 0.5215931085155369 0.9984197589529077 0.5090488820948087 0.9984930207693176 0.5005668070908958 1.0003157775000873 0.4961462884388834 1.0013185099866413 0.46988445640504123 0.987010964802677 0.4599918454035225 0.9640234736275273 0.4444311821438232 0.9334317706288766 0.4361645111763688 0.9203784425576546 0.4291825709988899 0.9159387986229771 0.42882843268847576 0.9129350636953758 0.4304046455713666 0.9030321534697208 0.449546692452877 0.8952088626309558 0.46147891607456987
0 0.9270788633841834 0.423198443348014 0.9582239919670789 0.4249431059518125 0.9896640068495907 0.43866206112838996 0.9910892815951329 0.4474672207205241 0.9813647307238669 0.455937763713448 0.9648620246557864 0.44391886041327444 0.9349825265991225 0.4375364536906306 0.9206538071460673 0.4292276516923252
0 0.9922583609889362 0.44691323792516496 1.012784871420644 0.43648423343728 1.0547706505118586 0.43888558473140343 1.0891961044912302 0.44750297438064696 1.1268921230114761 0.4570284851356638 1.1292306342736131 0.4771637931183473 1.1304338766620234 0.49748593111183986 1.1149364302896951 0.5109743854822952 1.0883808290051862 0.5170621589602183 1.0556608947875703 0.5202773125663801 1.0169603215206333 0.5277309912875378 1.0045542737586648 0.5167554511734432 1.0013220476911373 0.49721920667955405 1.002722567823144 0.46986957784910666 0.9863937947832468 0.4589972135960185
0 0.3794351395625085 0.47015895619496284 0.36787401007301024 0.47082182675911266 0.3544744621208869 0.47757266188841707 0.3525810729966059 0.4981332178232219 0.35218391461736487 0.5197905840851998 0.3681731880485545 0.5334823896209785 0.3971369628937636 0.5450389950332254 0.4240910240035376 0.5541369389862753 0.46292649462133967 0.5660318794189139 0.4805000324218256 0.5625199544786313 0.4848779776775638 0.54619951431739 0.4880357539806462 0.529253387803816 0.5000824783016768 0.5129106371154846 0.49061909617187005 0.49773162833559687 0.46740840074058215 0.4930798833261003 0.4064609042292561 0.4750093475320856
0 0.38239482917319967 0.5392849248017755 0.37105635207496157 0.5466025299642477 0.3545866014086424 0.5498692297891017 0.3511799125557217 0.5644483777639216 0.34753555937682346 0.5890798613042464 0.36174619750193643 0.6028736469268172 0.3828538730432705 0.6127509433742732 0.4086586726337103 0.6201863684651848 0.4415449814726282 0.6329093631764368 0.45853811423386603 0.63890220607742 0.4781889027878694 0.6384497473074622 0.48582896658387514 0.6227288850963625 0.48554925549530453 0.6070875335371264 0.48396752966461465 0.598113419370359 0.4938671398166335 0.5914776391867905 0.49163719304766584 0.5745996233448324 0.48297996464886844 0.5640084662898305 0.4642210680394907 0.5659830179015805 0.4243068762606221 0.5548616266839842 0.39735450035846775 0.5449448641204676
0 0.3684118177306703 0.6072071976012536 0.34837045669404487 0.6167040455216958 0.3428388712388868 0.6490209274044668 0.3467148915958098 0.6624333555547146 0.37536954168603426 0.677346786425705 0.40150099505042847 0.688439704705475 0.44655323221462867 0.7022042673527483 0.4667714661558367 0.7046623917078986 0.472458016816522 0.6949451240367862 0.4719054904037188 0.6697248491460748 0.4760627473567637 0.6627387205813735 0.4691831102462157 0.6403159792742974 0.4599794598415102 0.6396610826565575 0.4417597843721921 0.6328449272581219 0.40874351909351225 0.6201989483610655
0 0.3648242229137812 0.6739166667514201 0.3461301078764759 0.6895970839796486 0.3371419709707261 0.7004775564551582 0.3389533069305582 0.7259039145158593 0.3450597293256097 0.732440692528764 0.3597017567574792 0.7399489287567566 0.3956276247057201 0.7522193884216041 0.4528373331703326 0.7692520715233067 0.4681031877439439 0.773455003085053 0.47210030468772385 0.7647389409984823 0.46858878257547626 0.7577751229608714 0.4679203343795538 0.7338136576171889 0.4688034904183621 0.7207544381720599 0.47365627807012245 0.7062154523251851 0.46673282556146367 0.7050819948902415 0.44714399639377 0.702726912120086 0.4020531186351967 0.6893819526551557
0 0.35722277825779447 0.7391171592344342 0.3417804536076355 0.7472372823381258 0.3364639788233982 0.7668115063731159 0.3352843997957706 0.7937658619199036 0.3660390685439383 0.8024593718414693 0.435292064999098 0.8187621839914225 0.4547461670730217 0.8224697225837206 0.4631367802230383 0.8186168320746071 0.4678248168747919 0.8081472606219079 0.46465040853909695 0.7851534438802564 0.4709408018021284 0.7806953935601012 0.47268515791015264 0.7702665581611572 0.4690471076251637 0.7735908685852763 0.4535495233095908 0.7694857542183522
0 0.3521132887993268 0.80044087121545 0.336246646481139 0.8067284190372367 0.33031896126235116 0.8264028177362315 0.32957742312448 0.8450969655292263 0.35085751818290867 0.8587725430124196 0.3923300784739465 0.870266016578691 0.45685421983911223 0.886839963036424 0.4637744566301291 0.8691573469781995 0.4654305787498456 0.8490449659887646 0.45602663407829624 0.8234633324823447 0.36618473732678175 0.8030058737626096
0 0.34450944297188585 0.8574719551337231 0.33012319625716613 0.8689670763896992 0.32662421764319366 0.8835512174343073 0.32545936168735756 0.9089705658015882 0.3440294318197522 0.9180212449819655 0.3926021190110638 0.933290370255421 0.4519095612549965 0.9469196602275147 0.4626846404389467 0.9256868983346682 0.47054316898684256 0.9063286033027892 0.45738605728777726 0.8874496856909874 0.39259428613195835 0.8695252896137594 0.3924994550318236 0.8705550727226171
0 0.3429691790550635 0.9188929762572654 0.32685543974207054 0.9363771339661177 0.3235935388784349 0.9483868172385819 0.32349235781992886 0.9750256109149896 0.344978978588378 0.9822018232343996 0.387630330519273 0.9915363366392995 0.42508869110396863 0.9976687477813454 0.4507180696983967 1.0002966415239873 0.4470660837293868 0.9803605637421974 0.4549383008078479 0.9693669750480257 0.4651206856159561 0.9545703575855392 0.4584064802280484 0.9359622447435761 0.4520552300378399 0.9474661621486552 0.39277149556894086 0.9335794263993472
0 0.33986053269992106 0.9803185602243293 0.3271680515639725 0.9947042429195653 0.32407894939085524 1.0090941589203821 0.3268129292453786 1.0283572933141858 0.3379306779846357 1.0395851840300219 0.3726418644911541 1.0478811181769612 0.4242427969284058 1.0558061945345238 0.45213834983505474 1.0572371276477064 0.46131791667300986 1.0341751977911693 0.4546816788754858 1.018977100786417 0.4486452268725422 1.0164208943883601 0.44736451271381195 1.0005316026215338 0.38722045407841765 0.991730561683091
0 0.5370489467424053 0.43062772789588183 0.524589730587539 0.4403611136691336 0.5053978097837454 0.4638488238916308 0.5049875219875452 0.482001956658813 0.5075895325582735 0.5062544878720404 0.5522202959414584 0.5124398634244637 0.590524971722801 0.51198333098933 0.6099135223245281 0.5137559221848184 0.6213264322051867 0.5131015499612345 0.6390360636947653 0.5011442883682459 0.6425275987639387 0.4837759073991403 0.6374620056526682 0.4565972452572495 0.5966573049486793 0.44767449685776867 0.5420815031116383 0.4376184930111908
0 0.5107761711193953 0.5081777429280994 0.5006423745839335 0.5154887061357011 0.4879579579653573 0.5299505335047584 0.4853711606091873 0.5466260945505135 0.48795481743433927 0.55966312741564 0.4888996682785622 0.5676665570678607 0.4959414704027536 0.5688193898435727 0.5056322075090262 0.5754515091668221 0.5225608463193263 0.5765410691032674 0.5734739134240189 0.5784290033980558 0.6085193309890798 0.5791207628852119 0.6193216525264894 0.5691161223412045 0.6210328130535295 0.5551003317855105 0.6270969927005092 0.5440396846726707 0.626362659323535 0.5223354147461637 0.6102514555746172 0.5146521831862357 0.590448681318526 0.5128117782980585 0.5521694356719417 0.5129921616302825
0 0.5101123773027574 0.5770259070951288 0.49432128327644953 0.5909791317690191 0.4874721750920278 0.5968656539514217 0.4865459431024299 0.6160555694375527 0.48748004680835555 0.6333075468711638 0.49965612584081337 0.6403465483505468 0.5373032888675542 0.6493129922606795 0.5742782561432319 0.6587300138375979 0.608760539994494 0.6632539539191419 0.6171902523920976 0.6584671338162235 0.6220623562364526 0.6306729006292471 0.6270000033467855 0.6112987679149323 0.6350988588834818 0.5941240393595861 0.6284385087806657 0.5888289700402322 0.6183914846787275 0.5700850913674645 0.6095548901249904 0.5792902971169342 0.5731905111925616 0.5792235438604397
0 0.4898419088098643 0.6373382742114649 0.4763437278790208 0.660636872873625 0.47172933102231596 0.6719348679108762 0.47303781036043496 0.6965362562518558 0.49348027384364895 0.7096938800271676 0.5386851831879788 0.7187763739940634 0.5946234651636736 0.7231688740649203 0.6023337922898128 0.7216280295042264 0.6079834831733795 0.6945217219084467 0.6122051506523145 0.6646588176157262 0.5754954969715661 0.6592096040185741 0.5372778587327958 0.6495891413635889
0 0.4802225065910737 0.7691921293525049 0.4712333312287864 0.7800542297194314 0.46420254135194083 0.78563069595258 0.46861402734867613 0.8084975873191066 0.4635418880663209 0.8247662662087282 0.5120351565108059 0.8346674188200448 0.5591475910710609 0.8390165768589813 0.5866606924532913 0.839316137186465 0.591369468350799 0.8224273463983355 0.6009291189251158 0.8122192647762612 0.5991193783900604 0.7976270578327114 0.5897702452829923 0.7941342991804995 0.5847557775502871 0.7823811856230406 0.5232800072593076 0.7787640021646842
0 0.4773457608323619 0.8301095718921561 0.4647704062510496 0.8479530021888158 0.46356444277910985 0.8701805578069509 0.46351017686952645 0.8844676031334006 0.4787892625606004 0.8897721076383306 0.5240704623092053 0.898026154296498 0.5921918997065398 0.8979660083957275 0.6006504478789685 0.879168292069269 0.6025904796188338 0.8626671595873897 0.5965588064957946 0.8619600101463097 0.5865809964089496 0.8538793316158241 0.5851091891239831 0.8401833856736914 0.5595363845906667 0.8393605396545798 0.5117263241445905 0.8357381083853381
0 0.4793088775031133 0.8909784245890019 0.47139170365884075 0.9084632090936022 0.4681835708211244 0.9250370496003238 0.46981530041287145 0.9415623002642399 0.47425562218443174 0.9504182954072263 0.5431583173700933 0.9532891747672728 0.5961823507687776 0.9482345803108264 0.5990745748510964 0.9442230768204084 0.598794578259706 0.9312828701621618 0.6036197576927083 0.9222618816408755 0.6051820081603135 0.9121460853722585 0.6006399658497198 0.9043946866409099 0.5928895255923612 0.8972392816260326 0.5240196020396886 0.8985784525023167
0 0.4703385861044997 0.9450117168845314 0.46507375288237485 0.9542410408160382 0.4553143319791064 0.9689014149310086 0.4471281737907892 0.9801752917862226 0.4507584019991975 1.000111157891932 0.4485349680278749 1.0174068308361954 0.45454121101615585 1.018390129380185 0.5308889197330272 1.0157523561997717 0.5790694199531328 1.0085032519165107 0.5794723662511025 0.9858639198100879 0.5835999197982834 0.9775696580584966 0.5901071588744522 0.9525659284148055 0.5440921559669704 0.9545633054106331 0.47443730387685557 0.9507283513564802
0 0.47007459805481333 1.02093314285602 0.46197914815818364 1.0243731242907355 0.4622809041352172 1.0347940821764527 0.46001368628355993 1.041150405875524 0.46199436137274197 1.0653012165497182 0.5152184302094265 1.0717721763906267 0.5918605534051007 1.0750691617566903 0.5931936675508322 1.0514608606240075 0.5935711837140436 1.0290976776204945 0.5769985667903604 1.0241420302433168 0.5770019724304271 1.010407283122686 0.5311505625788412 1.0174770645099174
0 0.6767587217986353 0.4613487445988975 0.6512150181491925 0.4624928491464965 0.6435919936746743 0.4699345454073225 0.6436685491879979 0.48508394488884493 0.6392686056567057 0.5009020461116809 0.6459037907338122 0.5224511113241953 0.6613210393460237 0.5331041693234384 0.7283526516978645 0.5471615345173952 0.7595900952202573 0.5458283184094591 0.7759299050729516 0.535048361252951 0.7773353737647943 0.4923906663516689 0.7681314799680456 0.4827548137427598 0.7558754397821976 0.47430115990248495 0.7101545862444701 0.4662554486545381
0 0.6479822505038637 0.5272763791268804 0.6331976147295928 0.539432187465782 0.6290231367710591 0.5664996938830634 0.6285147991849408 0.5880005227315037 0.637119116885786 0.5950154060288498 0.6533357119228524 0.6038371408467601 0.715193199344256 0.6192899345517254 0.7469321691726339 0.6239253838366103 0.7612373031356114 0.6192595081226087 0.7664219100952971 0.5926376850399592 0.7591365537618194 0.5849977955119515 0.7567854388986079 0.57171852039026 0.7563893038807716 0.5668883582554213 0.7409319421373405 0.5475390506806067 0.7270845506000134 0.547234242542238 0.661063067249325 0.5336225606829129
0 0.6352805405759056 0.5944340953088402 0.6273125064621163 0.6124711780192593 0.6247401269933588 0.6221412909532442 0.6211576185234491 0.6313657205525974 0.617662677814209 0.6624688486423338 0.634787681313394 0.6728408632065138 0.6776889304239624 0.6818265309665299 0.7279371432758224 0.6886512422673442 0.749444001669772 0.6879675040508383 0.7535458599731458 0.6639715446119053 0.7503773100485518 0.6572859411136966 0.7528442982291605 0.6464773249217292 0.7467761827240171 0.6393170255746979 0.7474517841151469 0.6251317007872818 0.7157382444215271 0.6202201023994872 0.6532848516533358 0.604389439052579
0 0.6174338066013838 0.664954190568519 0.6078600032487029 0.6981455670926144 0.605425786701083 0.7131642335209127 0.6118357713144795 0.7394417403292325 0.6650344100164057 0.7461888492730505 0.7072742105142082 0.7463765469184618 0.7306885941240828 0.7409594727739965 0.7375230193120436 0.7261005519131132 0.7365632203623109 0.6931468767921606 0.7287655905845508 0.6887868696527221 0.6780268636740516 0.6827227919679473 0.634635100504844 0.6744977578239707
0 0.6070066560233135 0.7302417823906477 0.5991767848306617 0.7536274185953801 0.5881458571894757 0.7820952478558238 0.590831234553661 0.7940276843093125 0.6297719288130113 0.8026452710916928 0.6802199119938226 0.8050176898996114 0.7186517384489571 0.8031804119499303 0.7222851071883836 0.7934036841447581 0.7237710672517138 0.7841163351848697 0.7227750910289255 0.7606873569482168 0.7234978819404566 0.7437066342853615 0.7078192555914795 0.7473067147662236 0.6657357066513423 0.7477052221729757 0.6124316766612675 0.7398196099711752
0 0.47995980330906524 0.7035560338813555 0.47107968998404187 0.7177997371758846 0.46804956808963405 0.7324405339622402 0.46852960011902467 0.756906294917842 0.4733041843915588 0.7644154513926252 0.4807638809192297 0.7678791975306464 0.5239522030103705 0.7783134244978988 0.5849883195122275 0.7821389433664757 0.5884038292861745 0.7815768564963493 0.5983483375219334 0.7534917912100023 0.6069303656190385 0.7310702296993762 0.6022357424998946 0.7249757255854844 0.5946271359127888 0.7254119737345404 0.5389468260337928 0.720501082304209 0.4935856651317977 0.7108323832851499
0 0.6005603490892809 0.7977373695033219 0.6019137274602634 0.8123574174381439 0.5907051753497066 0.8233210858105188 0.5874081487047751 0.839579550268608 0.5872113920704529 0.8547457370445187 0.5975285452635866 0.8632340700141792 0.6042112583367616 0.8623283260786746 0.6183128487590572 0.8590375262794091 0.6316057059842679 0.8580140736532881 0.6816873399390494 0.8614135813516053 0.7155157469680162 0.8621522286081337 0.7195799848171887 0.8408199143390326 0.7172364509462718 0.830437301689575 0.7175525360268519 0.8204901025669554 0.7098067202672529 0.8036236575880862 0.6798977915105291 0.8059264259968586 0.6301116707725805 0.8025752975793011
0 0.6191631039489865 0.8595766817441325 0.6121538307306827 0.864028584281633 0.6105520769333354 0.878164839408857 0.6121336371322854 0.8968218221296386 0.6370087444036499 0.9100932248719523 0.7038882504581436 0.9330409881200245 0.7308888065716557 0.9362614498018336 0.740448845359747 0.9334270136585031 0.7414958571839982 0.9187999823473155 0.7466852915761857 0.9080507812270767 0.7434499805224956 0.8943225104750282 0.7293326775033773 0.8880117494933583 0.7262009822991224 0.8699009056136658 0.7282744340838777 0.85064242139467 0.7197408352562906 0.8488454046301919 0.7157749757242793 0.8625946255113376 0.6819102842347428 0.862249995877253 0.6312376238462952 0.8587537296174163
0 0.6082609183851608 0.899787429362517 0.603792313937446 0.9222534172181903 0.5987117329269681 0.9318205654710972 0.5994740848642847 0.9463438548443995 0.5980952753626306 0.9613165244972713 0.6223793562003288 0.9744911686780654 0.6634246464118198 0.9848104265864324 0.7038011037362306 0.9926204409178561 0.7251091022765022 0.9925092112498053 0.7312834546363496 0.9743220545838905 0.7329888242831322 0.9558032263290226 0.7238742958210778 0.9375128320790225 0.7037068281552944 0.9350110762322443 0.6363814335094139 0.9103904839328768 0.6103242733707177 0.8969255640675238
0 0.5933203043681843 0.9545354331069351 0.5844242392002487 0.9794762520115233 0.5788614851378142 0.9877645888355787 0.5789707167848737 1.009380195412873 0.5781829337168856 1.0244496236272644 0.5978371814024169 1.0292671059279463 0.657821126887241 1.0358875796618723 0.7051653354371116 1.0364391888179278 0.7025936197382272 1.0220196413825107 0.7049468721429928 0.9932079756633391 0.6630565642738471 0.9855500825505606 0.6231207580085484 0.9762123770101209 0.599168474848253 0.9626920944876426
0 0.6016425687606761 1.0302900542002675 0.5948719524348883 1.0451799320443513 0.5920885240355588 1.0819203294931625 0.6240765203746621 1.0863572565703319 0.6948130325794577 1.0967378518045905 0.7208802895173527 1.0938061527459404 0.724270456947171 1.0667640746395843 0.7220720609185336 1.0548053915003508 0.7143730046840528 1.0439459694196611 0.704423933628892 1.0347179804858724 0.6566027895593392 1.036088080161277
0 0.7898899873156716 0.4551724118202812 0.8021511670481039 0.4555798918416567 0.8057078007146483 0.46256148373139777 0.8200375729649114 0.4633076187180918 0.8475928710515198 0.46701885658386444 0.8616686520777941 0.4705231149276665 0.8691758109448771 0.4769515845999528 0.872960626439389 0.4879701112756534 0.8900745836196815 0.4975711677027888 0.9011746606138786 0.5105872116423722 0.9052912737857935 0.5212600999763887 0.9002473555012354 0.5532308900514776 0.8744393273196036 0.5566049860133312 0.8428399849822201 0.541432824568654 0.8041950849659629 0.5311065832839216 0.7878640515867343 0.5260332378267093 0.7787962826497983 0.5137498664748884 0.7777642268916699 0.49238313967775876 0.7778831770725781 0.474804467886424 0.7888377379591461 0.4665989228711571
0 0.7862776321208597 0.5269733942902423 0.7774069980835956 0.5223214956071368 0.7759140976679577 0.5352756978670288 0.7583183457010587 0.547193489455668 0.7560892810094755 0.5616270036438166 0.757577322158189 0.5682699405682391 0.7593765891205582 0.5845628175543566 0.7664068124679588 0.5929129960581031 0.7706270414893089 0.5992033112644756 0.8406741489432776 0.61707024132517 0.874398940122809 0.6221914617093421 0.8864008910989781 0.6221565448275139 0.8894334514553721 0.6022551632059093 0.8923934428906265 0.5831418168291927 0.8849846623407046 0.569130253768951 0.8725573946368961 0.5574967631961044 0.844022037849552 0.5416263416916933 0.8047135424784893 0.5319913770903292
0 0.7692220443262836 0.5981733796157886 0.7615390789539757 0.6197131777606604 0.7500608230226071 0.623833408709208 0.7485316381463993 0.637181628591544 0.7540842954096351 0.6452899106914914 0.7513367732055256 0.6588386310732325 0.753929060768157 0.6632626001052704 0.7635826186064849 0.6724422097582989 0.8203263937706944 0.6849315519244907 0.8639119744874244 0.6904672357064044 0.8789311514885145 0.6837270358666626 0.881341638482947 0.6673234335662941 0.8814501135993067 0.6433437212543358 0.8727762361963647 0.6235256357953194 0.8410059466206805 0.6167246029834856
0 0.7634737652247754 0.6736242626256309 0.7565939172519283 0.6668985338924203 0.7528715738793574 0.6714885908958345 0.7489109518796202 0.6884383320372919 0.7388739775718468 0.6931944770120824 0.7385324613605952 0.7327343937223957 0.7502441366522055 0.7358516178201194 0.7537592483259059 0.7400267070719927 0.8162629124522218 0.7518591850828445 0.851460032183644 0.7540217816105041 0.8688433149193981 0.7476686160168406 0.8717202623689644 0.7229422643643885 0.8722851011412591 0.7070364216243493 0.8614390153710507 0.691262254327658 0.8196990828764587 0.6852288109854153
0 0.7346182206206266 0.7328934983174064 0.7295376396101486 0.7424606465703132 0.7231766274151777 0.7594173710881362 0.72491903805323 0.786099844100077 0.7424373618320649 0.7945672269406403 0.787583552618648 0.8059578124020884 0.8207951238179273 0.8133947592401648 0.8527053137036167 0.8154192013019107 0.8575782847498741 0.7918195398596651 0.8579564636870456 0.7746832649715341 0.8498373282571996 0.7553559556964812 0.8168176544253178 0.7523499612668082 0.7547961633509586 0.7417962946848077 0.7492124591594271 0.7372825504676159
0 0.7259922375388523 0.7874754140904482 0.7229387270533614 0.7945747146708059 0.7184491724765494 0.8042386214852321 0.7157947910573268 0.8070037282187058 0.7183665067562113 0.8214232756541229 0.7205806153816714 0.8429835195742917 0.7379485637859526 0.8498264526443192 0.7784028275637777 0.8600489519911666 0.8406835473944001 0.8710450154763708 0.8462201137954632 0.8467540773507567 0.8461213572129525 0.8315395112940859 0.8403352805894748 0.8161937741478672 0.8206137015150781 0.8153648473523848 0.7876976435326317 0.807976279795068 0.7423285084503554 0.7957492798079723
0 0.732888554639222 0.8493980224938467 0.7257188092471659 0.8686220941848143 0.7304784459101392 0.8885992842388415 0.7434136960619258 0.8947165280974722 0.7490856817714194 0.9080437978507113 0.7631977472582636 0.9111540385720692 0.806954653478644 0.9311162531657655 0.8164473608778698 0.9322703725276348 0.8530599528368659 0.9418639412246049 0.8582751966250746 0.9243196819612987 0.8535675570194938 0.9135500350657626 0.849844835381573 0.8953424326245507 0.8419381691828718 0.870450497354522 0.7785894873989011 0.8612793841392583
0 0.7622749231471948 0.9114029183522337 0.7479761978252273 0.9070622454827841 0.7431185611104426 0.9174658082613386 0.7407806430371499 0.933081375316819 0.7309250910322256 0.9358674321793896 0.7266842901471284 0.9395726953763962 0.7341708771504643 0.9559967434520619 0.7382564433940835 0.9702641696688339 0.7858497839010187 0.9876547946520957 0.8454140284558272 1.008605040636285 0.8514847649662394 0.9948004570980139 0.85334574751985 0.9811065988739937 0.8502608118407136 0.9690027778924807 0.842716990247711 0.9401706663980121 0.8171524782255195 0.9343855984821342 0.8063273425844082 0.9314135122266899
0 0.7400658071556512 0.9701604277309488 0.7319470499911552 0.9736307779005221 0.7250365333553624 0.9932972464946935 0.707310977877657 0.9935950099094176 0.7031846461718932 1.0221163999440301 0.7067517549029863 1.0354990323543947 0.7169600547144102 1.045169418191387 0.7378741617206874 1.0525929026305318 0.7655072662607098 1.0587166255117284 0.829773534623475 1.0644383386865155 0.8327024791304339 1.0489195301925547 0.8346928869295009 1.0240480406978234 0.8275691445318637 1.0036838163977178 0.7860727281967119 0.9884912091777435
0 0.8364405350998275 1.0539310339700758 0.8437868435278083 1.052334013351203 0.8486138115796471 1.0683226479000305 0.8521031138573262 1.0792927952949711 0.8516213190707195 1.100811643310746 0.8474792747681332 1.1197314725644232 0.8095084451712303 1.1151149951169457 0.7580476234494449 1.103890497626874 0.7246804393433376 1.0916285807579502 0.7224820433147 1.0796698976187167 0.7245659701640039 1.066812453920344 0.7251670933968686 1.0505125935578608 0.7375060795827149 1.05333255859466 0.7652117530438767 1.0586682462309687 0.8303645610571411 1.064535097248035
0 0.9046276784309879 0.5219513766597569 0.9002110710406654 0.5536249076739216 0.87720779965281 0.5558583466728374 0.8826205566060408 0.5687432195228727 0.8927978094891691 0.5820081432426206 0.8901748532635918 0.6039763715379648 0.9020731883903256 0.6083240277837803 0.9577175764075414 0.6034351986580422 1.0016035296080286 0.589422122536401 1.011438131483856 0.5738339846325834 1.010193228229233 0.5352342243858031 0.9926696669181239 0.5235663212849281 0.9798537452125955 0.5226680650795891 0.966327468627143 0.5164540626594388 0.9325042991304505 0.5189159356632219
0 1.005978236740157 0.5321444294397423 1.0160152110479306 0.5273882844649517 1.0563654807109706 0.5191956974948165 1.089525054852857 0.5174251011744017 1.10980137590035 0.5187448041538477 1.1266923887849494 0.5275094460553353 1.131000899324262 0.5426132867977552 1.1299696000968333 0.566841878889878 1.1176983235652025 0.5828310177925053 1.0745848191012302 0.5949707643634462 1.0214238652649366 0.6054656153885541 1.0071303774752431 0.604325462779416 1.0016813360614427 0.5918346075518247 1.0109611959641738 0.5757556934640435 1.0108931080446084 0.5341489300799908
0 0.8899571465001728 0.6063404772726287 0.8867326887763809 0.6218109064858298 0.8737716292285732 0.6224887207702666 0.8816367734344301 0.6445741534024276 0.8815645827786404 0.6681598480919418 0.8813883980080653 0.6733304564644736 0.9171713066408793 0.6723892912933409 0.9604819460045233 0.6678810173911156 0.9821165046899232 0.6642236291210688 0.9968349309419062 0.6542345297402554 1.0031959431368773 0.6372778052224323 1.0032527994611942 0.6268882091966089 0.9980214648108127 0.6120332482343538 0.9828930561626631 0.5971578414968012 0.9579768051638047 0.6038775955612459 0.9014821619566595 0.6082272692222607
0 1.0060208935290509 0.6033439104114888 0.9987213446261884 0.6109479539285413 1.0031802305400546 0.627676244441497 1.0043779960042092 0.6374713223454714 0.9962439045082403 0.6541377711787358 0.9887939802308242 0.6601173649252524 0.9871765138366541 0.6646520592715413 0.991889390974509 0.678622226427389 1.0038760076192053 0.6917834082092517 1.011631920178003 0.6922532342641183 1.0283153230983815 0.6869853629762671 1.0489077292264546 0.6783578668330937 1.0620812580054073 0.672115426553681 1.0812013355815897 0.6664465542670203 1.0937112690057367 0.660895390670976 1.1090570061519553 0.6506090322292382 1.1193012121585992 0.6370877409991601 1.1087139768793044 0.5989583111610463 1.0991849850195088 0.5981982094216209 1.0902002600682608 0.5915278433455357 1.0751032766137567 0.5958555581698537 1.0213512963437967 0.606253650633442
0 0.9738473721508736 0.6660695295201063 0.9923300420336216 0.6770945352183727 1.0046899783485648 0.6927165812964189 1.00862516921763 0.7053595577426554 1.0066399989508374 0.7334315674976987 0.9907705667598179 0.7396326118727171 0.9662897292877975 0.7416241544678338 0.9339026038824259 0.7415214212375482 0.8917272578609955 0.7402161893646334 0.8780558434332638 0.7355782574342591 0.873270397374269 0.7223961255232995 0.872912412035495 0.7067391625634251 0.8644304319999507 0.6913520295128119 0.8793407556193313 0.685793882540402 0.8823527441119783 0.6758880793221768 0.9167306555817669 0.6739169825023573 0.9609278345959098 0.6695538464424109
0 1.0894341836600696 0.6649946714904267 1.1013014718585077 0.6729368656189978 1.1123963113204307 0.6827523892982694 1.1166737749314475 0.7014507679234451 1.1132626573725324 0.7156907649885543 1.109374604293935 0.7318524708851237 1.0555036738430668 0.7598292351400469 1.0106743246677636 0.7840867694452319 0.9950843148314047 0.7579369728754487 0.9900706869444422 0.7407179061785295 1.0078583362787392 0.7332310669982939 1.0097294156315484 0.7031405898502707 1.0076451105168946 0.6932003741040168 1.0141826857477905 0.6938707006582884 1.0620449735448374 0.672509444176125
0 1.0811818985138921 0.7448351110042782 1.1064613723837988 0.75697284016002 1.1092197479178068 0.7726228197435288 1.1112524342404178 0.7961531517759176 1.0971250344221009 0.8062390097182508 1.050548415341821 0.8234112101958097 0.9874593405794632 0.837480153328376 0.9791224983861982 0.820516949787987 0.9694064684259291 0.7957287564558436 0.9847574431044223 0.7886429182744173 0.9908801766722273 0.7840458778946376 0.9905427631972002 0.7583933365313839 0.9949754614496952 0.7591190257427808 1.0116697176999723 0.7830498544201793 1.0558354715204699 0.7594835967983627
0 0.9750410348788036 0.7410570654976478 0.9860943523478826 0.7480660865390517 0.9903198189015068 0.7575569220057359 0.9908801766722273 0.7840458778946376 0.984238985591896 0.78775812446801 0.9605825939137835 0.7970838806709176 0.9149856552688894 0.8036176053424885 0.8744382507061776 0.8041787196439084 0.8593513640508721 0.7921098155442238 0.8580653170687551 0.7735012121042022 0.8578214226439647 0.7598627165373074 0.8678479218871897 0.7487055310418933 0.8707768663941484 0.7331867225479324 0.8784602100318063 0.734444583847687 0.8915043135653022 0.7393797748389855 0.9339026038824259 0.7415214212375482
0 0.8572464870724714 0.7921651782013491 0.8540687888737979 0.8136426303127298 0.8418906531270538 0.8188481555670899 0.8456807061538401 0.8330672025031021 0.8451521518421152 0.8485790276206974 0.8533438561931007 0.8671183016508622 0.923618767209687 0.8662245070528899 0.9791748737089405 0.8525221523911046 0.9816785014882599 0.8253349364424688 0.9753066359633905 0.8130929609950422 0.9648649167917248 0.7961851201117787 0.9128807782904886 0.8036729679996141 0.8741064530287748 0.8045243579855926
0 0.9820465836262324 0.8245952804783406 0.9788793604921076 0.8524737731103448 0.9616412155986327 0.8572508682142322 0.9634767670215718 0.8731497275779058 0.9744990375623549 0.8837532865020655 0.9752976739602415 0.8978825582529238 1.0307501646100596 0.8885627767187824 1.0629401551157591 0.8810340372803527 1.0906559253761197 0.8699731059926584 1.1000240667968135 0.8627077174409244 1.0979550960136326 0.8395714030309795 1.0931644124223636 0.8231887508597081 1.0795603293834972 0.8145622634241342 1.0513261016106104 0.8247384009054208 0.9880140825525592 0.8379709295123395
0 0.8502331111179429 0.861809538812417 0.8433794508064669 0.8710864113807649 0.8498085509210032 0.8957364502469947 0.8544903811305625 0.913301155285598 0.8618161176947963 0.9216997130701042 0.8923628324103043 0.925500726121031 0.921696447330185 0.9327027599316743 0.9368349527775333 0.9311815477452239 0.9753810962112794 0.9262932229732855 0.9752251050391018 0.8986705934978119 0.975090063996021 0.8838500450635851 0.9622947141542397 0.8729562104548667 0.958613514509163 0.8575551106515223 0.9232144006111446 0.867358180639462 0.8536030849493639 0.8675606985540663
0 0.9754117648742252 0.8999010256459036 0.975826984802666 0.9279660520245813 0.9598019397048188 0.929342126368752 0.9673195736364502 0.942171636561662 0.9752830961594683 0.9566739758058674 1.011615509233104 0.9530230665583866 1.0437018838893684 0.9498769002476006 1.070391214189225 0.9434474218677149 1.0970027380356675 0.934605458472405 1.095960207212991 0.906837691154652 1.0906978256343138 0.8955772680751523 1.075268666237057 0.8774529617965285 1.0630490084974689 0.8798519844130205 1.0306413112283501 0.8897448295861142
0 0.8566420176340817 0.9192528155266522 0.8583892875390584 0.9263381493542783 0.8531325217580055 0.9410759059797168 0.8441582718713061 0.9408065804242551 0.850188242919574 0.9697908131373687 0.8532731785987103 0.9818946341188818 0.8897353951831526 0.9898637530453159 0.9514041384510122 0.9879609769277534 0.9722972953281925 0.9825823803256514 0.9749460609497911 0.9538190938872398 0.9604655350596245 0.9286508496853836 0.9367623838563935 0.9319695829901118 0.9213646496527823 0.9330483982733583 0.8926583456271375 0.9255491054017907 0.8612613757217 0.9212089368861408
0 0.9754697559945917 0.9579044079539593 0.9728520373012887 0.9830731565096151 0.9526950447000537 0.9869724411834607 0.9563710068128563 0.9991730207264933 0.9620119455940543 1.016094828362488 0.963681409045617 1.0207676771746905 1.0198390170430849 1.0135631215950485 1.0651714893994417 1.0033864797599619 1.0846181271207525 0.9941714488713052 1.0893564353892793 0.9785488984394591 1.0878422065791944 0.9559033602134778 1.076519185289304 0.9420509017482467 1.0434789395936752 0.949040485721953 1.011911022449937 0.9530714458391464
0 0.9637539779667568 1.0199796419298026 0.9589793852376602 1.0359962099840925 0.9466871585769324 1.0391832678454729 0.9524683759334855 1.0741261441760062 0.9580210331967214 1.0822344262759538 0.9921397159102466 1.0798209325529304 1.0375862791805872 1.0716627581108236 1.0833283556677606 1.0635529629494767 1.0839500507643725 1.0372575241836142 1.0806784552501123 1.0239232710540096 1.0657262313725377 1.0038772559439255 1.020170814720488 1.0132174832533642
0 0.956108431851068 1.109518400786109 0.9728954506208821 1.0998679563706142 0.9919167716145535 1.0789845180272828 1.0378817923974202 1.0717111373915833 1.066567146293968 1.066408349221904 1.0698645512042493 1.0729475442084413 1.0729236774873643 1.0918464233330216 1.0694089440790138 1.1104689935257748 1.0620731107155814 1.1184670546652713 1.025196430733398 1.128028228249412 0.9939240268064928 1.1321075676473653 0.9549215197168117 1.1289220228473844 0.943043756453825 1.11457878819819
0 0.9910665164246244 1.0784453625625592 0.9721955708055064 1.1009532506764268 0.9418979880470628 1.1139912534527066 0.9230786612199877 1.1229090252804388 0.8954455566799655 1.1167853023992425 0.8683256721201953 1.1083458530641417 0.8525441431817885 1.1005627635305812 0.8524349115347292 1.078947156953287 0.8479502162248416 1.069013924583399 0.8508428762712305 1.0538891337118819 0.8839246439597033 1.0497060523760433 0.9146423059135123 1.0451359367941266 0.9457643344658637 1.0394321476256376 0.9524320914729157 1.0745201617984501 0.9579847487361515 1.082628443898398
0 0.8532006096775706 0.9826826693637697 0.8523350201561686 0.9953396125627373 0.8453414595346875 1.009393075881173 0.8348481215709791 1.0060753512840446 0.8316184263149131 1.018345260236934 0.8348017403112106 1.0228659878304913 0.8326299102092942 1.0497075654374428 0.8359946465084409 1.05225820491878 0.8440823567446414 1.0523823926319629 0.8521337825202719 1.0529005979675892 0.8845519548539391 1.049408793315119 0.9150103880514848 1.0443962808299985 0.9464279298206694 1.0387408709422692 0.9584246432645642 1.035505433800129 0.9646768020778255 1.0197307621496379 0.95321350221258 0.9878572349898684 0.8903264216168186 0.9899605116068355
