0 0.4036370595837895 0.5622311814533362 0.399776532646931 0.5265940799032924 0.4523625067512552 0.48171596656011956 0.49734577194005314 0.4674064821566393 0.5008064635990908 0.4861320074023636 0.5147603891555086 0.49310777250758536 0.5170208451514674 0.5050846411805716 0.5210913950836241 0.54300240943935 0.4769583272324078 0.5602594392343435 0.43860703917451543 0.5711681342874978
0 0.5030171226427259 0.48499841095225493 0.49592540792528794 0.46455228031859175 0.5025877011253573 0.44262612663799056 0.5326968357550566 0.4176331095015302 0.5637160700310486 0.40252298143625326 0.6345668586884098 0.38629370383554 0.6488809279267129 0.3908954586785611 0.6459398761629191 0.40295219709649605 0.6231028930064089 0.42521130356540926 0.6259934179882628 0.44403017236459946 0.6126291399921883 0.4685968931592819 0.5384872612455361 0.49308179799670576 0.5384872612455361 0.49308179799670576
0 0.651231602300547 0.39128230670094216 0.6662962749717846 0.37261067668928693 0.688322752386649 0.36668961139538014 0.7071483580900979 0.35743415268757867 0.7234630633767378 0.3586216443717565 0.7429086327096939 0.36238330723358403 0.7508007478123898 0.3726665181356658 0.7537013781506317 0.38531026549143105 0.7435480772223608 0.40703625825658313 0.7372459277041767 0.4265884016749837 0.7195505499987072 0.44183229471927815 0.65317087638094 0.4689048445428692 0.6367760580728126 0.47313225206587156 0.6275934889291626 0.46769040524165684 0.6226323202338724 0.4515255773650651 0.6261334333184617 0.44555061683708924 0.6227427493245236 0.42758531382760984 0.6441593684662688 0.40247200552064905
0 0.8531608244014395 0.34664866812338985 0.8191810574784939 0.3421797051532316 0.7923832236508617 0.34656685216613137 0.753931611858706 0.3752406893133156 0.7549817268351979 0.3866440228569889 0.7425477591981925 0.40874338983600467 0.7440879278303807 0.4254682790333922 0.7527501272491707 0.44411393453416775 0.7781174917056497 0.44304770712664543 0.8146983774232797 0.4254836990542193 0.8448573090053022 0.4136011470408539 0.868814414803404 0.40350559635185884 0.8664341541900222 0.3776580403195327
0 0.9044058176828697 0.33748752607520927 0.9321541725823468 0.31828278235979285 0.9707154836355374 0.3096547540153734 1.014458091735705 0.31329709881285533 1.017048375344385 0.3414253215539162 0.9978727313154389 0.34687966908049317 0.9772767232717274 0.34947981476902257 0.9650830946991842 0.3553344841264979 0.9434268663225929 0.3527064177147791 0.9216804195681262 0.36166837195366547
0 0.9367248815265878 0.35534698482886035 0.942356540633325 0.353653327057956 0.9667935947307351 0.35505445346610004 0.9772565125589514 0.36183005765587267 0.9864188709898257 0.3796221473669374 0.984387918872325 0.4015617748560558 0.969523163839998 0.4286891930198707 0.9390141939324781 0.4367706338520117 0.9050142162967567 0.4446519137687035 0.8921804133819302 0.44983970444339993 0.8869291086698543 0.43680910906525366 0.8788868728805713 0.43118057513410707 0.8666535527120924 0.4177496579250625 0.8655334300705011 0.40558610214514434 0.8718853765410088 0.3991444238498387 0.883829290522318 0.3717235012171087 0.8909715320216958 0.3612940246336467 0.9149885401285092 0.3581338176243216 0.9198197988499883 0.36660307958499855
0 1.04798282555045 0.3200381003205481 1.05940313532787 0.3226407059977387 1.0989880150191262 0.3154147805739609 1.1065532205587705 0.3186485159592451 1.1142243856119143 0.34124468030174543 1.1072384868668403 0.3625135128573785 1.0813151721336511 0.3906095217989807 1.051749377138747 0.41557497121630504 1.0278456377036034 0.4291782060237808 1.010985657198085 0.4282115197843957 0.9976524365851802 0.416977570051744 0.9874207279127676 0.40299973529056876 0.9868414211181975 0.3784971673496515 0.9775759287191292 0.36287039867653476 0.9686387806652234 0.35687976378859093 0.9791123958805028 0.3492020914983791 0.9974893218361907 0.34842968243895234 1.0195958708049506 0.3395929265935598
0 0.5294773194733206 0.49114966199367655 0.516946661795322 0.5112669831645698 0.5216007113856929 0.552751451317559 0.5371716826449898 0.5565948314980783 0.5979718073022479 0.5377470980405873 0.643906970204178 0.5227226323782671 0.6394327997685096 0.4967731771777916 0.6325338599534371 0.47844704474329197 0.6134071008244291 0.46768149844600365 0.5389416603577935 0.4943251545420291
0 0.4235447345528731 0.5676927174826176 0.40487495259276496 0.5913165228658418 0.4113808516040616 0.6302743251667439 0.4309617368479831 0.6301259895679981 0.48228296205648036 0.6169991249636992 0.5205406456802921 0.6046212445899345 0.5274328319379442 0.5957106751072513 0.5249183858435507 0.5797240500879925 0.5304450798401142 0.5740943340258423 0.5304848530295437 0.5654717814805725 0.52311385175656 0.55333754138506 0.5131920079784635 0.5474575797741501 0.47685817800993086 0.5603543112150375 0.4388851345448223 0.571295908307051
0 0.5451265227996677 0.5569601436285437 0.5370058363298515 0.5638483397619749 0.5312412917837964 0.5736860471688117 0.5246625999510611 0.5792100518756322 0.5279444037229232 0.5967386715319718 0.5343822010033001 0.6145844252543002 0.5498991033712417 0.6201042780726562 0.5880270742282727 0.6085814437679046 0.6402851430704486 0.5875189751864035 0.6518573821306987 0.5728393587860515 0.6513208585829396 0.5556951121960788 0.639315757890466 0.5305998845391501 0.5992795358901684 0.5391829766508327
0 0.6638590038905011 0.527258059692708 0.6557510757591225 0.5218232569077691 0.6510090127263461 0.5198947234858948 0.6459820333307499 0.5203795953972934 0.6421823121663677 0.5149157016092789 0.6395573575193805 0.4974256791035841 0.6418585066742455 0.48386271239339723 0.6499974280378448 0.47035835405030557 0.6719593558955061 0.4610150586101592 0.7201607451163126 0.4419662896645186 0.7289700550285874 0.4384954411382778 0.7426045931489704 0.44336357611445104 0.7521807395990615 0.4482199041450164 0.7603936511580787 0.46580943296649013 0.7667658352556288 0.48268598624193176 0.7640659311010991 0.4919188211425796 0.7526794108803454 0.5059548528185572 0.7051749758358322 0.5188035648998797
0 0.6634513936816308 0.5283391167768918 0.6522969783391694 0.5531566282916317 0.6506399718760698 0.5737144233095358 0.6568062969522372 0.5828481782553488 0.6665753393806102 0.5842918397658247 0.6974559881827879 0.580926827389111 0.7365236224577812 0.5728404141344347 0.764822953117585 0.5634739311640166 0.7775461426017947 0.5529382653782996 0.7761440185814186 0.5322050716200535 0.7699954039236631 0.5122489388867945 0.7548050547046324 0.5042544230313165 0.70598576864897 0.5193470451783736
0 0.8437675555127656 0.4153369509535314 0.814984635381951 0.42452133787227014 0.7777183927670968 0.44478444076610996 0.7671771565116645 0.4517278074872216 0.7653506834784753 0.47438810426832045 0.7710315558003793 0.49358322492593154 0.7875436702495311 0.4968429892594877 0.8296019508086998 0.4921936405646285 0.8736602849547102 0.48498072961498667 0.8913610005088691 0.4768652648645584 0.8938832056547912 0.44961881189511743 0.8855741686734654 0.4383077152497313 0.8787723162867072 0.43122212924520514 0.8691589578312724 0.4178884386662595
0 1.0070531710645545 0.43407294986306105 0.9772078360024976 0.41957923579685313 0.9686568924783052 0.4299236462028541 0.9380189216965567 0.43717560057490396 0.9057287633843325 0.4446980391075652 0.8948494219281358 0.447969877983176 0.8913610005088691 0.4768652648645584 0.8879116225120107 0.4819022279872531 0.894085363826189 0.4943082757492215 0.9024620218476676 0.5063536779637077 0.907882170864562 0.5166469704052462 0.9481627826685514 0.5048348887931263 0.969853844540792 0.4975569054728046 1.013670977092997 0.4695129544277464 1.0127438042420605 0.4473034645810001
0 1.0796629846031758 0.39088000595959227 1.051749377138747 0.41557497121630504 1.0277103956232976 0.4277095948855805 1.0118068705355219 0.43105858067392583 1.0132269123787327 0.4464789976250294 1.0147048144064943 0.4685983260849052 1.0062214919224548 0.47967704206000633 1.0121247490760212 0.489145867545574 1.0203564041615922 0.5056872645615319 1.0499702984854453 0.49338533259265155 1.08634770672271 0.46954086324018135 1.116116364838073 0.4467783305301573 1.1220781871252516 0.4204595203776936 1.1089094911594586 0.39280036396422663
0 0.9930716127188044 0.482575220913999 1.007863918597328 0.4853711638390667 1.019254945807942 0.5058675873352729 1.0246653339692344 0.5221254857164833 1.0063169856312912 0.5474906241036978 0.9752537668974215 0.5622659569404903 0.9278715359792563 0.581949048090699 0.9093593679432626 0.5812528460119255 0.9030796671155845 0.5494843692927409 0.9162107295570918 0.5160288551712886 0.9487811328855293 0.505479032975356 0.9699214655809449 0.4982912110419048
0 1.092685972684 0.4655217043213344 1.1173816428897738 0.47265934822240435 1.1264345113127816 0.4920478061278925 1.131361791337402 0.5091301714650736 1.106617316853618 0.531815557262363 1.0674186416920748 0.5553765279800856 1.0173503859299369 0.5762447316337471 1.0032830947309521 0.5509688147013218 1.007833931081461 0.5457515288048859 1.0248681970896931 0.5243284024237839 1.0203564041615922 0.5056872645615319 1.052105594152593 0.4922903814760693
0 0.7739106829092088 0.5005656350694511 0.7789146398805228 0.5549042471828639 0.7929435926061605 0.5615520407271735 0.8772630168449563 0.5544562600447557 0.8927510548362129 0.5526660467814811 0.906045936975771 0.545271873126017 0.9052637670607421 0.5185663884777991 0.9025972639279733 0.5078222891019081 0.8950515800995333 0.49265934183728 0.873727905994863 0.48571503518408693 0.8291864637121804 0.49375241308969936
0 0.6647589364862111 0.5840282550062055 0.6517150167960607 0.6062888628174142 0.6566032533982729 0.6472296519132829 0.6753182845547253 0.6501287706993572 0.7402464672355397 0.6327908155398635 0.7657926333455564 0.6248817025114479 0.7784789261237383 0.6108787787340823 0.771039906757859 0.5725917132798666 0.7588660046831555 0.5678763522822461 0.7357353792564999 0.5716631305308081 0.6963533626857021 0.5810919726618863
0 0.42421576743833317 0.6308619981464959 0.41008015025013445 0.6473383227917738 0.41723892459980005 0.6886527719092607 0.4327945836312095 0.6875968642150863 0.4740992718930942 0.6808347601997972 0.5245634930405475 0.6703369959004086 0.5346313820149096 0.6582534901955958 0.5306800791192359 0.6335575850068014 0.5345449442126138 0.6269618493590359 0.5203326500777213 0.6061819272280821 0.4827380631177047 0.6168088963367491
0 0.7740061766180455 0.5683792171131427 0.780575883317539 0.5911557042293839 0.7872808320973383 0.6154008024838258 0.8126722344158452 0.6179522901965538 0.8642281530613468 0.613238809063096 0.908431490143265 0.6015299033119827 0.9099777181602405 0.5818969901941551 0.9057461702483534 0.560228468668632 0.893369405053191 0.5533101909637109 0.8778813670619343 0.5551004042269853 0.7950788882733082 0.5604570896105913
0 1.017215143849631 0.5747761204955468 1.068587721085878 0.5559305107754448 1.1082018833439404 0.5308107675326511 1.126153561347507 0.5375617369379672 1.1335542422400393 0.5572206790040669 1.1327616065203476 0.5789663474423244 1.0968575455641532 0.6079509557784959 1.0359001874902165 0.6380556042474401 1.0272913837814732 0.641701103144669 1.0123931183894497 0.6195427312623853 1.0187313843507395 0.6155235723435383
0 0.991369915961258 0.5551552819197737 1.011021880824249 0.5742992846129221 1.019185914869667 0.5901063760597799 1.0194173556078705 0.6169020220948682 0.9711365294565139 0.6389683527261184 0.9092227159648345 0.6647573291673321 0.904556159245224 0.6565767920462237 0.9018415567835063 0.6331691752218886 0.9010398651572735 0.6183929024530147 0.8978226328476797 0.6077389644639942 0.9096005695370681 0.602083886107342 0.9112144185941966 0.5831852785586144 0.9273884278425841 0.5827735150466697
0 0.7758117180419085 0.6426212265049945 0.7805842342750189 0.6701641925833192 0.8354347671258691 0.6708743490683102 0.9050392673818963 0.6557523250902529 0.8993876776267983 0.6186633866136262 0.8927984492161007 0.6078161113767288 0.8648465032783248 0.6138829532453257 0.8128750975363039 0.6201552069038542 0.7858991287274746 0.618608508920838
0 1.0247406010178062 0.644354826786322 1.023001270735974 0.6558202172571773 1.022894606273413 0.6789443354467647 1.0348942228454028 0.7060495090648727 1.0748464903042299 0.6846012936675802 1.1147311367229036 0.6624187727011872 1.1423742600267213 0.6347865851680736 1.130587267430792 0.6039197223175944 1.1131863186040505 0.5970785915254078 1.0991280833116066 0.608324615800114
0 1.1183157568000681 0.6588504207166929 1.134267381216793 0.6681649523767916 1.1441219412660333 0.7023296830511535 1.0976187838698557 0.7315587465996646 1.0278497589667168 0.7631059772585372 1.019685724921299 0.7472988858116795 1.0137246075831814 0.7311311488173396 1.0214348160587332 0.7298688894011521 1.0299181385427727 0.7187901734260511 1.0349618438855557 0.7067838146339728
0 1.1273100600894639 0.7140265142602124 1.1402473153170534 0.7148900246385912 1.1471746489285155 0.7294088277209895 1.1496187672296214 0.7498792222689238 1.1434059824930354 0.761331598265643 1.1016565245678251 0.7875462926250187 1.0511630208535658 0.815937874743423 1.0365157179109503 0.8086459370168839 1.0257332800617123 0.7947582636425791 1.0300136322516096 0.7866037554697426 1.0286033512640007 0.7652187325789671
0 1.1259757510994879 0.772384285292472 1.143019073014261 0.7874831001185015 1.1550863106264035 0.8153225793057097 1.1240035701813298 0.842027124021846 1.0487753528388886 0.8871394859978677 1.0414325321309073 0.8741794554405402 1.032157278876237 0.8645172927070955 1.034099472278528 0.8552548189435409 1.0482155677555225 0.8507077061776066 1.0546988366527204 0.8421925524572883 1.050544670636588 0.8152937305611934
0 1.0488429738790415 0.887873791566968 1.0514320951160554 0.9038481913134307 1.0356540512529833 0.9146303941796483 1.0463688680620682 0.9277837619848528 1.0487551261786234 0.9415552450240154 1.1213454180060407 0.9102915129998901 1.1601962271112174 0.8890236203763386 1.1495204537245405 0.8520118288124463 1.134680048517068 0.8365523684389347 1.1224190036910073 0.8430319137515578
0 1.0539821729306613 0.9436810148185814 1.048455359451206 0.9565118405666303 1.0379043623401716 0.9694198132274138 1.0529476306681027 0.9870821903082257 1.1195280008793926 0.9694737509881207 1.1331609882197151 0.9657511051781572 1.16676522886165 0.9542866546393834 1.161123399962154 0.9112331102230847 1.1450365334651234 0.9004499674247858 1.122582118439997 0.9115798013643496 1.0612190341251428 0.9372786164186925
0 0.9120439828891131 0.6650408278020797 0.9149614484712895 0.6906513613337152 0.9144588186234133 0.7034050401690296 0.9028063631587286 0.7164933356035542 0.9109027761639938 0.7315661214813117 1.020971934582326 0.6762775973309756 1.0224505415591487 0.6559103786440478 1.015252723787075 0.6384543532852488 1.0067408236852906 0.624940339932562
0 0.9175115262858953 0.7304841848388656 0.9141876295137406 0.7429543650394326 0.9162936426140822 0.759753231741866 0.9164867448789389 0.7679207543888386 0.9290468514833561 0.7889711606804038 1.0111640639639123 0.7397494783986646 1.0148260659368316 0.7309508260435985 1.029637893526559 0.7218175570893225 1.0332420353149274 0.7063199932254842 1.0211071766626318 0.677746208469176
0 0.9117135236967675 0.7828643354573175 0.9154619634719824 0.8053573239388113 0.9142440798001694 0.8346263708418116 0.9197994708973696 0.8463882744215505 0.9906120939696077 0.8079618094801648 1.0291247978740197 0.7830223890111122 1.0262651924763944 0.7641107669882489 1.0194731009452382 0.7510605750440509 1.0097147395538957 0.7422228792665767 0.9309019021342901 0.7909035932270928
0 0.9301280831767411 0.8432065969328102 0.9404950339294598 0.8586530428321858 0.9434801205517891 0.8849978819329216 0.9829973792028925 0.8770376509400437 1.0357516598090033 0.8549843347829293 1.048495812771736 0.8476803225143356 1.0551819447893926 0.8413680855013176 1.0508925366929542 0.8130006524670224 1.0381679054414255 0.8083754528562723 1.0225739079366691 0.7908032371623306
0 1.0216355643320085 0.8595314475488633 1.0311910626028924 0.8661662266190367 1.04150015317106 0.8749137610096405 1.0502922982890581 0.885400390699056 1.0519828242928804 0.9037580299265603 1.0366878885664805 0.9137157658368071 0.9923395485486547 0.9299206663893919 0.943459893891524 0.9394136409590687 0.9318276650871045 0.8980861773674462 0.9438084648969515 0.8946340157180943 0.9431998755355755 0.8880252655961928 0.9836157294198705 0.8776817951222732
0 0.9356723035202172 0.9459062007458279 0.9420489079548541 0.960515165215097 0.9475652556296463 0.9961354925535231 1.0251504485218368 0.9826884314356793 1.0385903335973026 0.9707982629787436 1.0472862800574028 0.9559578577712712 1.0517116351832079 0.9433073547969629 1.0458662382141921 0.9405374408201675 1.0463012470219155 0.9270494564157529 1.0352385641564639 0.9161891667047192 0.994610086296108 0.9302943264110102 0.94469659432548 0.9407019293235283
0 0.8244535874192859 0.9887115302214612 0.8302404192546896 1.0272690798362882 0.9025985653948423 1.0116962489238785 0.9465314183161491 0.9970501208963644 0.9399909941834614 0.9563798159611073 0.9328510365959387 0.9456227021110805 0.8886476995140206 0.9573316078621937 0.8266857866933924 0.9704570668549634
0 0.8351217147975443 0.9042282862846148 0.8311794678084115 0.9160543223029519 0.8229861511961873 0.91814104867511 0.8186088953993313 0.9434550690978619 0.8222123322386385 0.9704440523808273 0.8885800784738677 0.9565973022930935 0.9350539533032391 0.9452620565635983 0.9431120278351575 0.9417067190532399 0.9329967444809075 0.8986401601628051 0.8784745559752196 0.9075661374629869
0 0.8142142327384543 0.8532386599595473 0.8175374245615481 0.8832550269057838 0.8246676212934687 0.8999767466954826 0.8366386602477138 0.9024891909858029 0.8791605272323506 0.9089445872143167 0.9312093148701264 0.8974420331852165 0.9442915730336237 0.8938095487621235 0.9404274128893069 0.8579187372630855 0.9297125960802219 0.844765369457881 0.9198670919375225 0.8471225799906507 0.9143793218804752 0.8360949819800121 0.9006689526443977 0.8450479281605472 0.8487651679425297 0.8520544873881759
0 0.710472169527688 0.9954457254243155 0.7056989483455165 1.0103893064927945 0.707244471413431 1.0332429405217705 0.7149351581777789 1.0439098929849269 0.7934189463031609 1.0280795923860415 0.8286753744755713 1.0163446576866562 0.8240576220339706 0.9783410908671885 0.8139611554418635 0.9658318672442133 0.7568686624613048 0.9893407800653922
0 0.7972489976684973 0.7904229976161425 0.7930069839519469 0.8172056291770948 0.7977795001850574 0.8447485952554192 0.8123591820875203 0.8513062274128581 0.84986662629618 0.8518741646144349 0.9000506024274197 0.8444037839783176 0.9147948089769944 0.834536209454941 0.9148436132550044 0.8047131797565816 0.909442985949314 0.7824906754356995
0 0.7989890328993907 0.7364710599984837 0.7869984722339416 0.7458878275875075 0.788022548691837 0.7509378051843382 0.7963601632909078 0.786841631157512 0.913848819363915 0.7817693843407353 0.9154529075654416 0.7688353827316797 0.9130861711600904 0.7431346878131736 0.9084872354806326 0.7356884562611654 0.9010091726923455 0.7212598145656375
0 0.7838788484803677 0.6755878302017679 0.7914147714532056 0.696715383406068 0.7989987937549927 0.7305064540588116 0.8065639992946367 0.7337401894440961 0.8988062559850449 0.7216204601131196 0.9029416052390344 0.7179619467417547 0.9145264396635662 0.7041393457381299 0.9118411197686545 0.6628379110947792 0.9029039717147487 0.6568472762068353 0.835502388166022 0.6716086546374105
0 0.6981058701371887 0.940076294632919 0.6984823138113001 0.9623759458665356 0.6972839518506909 0.9797157808901922 0.7051001198397425 0.9978159504312213 0.7117088699616441 0.996734013788775 0.7557672041076544 0.9895211028391332 0.8207825295398258 0.9609882413693956 0.8142421054071382 0.9203179364341386 0.7516039821849811 0.9261003397359066 0.7147051273376974 0.9321411526562317
0 0.7073434898675732 0.8886237868314444 0.7054591566498332 0.9045851721037709 0.7141543981608725 0.9322313140431021 0.7519518482413476 0.9238072616417355 0.8152759427206355 0.9194033080912973 0.8348993299658816 0.913954581456658 0.8349188516770856 0.9020253695773142 0.8234309208595127 0.8986884583310234 0.8185036408348925 0.8816060929938424 0.8109677178620546 0.8604785397895425 0.7981852264259747 0.8491544286700203 0.7729674046611206 0.8666996754836086
0 0.6808806167112831 0.825872256926638 0.6763583579785193 0.8556822721508616 0.6884060738794582 0.8954509632174134 0.7072758688274203 0.8878894812623441 0.7722138123638367 0.8645869201631785 0.7973640130885381 0.8463073677804903 0.7919055255982967 0.8173859519508359 0.7857415451397205 0.7990152982491955 0.7320308091158673 0.8167529423785792
0 0.6787174483754517 0.7598879315686289 0.6684850347539778 0.7883966439542572 0.6790931871005019 0.8246741299490492 0.7330646464293648 0.8158383140357381 0.7856063030594147 0.7975466871109952 0.7959446761943882 0.788400403682583 0.7869308511937887 0.7451535220184073 0.7295873957638224 0.7537960006838414
0 0.6802448596302844 0.7096976831833416 0.6756166413840207 0.7201452694503491 0.6735873052303728 0.7406026495241474 0.6785822062951459 0.7584193204304285 0.7300028828603417 0.7522372281587706 0.7880323095474391 0.7449731992446663 0.7997523860522764 0.732619209379242 0.7838788484803677 0.6755878302017679 0.7434434728848685 0.6978605125550312
0 0.6635501087209389 0.6498192431163375 0.6559458597588868 0.6704439314897409 0.6609790992970068 0.7068887257841379 0.6794912673330006 0.7075849278629116 0.7433758518447156 0.6971262069859311 0.7824295240703509 0.67806123106968 0.7753383707608383 0.6374810875212934 0.7690970084065072 0.6243407341902248 0.7387971428255229 0.6352642164077754 0.6770380931253536 0.6505925921078456
0 0.5869887905753298 1.006567941565096 0.5818699895462115 1.0257720190739692 0.5832981459142406 1.0412805526933648 0.585567983049883 1.0605868776971634 0.6514025653111205 1.0596478804695135 0.7068983319444855 1.0479387925149843 0.7092878024659708 1.0311493338312119 0.7050793986279038 1.0121603769091976 0.69365228661815 1.0002565924215936 0.6336929109795204 1.0008896743046989
0 0.5801197726530679 0.9480027776528924 0.5752475872382175 0.9645427575380868 0.568504931189207 0.9767974411789625 0.5783928429980186 1.00403962250783 0.6346621943307327 1.0007309902638066 0.6969852718320583 0.999055009377663 0.6958718271465614 0.9762797138084857 0.6981422846373776 0.958197877323097 0.6905413890700679 0.9397643145442052 0.6500185974180877 0.9431187577371873
0 0.582186562294265 0.906340772656626 0.5770677612651467 0.9255448501654993 0.5809700429736111 0.9465517158103841 0.6503247195476902 0.9411008490143168 0.68466618244746 0.9400702298887498 0.704238958570638 0.9335862625464206 0.7050131636251609 0.9045985567677395 0.6975821980509249 0.8933524139181834 0.6864949460273189 0.8958234692892507 0.6824650617352556 0.878773079069661 0.6330144317175724 0.8973636716089817
0 0.5704797171688717 0.8433201757219718 0.5589329717732751 0.8675121749219387 0.5600206477999826 0.9060340301718499 0.5824331779085329 0.9036766750329474 0.6344088502290562 0.8964794566468353 0.6822865421892519 0.8768345123672366 0.6762671742323594 0.8542064481017114 0.6775088418566289 0.8356371067564069
0 0.47333602286923115 1.0277980719731528 0.4613727318662927 1.0474667488674625 0.4660400087211764 1.0821229234497645 0.5038929763808582 1.0818292879826912 0.5419925596548077 1.0788715548919394 0.5860268560666999 1.076254095357451 0.5816657013414186 1.0395800120522785 0.5752126086713247 1.0229263319349189 0.5210008370717042 1.0272099738987746
0 0.4673086857145826 0.9730306994453519 0.45401907226842464 0.9889809269757048 0.45626314074527785 1.0240338116602372 0.47376115802950275 1.0270725410518986 0.5194278990142168 1.0261556221584964 0.5756377438315963 1.0222008010136647 0.5803314097004431 1.003722254426046 0.5679607829982662 0.9762305942986003 0.5671871982989172 0.9678301385880944 0.5112834756111402 0.9697670510100554
0 0.5606519322305683 0.7793360218047249 0.5506953039983186 0.7940846662911474 0.5494027194116443 0.8067589655087325 0.5536025336967815 0.8309967756576581 0.570547813237136 0.8387175113958686 0.6720587703942925 0.8352174911796973 0.6758935763896664 0.8234388596614982 0.6682589429658115 0.7886125483010643 0.6599862966239622 0.7735686140671053 0.602135417680831 0.7810717477977619
0 0.45296699516378364 0.8546873358397743 0.43846148275214547 0.8734603450346979 0.4419723671568836 0.9115854901823791 0.5037427069143388 0.9145915156427845 0.5605562064379934 0.9118497302791232 0.5579041819067282 0.8670246700620226 0.5525988921338503 0.8521508726061953 0.5008103289122603 0.8560378044678206
0 0.4628628761703513 0.9140688254309178 0.44944566014059445 0.9339755283865658 0.44984502664207676 0.9489965571460454 0.45205535726238466 0.9676566932490358 0.5136471774738363 0.968724152007017 0.5747629455626114 0.9646220995585328 0.5780198655104993 0.9358838725784295 0.5604966999226589 0.911203541378315 0.5041678420746103 0.9138659847215305
0 0.444822571760707 0.7982987646913332 0.4328592807577685 0.817967441585643 0.4364977677461055 0.8521361113080289 0.4533921303240552 0.8539618049185199 0.5007508223969258 0.8553916155670125 0.5568416541836362 0.8501444166205645 0.5609825823086125 0.8363478763794948 0.5526332503455693 0.8311554596985502 0.5500063741179195 0.8079720012899028 0.5439189100927627 0.789946601350481
0 0.4397136009948659 0.7374776659949207 0.4266025070947116 0.7553664602276983 0.42499521082550507 0.7753075213950652 0.42745215706008094 0.7913035598743768 0.4349512187025811 0.7979470383978299 0.48873785514193 0.7943889273552286 0.5423459720352753 0.7888922496102028 0.5510186052337805 0.7815690511144543 0.5508830334524257 0.7533862182774734 0.5424913740799074 0.7370499062418983 0.530639126909882 0.7258716526755484 0.4852613289489109 0.7352683692999026
0 0.43016616952737574 0.6872221630355373 0.420456156909394 0.6993067098982811 0.4259651145318911 0.737760675864986 0.4422558224035656 0.7383733336943069 0.4861711057847886 0.7344634963582023 0.5405190695209376 0.7209745257421405 0.5405025107702519 0.6940840707067758 0.5422288200701275 0.6754353873410253 0.5279447749691417 0.669902697103817 0.4752973518740789 0.6804895440348621
0 0.5409895135326747 0.6185437726783586 0.5312225276952273 0.6332613702872151 0.5359537116554298 0.6707019183679178 0.5505852477508084 0.6762917948345214 0.6072784561842144 0.660165897799424 0.6556615416823217 0.6374152283788613 0.6492003719266155 0.5951245289538674 0.6412599317393789 0.5878688601151376 0.5867181366454818 0.6087759154332689 0.5518874157044091 0.6207522698909721
0 0.5491582615545025 0.6793772840395866 0.5419198409810871 0.6936809232808985 0.5407659776781365 0.722958933824577 0.5448543559969214 0.7348378570199309 0.5570165408006719 0.736839375048772 0.6612350412912533 0.7072292351102555 0.655505767855211 0.6682409629760464 0.647432500809527 0.6456069233693529 0.6080695664762821 0.6594660082849021
0 0.5541182927885778 0.7378842298695814 0.5480556036082135 0.7417286427484785 0.5499333546150857 0.7528287244661053 0.5501547327124978 0.7784593424127116 0.5600028006124493 0.7785582121798115 0.5994468170081986 0.7795155946402189 0.6733518715969582 0.7691275190961878 0.6776328301858757 0.7598710514809922 0.6723985971798824 0.7401944738587964 0.6724135355328036 0.7310660334641681 0.6613385308831394 0.7083530418942695 0.6006380261934525 0.7274164831099696
