0 0.4108188702290726 0.43409287522449197 0.36822540386826363 0.4491885085888528 0.3408864436481286 0.46879488977147465 0.3235494306594505 0.4882103585509135 0.3257556401561963 0.5302773794913802 0.3518365449701267 0.5397117330454222 0.40371198599321295 0.5319085808696208 0.44214828289497665 0.5223919308014335 0.46391340335107234 0.5025636041044751 0.4586337764287704 0.4867400679747971 0.45703521639162153 0.4668651916111081 0.47002153277241704 0.44933861657166146 0.4462707979814978 0.44191188779256846 0.4339890235734798 0.4304493353350412
0 0.4434336641917899 0.3984204382693191 0.43822360389205994 0.42634638786134027 0.44730041398881726 0.440332637490716 0.4755566671066889 0.4488225441747618 0.5353748233465933 0.4439869801994824 0.5645949190289321 0.4390377427622058 0.5831163697439995 0.4209950953258595 0.590850127215578 0.3987668600649686 0.5971942823952472 0.3818595719018015 0.5961763038046103 0.37305496420665635 0.5876143017115127 0.3582790894263544 0.5582510217267866 0.3498923972216885 0.4875174185374083 0.3587121776357122
0 0.6064608264611222 0.3676463191851296 0.5911714080704003 0.3942871453578612 0.5850981908991034 0.4163605588996821 0.5916009609775621 0.43429493428368887 0.617797982080795 0.4459433415714396 0.6645369804839666 0.43565258290790293 0.7058569608421688 0.42809195037497466 0.7283420538674441 0.40078023008627367 0.7219516068985681 0.3531703165337466 0.6818277016834379 0.35171991241276995 0.6602793832095448 0.35447061267191465 0.6405347893383206 0.37040242085393205
0 0.7257062914635364 0.3187054202199792 0.7112645993479793 0.3296930485376795 0.7056674847505747 0.35023881901733794 0.7236895580583846 0.3544915306371492 0.7276840615613971 0.3882339255952572 0.7423347114221936 0.4024421207389697 0.7976086439053781 0.39580536094750113 0.8393543839910225 0.3963629254381717 0.8647115230560534 0.38139108068172717 0.8619130946961131 0.3386376490697143 0.8401441810602976 0.3265763838644438 0.8141019816761348 0.3178800482216381 0.7652496152321545 0.309085555672412
0 0.8351741975761356 0.3166569910246559 0.8876534948790991 0.29915639152340334 0.9078509164908504 0.3024646562732186 0.9135679405572771 0.3160225314294978 0.8522324283194784 0.33434884676578974 0.8288803852429165 0.32391843910206175
0 0.9433802551028105 0.31175970466376746 0.9130531325536173 0.3168121565804241 0.8572140492203231 0.3338843816085801 0.8636781138690144 0.3510807390813506 0.8668094605004597 0.3789705979892586 0.8546088901316963 0.4008736732564328 0.8662481028300697 0.421295655128175 0.8743997757921272 0.44945906679010955 0.8888181930743191 0.45923915446640445 0.9716633183562433 0.43742412095973154 0.9874442699172596 0.43076138563006894 0.9965172868342973 0.4128580433572157 0.993436283049302 0.3753223443635465 0.9590256087208788 0.3555402234966201
0 0.9473168293999336 0.29136875590317884 0.9279205843966165 0.31394272528632267 0.9438563576767027 0.310232061601605 0.9602487518770356 0.357651062750949 1.012627363487099 0.359442143421219 1.0431480131851296 0.3580797810607437 1.0843635146707116 0.3379212367971091 1.0948028590462937 0.3354646634205274 1.120055519238705 0.3078949069333765 1.1291014681426579 0.2788696887522895 1.123009027195239 0.24754777648665008 1.0580931337651873 0.2506337518854304
0 0.35744909016393356 0.5406716964709951 0.33789802344154674 0.5602935942091938 0.3291075819495639 0.5729792038637032 0.33309044803589377 0.6171054568188087 0.3616292765788203 0.6203776308845109 0.4205842759471577 0.6096895308590313 0.4534854385146495 0.6006889531877436 0.46939414378165084 0.5858564135947922 0.4657596265632283 0.548372321840813 0.47527004062439077 0.528203318594561 0.4640565876534596 0.5158995337464176
0 0.4837392012615511 0.5199974236471591 0.4747165271909636 0.528254925834251 0.4677414477183322 0.5437377854146356 0.4686083977696188 0.5814799133670646 0.525763465715007 0.5895002973209412 0.5953396991910808 0.5904295714720589 0.604323667831901 0.5814340513737307 0.6053224226464159 0.5368433332614155 0.5996170359966718 0.5129016001081387 0.5853805084466346 0.5171954599850227
0 0.47120597049880636 0.45071143791475404 0.4582583595477783 0.46897603086543693 0.45977950872539225 0.4873748714066534 0.46311601992235774 0.5085709618737451 0.4859532549952599 0.5197909946883992 0.5843121870095477 0.5180366923756389 0.5992686871287646 0.5062594389070124 0.597488237359461 0.47231061499014454 0.6118641560321657 0.4494630928529743 0.5891933800950161 0.4308112736862675 0.5667702673328734 0.4380932958922097 0.5347826044833986 0.4433005695279361
0 0.611271937168971 0.4487766821814279 0.5985952642263154 0.47220740051076465 0.5997718577157417 0.5158536717530838 0.625144427377175 0.5223875609018707 0.7024040754783771 0.5107344398778587 0.7393075857858444 0.49320280726545246 0.7400004903419392 0.47459753776547614 0.7329945496765035 0.447068929535398 0.7203373583874932 0.41784233996851067 0.7075175011424504 0.4279371286559048
0 0.7267976298564649 0.4031491055390523 0.732878433387201 0.4448548758016892 0.741146222638561 0.4752323411973325 0.7487289515707892 0.48194162619372566 0.8485045538900713 0.48598825269147533 0.8718411663702309 0.4749129264499721 0.8737688514991652 0.448034638207327 0.8651410759632153 0.42139886960755496 0.8443747103216346 0.39663647819219827
0 0.9814370840663389 0.35864205928767556 1.0437789374780917 0.3595042096435262 1.0854705415375663 0.33781802231772917 1.0959485913429154 0.3360994668523836 1.1166995263880937 0.339356124362509 1.1282767588233344 0.37980780431701006 1.1097166026784995 0.3971124338421201 1.066043177463921 0.4234331575940946 1.0183016310665147 0.44642504246771747 0.9992886471811528 0.4444895990609948 0.9878816670613845 0.42849572465667013 0.9977791354202216 0.41570690052278075 0.994144618201799 0.37822280876880154
0 0.7297313982818296 0.5015119166922343 0.7359902983650009 0.5254020426058211 0.7427020261886992 0.5685322414512407 0.7243083291796166 0.5784050846242982 0.6252681300259166 0.5883807984400373 0.6037314489687062 0.5807476407021844 0.6043315120688639 0.5391606014745042 0.6129284264120093 0.5227849022638136 0.6268823785369916 0.5237087750052732 0.7013357540412902 0.5115756722684749
0 0.7406584826479862 0.4871438422564926 0.7351504163267991 0.498781790561626 0.7369425035127855 0.5223467564814962 0.742276266461257 0.5604140444276419 0.7531026651345134 0.5653376501634226 0.8342252698530233 0.5637071364585785 0.8736911827621066 0.5526112360885388 0.8765981410519101 0.5337995376298027 0.8717288432606483 0.5045884646184923 0.857875576828566 0.48437291170550983 0.8485432593198388 0.4867262706027116 0.7486902461410218 0.48120360828248937
0 0.873718508652715 0.45768047829308833 0.8899252199411736 0.4591359399870245 0.9705949969191565 0.4382653533503477 0.9984796263357556 0.46088081482726234 1.0023076707030156 0.5020549961374228 0.9671034061255975 0.5201698249419955 0.8779761059271367 0.5388624485290766 0.8754524087552883 0.5331647341979464 0.8705831109640263 0.5039536611866359 0.8589826036954205 0.48426969722612995 0.8729868986668529 0.4755477298818285
0 1.0940517674067856 0.4059892229054915 1.1044020635061498 0.41244047170343484 1.1250755876917933 0.41422109339108754 1.1318880012083918 0.43805961206498445 1.1347484098314649 0.46078334559423845 1.123860030895076 0.47588943794121663 1.0734670336198362 0.501353412746998 1.0116941242379127 0.5219453890566886 1.0023850815625506 0.5035310319598955 0.9985570371952905 0.46235685064973503 0.9856830439240778 0.4502078875206614 0.9975894014511038 0.44390640286882843 1.0183403364962822 0.44716306037895376 1.0665579854675808 0.42264353244316827
0 1.0994938024075966 0.4885440144845723 1.1312259578451014 0.4996763493754235 1.1348450444671219 0.5156547072241714 1.1393659933904765 0.5382236190343554 1.12843890902432 0.5525916934700974 1.111705752315519 0.5623097149240849 1.089669693851051 0.5769719162423897 1.0192340966831301 0.602079697943301 1.0103508137352102 0.5917835378701065 1.0046724950985508 0.5789636806250635 1.0047344753616838 0.5589339825423046 1.0009605670205934 0.5400035530486118 0.9802986802516325 0.5278390733639614 0.9989362472560024 0.512010479661324 1.0123250485308746 0.5233698176394712 1.0734670336198362 0.501353412746998
0 0.9758822102008976 0.5178680732844837 0.9808521936850597 0.5277874661242715 1.0009605670205934 0.5400035530486118 1.0047344753616838 0.5589339825423046 1.0037977008103014 0.5834950025718609 0.9829964229186728 0.5898841851474971 0.914027838902196 0.6111470555731572 0.8743683988442754 0.6185528663870156 0.8703119150781302 0.6048401695116664 0.8688798141767339 0.577533506795925 0.8600855795050315 0.5583295245482054 0.8747982096289608 0.5525080216091589 0.8785683247903314 0.5395488592006229
0 0.74136276674324 0.5642073484632032 0.731685893546325 0.5918081380615076 0.7381499581950162 0.6090044955342783 0.7402246208060574 0.6273517288358046 0.7471764254453234 0.6326365852494152 0.828736427307958 0.6287404105711724 0.8699402913768578 0.6189657243045352 0.8692435936410434 0.6056814019022826 0.8684037116028417 0.5790611498580874 0.8606777983682261 0.5590159352197517 0.8343026807125582 0.565183172281051
0 0.6123437939082539 0.585877675396725 0.6055506041677773 0.6154344825302885 0.6049505410676197 0.6570215217579687 0.6319062401697997 0.6619245533652133 0.6732262205280017 0.6543639208322849 0.7321038090368042 0.6421997849843328 0.7384750322295581 0.6364143727293996 0.7392956904916381 0.6096392989661344 0.7309775583938278 0.5889076736562525 0.7253766506167036 0.577563852233682 0.6252681300259166 0.5883807984400373
0 0.48323197961733066 0.5845662326025433 0.4672342260741118 0.6083065943700197 0.46987783271498235 0.6481079543370875 0.5268664415246179 0.6635601246430168 0.569204400473457 0.6648040998052337 0.6055814653605818 0.6584459503407514 0.6061041176012045 0.6153828752905985 0.5965628423472376 0.5925404107263877 0.5268704925818614 0.5893970828415613
0 0.35424007479542946 0.617358435444299 0.3378049241080858 0.6433644581851742 0.34329350877562737 0.6843838177762649 0.4148128579770376 0.6799405375899688 0.4664947718512865 0.6684472958579862 0.48188866911462813 0.654404381415961 0.4681785869849333 0.6475247581449212 0.4680083346694612 0.6230669525947449 0.46877865008509095 0.605937718917241 0.45728262168910494 0.5988516666874414 0.4205455705173902 0.608951512947795 0.3616292765788203 0.6203776308845109
0 1.1107535471677346 0.5653650010484098 1.121065137837331 0.571078231935117 1.1329211525179073 0.5744225873690453 1.1423463114825716 0.5950509981995474 1.1428765500826337 0.6157671069538525 1.115022781858839 0.6361631132874006 1.0199770862081512 0.6798812220612479 1.0041149306078805 0.6531783296662089 0.9882876872576573 0.5953238632801774 1.0051369602557605 0.5878198955598987 1.0203798289797519 0.6027145013751573 1.0897083992808185 0.577709934153626
0 0.3590241174901935 0.6873669225323636 0.3449307742425437 0.7049967120511901 0.3488362294693385 0.7476469291838233 0.421694838116208 0.7475285419855647 0.47372510085836417 0.7426774614547084 0.48610756095928237 0.7348483337407131 0.49079117583867 0.7180958672966158 0.4766824019946178 0.714219922910211 0.4684416807563426 0.6949643334228015 0.46700957985494623 0.6676576707070602 0.4142980499733779 0.680730162740895
0 0.9763379185735666 0.5933390443854692 0.9942404215281845 0.609123987868733 1.0006606668747249 0.6555755653577564 0.9409287043500665 0.6778399426260595 0.8693541528197586 0.6913431135152933 0.8664945261237187 0.680226626370398 0.8735803031365552 0.6742538622363647 0.8715208142224165 0.6349844440757008 0.871453511164614 0.6228487387720569 0.913049218791609 0.612899541628204
0 0.8544223304429008 0.6236777798952279 0.870427648100746 0.6358452400102846 0.8723287147907204 0.6720939336970515 0.8583551885452528 0.6878153675574893 0.787386628409842 0.7020209121571428 0.7379526382052286 0.7035944321840167 0.7399528507226436 0.6874715916557821 0.7364199295739045 0.6635170254968235 0.7445038721488477 0.6331672359393931 0.827960618240846 0.6291804525477028
0 0.7291599408894219 0.6444631979050947 0.7344435331650493 0.6583891798916678 0.7405192365614992 0.6874187842477273 0.7366614443033527 0.7006793225262292 0.6715547703367047 0.7181326986377057 0.6051569024681808 0.7326709650913946 0.6038776166205847 0.7191305123669118 0.6068759947001062 0.6786306464152797 0.622548678462141 0.6627507903306774 0.6733253761789513 0.65422221801337
0 0.3634942553114198 0.7484203997543385 0.34721022361707843 0.7664728235040794 0.3533382791527675 0.807646363824527 0.40497905401684137 0.8133562322302271 0.46119876369467977 0.8137545703005836 0.4892518645781017 0.807110429259823 0.4885505431978847 0.7876902938784974 0.48650594913442274 0.7662748373025932 0.48000050885562884 0.7459327132646413 0.42214495676857283 0.7489097655156834
0 0.5459040320682815 0.7313995262086487 0.4963615464995389 0.7234958395938952 0.4855390602962557 0.7539166454007363 0.48901331640523904 0.7968295536984922 0.5505938108044887 0.7927196287736574 0.6071756590713462 0.7866283884510147 0.61697287263076 0.7751096769381339 0.6194339340545413 0.7520381174901035 0.6184546866814243 0.7333662643358262 0.6033607951804092 0.7372209225343798 0.6024666997527806 0.7201727087848222
0 0.48155406498547 0.6550948021635199 0.4722987082188061 0.6671645348611337 0.46770194833439505 0.6926436170862513 0.477235915428045 0.7141683156705211 0.5458113154205956 0.730188242021195 0.6035590809997081 0.7188710727016024 0.6059573037059872 0.679753275439248 0.6106813385258536 0.666128352895857 0.6053139563736322 0.6580588769410377 0.5690770968849435 0.6647335660905829 0.5274728552440332 0.6633387792853089
0 0.6244196671026986 0.7301105939437683 0.6186324543778794 0.7517453268461859 0.6158661229509251 0.7744168529791214 0.6227336013816943 0.7922348215465309 0.6915120586176984 0.7838445395107058 0.7375995012932552 0.7670222923248969 0.7535606567287731 0.7602603525918669 0.7525732611318185 0.7320057948826678 0.7484410810168498 0.7192065881743163 0.7471921628939062 0.7048201110120872 0.673276812920516 0.7189631245381164
0 0.8614868968413385 0.6875715190475332 0.8691767193918407 0.6927875658082238 0.8806306133366366 0.694356548147847 0.8890532816131829 0.704118833254283 0.886538128341833 0.7221523748375797 0.890099142492673 0.7429155188030112 0.8698819037220376 0.7533703960590552 0.8254976145684821 0.7555309274709554 0.758205537525335 0.7545534942036095 0.7526764756111983 0.7339738426459643 0.757090866992925 0.7144447768126835 0.7600532830082546 0.7049394422036727 0.787148344580044 0.7030724375177068
0 0.8923386113489875 0.6904246719387993 0.8914725255207581 0.7036969087352372 0.8887148828896704 0.7206169500988541 0.8937806626248255 0.7576362319247943 0.9532376384511351 0.7395955183699717 1.0195396951423312 0.7229994648828196 1.0184382033649957 0.6821391258474572 0.9969246192689801 0.6591505652497921 0.9432038889892349 0.6773507444234329
0 1.0194383340720559 0.6813515891413483 1.022130609086033 0.7227578990800158 1.0099116313787881 0.7280628772433979 1.0267615703761406 0.7514862562861104 1.094676199509682 0.7159940566015016 1.1225964949636715 0.7022822666108629 1.1447552046035279 0.6779990420660379 1.1351707192513918 0.6441782202250933 1.1195636604511923 0.6345247357215628
0 1.0088027960604662 0.7267776827945452 1.0279066405648831 0.7534623611199501 1.1235966256707317 0.7014947299047541 1.135768473904704 0.7052198999067653 1.1452804895159985 0.7376589009777356 1.1387143930116252 0.7514625825403424 1.0839355079486956 0.7892015051358664 1.0280224472998754 0.81524326434717 1.0168000492378255 0.7899066197683143 1.0008777712066919 0.7643138832495189 0.9976564188011228 0.7326769450217933
0 0.9808933952093285 0.7307684142348035 0.9930543488404491 0.7442146427871954 0.9975403706488744 0.7701793584533417 0.952643193442432 0.8076912413831973 0.8805831019989678 0.8435699463522924 0.872121897629871 0.8311673464459491 0.8757093912187677 0.8002841579009071 0.8770936598357375 0.7869636079439083 0.8679077580582284 0.7607428003378223 0.8893562159543895 0.7427743955790032 0.8934074193177675 0.7604481866253039
0 1.1336412697354836 0.754018445300912 1.1440193711750077 0.7731852095754442 1.1472153833130079 0.7944101788678021 1.1421313654340142 0.8066871001787524 1.0815328704808271 0.8526057949358646 1.0350195697701747 0.8791597380270476 1.0208439090602168 0.847155555401125 1.0150460883756631 0.8358932104619518 1.0312293540407274 0.8267471750891472 1.0285768649590363 0.8158858615715964 1.0845261604782772 0.7905350127452798
0 1.1226831689519736 0.8230804315253538 1.1392178887183926 0.8305645585528015 1.1489328678874937 0.847015994447946 1.150201088352215 0.8711978579224957 1.1034848240837556 0.9137393661895045 1.0400526656967743 0.9453421955041303 1.0305550957501968 0.9330362219189086 1.0196806007276358 0.8944756537041757 1.036719057618078 0.881778440085314
0 0.9977577798713981 0.7743248207632645 1.0157274487899244 0.7893123357044489 1.0296748056745066 0.8268921145708297 0.9700511011608107 0.8616113036864653 0.9095359705513167 0.8991907606631712 0.9037345988048976 0.8580743296878688 0.8998392295260538 0.8334431216311359 0.9536433241494922 0.8069037046770885
0 0.8963931243569745 0.8372358656799973 0.903143946275316 0.8567408220784554 0.9037272552639111 0.8976494742743787 0.8361098486347212 0.8990938124523745 0.7986195134933128 0.8991178080878175 0.7745765905915848 0.8874736926133114 0.7693440821690437 0.8671328863481839 0.772232218617097 0.832843459038767 0.792223938155447 0.8268137834669725 0.8726400804186114 0.8311190332853884 0.8816557024468692 0.844164230416158
0 0.757774022484761 0.755736848746437 0.7375177642506149 0.7666512101737024 0.7425473091153493 0.8029795816146557 0.7907056246596466 0.827649633333642 0.8714587753594483 0.8284520180665614 0.8771298947061581 0.7876545183288955 0.8671721660469645 0.7566456511884603
0 0.7491314023463048 0.8391630135739264 0.7693440821690437 0.8671328863481839 0.7691917991463746 0.9039443893947453 0.705227012305936 0.9154625043841832 0.6368740136654821 0.912809693412817 0.6328445995078078 0.875693785265755 0.6418566704742004 0.8588848963603956 0.7027848303230382 0.8490384811042966
0 0.6269418666911135 0.7929294785489813 0.6265830690487726 0.8158744607352393 0.6302030050289684 0.8551114131978235 0.6589929373730526 0.8579814724468758 0.7033754828526197 0.8503719887137101 0.7643145373043092 0.8308045149072306 0.7635536050254765 0.8162953968225009 0.7415834132787098 0.8044580287057514 0.7371082860731364 0.7687722544892246 0.6910515930132346 0.7841750050994919
0 0.49440667198769733 0.7976493202571304 0.4914569604016547 0.8208358682461924 0.48906166647477295 0.8446650134596808 0.4898588336240264 0.8598650419293975 0.5619478163969246 0.8642523919317995 0.6284201528373718 0.8608319489199637 0.6265830690487726 0.8158744607352393 0.6110340343246968 0.7874697695159344 0.5494065173350158 0.7939099460076583
0 0.3716698207970754 0.8104813600800175 0.3604038443236183 0.8240289497026847 0.35780558683893 0.8638456600919987 0.41408454725382154 0.8745670907666957 0.49419991595076923 0.8830661160555952 0.5009580814100975 0.8629959278675433 0.489340650835286 0.8599133550899584 0.48991685770015064 0.8411138352136233 0.4892392897650108 0.818265479348487 0.4778139281451543 0.8089163999454572 0.46204014065756827 0.8159413910027394 0.40619599868772405 0.8135108849478879
0 0.37834082943358915 0.8681796402950109 0.3613748422839882 0.8822586746838472 0.3644259149403061 0.9007200024362566 0.359957889858463 0.9247424002919881 0.3907734238842361 0.9364493550641907 0.4466900355949216 0.9402616818890164 0.493616365544918 0.9414407805184402 0.49455492111398874 0.9295503644919765 0.49358747421548405 0.9011747255469432 0.49327225498455035 0.8852354735316782 0.4151209128313022 0.8744704644455741
0 0.5090207022045676 0.8677985135390281 0.4924170637591727 0.8887866517777355 0.4947832249393642 0.9239747682515187 0.5036176726155189 0.9335654134573527 0.5639805202023439 0.9327974595272082 0.6259341510258105 0.9325754765003683 0.6340656904992567 0.9089057969056983 0.6307465280852775 0.8654750689726306 0.5624659991856649 0.8642040787712387
0 1.1231119588027165 0.8964614904394628 1.141122394693844 0.9110980600562716 1.1476793007984722 0.9512761872567461 1.082496262539768 0.9810856291791016 1.0272106926399012 0.9981062469675677 1.0175029582501818 0.9826955687554094 1.0071642995675 0.9658604619604686 1.022093731673632 0.9429613325836081 1.030524186881025 0.9340174197249699 1.0405144966957993 0.9442103653187847 1.1045130972281143 0.9130281020533365
0 1.1314996575230987 0.9609426014710438 1.1498197368523657 0.9814833143777427 1.15021058432976 1.0207530853923341 1.0784860705628299 1.0318901340194466 1.024950089239462 1.0398481079143178 1.0289486437997175 0.9994274610709702 1.0841568028400497 0.9809308074600317
0 1.0153357120607271 0.8353139320224946 1.0204218118341917 0.8474473785959913 1.0360400974391752 0.8801060215206101 0.9721846812092476 0.9246242144280007 0.9173635764665902 0.950501047151302 0.9072958557922809 0.9388320657350148 0.9005995585649849 0.9172076007948267 0.9102260889154496 0.8992526512822835 0.970001746545867 0.8617894774935388
0 1.016771606141843 0.8945101866404649 1.0316312137478794 0.93391420524559 0.9869436031223837 0.9833199132046486 0.9294207046554428 1.0213146759458696 0.9145378222160412 1.0026783733347395 0.910686503015416 0.982271908018574 0.9001659546005798 0.9513628536704545 0.9088402798032601 0.9364631902822363 0.9174022818963576 0.9512390650625382 0.9727769000724422 0.925310625099547
0 1.0065720807043053 0.9651740512889223 1.0285499520853603 1.0024311399556054 1.0243578703762672 1.0391616972427713 0.9039899479105964 1.0667000767820705 0.9015011629887957 1.0298507884599475 0.9077021338660776 0.9996075706548379 0.9155674382233605 1.0010991230328872 0.9294207046554428 1.0213146759458696 0.9875358219855783 0.9840063238761946
0 0.7747159834186876 0.8926047448348012 0.7726451139873661 0.9061471034355036 0.7646404185074154 0.9232092133177406 0.7690452511414678 0.943564071394216 0.8373867040447021 0.9527663642880024 0.8992524548825628 0.9551561577060156 0.9039477071786329 0.9280198332649207 0.8974178690870893 0.89896358197268 0.8362217479719585 0.8987362350486858 0.7994963342169263 0.8984522233120419
0 0.8991750440230278 0.9536801218835432 0.9095407707187941 0.9816371045867177 0.9022598409877428 1.0231054127794412 0.8269665834452422 1.0086182634720444 0.7807773052957783 0.9869678229936624 0.7745571106423744 0.9638157149913118 0.7846597435667315 0.944333122416606 0.8373867040447021 0.9527663642880024
0 0.900123198113569 1.0247878775606738 0.9029990373330443 1.0690173449951592 0.7794997682359279 1.0686658656265502 0.7687082818127194 1.0325906858997767 0.7851201576666978 1.0273523791528965 0.7897263616865504 1.0091238768863267 0.8286658291752913 1.009201459664211
0 0.7498736523573164 0.9067869644403196 0.7621554267653343 0.9182495168978466 0.7649925605550423 0.961740966421096 0.6959969085254805 0.9718819609385223 0.6381605734406801 0.9720829884876242 0.6318358999146565 0.9363329687545674 0.6384626305193806 0.9142079479730564 0.7059022211212806 0.9168196869054063
0 0.7676440114328758 0.9592688764889373 0.7812534078696705 0.9854401799314997 0.7865446722086549 0.9908798580641801 0.7886580402494635 1.009965109276943 0.7851201576666978 1.0273523791528965 0.721504818252338 1.0340252296284784 0.657901116254661 1.0303142221070622 0.6534575781908413 1.0092213461193504 0.6557336121876827 0.9889852190778319 0.6748859871957122 0.9723670002242683 0.6987644756926165 0.9716239247400725
0 0.7687469872424869 1.0333287038110128 0.7828866222793435 1.0802161160078805 0.7069391656105156 1.0850722541116962 0.6534535271335978 1.083384387920806 0.6500008996473301 1.0599742437200057 0.653101385085971 1.044852634817451 0.6596003619847101 1.0308974182992288 0.7214661128225706 1.0332872117172418
0 0.6341273645079003 0.9376025756182801 0.6391669146146344 0.9912714541797673 0.568510722284791 1.001567270416263 0.5063236905921081 1.0036571917053576 0.5030878650880428 0.9631694210667433 0.5105893899810164 0.9365130783384349 0.5648724118866488 0.9321935867600549 0.6283599975950236 0.9336905405477621
0 0.6359232448736061 0.9930571334403794 0.645038760400131 1.0077814009809911 0.6416324247030698 1.0488884584958853 0.5711039860792115 1.0510144704690925 0.5083247355233339 1.0524179810866405 0.5085261069091342 1.013834620743595 0.5246670447547404 1.0034301886180612 0.5686268385740935 1.003781324149972
0 0.6442838755809034 1.0464163685637267 0.6488551673507083 1.0593394402881493 0.6527335545644182 1.0908677815125487 0.6494008365471724 1.1015612829476857 0.5198903305418919 1.1032535190381392 0.5162558133234694 1.0657694272841598 0.5250462548154521 1.0530838176296502 0.5705117672160168 1.050328059797546
0 0.3832929377094447 0.9379988854701281 0.3703066213286492 0.9555254605095748 0.367515779328148 0.9765512127020196 0.3702600716619187 0.997060892497565 0.4335424928047735 1.0052516147260884 0.5046631502918265 1.0038120134244275 0.504709699958557 0.9622765814364369 0.49583805442731954 0.9415965633662449 0.4463044208439271 0.9410234823199977
0 0.3954004087447473 0.9991666741789343 0.3732365965742943 1.021998679760528 0.3737822657707585 1.0642205224200645 0.41785817587941404 1.066785711685684 0.5099349329771654 1.0619089994533317 0.503710945144042 1.0068672995487524 0.433581198234541 1.0059896326373245
0 0.39947611628701424 1.0662746968617436 0.3811094872910167 1.087269415943035 0.3838305047914222 1.1285468117325754 0.43435504895236665 1.126802624565734 0.5107011973355517 1.1189428075772836 0.519402590551317 1.1151650200972991 0.520521254834854 1.1046779476209216 0.5178776481939834 1.0648765876538535 0.5093427141139708 1.0612225887817857 0.41904261360580336 1.0681585330287764
