0 0.29958105056103956 0.4617913986258448 0.3051569858989227 0.4379362749314171 0.3838014762860987 0.39206816730368343 0.441768007860604 0.4041193046502512 0.46482338464282563 0.4230613285123744 0.4433050517339605 0.43444758257543464 0.437276550454572 0.46109712157239185 0.4452927743105979 0.5019205146875256 0.4219996737982288 0.5178727364104493 0.30248799522766534 0.48934119148401245
0 0.4808150938574902 0.4062407554437999 0.4652350579015247 0.4230627079154597 0.4434333251211136 0.4344655586771169 0.43745568310360994 0.46069988453196714 0.4433191743116543 0.488796019419192 0.4684872243112671 0.5023553578791026 0.528260922044704 0.5142514871582113 0.5619816300765983 0.5217926761800183 0.574046131534479 0.5227794822674592 0.578936843262378 0.5143141506326822 0.5762946740439939 0.48086054000111195 0.5801959519012042 0.4715526492672201 0.5902533568049344 0.46451527359125583 0.5729907800185524 0.429012773950743 0.5337176354517015 0.41154276114491445
0 0.5922871055019089 0.465504181905295 0.5806083474031536 0.47301824364306305 0.5767901793143129 0.48796898805794026 0.579926277133067 0.515156709731797 0.5928720272203919 0.5317528317012753 0.6736417833907334 0.545183525510493 0.693538646045756 0.5472679507098676 0.7107949161523431 0.5292731022922136 0.7120838302738908 0.5062250015064688 0.7168914322334203 0.4921168161907064 0.7026253858718776 0.4654810574127139 0.6463139183508777 0.44984671647323604 0.6076758464482603 0.4578061325355724
0 0.7096266493853257 0.41015013971479464 0.7071691716305245 0.4208065800399614 0.7081375538820677 0.43208865314911615 0.7072220094671647 0.45885316685009214 0.732800753922966 0.47111760441390427 0.8025129540621982 0.47379948052089355 0.8338588198807275 0.47005364247501974 0.8401425038680954 0.4622277390588028 0.8493484656251027 0.4592944480805185 0.8514339419377764 0.4328384724812841 0.8473366390611061 0.4111472552734881 0.8304688749479686 0.40084809191553666 0.8021407580516056 0.4056281938580786 0.7844912740763428 0.410608495883871 0.7419955861212735 0.40994066610216984
0 0.3277540520678234 0.4995267749072549 0.30057679111152336 0.5161313057831263 0.2940929550013719 0.5314123870448826 0.2963776096734033 0.5627041934164195 0.36090718175067055 0.5879370212930398 0.41765769691644405 0.5980016831589945 0.4352730582393327 0.5955429760159158 0.44200307031469477 0.5704417817680317 0.43356544193604085 0.5636281343676507 0.4304309207872354 0.5498147497083355 0.4381503667332864 0.5255561145595666 0.4227600491169862 0.5198798269147477
0 0.4683774624000737 0.5037477776474832 0.44922385765052947 0.5123260245333511 0.4383035493576908 0.525394567196568 0.4304365717575248 0.5499831497176312 0.4339777182728096 0.5638189874563246 0.4482963586660648 0.576077305281935 0.45753137865496096 0.5810647132096456 0.5372019390434203 0.5950452676881292 0.5561093678277539 0.5962871337883887 0.5709759513609626 0.5885159098112038 0.5788035825482583 0.5494905178795123 0.5645375361867154 0.5228547591015198
0 0.5963624862456014 0.5343536836060822 0.5798478973745437 0.5496368670944367 0.5704537939478198 0.5884427352037416 0.5706200134845585 0.5997284425657122 0.5871926366511103 0.6104977232222505 0.6390790922318087 0.6219924432736161 0.6753823585166442 0.6235604417675585 0.6964081886425746 0.6204382360928025 0.7089155686312711 0.6143874975374573 0.7096239299612211 0.5930271139788322 0.7087941262779875 0.5747462685869748 0.6955175137871338 0.5489530689080971
0 0.3239571492048703 0.57279943327702 0.30080778435971034 0.5914922998539903 0.29406792248402513 0.6173596652146048 0.2946403820435783 0.6299753148062716 0.334257446716017 0.6508482857007242 0.3682182519803447 0.6639644687842736 0.43274005319382336 0.6803188198710224 0.4417092166046212 0.6526746289389912 0.4361072543121537 0.6442290377320272 0.4217773458355559 0.6338639085077494 0.41984511853961837 0.6186202585672963 0.42507784548197985 0.6085591732389821 0.4257837079853456 0.5996047290901931 0.36010692314179404 0.5879634075445822
0 0.4504674539990219 0.576397166915737 0.4421178980576326 0.5811352616757123 0.43492286204795616 0.5959609139486173 0.42615793301976584 0.599222832423899 0.4261774174583252 0.6079696886169496 0.4200337071029031 0.6184524459028925 0.42181629011227795 0.6340635571098551 0.43698606590750866 0.6439882488031373 0.4419326327745673 0.6531892535831988 0.5060689435352396 0.6692670823960966 0.5380399667881426 0.6751654353194828 0.5566953827940381 0.6678540220297324 0.5658614432038491 0.6235272943058137 0.5558198448792105 0.5980146474501417 0.536747997083949 0.5948692827053615 0.457692510693461 0.5814272502447856
0 0.31778255544499845 0.6424378884098466 0.2991031955034048 0.6631019233032523 0.29428050843727155 0.6643433967310609 0.2869586317972777 0.6920771145418113 0.28825400486566044 0.704310371736543 0.3122734884229005 0.7175369398894129 0.35996892937485514 0.7327119183734713 0.41048695774411614 0.7433522002708903 0.41421929488135606 0.7455186632280619 0.4257360230409929 0.7427501603389156 0.4349518360911224 0.724868456224657 0.4350579993298137 0.7183096656869963 0.42961416653916196 0.7117948128830237 0.4261478510145717 0.698435613507861 0.41935495002027007 0.6777626588518263 0.3682163894424121 0.6645702906487868 0.33377052765442855 0.6507042890000831
0 0.30675521866198047 0.7145723924765707 0.2981050156533379 0.7226728583867986 0.2927807845984853 0.7328828396517378 0.28846086855291425 0.7355642850947364 0.2865480308555418 0.746800141225187 0.2835247149101965 0.7721233237152388 0.2854821038571784 0.7759583671186698 0.3284616344976127 0.7910202684190367 0.35008502414007614 0.7981590907863851 0.3975553136334618 0.8083722656653528 0.42067541838826855 0.8121600992501814 0.42092069816591726 0.8064425128806509 0.42789113178957106 0.7909851719770917 0.42209462895073635 0.786338216227989 0.42403919291653186 0.7720938749510083 0.42038067923363864 0.7611728666765458 0.41758859105291257 0.7522905982643339 0.4120910631269937 0.743850900803031 0.3595412088404826 0.7329258808933113 0.31281897014530785 0.7184350916600031
0 0.4407153856296911 0.7221154172679687 0.4371661027650965 0.7306568180866484 0.43130614738941564 0.7320268326306065 0.425575551151113 0.7421798662930855 0.4213733962935768 0.7459734260265144 0.4174281191630327 0.7517203042185038 0.420711993930899 0.7595758797439758 0.42408190361837694 0.7715520547064081 0.4221373396525815 0.7857963959833891 0.4283402076748662 0.7905002993349518 0.4332385587431106 0.7961170003683341 0.47760741422535397 0.8039782235715207 0.5500801469343387 0.8201603409037178 0.5503351841135664 0.8065009395837966 0.5556893008890776 0.7776697533938451 0.5540833549584356 0.7615583330832228 0.5500398314430149 0.7503094670840004 0.49312673689316633 0.7374034729357187
0 0.45023563638286523 0.6560694770079948 0.4456594561262236 0.6620018439185938 0.4372765017620737 0.6693180532631517 0.4334386149020639 0.6789146207698015 0.4269276280812057 0.6911495140069904 0.4268214648425144 0.6977083045446512 0.4296995879428521 0.7107111723938235 0.43605255693751627 0.7187229448154467 0.44175265393923874 0.721986876151819 0.493800350721109 0.736676163972509 0.5625621016437764 0.7504209082252347 0.5640795585911207 0.7415947693942542 0.5695093393687432 0.7196217576654939 0.5648879943465706 0.7052789851160505 0.5562341102423991 0.682154011469315 0.5386957277853586 0.675313755004268 0.5066996550474188 0.6694603437984162
0 0.3065282855088114 0.7852075228619583 0.2868226416910922 0.8084667637734438 0.28195055410114206 0.8442130720270461 0.28386523234627886 0.8485899356750773 0.35239207440879805 0.865314691273103 0.4132620440385343 0.8801447120574863 0.41961378600135546 0.8777480046267883 0.42764284328547947 0.8618912124847794 0.42589839433180166 0.8501428279321875 0.41585518538582117 0.8342185323826321 0.40928804936601004 0.8237116212578487 0.4126878447741467 0.8170665912952693 0.41114719192811533 0.8105509204700679 0.35069457191525116 0.7982445121900753 0.32884664433014016 0.7913481261437969
0 0.4338694618692082 0.7959315116497244 0.4299772663580098 0.7983989945728832 0.4216156673447825 0.8054442937951412 0.42081453492722587 0.8130013034183116 0.41232357677662035 0.8112635835220484 0.41372511308369436 0.8169380501791195 0.4092453386641649 0.8242534415024488 0.42663607421251204 0.8486027886020775 0.42804859495300807 0.856743920161079 0.4338347268743422 0.8641284509344119 0.4641309019082137 0.8733043771215533 0.5413512711971421 0.8865910864909122 0.543873043153768 0.8702364118379914 0.5440420454133841 0.8524564110811094 0.545944512193256 0.8439581299748892 0.5413976041413515 0.8260650520343157 0.5290559341495497 0.8158445149642901
0 0.2953612186709146 0.8512965828343916 0.2860056755659062 0.8631328428543595 0.28135444482307487 0.8674112752299283 0.2791768125448956 0.9002483476306912 0.315943717761466 0.9185481605298862 0.3633078440161604 0.9353201259465148 0.4083832666266124 0.9498540348922822 0.4141462026492596 0.9418967560094336 0.42003665726152073 0.9271097764666237 0.41385514459015854 0.9221349629927612 0.4172653109157958 0.9127523580059513 0.4145586441387599 0.9027864491045393 0.40777611406195885 0.8793759194242744
0 0.4325192254868799 0.862574583714301 0.41755084733160364 0.8856759916871783 0.41475084229706294 0.900348258003839 0.4184630511152233 0.9131941109356317 0.41412239323465116 0.9213507064270913 0.42003665726152073 0.9271097764666237 0.5006257092060841 0.9419641809460938 0.5479886084289355 0.9483276665104011 0.5532573038007567 0.92058012080965 0.5499941708678914 0.9072493952357176 0.5427094832864494 0.8876031334664227 0.464066835855446 0.8741171074884536
0 0.4280895239602531 0.9317990339069572 0.4216743294605858 0.940212711630716 0.4154299777682989 0.9464591083760743 0.4121180578275383 0.972837457554096 0.41698529614328106 0.9866668836601692 0.4837371900155422 1.0050602197044547 0.5014354308465412 1.0072665302891712 0.5469806711772895 1.0158404165443384 0.5526356034134811 0.9988292084206684 0.5559377659526625 0.9803926741930375 0.5487714530751769 0.9670627666403336 0.5344717806204716 0.9478029462407163 0.5005829985042389 0.9425060011906939 0.45068550234357513 0.9344178055988954
0 0.30050122727444334 0.9111799117102398 0.27927689947753664 0.9328568116003848 0.2795252468347927 0.9531604248616571 0.278511174423932 0.9686307756339886 0.28740911127390906 0.9756296830588725 0.31352387328524545 0.9831240189309826 0.3696455928191166 0.9956452077520436 0.40864627951281923 1.0038497526124484 0.4158089112947761 0.9859542206081887 0.4121717529628054 0.9747623022114262 0.4114005062659075 0.9636981069095848 0.41512001842196106 0.9477851851863442 0.40757053625971235 0.9497401396873619 0.36346831590604023 0.9358904199923449 0.3160828343004234 0.9193893646980164
0 0.4249204016539787 0.9902440268100725 0.4109886782923287 1.0080126537406393 0.40657603750517424 1.0405365143278715 0.40825580689016294 1.0478933893212028 0.424190083964326 1.054234945254109 0.47784127261315235 1.0642186936807791 0.5321013955212324 1.069083623584979 0.5415972821970411 1.0684970475854623 0.5419920494311475 1.0608830903598314 0.5457658702383897 1.0520992532200817 0.5469294301057083 1.03473253159165 0.5409065487764616 1.0147152923851361 0.4841862659008374 1.0045753470623149
0 0.29902005024947526 0.9805199009933746 0.2853964379221124 0.9961638128388189 0.27280512202671264 1.014430475910473 0.27380614212703386 1.025309131626159 0.272735212836686 1.0369299624072292 0.2741157562941669 1.0528179766528298 0.2960621429651913 1.0573390712198398 0.3488389031396745 1.0597789800634705 0.40461409805344223 1.0556178420998261 0.40820090297957445 1.0474471913860663 0.4058377529246009 1.0400947775526415 0.4108165764685237 1.0083708762808437 0.40879246668765357 1.0045765974028789
0 0.4047189840244542 1.05625206227706 0.4175076715892323 1.0708477015726459 0.41915734613079 1.112793337270463 0.3571170757667126 1.1119463501873073 0.28766719102260774 1.108821944171711 0.2823447016429024 1.097750696533715 0.284292426447395 1.069112642372369 0.29419168387746786 1.0574899613666273 0.3486535135587179 1.0601660141327622
0 0.42575359840034843 1.0546566735503557 0.4177735647801337 1.0694394132568288 0.4190929432428343 1.113610340667683 0.4844403374009932 1.1275177231793676 0.5479485488030708 1.1333200913483628 0.5504869565752508 1.1227309402576986 0.5457611190214717 1.1119498139862818 0.5507105164584242 1.1041766227856942 0.5498304830511039 1.093727936397937 0.5446275926958957 1.071315553901569 0.4785634851311453 1.0645354834862433
0 0.608607560904293 1.0854944728567533 0.5487098549511302 1.0756976955914028 0.5499348179741999 1.091299872763104 0.5517618391509532 1.1037132828197058 0.5451725140172528 1.1116740957551816 0.5511618757159157 1.124670811968411 0.609983587263135 1.1436686259916187 0.6734228235874675 1.153026527160401 0.6813068829358468 1.1330897837857943 0.6697677338746377 1.1193153260303947 0.6633929591123803 1.0889637212173868
0 0.6840754924611816 1.080172368456063 0.6752591705273693 1.0896914574340737 0.6657116211791265 1.0906914299827226 0.6703885440253776 1.1203375082835905 0.6818912364517975 1.134574448319202 0.7213074442271612 1.1550611163131101 0.7535655832719609 1.1595817390269734 0.792085985096681 1.1691882703440732 0.7957347906535723 1.1495931853732635 0.7978867794654594 1.1311911118575475 0.7981763378251271 1.1097224915822446 0.7522812221797535 1.104693570699978
0 0.8048771275818414 1.1181429938397374 0.7994200528452529 1.1295356181222413 0.79615456563331 1.1487168296592245 0.7996075728158143 1.1716451118051936 0.8660216906330992 1.1744060406954924 0.9272870440705192 1.171301922961287 0.9329086973433208 1.16227031892623 0.9325941028306586 1.1262217037324214 0.9231350766710812 1.1038545180385333 0.8991662093946347 1.10984737093494
0 0.93297846853493 1.1346922113153977 0.9334930508592714 1.163754983459638 0.9282547159314182 1.1723727140608682 0.930172355015483 1.1791877279085383 0.960696185509487 1.1834653063904736 0.9976635145980346 1.1816320010577819 1.0103328193377095 1.1810695081266036 1.0429357253740221 1.167869977653247 1.0571737127689567 1.1563051276897476 1.057409109856102 1.1399724213431643 1.0513999488010597 1.1138803747448371 1.0432940075659758 1.109938868750309 1.024163499594024 1.1212856771446218 0.9992457124537348 1.1304186883097427 0.946288382781724 1.148247231022513
0 1.0457501172972945 1.0387416002603749 1.0551351828279705 1.0531493694978848 1.061251619068734 1.06008520722197 1.0661472817237203 1.0869563918415648 1.0620589018307123 1.0943325021413155 1.041523242380391 1.1101583067985932 1.023816637883865 1.1212370682982362 0.9996290307986833 1.1300048148759159 0.9467081577614616 1.1473708753084744 0.9340190536654074 1.1348380378545546 0.9338711324076043 1.118919204941798 0.9273692831032462 1.0946284786179339 0.9461164727302496 1.0836955436574478 0.9532734941014905 1.0907772079206899 1.002433049599484 1.0677405362491699 1.025835267997713 1.055589587170848
0 0.9229787765386935 1.0168606369913553 0.9329846522201093 1.0322905884820608 0.931962819086688 1.036355711311199 0.9405802005681441 1.0427068463995595 0.9400343984056289 1.058528461619545 0.9449300610606151 1.0853996462391393 0.9186435790767455 1.0985491713870126 0.8986183125134732 1.10790022412132 0.8186234740867829 1.117263845167504 0.8096394315387885 1.09776877084766 0.8116820504463078 1.080754144172581 0.8113705980116149 1.0713586720291801 0.8478077348567341 1.062904788234361 0.8827834642323154 1.046297052597621 0.9060211040943313 1.0317850832718527
0 0.6819880380442882 1.0265744292769332 0.6780475794090831 1.0498693724894406 0.6777215644146263 1.0718004750449557 0.684805672516289 1.079807103868622 0.7527009971594911 1.1038172149859395 0.8059166653529957 1.109404439362092 0.8115726805419402 1.0821415910132173 0.8103664695159267 1.0707503632098114 0.804214623999697 1.073161388782741 0.7894057982892526 1.043030618497114 0.7846028482602239 1.0283297997021932 0.7369744714233777 1.0319422156048013 0.6998592210770271 1.0178566880247366 0.6901481405518944 1.0253800213427418
0 0.6761278456063722 1.025285596608165 0.679178782446872 1.0444168028196656 0.6767924439071628 1.0880359636987675 0.609264827689822 1.0860541728297362 0.5466828459626977 1.0702701285843694 0.5426288279858327 1.0594149945703026 0.5467536645136299 1.0515764019903395 0.5484494217109903 1.0345131664688745 0.5504555839837204 1.0179610220740074 0.555273096572513 1.001335266170013 0.6052586868295409 1.0167568387861337 0.6491642974805942 1.0247800913979574
0 0.5653622586459788 0.9489761543341677 0.5622967592457149 0.961171522821583 0.5572959161236533 0.9712253091098356 0.5581209035233645 1.0007991723806737 0.6056420051744892 1.0163429653523073 0.6492007541153835 1.0243176091177448 0.681641176334129 1.0265258204305476 0.6894908737663654 1.0248203213697582 0.6955135500218483 1.0107014122523672 0.6895429403202414 1.0019156454074334 0.6925709357263929 0.9812983781834278 0.6836608538073 0.9697627203199621 0.6840972860654476 0.9553285519406133 0.6175373417090059 0.9544175521711633
0 0.6954874665095306 0.9442997957664532 0.6908511897353611 0.9497287592525842 0.6846816395813982 0.956813216474021 0.6836608538073 0.9697627203199621 0.6922240740162338 0.9812497693370421 0.6895429403202414 1.0019156454074334 0.6955500066566376 1.0102389299721553 0.6985446875059691 1.0167372880787697 0.736700522982797 1.0309686421979913 0.7913390472924042 1.0274034386626714 0.8133361142122637 1.0197314858473145 0.8181161228069439 0.9946838312067295 0.8119236312186324 0.9620198149926606 0.7407628193634874 0.9571909154123265 0.7265050326121737 0.955660434990728 0.7154971231537159 0.9573909367142589 0.7058943651736278 0.9546424421748249
0 0.8241742083378929 0.9712180587923237 0.8161245230939775 0.9799094009026813 0.8187733895924729 0.995243531179713 0.813062165771683 1.0187579124405044 0.7917223656373527 1.0269895652288448 0.79013597834436 1.0426653539096733 0.8038313056547486 1.0735752622165675 0.8481910532016825 1.0624909148005346 0.8828563775018938 1.0453720880371968 0.9057471556537506 1.0308115098650428 0.9275056834084954 1.012819120345861 0.9257140715072081 0.9910588469922444 0.9148498938692611 0.9731706575613212 0.8942027697959261 0.9726151470256298 0.8645382886177766 0.9796801875007152 0.8320989137583539 0.9863563572047154
0 1.0592162312057167 0.9835825920805151 1.0637077288000523 0.9888879387320357 1.0709772621536304 1.0212352992050493 1.0450563938769761 1.0386443825676037 1.025488406287554 1.0555409783244627 0.953346407371069 1.089852243360265 0.9457696110200904 1.0836469348110622 0.9399614851360504 1.059453426179969 0.9416207856986214 1.0428526729387162 0.9226319148285343 1.0168120281449697 0.9281264935592353 1.0138413025990565 0.9264807081971049 0.9902311001245913 0.9173143824751643 0.9730484372058082 0.9357699190238539 0.9658153604870195 0.9375240269310288 0.9791537351040457 0.9453945710789674 0.9994279474451568 0.960126294082541 0.9949461582239971 1.0094337708383376 0.9878283194652339
0 1.0600296976528742 0.9154282641665236 1.0663659210616963 0.9284735892261384 1.0767540677287375 0.9346052862662146 1.0770697096007225 0.9795382824768261 1.0090504524933892 0.9882421928990605 0.9598158890071711 0.9944350670973993 0.9446643910238599 0.9997932120325977 0.937560483565818 0.9786912528238334 0.9363355205427483 0.9630890756521321 0.9610522725120354 0.952057526519777 0.958914846259912 0.9391330253365776 0.9636604929384492 0.9323166150098103 1.0147387348798305 0.924979338202763
0 0.9392666138856497 0.8947639185362423 0.9443976736277814 0.9053023968092536 0.9531973382831836 0.909341120496553 0.9546597931120449 0.9263793533552765 0.9636604929384492 0.9323166150098103 0.9586044411845422 0.9386219342099796 0.9607418674366655 0.9515464353931794 0.9364448904471159 0.9617016288114955 0.9343824721832173 0.965620925101477 0.9152332122142095 0.9727567841274946 0.910595888080717 0.9693013665968228 0.8645382886177766 0.9796801875007152 0.8324093188337238 0.9868674483313132 0.8225117656973526 0.9611656689831684 0.8261991226076792 0.9588768637657518 0.8288062956747702 0.9302515712389821 0.8803220172336221 0.9173645070693888
0 0.5628417981154762 0.8924184682095898 0.5554060506390719 0.9057782414359066 0.5530057377668889 0.9237714420503442 0.5566120722873727 0.9465341748227827 0.6173639108539264 0.9543932477479705 0.6840698912213895 0.9552311945999324 0.6925278907749443 0.9413600509511983 0.692115177556148 0.9092254522190034 0.6829382290515676 0.8948468482893249 0.6567402702563634 0.8846292151946611 0.6107622469743653 0.8886599464720053
0 0.7000875707154801 0.8952862561853294 0.6931884689220035 0.908066606604289 0.6935501428520947 0.9408486805287809 0.7070975489046802 0.9558397559229185 0.7262913947228936 0.9552564229740884 0.7403739801553545 0.9572299421373449 0.8118339458876358 0.9600433632232995 0.8262227670523261 0.9581320312327737 0.8264735645866939 0.9175802550007172 0.8135371636955149 0.8823813438754913 0.8065607698174548 0.8899138403711347 0.7471403516663857 0.9025348127167948
0 0.8336234639145379 0.8642481283497011 0.8835111248431446 0.8542190118439654 0.9455374793242686 0.8334530715382032 0.9522601430618565 0.841596084427569 0.9588063687435555 0.87066246062526 0.9622581190948722 0.8829294855510659 0.938797360609116 0.8940435300743667 0.8800171330214368 0.9172282626515993 0.828954102149565 0.9297111751566433 0.820490237383801 0.8938297851112823 0.8165266278423828 0.8755993786849232
0 0.9429374082064228 0.8913505731924004 0.9456993950086972 0.9061394465024546 0.9534690973162618 0.9072282846614926 0.9544169899149334 0.9263453271628066 0.963286236384232 0.9321706488227437 1.014528637918097 0.9236406398564219 1.0608128969323247 0.9157250574252954 1.0848103011010086 0.9040315900946375 1.0869802040224934 0.8827329611337746 1.0850100593466714 0.864127289054878 1.0715647318714956 0.8478412632761465 1.0134990543256852 0.8619613431612203 0.9610812828485548 0.8729451481268505 0.965171757460209 0.8833377998607052
0 1.072553399637506 0.7792438966204971 1.0884267590837957 0.795870184323928 1.0929809862029511 0.8377499595976804 1.0725869839486462 0.8473298928537293 0.9621035349257052 0.8724337777044333 0.9516462052943453 0.8369276533116098 0.9574720157219664 0.8253061485073646 0.9642952917339118 0.8197160775886125 0.9663383295851604 0.8062552033202541 1.0200087630901395 0.7980654562786317
0 0.5596889519811273 0.8140759250123829 0.546043866260289 0.8376942002734108 0.5445929122898299 0.8872425768126861 0.5709687754439752 0.8889749800225485 0.6112478533685881 0.8887279988569451 0.6776709181935958 0.8744698591312551 0.6776169462987864 0.8502410674765045 0.6748024539047548 0.8236615359352236 0.6147928844790008 0.8250712728570143 0.5867560449873674 0.8257246132615205
0 0.6906728807449398 0.815411556791607 0.680782848501543 0.822535738977611 0.6773340307563309 0.8351449808988528 0.6772626038839566 0.8796496606696315 0.6841646382835378 0.8917455770977195 0.7481626037435363 0.9020234422943775 0.8071484547890875 0.8886869423714804 0.8110303733367651 0.8643550946039519 0.8042289512115415 0.838526094367746 0.7351707646544955 0.8301576060908774
0 0.5684735748505809 0.7524627256313847 0.5598872439237378 0.7617334905490996 0.5556976233407783 0.7775120560468866 0.551611547638281 0.8044338045836034 0.5591523062981997 0.8146553478197399 0.5868070842760724 0.8250771380692234 0.6157640972674464 0.825207377626894 0.6894975108016747 0.8178653527909155 0.6913086723991728 0.7886609167526082 0.688750842751718 0.7712821426733658 0.6802899105920587 0.7602770194750524 0.6273340271289483 0.7594021138245161 0.6031820387910972 0.7605998733085414
0 0.7018082435009239 0.7488907654119922 0.7013488899025797 0.7547180421426655 0.6934012832360741 0.762114433868429 0.6918701045749267 0.7815386896373407 0.6935354798215717 0.8164673462935433 0.7347872368376824 0.8287946033213434 0.8052001639999871 0.8386621991376257 0.8266937104160259 0.833818749382476 0.8306514547452348 0.80229662211474 0.8265609801335805 0.7919039703808854 0.8207059843039761 0.7727538792224697 0.803787052590762 0.7756198996728904 0.7530535776408935 0.7652370232927178
0 0.8310860218507526 0.8030121496919769 0.8261570647330981 0.8343981721898331 0.8226572076991812 0.8476548893033719 0.8366902201459894 0.8627140170824491 0.8846354554977048 0.852412691036954 0.956398724356111 0.826464994122079 0.9652665045223573 0.8198521823584922 0.9647283925363773 0.8079934717423257 0.9568536790452983 0.7833233171208343 0.9508718181454577 0.772010980654923 0.8830181869336602 0.791960292341407
0 1.0748705552128963 0.7062503083886479 1.0802647311411042 0.7187895428542133 1.0925332223699624 0.7250912312087295 1.0994644421715267 0.7679587435994785 1.0735246124259517 0.7793800013903768 1.0195741959846216 0.7973499287013949 0.9667218574019734 0.8076182060897882 0.9511532673848608 0.7746689338090511 0.9575930155799932 0.7677158601207651 0.9698075349140419 0.7497887568205308 0.965307279689696 0.7321377732015288 0.9736646669688933 0.7319997133609126 1.019361241011488 0.7253110289294405
0 0.9428118687801761 0.6936353888006144 0.9602455922895963 0.7216090166977945 0.9699096134914518 0.7484938064359367 0.9581807005516259 0.766488962121111 0.9504882903286448 0.7706479778853891 0.8825325805394375 0.791892239956467 0.8311370611394575 0.80236467449968 0.8217792756698314 0.7715950336077554 0.8308264264980711 0.768935125382891 0.8376205171080333 0.7325734585014779 0.8892712329515378 0.7188636479967797
0 0.6973794151489523 0.6867351020222113 0.6956440793329854 0.7087492585603111 0.7023959284725565 0.7476638674123378 0.7531046169295985 0.7645895481004207 0.8033014461965392 0.7755518472879505 0.8308774657867761 0.7682876501905939 0.8376715563967383 0.7319259833091808 0.819189328014289 0.6985683967188047 0.7739521075700384 0.6994298044196033 0.7190275457341582 0.6923873601136942
0 0.578458354156126 0.6818529259431679 0.5654009534069202 0.7042443032045416 0.5695687201031581 0.7198848088617126 0.5643072744573955 0.7492603533977377 0.6046898972624706 0.760156555271064 0.6283052399173938 0.7595382185943956 0.6803409498807635 0.7596295442827552 0.7015792998532779 0.7580234704890906 0.7019103220783337 0.747595815027398 0.6956951186216903 0.7081017833680141 0.6867471137647558 0.684590474361237
0 1.0799992705762134 0.6349599848510322 1.1022613389289306 0.6452806740584741 1.1068140997450335 0.6747223159087028 1.1029059284014773 0.6931588345606179 1.0763784136842696 0.7058069903511704 1.0188756346172654 0.7252429765445007 0.9737157062575983 0.7313522381686157 0.9551809722833917 0.6862039933470127 0.9646874767099756 0.6777168083914747 0.9543059728601467 0.6350204044984438 0.9693830912708272 0.6181490907001458 0.9769515690296768 0.6467040964754197 1.0311338617247574 0.6444777309343505
0 0.9387403154491389 0.6269473990647544 0.9545874220995498 0.6376783576525719 0.9642529096044578 0.6770012808142377 0.9428629080688811 0.6929879136083174 0.8893222722402426 0.7182161728044827 0.837722595685443 0.7312785081168838 0.823432920492058 0.707018622875768 0.8255780369207164 0.6922627982228157 0.8367192648889097 0.6754945405372957 0.8328825204177277 0.6494263794184321 0.8272579345388216 0.6335817166064416 0.8480865038986443 0.6247173109276296 0.8517949169965379 0.6461850933154739 0.9081485789161554 0.6350982322370657
0 0.5842257937797808 0.6086882292136009 0.5662860762924684 0.6245037535099626 0.5580103800070116 0.6672040675444663 0.5523887267342101 0.6762356715795232 0.5793785276558667 0.6826365059053447 0.6872837594476835 0.6840110515538799 0.6939524512904618 0.6679252727884951 0.6923133288396955 0.6388919452479057 0.6775395135551399 0.6270021410453739 0.6386910020173167 0.6215579502501836
0 0.8240628469340816 0.6305154491426742 0.8303524098692039 0.6503810678783267 0.8366171863115 0.6767894909218898 0.818805800197476 0.6972053939492705 0.7740031468587433 0.6987823292273063 0.7200497978113087 0.6918759896912768 0.6971490051982541 0.6834296736757862 0.693466844896239 0.6678572204035552 0.6954573771557304 0.6426056879039702 0.7006429970199619 0.6204204228681525 0.7220855041472958 0.6162244483052998 0.7620845991355578 0.6257576474090919
0 0.7175531309148621 0.5429256018765893 0.7082785027420289 0.5671563486020762 0.7107094673192473 0.5923728773738232 0.7096886815451492 0.6053223812197642 0.7218040549078927 0.6135664951511716 0.7626212448184856 0.6251782246017347 0.8221204213571904 0.6302432396029146 0.8451976520261337 0.6177661923100799 0.844557461462744 0.6072024320785074 0.8496672555454441 0.5922074465428971 0.8446813939268756 0.5744884105389554 0.8285003324453041 0.549308840565783 0.7442614825971156 0.5466684830482826
0 0.725262996115408 0.47003311468678194 0.7166008394070336 0.4864941591047041 0.7181349506742855 0.4919461701828401 0.7131272351689951 0.5056462053338562 0.7100896643395269 0.537951912563769 0.7205178085689037 0.5426864409939316 0.7448491675687481 0.5454415850486284 0.8299571516279725 0.5495129977206027 0.8502228225089888 0.5353326857335345 0.8488155763119731 0.5220429199628941 0.8510875578108678 0.4994493406174372 0.8490415873535144 0.48803394803874794 0.8336027950127427 0.472123187912554 0.8024991992896577 0.4743106395843122
0 0.954985472287823 0.5454316221495291 0.9809282346395028 0.5588866312056783 0.9850974676387929 0.5869652702863729 0.9676710756446343 0.6211823095068114 0.9373345355551754 0.6260957667176376 0.8521784448133508 0.647548096085008 0.8448141242093208 0.616403189540546 0.8494630983906245 0.5947973473120854 0.8448855510816952 0.5718985097697672 0.8884603288854055 0.5609847122598133
0 1.0740348646539377 0.5549141769595919 1.11137698402344 0.5732398192157834 1.114675616508642 0.5874492697184804 1.1131196513546684 0.6134163297953024 1.1084692108703122 0.6225840386002391 1.1006236827812166 0.6286854799414084 1.0306992946192395 0.6437622033571135 0.9780758996842371 0.6448977756684082 0.9686933277217848 0.6206709390843942 0.9849953890613831 0.588260220670967 0.983408772202374 0.5710175513616044 0.9936065064810525 0.5724466514453418 1.0501395390626636 0.5653126939056557
0 0.9623380624674345 0.47707146130580097 0.9761158784707182 0.49536796504636355 0.9810011278149293 0.5268200848584232 0.9682747492907794 0.5387838066581042 0.954652983759715 0.543421144187698 0.8874891160969599 0.5608486074899335 0.845498022546154 0.5641288074622025 0.8373170733228454 0.5433435039944934 0.8507594681919166 0.5347532629261774 0.8494032612836058 0.52081602196324 0.8509329736417006 0.48895363277080456 0.8622535722718871 0.47613827862400687 0.9077970284483674 0.47139201976942574 0.9460563887115057 0.46562497514074647
0 1.0871870124652916 0.46903718219600526 1.1140236955208338 0.47738044209871777 1.1229221273921155 0.5139773597213158 1.111321545825578 0.5365728941375091 1.073881746787823 0.5568566025364831 1.049168326274218 0.565176589135776 0.9907949466931256 0.5707433867511084 0.9793168312876674 0.548186766204226 0.9792891121887365 0.5298533036650889 0.9818177564342079 0.5164604817816704 0.9794115783498156 0.48470114870201303 1.0084458834257732 0.49007924218299986
0 0.8585670130607153 0.4232514250812045 0.8519741469994682 0.4321469243463818 0.850930041035596 0.464077365923757 0.8676973211857477 0.4755919044737514 0.9083336741312951 0.4708125969620686 0.9459032708453909 0.46756740071763764 0.950222689104691 0.46882734737439363 0.976648125244489 0.4574741419684351 0.9933614334998313 0.444759888863679 0.9953782185552014 0.42540368547970725 0.9869158200924897 0.40196042885787003 0.96971397283682 0.3897303627306387 0.8781137349907061 0.3808213655157238 0.834591462778753 0.40352582125690456 0.8467068361414964 0.4117699351883119
0 0.9798096285380888 0.3924544131989703 1.0117546393732786 0.3733645541425488 1.053771985719963 0.3759796832858931 1.1218866785874941 0.4025455293320192 1.1280741629452067 0.42370609845226587 1.125904260023722 0.44500472741312874 1.0882092645424422 0.46852581177358793 1.008982529108701 0.48949981937564274 0.9892257848116813 0.4847672460162165 0.9834991203553654 0.4702175335888201 0.9812227399473138 0.4554967126637058 0.9932083156337166 0.4467023144405702 0.995914864238129 0.42482426267235013 0.9878870328809353 0.4020965336277498
