0 0.3561220463349518 0.4397811671545011 0.3940232212175887 0.4217445017373758 0.44875550214765997 0.4135337277350069 0.4849156487274725 0.42155746157328844 0.5152148907006895 0.43634317880640294 0.4979565652446683 0.4628144219612628 0.4892570823501877 0.4895235979442007 0.4682032689541608 0.5028817182088475 0.4043174334623123 0.4995148556041434 0.3769323883532174 0.49585258324084713 0.3543647625929517 0.4803460029771427
0 0.5068454547896158 0.3656448274656053 0.5045475237746733 0.39590084167097844 0.5108246907604471 0.4118903521371949 0.5325650901721234 0.42643813654223156 0.5867945331173707 0.42345385965155574 0.6279342932278953 0.42272593207460957 0.6442950721688572 0.4087694474665898 0.6438694196323153 0.36465433135495245 0.6453690669836002 0.3568863508747282 0.6199970760446302 0.33975774146859056 0.5706619570743677 0.33842452512266835 0.5399084960752689 0.3459535002730769
0 0.6444798890249364 0.3641736271317432 0.6457427476972023 0.4064345487561407 0.6624045279367486 0.4150519548392733 0.7105032406857205 0.4109912219697662 0.7615370635032152 0.4083519785218219 0.7788801477218199 0.39359759685859236 0.7766772263616228 0.3637141355909385 0.7722624187989854 0.3522597272261752 0.7590135136899516 0.3420527592171578 0.7127816264120616 0.3332258376554609 0.6801812897990511 0.3358415678136492 0.6591886891294998 0.3416129085338513
0 0.7565261169531685 0.3376936514523981 0.7609056300214081 0.3100923474341263 0.7930662213314198 0.2900011023098616 0.8388354988476854 0.28495682723232113 0.8726180319765242 0.29579204695986155 0.8917821390696676 0.3056594000058727 0.8941177893202601 0.32797295756884287 0.8870133059334282 0.3480589042833404 0.880703628069303 0.36107826695159334 0.8566734253622721 0.3695342784683126 0.8379431606899246 0.3790500306819739 0.8083697286753859 0.38180733177398035 0.7944528194920736 0.38310488522904224 0.7753414525237827 0.3631323663789002 0.7760146124100773 0.35374629746877023
0 0.8555184962504656 0.37213219862317626 0.8595373412549708 0.3816173981126541 0.8642570378010814 0.39103725318353194 0.88287124439443 0.39681404807705273 0.8950233945983254 0.4069494898358393 0.9012428108555479 0.4181075935137983 0.9278825370097143 0.40905055234270304 0.9590287898703673 0.39863430372856534 0.9741951146427893 0.39909833617294205 0.9905573402319499 0.3820786640019118 0.9894154138647926 0.37373378992124423 0.990572075378253 0.36893075747333937 0.9877981395044368 0.3428963220905954 0.9723377648483138 0.3368254773133736 0.9475457827385414 0.3273990007283208 0.9163331191003024 0.32706710794475685 0.9025204546878474 0.3235343688941252 0.8981116999353136 0.32431623576726293 0.8953887187760219 0.3266276753718931 0.8884071089544608 0.347937448072895 0.8824351357045096 0.3616407821595695
0 0.9082414008727555 0.3159555191007912 0.9390639787107248 0.3097444330775903 0.9718896270085413 0.31521261553494456 0.974548793184576 0.3234933925554017 0.9662151015516018 0.33428235019213043 0.948295610526552 0.326682754351911 0.9180517175452348 0.32801931309254134 0.902797211404561 0.32350856527428024
0 0.975617114621663 0.32265216016478554 0.9942740343409164 0.30719257541776607 1.0358320659860647 0.29886812135375657 1.0708582340110477 0.2985689368982341 1.1092248353514778 0.29832911796019007 1.1144018799910196 0.31749953831027616 1.1184912504785909 0.33714218209536034 1.1052088246661982 0.3543255517990338 1.080012326028578 0.3670575392019246 1.0483536593321268 0.3785379650831593 1.0114307963097762 0.39570058873994723 0.9976820087503137 0.38808294755767125 0.9917133993903986 0.36972795597835634 0.9891742716221477 0.3425245077419947 0.9715895954584626 0.3360061351487847
0 0.3773798009339146 0.5013803667489111 0.36612594320547226 0.5049723485182003 0.35393867274148894 0.5150081575030916 0.35502242477497814 0.5356726590177068 0.3577318785379935 0.5570331603174778 0.37538677372600643 0.5664055458882692 0.4054722306508268 0.57038109220194 0.4332330468997456 0.5724544448708384 0.4730572467656749 0.5742506322335964 0.4898053290277071 0.5663323124554239 0.49176727400493336 0.549197922965904 0.49244192803160175 0.5317597683606832 0.5019285622162282 0.5126524488790102 0.49046683050818035 0.5001599191589521 0.46701688483209625 0.5014987191101433 0.40460314990791807 0.4992659640619966
0 0.3901775051785591 0.5684833160805184 0.38009454650723995 0.5785511207913578 0.3643948783324085 0.5859479042445882 0.3631371543827245 0.6011258947116259 0.3630846897079565 0.6262319956819361 0.37900822216851676 0.636156993832618 0.4011415980184152 0.6404827707047104 0.4275363502536559 0.6412165355801115 0.4616391913524692 0.6453391016419417 0.47917772865287483 0.6468985823523823 0.49840272697115806 0.6414550402279405 0.5036526598328769 0.6240792906709186 0.5011397048918124 0.6087964766502522 0.4983027835382293 0.6003896522590771 0.5070708850562108 0.5913572104905348 0.5024665507550857 0.5753566165410482 0.492452713997356 0.5671625516097213 0.4743210428111245 0.5738733134354792 0.43354864104157953 0.5731109026113209 0.4056723005709258 0.5702333465990449
0 0.3861715365175325 0.6387151112429511 0.36785745473889964 0.6531362379392284 0.36705226391286827 0.6862666693643414 0.3727764798145021 0.6984465673655119 0.4030388758468309 0.7057959098448342 0.43027769225688284 0.7100368648197676 0.47647199471028573 0.7120867041989102 0.4966705369273174 0.7093559046774075 0.5008620030743008 0.6983704438909756 0.49671043664165776 0.6737541058305586 0.49979155094559186 0.6658386760940774 0.4898294665888291 0.645578165893795 0.48070119304034126 0.6472768206214988 0.46184082650313457 0.6452212011589739 0.427621438112988 0.641207298390865
0 0.39219643101506263 0.7051116667045562 0.3760897530177485 0.7252599975832151 0.36882382251922097 0.7382272549649868 0.3742405625139834 0.7627256336203981 0.38117024976481095 0.7675887655133021 0.39661774117150517 0.7712339469017119 0.43363953529954313 0.7741389919671452 0.4922356321489248 0.7763039007096025 0.5078224778386404 0.7765457960811094 0.5104988291982905 0.7669729581130538 0.5060552542948245 0.7610304583687255 0.501970040027497 0.737679293870428 0.5009681075953719 0.72463532357978 0.503651108907412 0.7091288524705829 0.49669265431575593 0.7097776291981138 0.47712669887978393 0.7124494490171139 0.43095451381481964 0.7108213341586777
0 0.394065276658828 0.7710481411910167 0.3800687154054199 0.7829477873662422 0.3776511227546425 0.8035149527239165 0.3803505660432771 0.8302741798932618 0.4117842848252293 0.8309836089558743 0.48209795108692755 0.8293680996216765 0.5017252002978437 0.8280581633906534 0.5094102796261887 0.822141388711063 0.5125139175323646 0.8106714800222997 0.5061072617144234 0.7889077320114127 0.5116441056587959 0.7829312371399141 0.5118639763279806 0.7722502237052079 0.5087684985227454 0.7764390208104192 0.4929681789196129 0.7763521002820419
0 0.3978254998197505 0.8325450792621067 0.38315016292261916 0.842753771228843 0.3801469251647307 0.863574770025104 0.3820942698408847 0.8821141098662567 0.4049404570171602 0.8901245170602823 0.44729584317444043 0.89085570639207 0.5130063378818756 0.8907094273167583 0.517268928777558 0.8715910994797214 0.5160164058609624 0.851426902246124 0.5031243337976435 0.8287077517130333 0.4120054853741562 0.8314830102119891
0 0.3985228909275502 0.8904628511155447 0.38604598948853497 0.9054068083279376 0.3846983859426212 0.9206131797501279 0.38719261191538695 0.9458618564192319 0.40671671080728755 0.9500218005633089 0.4565820957676591 0.952652914804916 0.5167503366005088 0.9509432717020575 0.524288895756893 0.9273593060694446 0.5292327383809804 0.9063573735244698 0.5136156594040422 0.8911726418231304 0.4474491935675997 0.8900613710707193 0.4475034736922139 0.8910963603326918
0 0.4058006884988023 0.9511472566996385 0.39248510488775246 0.9724097097330963 0.39100180103030335 0.9850286080003546 0.3947146700474027 1.0112037136822032 0.41683348547160004 1.012781624738642 0.4600370437815979 1.0110936213566342 0.497684778185857 1.0075835066315864 0.5232193422327616 1.0036426972556052 0.516781466302043 0.9850020104055076 0.5229357918695231 0.9722076184568293 0.5308136018047455 0.9550923357115463 0.5215598087928033 0.9385342806929721 0.5169715371494359 0.9514426729581724 0.4567897262854326 0.9528935687455379
0 0.41153957220824877 1.0122351565981964 0.4011389759469678 1.0295856532168075 0.4001659233431402 1.0444970905737618 0.4056063567784523 1.06271074966723 0.4181266280704129 1.070903863782959 0.4533872764601487 1.070216436086171 0.5051742863253529 1.064868010364526 0.5327620955381551 1.0591756899720002 0.538472690128039 1.0342020808202708 0.5297834284943324 1.0209715541533653 0.5234920727355746 1.0199980582562904 0.519961024053684 1.0047265265748981 0.45966249283951166 1.0113885554218704
0 0.5264406130800685 0.42247659551483285 0.5156032209887563 0.4352009256004253 0.5001251596186154 0.46313975526899426 0.5023202457345107 0.48106374599427243 0.5083451508794565 0.5042087072033097 0.5530410904057997 0.4989258384866892 0.5905766685344367 0.4887325248994867 0.6098626666116608 0.48553986878595423 0.6209722441128155 0.4819939380649893 0.6366453349878171 0.46575082238836324 0.6375871882306544 0.4478132590981194 0.6287252144181165 0.4224226931732966 0.587393305501058 0.42404508605726043 0.5323811328657644 0.42805857788513224
0 0.5117484726887007 0.5052859075770725 0.5028471106966217 0.5150407071805492 0.4924653276013512 0.5324638977709139 0.4923124422863247 0.5494911940656994 0.4967143174163583 0.5616313866333348 0.49878715346798136 0.5692473893536101 0.5058645560013753 0.5685875224256085 0.5163263479915022 0.5726323512882372 0.5330998834041167 0.5693950441871997 0.5833477102013721 0.5582953968971471 0.6178482401881001 0.5500584722566263 0.6270203610950844 0.5374894049776225 0.6266943285971646 0.5232957842091877 0.6310642389610882 0.5108955523017381 0.6272373699014937 0.489776874163569 0.6103226520720959 0.4863336886764711 0.5906203361987897 0.48956516049165066 0.5530702021820352 0.49948092888146506
0 0.5209495114127572 0.5730380141622825 0.5074453448468716 0.5907523225150009 0.5015644751085838 0.598273187974408 0.5034014669808679 0.6173461751908853 0.5067872829325383 0.6340435380216699 0.5197469816991573 0.6378554726744158 0.5579856189218363 0.6370792879475816 0.5956288912266277 0.6369164171679942 0.6301250447489622 0.6325845331417287 0.6377148533359311 0.625741040467897 0.6385199006263786 0.5972179439752624 0.6405942601525205 0.576943572000973 0.6460864973760244 0.5580239455978346 0.6387907565208654 0.5545206345650163 0.626245949055391 0.5386772171704689 0.6188890346783051 0.5499614330025083 0.5831832189676841 0.5591474403401347
0 0.5096825751526011 0.6373993235270076 0.4997665804770963 0.6637039604337879 0.49685378239945965 0.6759683373854726 0.5016588459323948 0.6997848360942273 0.5236086685147362 0.7074999093679789 0.5692828025144203 0.704914861221944 0.6248219370914067 0.69499528884563 0.6321700985397057 0.6915211542421013 0.6338368931985525 0.6634755167409483 0.6337074136800123 0.6330872352698919 0.5968924005029913 0.6370775152604407 0.558000174809954 0.6373568331449695
0 0.5191090846731092 0.7692779432738099 0.5118395056247294 0.7822274302901774 0.5057359211002829 0.78949015840302 0.5133387621008505 0.8108145856211407 0.5106879700093321 0.8280747761258093 0.5597072022657898 0.8254567475639852 0.6065764425656428 0.8177400309092012 0.633626919887248 0.8110344244904931 0.635832282406449 0.7932579592926957 0.6437554499251872 0.7808053391186336 0.6398907161605705 0.7669416518141995 0.630213515633861 0.7658915965703678 0.6236092279540826 0.75563016154612 0.5627452973567365 0.7677196092281746
0 0.5250028898454143 0.829808039441074 0.5152120952036379 0.8505229566984475 0.5172092018452163 0.8726489410861928 0.5192005055274641 0.886687299048039 0.5349579817617155 0.888007162210151 0.5805884480970467 0.8845894784719519 0.6474496955376221 0.867199526909594 0.6530627563304608 0.8465952214713042 0.652605720839482 0.8299036939263771 0.6465836686844109 0.8307440667976489 0.6356327794576133 0.8253503276497275 0.6322280311534316 0.8122804602358101 0.6070073162498424 0.8179787604049421 0.5595572669202196 0.8265863362043606
0 0.5356406820083093 0.8890591194472321 0.530371159570964 0.9082368831969351 0.5295937975618146 0.9253224030441913 0.533560422543255 0.9411289067303411 0.5391865157496927 0.9486925211840038 0.6072341165616499 0.9339809823414078 0.6585606025541324 0.9155293049635024 0.6608256151207414 0.9108556875954115 0.6586989319810411 0.8982244634713289 0.6621444949597013 0.8881416323971013 0.6622304037934701 0.8778142365412748 0.6566625341395032 0.8713608028771643 0.648030504567392 0.8663086677649593 0.580617559873282 0.8851445688667279
0 0.5345677287928312 0.944381817695703 0.5307204039062068 0.9547810096689657 0.5232382894953925 0.9716549451504123 0.5168159019272943 0.9848043459608737 0.5232323895564801 1.0034503604592322 0.5235249338137711 1.020993931447147 0.52956154185696 1.0204311037732632 0.6041290449894456 0.9984180211161773 0.6503869379883559 0.9790444061710977 0.6475426398664957 0.9567185079892587 0.6504073938153859 0.9475265360596657 0.6532168741812615 0.9213266756861107 0.6083331346043255 0.9349941238768418 0.5394092305358514 0.9489506585305681
0 0.5451734592100347 1.0189755149614952 0.5377190300805184 1.024411873797563 0.5395065513291185 1.0345645989959775 0.5381906214596149 1.041380946539878 0.5435910499104377 1.064584131301386 0.5967632807039912 1.0573953599114467 0.6724690930791121 1.0411330949962148 0.6703992069969452 1.0176193846215293 0.6675694647632028 0.9955710316370784 0.6505921469169407 0.9949227059746842 0.6486299550109283 0.9814394384076138 0.6046326981142337 1.000044476598858
0 0.6679799108191586 0.417089338183313 0.643069246030434 0.4247110468833375 0.6366512349267294 0.4339554070795433 0.6388943651713711 0.4488069927827299 0.6368389379977403 0.4654538693401516 0.6464360326500119 0.48491894686570863 0.6630945474526223 0.4914539452257216 0.7309063040852404 0.4881993908793278 0.7613790355686011 0.47894348941751486 0.775875952495945 0.46420454683277024 0.7711509948374479 0.42197302584228996 0.7607372469760674 0.4148557919575697 0.747496609870819 0.40967553916870747 0.7014643816275236 0.4134095838059415
0 0.6491668336363867 0.4891267758140337 0.6363934114458414 0.5048206363817417 0.6361691731851639 0.5324528737297416 0.6387470888565123 0.5536879989728521 0.6481971981326697 0.5583849574843749 0.6653782984125793 0.5629189159102012 0.728310688597155 0.562350511562677 0.760129888221192 0.5588260199918941 0.7735044782889556 0.5506064719028383 0.7747840669279558 0.5231547404981085 0.7665392433756912 0.5175086992894804 0.762330971255581 0.5050715536736334 0.7612508855654165 0.5004309167213318 0.7433085026389941 0.48536964864558535 0.729671906585112 0.4885933831816573 0.6629155003308167 0.4920284434713212
0 0.6463092121621831 0.5582820829443992 0.6410688015010733 0.578014937088878 0.6399275422889817 0.5881618270014343 0.6377309326985676 0.5981282109707206 0.6387512713617426 0.6295490418280346 0.6570459455724456 0.635373686986683 0.7004448875817965 0.6332796703970954 0.750746561467129 0.6271952445108503 0.7717604307455455 0.6210524657660258 0.7723529426735585 0.5964538177384702 0.7682858529702316 0.5906971647107587 0.7691607297318113 0.5794595018594738 0.7621794154559105 0.5739745587432924 0.7608125884677857 0.5598779772289754 0.728978832955631 0.5631249236023703 0.6654074101888148 0.5634740063049771
0 0.6388822743548017 0.6320469486045265 0.6342342786421233 0.6670641964561687 0.6339940579983907 0.6824262215666262 0.6440467616467039 0.7065901595969556 0.697233548328375 0.6996789334044045 0.7387241455197908 0.6891168706515541 0.7609331210983759 0.6778424233979806 0.765515566824734 0.661517743025452 0.7598575088521864 0.6294137040967046 0.751579197059293 0.6271176131075561 0.7009048730422316 0.6340734902876123 0.6571332809011516 0.637038958171011
0 0.6379897947560667 0.6987878156475521 0.6336504226633156 0.7237358049899324 0.6268961026583854 0.7544870003407786 0.6312397542359482 0.765517012118862 0.6706982330706379 0.7640692898923104 0.7205588538480465 0.753563548698681 0.758021652536095 0.7419825091245386 0.7601891503502738 0.7314610347604762 0.7603187268483955 0.7219662744968137 0.755988204664013 0.6992211408759639 0.7542676598966706 0.6823685152385904 0.7393922898782668 0.6898912826912474 0.6981389633611275 0.7009890279880501 0.6446857942289446 0.7068094812418728
0 0.5094582399123421 0.7049146026097265 0.5027796493174562 0.7211558162931028 0.5019003960914831 0.736298519758643 0.5058728240322543 0.760192649870692 0.5116342966961446 0.7663491304865909 0.5194526230286028 0.7678514015852227 0.5633406622746241 0.7671062952809279 0.6238028309640058 0.7553332084979081 0.6270751497801911 0.753912502095179 0.6328177870711518 0.7238134363932266 0.6380334624204197 0.6996204512397162 0.6325529280951588 0.6948322887599336 0.625146543094389 0.6971962425739102 0.5697864556392085 0.7065413167046248 0.523875050965248 0.7085906823067072
0 0.6413209985137626 0.7666833365200753 0.6447417390063095 0.780690457306429 0.6353080944783279 0.7943042823015123 0.634398339451322 0.8111028360971556 0.6363755814373511 0.8260404345532725 0.6477179171822968 0.8317480054238758 0.654148231926305 0.8291587401983654 0.6675198007619132 0.8223407879245359 0.6804219677843145 0.8179542766953295 0.7300699535523216 0.808549957513367 0.7633825428704042 0.8006686812588398 0.7643193111320907 0.7786943108318124 0.7605330126622984 0.7690986791446179 0.7594197790661299 0.7592538222511159 0.7494025736920364 0.7446678898030146 0.7203726978916338 0.754537540068729 0.6710217193318071 0.7639141675611018
0 0.6684315911536469 0.8226537224666739 0.6621881953143693 0.8288070741903498 0.6626388637251117 0.8430911118726009 0.6668613063059424 0.8610029453888477 0.6931786150630641 0.8677019894454077 0.7621133359603356 0.8732131891669864 0.7890786856031791 0.8695052165815991 0.7980574526176576 0.8642906684843373 0.796992001023362 0.8496660045703585 0.8005478076893116 0.8377940421997915 0.7954073302492588 0.8251411003836981 0.780646289376494 0.8225378970645224 0.7749803482891457 0.8055565412180389 0.7742596859049033 0.7861243785939934 0.7656257081004781 0.7865314279811884 0.7637003188457769 0.8010369991801575 0.7304084982948866 0.8093142850455918 0.6801664981105185 0.8187739876067338
0 0.6634841387125078 0.8648993321620898 0.6623126695442177 0.8880894231114288 0.6586945565766914 0.8987733566492739 0.6615212826528774 0.9128358608148073 0.6623104958061847 0.927884226029283 0.6880337901469455 0.9346386534650225 0.7298017181969384 0.9343259034206249 0.7705540120192362 0.9317201707795532 0.7914546048953173 0.9261899743205166 0.7949128121927934 0.9067661376531223 0.7939366801347553 0.8881536859404809 0.7823721324181826 0.8725181831076064 0.7622171797962971 0.8751932372215228 0.6926053694138956 0.8681533824354947 0.6651000318240521 0.8615651051372933
0 0.6566528345510523 0.9224425322782893 0.6514894146057744 0.9491883837691427 0.64721498092031 0.9587396718534453 0.6504155448059574 0.9799303490153092 0.6517987723756258 0.9949233308506056 0.6717813303924848 0.9946520260917225 0.7316106363073962 0.9858902279073379 0.7781639373904452 0.9743867679558292 0.7735759368323689 0.9608864235387417 0.7717628096191504 0.9320054136321015 0.7295462485231426 0.9351456143320291 0.689007886840256 0.9361396168398824 0.6635608309404833 0.928961488103646
0 0.6756631928660228 0.9946880437379632 0.6711478138064669 1.0110268785868688 0.6736733235717118 1.0478003890220646 0.7057085645208152 1.0440176673245587 0.7766309809743647 1.0362113246798905 0.8017997630684215 1.0267016663788422 0.8012577397566941 0.9992939281574723 0.7973883662181325 0.9881142580266489 0.7882767067682843 0.979413086362977 0.7771898406971346 0.9728858045809693 0.7304433762418667 0.9863970042766042
0 0.7781487614590675 0.38224453120849394 0.7902429819256966 0.3795251334916859 0.7947333831152996 0.38547360361194577 0.8089066540391918 0.3825603640680095 0.8364867868655885 0.3791930177143496 0.8508054391598268 0.3790518454467641 0.8590946277541988 0.38345229476963566 0.8643867310320856 0.3933054776197886 0.8825602325651815 0.398376139629828 0.8953190535819642 0.4083290494620522 0.9008873953008393 0.4177585310117082 0.9005113837533449 0.45042516093323165 0.8756603776346608 0.46030313715559695 0.8424703655550042 0.4534489827377863 0.8030577264032626 0.4531441896545587 0.7863007101420039 0.45231886660614024 0.7756417083496766 0.4425681245576953 0.7715708916066801 0.42185653207550783 0.7691720298093166 0.404570567643537 0.7787510557076442 0.3937288099248046
0 0.7848779804026784 0.45364535388681076 0.7755046068115463 0.4513357193768344 0.7758929689207117 0.46443172822636375 0.7603260168569024 0.4806071267573677 0.7602034396184763 0.4953425574297057 0.7626147903508163 0.5014848693770937 0.7667126203284931 0.5170206452278969 0.774808645550646 0.5234288342948945 0.7798515236222254 0.5285299018141604 0.8511685466524286 0.52824774177673 0.8850065996178069 0.5246948795525929 0.8967830441090633 0.5216071639144672 0.8969118658149777 0.5012999069998381 0.8970822250552768 0.48178466930702335 0.8878044154678901 0.4699154207560934 0.873940640687155 0.4616573161258572 0.843658394387726 0.4533382159794273 0.8036932783540081 0.4538808254971937
0 0.7783249500469386 0.5278763410402946 0.7738656328214712 0.5509750309642133 0.7631878976266793 0.5579397676426424 0.7635970285030371 0.571431786103079 0.7702080176842878 0.5779784336180251 0.7694498884951162 0.5919772284477279 0.7726276482488437 0.5956604076609032 0.783417507111813 0.6022153811325004 0.8409060484281772 0.6000389619289397 0.8844830329619334 0.5943842451156197 0.8982616973091719 0.5839468229644454 0.8982804307116365 0.5672313442375714 0.8949552542228354 0.5436646094102638 0.883604638645674 0.5264173764441707 0.8514447850934168 0.5278240404762329
0 0.7834798134133898 0.6034034099652222 0.7757638704681866 0.598551567652264 0.7727667851517015 0.6040043011795454 0.7713045532427192 0.6216502575761828 0.7621326228560218 0.6288725454175704 0.7674558100980444 0.6677728883119021 0.7793984047268392 0.6678532495610345 0.7834464173379156 0.6710573440945332 0.8464950205409393 0.6667707443451385 0.881354952201501 0.6599390384753845 0.897509674214183 0.6492800828074924 0.896795256297429 0.6242760939411555 0.8950734839851955 0.6085187845736343 0.8821692815980666 0.5957938074650594 0.8403328027790087 0.6004903549190265
0 0.7636362539260834 0.6689248994983831 0.7600181409585569 0.6796088330362283 0.7562006201513233 0.6978723325604905 0.7617294597005415 0.7236212832261134 0.7801376621402407 0.7274762247138412 0.8260844598719523 0.7271718006260949 0.8597501182323041 0.726022687756991 0.8913637393700733 0.7198916000836314 0.8927699094449668 0.6954857886119808 0.8906888236229762 0.6785681421013278 0.879952991229368 0.6616615353669623 0.8471098037244924 0.6671113705768663 0.7847175212394066 0.6725306157798033 0.778590458171067 0.6695203630734327
0 0.76297979483484 0.7246985453004764 0.7609983437460504 0.7324442614244321 0.7579742451948848 0.7430728115830977 0.7557643376669796 0.7464624219870738 0.760352338225056 0.7599627664041613 0.7656111838007742 0.7805635921279896 0.7836393039635239 0.7828621868616783 0.824813217597156 0.7826048201964602 0.8875232760576144 0.7775538929148408 0.8894819230144844 0.7523006788421963 0.8872076738202748 0.737390772075669 0.8793318252050211 0.7237990266331614 0.8598539620682656 0.7280027358115273 0.8264853109160942 0.7291241569910415 0.7801999684418177 0.7286642535465632
0 0.7786109501916486 0.7837289551956109 0.774324027571208 0.8044238957644966 0.781855086976408 0.8228231399170708 0.7954280990164511 0.8255371099946053 0.8029030965875628 0.8371764990721665 0.8172009801146086 0.8366393171936739 0.86301067630819 0.8451024879250664 0.8724941382027719 0.8438203442472876 0.9098069581300583 0.843922969546736 0.9124156813373777 0.8253742271699253 0.9062533252021417 0.8160001289994488 0.8999933696984325 0.7990741565321446 0.8886697673559516 0.7766511069346672 0.8251725311069132 0.7837651573395923
0 0.8163307272572596 0.8371184018733503 0.8016735302204564 0.8364952466087109 0.798393961995495 0.8479435076787807 0.7983336910586457 0.8638669671838404 0.7890579168359868 0.8691092069706917 0.7854252795687563 0.873825304655338 0.7951247089674771 0.888042919182122 0.8011769767992634 0.9010087955403536 0.8503846093534715 0.9059715891094112 0.9118526125118471 0.911383061848919 0.9158362834566192 0.8962876392119147 0.9157033910212495 0.882371919450981 0.9109429958581466 0.8712753243889267 0.8994117058437427 0.8448921786823768 0.8734890036632748 0.8457173172330547 0.8624374306590215 0.845553880915153
0 0.8029382512811536 0.900446635791908 0.7954652890747698 0.9059187350521282 0.7914961424297019 0.9269819935423312 0.774138867284594 0.9317838801153835 0.7741699512487298 0.9608310401595622 0.7795866671297705 0.9730602806751588 0.790991309176293 0.9799558803784838 0.8125835158372079 0.9819221748370954 0.8405852684749391 0.9809031944592895 0.9044896002356075 0.9701696741770195 0.9051438855888178 0.9541908312927806 0.9035384460475223 0.9292699174952131 0.8936313289768785 0.9110922068593567 0.8507231540960365 0.9067359166416361
0 0.9095304429424593 0.9581592533585042 0.9165132345684438 0.9547225855319997 0.9235395990935407 0.9691894252650912 0.9285346951632472 0.9790702998048341 0.9311412446325336 1.0003163603458776 0.9297828565595128 1.019942364797051 0.891849008981185 1.0250709395081659 0.839727366179261 1.0271449179100187 0.8052184681962408 1.023597298827415 0.8013490946576791 1.0124176286965916 0.8015547469648746 0.9992662364678825 0.7998122058854489 0.9831129174894541 0.8123280461634121 0.9827418857484996 0.8402882612667586 0.9809308861488791 0.9050836146519684 0.9701142907978401
0 0.9003349184188629 0.4186059336127021 0.9005321525205372 0.4508211705441388 0.8782711362067077 0.4588658831165677 0.8854283578024467 0.47013695427281127 0.8973169259618803 0.4805689487847118 0.8978859625082882 0.5028008703746979 0.9101878706468403 0.5040415687669623 0.9641102901003116 0.48508596150069705 1.0051845690007428 0.46016523220086997 1.0126077138405265 0.44236145162334517 1.0058617968591785 0.40478759600968406 0.9869904370737601 0.39779226932428785 0.9742814334235779 0.40017104080936816 0.960114406967174 0.3975124541110131 0.9272649749948101 0.40853411556320857
0 1.0012820761333179 0.4028269136880864 1.0104540065200154 0.39560462584669875 1.048890513613719 0.3772969672172852 1.0811874687041065 0.3671227083660837 1.1012801150244154 0.3632596254194454 1.119115071814946 0.36756595989726 1.1255058843892973 0.3812961637877163 1.1279608080207493 0.4053419832947003 1.1182031430499069 0.4241593166107574 1.077619034729875 0.4470446144768688 1.026936681331708 0.47087142978903107 1.0127426416406236 0.47338865972206007 1.0056061888120773 0.46251359817672366 1.0124145504683073 0.4443691913674712 1.0063935049739623 0.40354418379778273
0 0.8980105751114421 0.5051769280401415 0.8970592825500514 0.5211834626139703 0.8844333539686384 0.5251462725426796 0.8953145677325928 0.544824946553396 0.8986189754542017 0.5679956717697962 0.899185976635882 0.5731161050220007 0.9341767653670858 0.5630886305753989 0.9760465018883127 0.5476444402477564 0.9967601758596629 0.5385501572905546 1.009778675653002 0.5250000416313017 1.0135961964602356 0.5067365421070392 1.0121651868886943 0.4965233672922196 1.004904121456994 0.48327224808143976 0.9879248932241083 0.4725189930707499 0.9644280660756843 0.48545427942201447 0.9095938562304795 0.5040969521461418
0 1.0115130752735173 0.47270740725860455 1.0054358295717782 0.48202883586953843 1.012206724423079 0.49731538651403423 1.0147842252929573 0.5066257753486801 1.0091846612366413 0.5250554250104811 1.0027273332579525 0.5328205068673756 1.001788529631538 0.5376833889566217 1.0084140431124928 0.5501978723247666 1.022063885753817 0.5600677070882216 1.029744535632124 0.558555703937074 1.0453675495300219 0.549140160481083 1.0643469622541624 0.5354322206409429 1.0763851208867026 0.5259529678491214 1.0943426549156596 0.5155238716545981 1.1058283366662238 0.5068920214637708 1.1194200821087315 0.49289051281443125 1.1275410852008374 0.47701139691226335 1.111691788601857 0.44227603173042024 1.1022290954744673 0.4439541850191063 1.0924548708391932 0.43969219414418337 1.0782545866806206 0.4477812503195038 1.0269782188660928 0.47166344901084556
0 0.9889071313763292 0.5424659097967354 1.0086279752519043 0.5485861421915479 1.022996444912743 0.5607766512412667 1.0286686304675796 0.5721861808454592 1.0307372273545938 0.6002474798406952 1.016046772615622 0.6103719674497313 0.9923007202608902 0.6185551384701088 0.960493935750902 0.6266939658875945 0.9189066821381515 0.6361426286724488 0.9048227307505168 0.6350680804177227 0.8982387548039465 0.6233456162713923 0.8956467296343642 0.6080673915835476 0.885118584912679 0.5951208809582548 0.8989595555614942 0.5858714876398022 0.9004986180717576 0.5753813959290853 0.9339628332276746 0.5647003607086177 0.9767235913734428 0.5491730953122059
0 1.1022164681661857 0.5120041287593246 1.1150023024176487 0.5167812219601645 1.1272979660887126 0.5235937465947204 1.1341727047759749 0.5408603452937524 1.1328620987048272 0.5557065427244492 1.13135832926146 0.572560479899272 1.0824808232442957 0.6137286430225845 1.0419465322908643 0.6489456222060004 1.022900742535692 0.6272425565378561 1.0155150645008377 0.6116153796616327 1.0319044874201233 0.599740703471429 1.029435039488967 0.5697270481112464 1.0259665169945476 0.5604997343453694 1.032479906807325 0.5594945075634881 1.0764058896538948 0.5263489774600287
0 1.1055415062816811 0.5924771548422675 1.1320935159454064 0.5979604783765161 1.13704083001324 0.6126211599367356 1.14240351942492 0.6352020337151004 1.1299790340479414 0.6486967659951739 1.0867156163867975 0.6774031153098842 1.0267990263003564 0.7072641896307124 1.016187806509902 0.6927336405617904 1.0031029296855305 0.6708727507127588 1.0171578324737571 0.6600116272610875 1.0225102066884935 0.653941350606181 1.018507940714562 0.6288459607144239 1.0229630488372687 0.6284305853705779 1.0427752476138288 0.6476745183045093 1.082757061685284 0.6133049417220876
0 1.0008100854621615 0.6157720314174702 1.0126633605546989 0.619840180465265 1.0181693959719968 0.6280816331821991 1.0225102066884935 0.653941350606181 1.0165222805230116 0.6592749914184526 0.9946351020186437 0.6744478769872119 0.9508109276433075 0.6924619668074262 0.911088792348409 0.7033285178983709 0.8945519526940495 0.6953196384744426 0.8906265173213994 0.6773801132686059 0.8884353431959588 0.6640542449457078 0.8966809588912186 0.6505511867089834 0.8973352442444288 0.6345723438247443 0.9050574316571203 0.6338523598954112 0.9185681373955865 0.635378301140224 0.960493935750902 0.6266939658875945
0 0.8924936710039788 0.6959094899124779 0.8924479243668335 0.7178007852707361 0.8812384810572577 0.7260089341610665 0.8869937416808635 0.7390025022088879 0.8886947452259045 0.7543638019655017 0.8993890400851281 0.7704783894780527 0.9682448950163909 0.7517222361759298 1.0208193799670904 0.7241374925384739 1.0193863350308217 0.696812829385873 1.011379629344926 0.686416852520213 0.9987101278644008 0.6724761548893264 0.9487526459532367 0.6930518182454616 0.9108125539074207 0.7037522191988681
0 1.0196418047046174 0.6959931184744687 1.0205223727589097 0.7241651842280638 1.0042845756774588 0.7332401014523268 1.0083616368879431 0.7483798676922229 1.0206988380933917 0.7559844115485932 1.0235047954023853 0.7696509061032191 1.0766047440003805 0.7463945764961535 1.1071259003091736 0.7308146415401989 1.1327495599167334 0.7129057063413295 1.1409058560757357 0.7033904359032674 1.1355639354312483 0.6812055717358098 1.128516802138959 0.6663427223918111 1.1139281558712213 0.6613357697176022 1.0876689443129157 0.6785080690738367 1.0274138094839094 0.7076048158624402
0 0.8955757283806551 0.7660585744222423 0.8901755721640461 0.7769086580976259 0.9000141384656248 0.7994701661430518 0.9071235780594908 0.8155210443197723 0.9155166104898242 0.8219015416971801 0.9460460466308331 0.8178612688367157 0.9758713800520314 0.8174681575431859 0.9905140527891306 0.8121234769546265 1.0276524427466627 0.797518363271327 1.02354633293677 0.7704429253250336 1.0212928525097527 0.7559290281694137 1.0071736080552216 0.7484906344505817 1.0013560411300388 0.7343090375700386 0.9680101941097874 0.7529379566982413 0.899706816060501 0.7708467073993702
0 1.0239056464465273 0.7716032624681656 1.0283295322317927 0.7990470183357766 1.0127958378701523 0.8044747739931051 1.022011341155962 0.8151559937113132 1.0319039339269016 0.827365868493971 1.0670463484959396 0.8145386350814287 1.0980929684520286 0.8032871141558644 1.1233718388495353 0.7901856776670614 1.1482290894357075 0.7747358752024046 1.1432319580012735 0.7477435123248805 1.136454818682484 0.7380287879226762 1.1187154258956993 0.7241628394039079 1.1070635940075966 0.729626612707477 1.0766670503019575 0.7475826053288751
0 0.9100874056738071 0.8208159536661664 0.9128165323815197 0.8273265835348719 0.9097654205956736 0.8431309503249215 0.9009175106518372 0.8451497298453354 0.9109845333925313 0.8720673436107412 0.9157449285556342 0.8831639386727955 0.9526776662059708 0.8817102172182048 1.012941080867193 0.8641531325250913 1.0326806581452326 0.8535578861930296 1.0311645381401946 0.8246491845967996 1.0133483147521285 0.8036273713921109 0.9905555903235153 0.812915496176441 0.9755951416110433 0.8178918588436828 0.9463430538390136 0.8178335771471259 0.914901827306271 0.8215609154654525
0 1.032263247436659 0.8285262056371031 1.0332954413287858 0.8538985124247574 1.0140668033983378 0.8628543369340106 1.0194212129778017 0.8738955486168855 1.0273801366618245 0.8890713325030223 1.029687643558203 0.8932335963958739 1.0837824576167008 0.8718742397745753 1.1268256986709455 0.8503514468353752 1.1445963137951716 0.8363582641426865 1.1470118736302723 0.8198172615100018 1.142284736169338 0.797973023574272 1.1291873704099904 0.7872557862098232 1.0977544237094636 0.8025227866236396 1.06734335570412 0.814510943391839
0 1.0296461060238182 0.8924415771740594 1.02725131495591 0.9093785894176514 1.0156410206021922 0.9156343819430351 1.026316582058951 0.9484644481824601 1.0329275712402017 0.9550110956974063 1.066074010420746 0.9439617425556213 1.1095181025191327 0.9243913059813677 1.1532592018256995 0.9047931777175243 1.1501064199419253 0.8788226935351835 1.1449867112690646 0.8665657613299972 1.1274404818544985 0.850692073067103 1.084058696057689 0.8714505384740784
0 1.0349546305928314 0.982280375470828 1.0500521808434338 0.9685364179844469 1.065735465678181 0.9431974150233966 1.109815109727313 0.9243636142917779 1.1372145681164674 0.9118603551976613 1.1413871933306976 0.9174405073966035 1.1470946719524306 0.9352138824649018 1.1463095295285783 0.9543884939259888 1.1402530525940315 0.9641059321478299 1.1054221695328779 0.9828733097239812 1.0753081087357148 0.9948337748025908 1.0365663146016153 1.0016294630261042 1.0228541656587142 0.9905715994299276
0 1.0648236752864475 0.9428844804812583 1.0495204727286498 0.9697798301963484 1.0216453680588002 0.9902863565773791 1.0044479985837425 1.003828146279981 0.9764462459460115 1.004847126657787 0.948616887913307 1.0034623576805597 0.9320114974898828 0.9998372756662007 0.9288109336042354 0.9786465985043368 0.9229871222115644 0.9700368278660852 0.9236621763319668 0.9544539945927534 0.9555375116110201 0.941931369765698 0.9850367892246298 0.9296302784553605 1.0147707677448432 0.9161134666227116 1.0263373508261433 0.9488604577933675 1.0329483400073942 0.9554071053083137
0 0.9157864660900188 0.8839559578946101 0.9167480738483529 0.8966005737540527 0.9118941500462319 0.9121750810707336 0.9011188154829666 0.911587943452335 0.8997043655758571 0.9244540928284953 0.9034761397459454 0.9280818886624912 0.9051854231232024 0.954982850514595 0.9088533534573292 0.9566305982940545 0.9168102417766243 0.9546948938424099 0.9247878988631117 0.9531551990016727 0.9561107572601888 0.9414799767756113 0.9852922588984256 0.9288105675439565 1.0153232446268194 0.9152660640217176 1.026636531772357 0.9090379631859236 1.0305163588811672 0.891962492494383 1.0147023553490833 0.8635909727766458 0.9532716806223316 0.8816548338390252
