0 0.4028371732225123 0.5599793497407967 0.3994436991479787 0.5242578419137124 0.45260908745939366 0.4806102327818658 0.4977728026823101 0.46734968275143784 0.5009878631532408 0.4861528858721517 0.5148483555433385 0.4934522946415016 0.5169516983759552 0.5054799397084111 0.5205253111165059 0.5434866540965438 0.4761730824218747 0.5597140845790285 0.4376848482160862 0.5697286884963157
0 0.5032130234922835 0.485070903834438 0.4963900145137628 0.4644628639287221 0.5033382911235385 0.4426950804391708 0.5337699812060662 0.41840650566698656 0.564982272174669 0.40402049265934553 0.6360346998753975 0.3894423758696195 0.65028635523974 0.39437651644857996 0.6471879370879919 0.4063629806592093 0.62406307588486 0.4280872832092611 0.6267068347155287 0.44697054795931584 0.6130230308666192 0.47122254204165853 0.5385719539041137 0.49397844544026664 0.5385719539041137 0.49397844544026664
0 0.6526316080227943 0.3948180054515653 0.6679383849282741 0.3764997722733363 0.6900390102324788 0.3710921621679876 0.7089828962253442 0.36227618260759664 0.7252795732627121 0.3638431345877951 0.7446729433894135 0.3680567205026863 0.7524292564026455 0.378522013755836 0.75516394709753 0.39123133271375393 0.7447278144241758 0.412717750459002 0.738170700788645 0.4321202657581638 0.7202784862120879 0.4469500678520095 0.6535545616830186 0.4724738476709314 0.637106906559429 0.4763191059625204 0.6279969659574456 0.4706644107194906 0.6232481392317459 0.4543865990478484 0.6268269271595402 0.44849401900001484 0.6236719129106152 0.4304525513996506 0.6454139859451998 0.40584143002688294
0 0.8551142986260172 0.3548900326009152 0.82119820260474 0.349631045338152 0.794347025512421 0.3533939419171806 0.755525949491979 0.3811686476905287 0.7564266428220656 0.3925946804957709 0.7437053035876633 0.414401344758383 0.7450263204717903 0.43115952620607145 0.7534431419270857 0.4500039101830653 0.7788205989866414 0.44952814057345775 0.8156258139138537 0.43281804023170745 0.8459356864899554 0.4216390925641463 0.8700212872451798 0.4121025583396862 0.8679797156969834 0.38620355064780404
0 0.906471400027601 0.3469227504398727 0.9344669054628585 0.32836663245684 0.9731352783346645 0.3206372351006012 1.0168235484624033 0.32529691018491635 1.019045258676617 0.3534811244378469 0.9998011415737227 0.3584884263964905 0.9791742363022811 0.36060890953241814 0.9669058313265436 0.3661789429796683 0.9452873008607996 0.3630473391024908 0.9234268604446179 0.3715018912892374
0 0.9385517736216658 0.3655315496952822 0.9442047438022811 0.3639691978815223 0.9686197362473299 0.36593875809164517 0.9789923725738492 0.37295680111669194 0.987920449447401 0.39095938794399526 0.985602632181728 0.4128484139191679 0.9703850620780496 0.43962579945058194 0.939774958391919 0.4469960695163957 0.90567699864221 0.4540849738379061 0.8927772458042047 0.45897333339414775 0.887697302326266 0.44582252543324447 0.8797299650048065 0.4400077069315327 0.8676743093997111 0.4262941674820228 0.8667135698476187 0.41410639915643127 0.8731488659767236 0.40781351096189256 0.8854498816570856 0.38067469805683407 0.8927275499566858 0.37041300900186586 0.9167822650697001 0.36781215608989193 0.9215019312156041 0.37639255092869833
0 1.0502549412742277 0.33281700137907755 1.0616394453840976 0.3356849598506512 1.1013128784469792 0.3293812701825054 1.1088346044209856 0.3327905544433734 1.1162088330355142 0.35556178433440394 1.1089456040440004 0.3766648165515159 1.0826584803317216 0.40415331403496996 1.0527704079730098 0.42842696873223524 1.0286922523061213 0.44147189466650366 1.0118474929081573 0.44011302601503904 0.9986633476018055 0.4285705248870053 0.988616157408206 0.4143567284333689 0.9883576604257132 0.38984441195538894 0.9792981227446541 0.3740044164625777 0.9704407491078463 0.36780672765704087 0.9810132645337741 0.3603739444329796 0.999397501892259 0.36002928178965593 1.0216163509174865 0.35170828846168495
0 0.5295886747067835 0.49183694348986257 0.516796603759515 0.5116596138543371 0.5209069416663105 0.5532460628752661 0.5364252342165124 0.5574511922490887 0.5974628024488343 0.5400211407086356 0.643587629013894 0.5260678688555115 0.6394538003452928 0.5000182524948681 0.6327957876059225 0.4815343737502509 0.6138128550920972 0.4703253897989444 0.5390100091363538 0.49523218642702155
0 0.42267032844635694 0.5659033030647298 0.403694170794613 0.5890890669308185 0.40968914837623416 0.628192327228114 0.4292689929663597 0.6284996589785034 0.4807542232359188 0.6165690321675292 0.5191680978785457 0.6050832885301681 0.5261758675829972 0.5963344564847897 0.5238710582589703 0.5802917554590156 0.5294705995829014 0.5747915023097332 0.5296232299333417 0.5661711885381365 0.5224121800670198 0.5538672742660763 0.5125688120436902 0.5477573281348366 0.4760717066443345 0.5598066116503468 0.4379612287580302 0.5698629142998415
0 0.5443740811286715 0.5580015568787781 0.536164469779833 0.5646997365454797 0.530272034450777 0.5744018053893702 0.5236220392031937 0.5797718834252638 0.5266739056945503 0.5973742005522932 0.532877133956863 0.6153670430194892 0.5483194219892711 0.6212471315198889 0.5865924116623606 0.6106132853239816 0.6391182144192269 0.5907700634012122 0.6508808369452385 0.5763619673368322 0.6505688013822764 0.5592078470626302 0.6388940082093149 0.533837084334951 0.5987515372105314 0.5414872313087152
0 0.663477258318203 0.5310668867372633 0.6554417028538825 0.5254442412229618 0.6507256052221044 0.5234056543108698 0.645693044823568 0.5237734751905093 0.6419654209464625 0.5182219945425048 0.6395697983288071 0.5006735534847809 0.6420481268131513 0.4871661999338825 0.6503625712424639 0.47385329005477445 0.6724434514342513 0.46502246896526983 0.7208868344933377 0.4470982415534354 0.7297402336994157 0.44383291319693124 0.7433089747109558 0.44901758073371706 0.7528200967096227 0.45409600485526774 0.7608015226979048 0.47187396813372035 0.7669518339306849 0.488896230957373 0.7641314895941944 0.49806483321968315 0.7525629816984404 0.5118337642349862 0.7048976011003982 0.5235750971179306
0 0.6630555599046305 0.5321382941325061 0.6515779994603654 0.5566924639665335 0.649652158121796 0.5772085695989981 0.6556979895340774 0.5864844230449641 0.6654466475643921 0.5881551890774168 0.6963666387669321 0.5855092780536437 0.7355341683800524 0.5783331953747539 0.7639517896654915 0.5696266608591638 0.7768109458873513 0.5593886667384526 0.7756804185104138 0.5386260034950006 0.769793952220985 0.518529832681372 0.754710559220701 0.5101830568980548 0.7057011566468301 0.5241373616693609
0 0.8448233785056194 0.4233492736776561 0.8159246249129166 0.4318624868090151 0.778398828196778 0.4512553227174645 0.76776831357914 0.457952338677552 0.7656455111945807 0.4805666823860642 0.7710742675066171 0.4998910727240657 0.7875411990317309 0.5035345754230656 0.829653930653375 0.4998646257883614 0.8737999664918104 0.4936780453392815 0.8916042119331941 0.48597571005621876 0.8944826700634536 0.45879209825263595 0.8863229529806358 0.44728937408805475 0.8796148819440395 0.44004658899609006 0.8701775163901304 0.4264912275508141
0 1.0078388836662848 0.44588205490776445 0.9781878068348191 0.4306960510807309 0.969502764519673 0.44083990659384736 0.9387745370078987 0.4473778147001252 0.9063908331521828 0.4541477195732433 0.8954703225759942 0.45716589921346107 0.8916042119331941 0.48597571005621876 0.8880894289475918 0.49093163942935675 0.8940998434301981 0.5034794598803659 0.9023175597047259 0.5157179513089208 0.9076021511642214 0.5261358022236219 0.9480312399728033 0.5152628444604056 0.9698142619334703 0.508490717915996 1.0139917967479637 0.4814706573088057 1.0133554718926208 0.459242974878361
0 1.0810030039877803 0.40438531080181045 1.0527704079730098 0.42842696873223524 1.0285762539227012 0.4400003601385558 1.0126313151229787 0.4429787628153212 1.0138492981488914 0.4584298753587736 1.0150374484522144 0.48058022553360485 1.0064104053287786 0.49145984831069534 1.0121888230445442 0.5010645997058087 1.0202027090213523 0.5177950269738208 1.0499731167431756 0.5061840802753393 1.0866570920527832 0.4831897403026338 1.1167191619866257 0.46112338739729003 1.1230245711881879 0.43494731658797425 1.1102199200081546 0.4069859388856738
0 0.9932245937689579 0.49405158970939317 1.0079780497584203 0.49719132191125975 1.0190990581253916 0.5179496914850479 1.0242958176705876 0.5343310127671538 1.0056182518466148 0.5592653241440708 0.9743663653559809 0.5733155694013147 0.9267337130010638 0.5918930841188854 0.9082334772591586 0.5907662122342613 0.9023705601360305 0.5588564461530895 0.9159375320756381 0.5257115856533935 0.9486410646124939 0.515921279468766 0.9698722611251804 0.5092264851799699
0 1.093047000661708 0.4793186841793761 1.117645482800519 0.4870299061476044 1.1264431909921482 0.5066260702158989 1.1311461242810736 0.5238204910175921 1.1061084825707654 0.5459266208863881 1.0666073808295455 0.5685718548731872 1.0162736004264366 0.5882717981327993 1.0025392959255728 0.5626723867336476 1.007157729807136 0.5575617928492825 1.024469815245718 0.5365383145590755 1.0202027090213523 0.5177950269738208 1.0521224193433871 0.5051389839889114
0 0.7738615612156401 0.5069394163413509 0.7781535014021892 0.5613861938754212 0.7920933024542414 0.5683594269083844 0.8764927632726598 0.563226829430898 0.8920018750078222 0.5617972935376938 0.9053915168653626 0.5547136162995391 0.9049590223077393 0.5279939980296372 0.9024335580881462 0.5171894858368687 0.8950874959427386 0.501853260841191 0.8738579656835204 0.4944138126032555 0.8292181035888146 0.5014134925719227
0 0.6636339714582185 0.5878493769942773 0.6503006625389198 0.6098030640231377 0.6546522681706476 0.6508513662944504 0.6733265014876832 0.6541855399709965 0.7384717370719648 0.6383610961772248 0.7641175371684951 0.6310476438435207 0.7769851863006441 0.6173420612296007 0.7700484510041443 0.578887722028277 0.757938123871164 0.5738897940203952 0.7347614550559854 0.5771377487561622 0.6952620195682341 0.5856487402162297
0 0.4225144171598857 0.6290785775927288 0.40816528925892565 0.6452234587654114 0.4147821958742854 0.686698199278244 0.430349306801158 0.6860044306490138 0.47173621539969124 0.6802045114780015 0.5223301590387616 0.6708826421696378 0.5325546793144287 0.659035255361733 0.5289272304523431 0.63425116515346 0.5328778405025058 0.6277463689967607 0.5189397057039221 0.606638893437066 0.4812117449435323 0.6163894226582409
0 0.7730694077334765 0.5747448921747265 0.779339985452044 0.597670786576984 0.7857265615540316 0.6220682155071895 0.8110806994385428 0.6252101693803475 0.8626904620592746 0.6216971059281615 0.9070403281954298 0.6110185896396246 0.9088433018988491 0.5914246472426217 0.9048960243556237 0.569660958345858 0.8926116996475129 0.5624557285460543 0.8771025879123504 0.5638852644392583 0.7942426050544531 0.5673143306219566
0 1.0161576020430165 0.5868002636048515 1.0677690309172168 0.5691529576259341 1.1077059597229968 0.5449588568555737 1.1255665381026223 0.5521265313632161 1.13270876995031 0.5719546921983512 1.1316316192700016 0.5936786041316623 1.0953536383023645 0.6218233149521853 1.0340115154087675 0.6505049082194202 1.025356305816211 0.653949526101158 1.0107503471862267 0.6314478482691289 1.0171402557951514 0.6275767921458711
0 0.9905731336451333 0.5665809981490663 1.0099715237318114 0.5861793838886521 1.0179274105169094 0.6021740438926902 1.017808079626552 0.6289709944182057 0.9692457739508046 0.649910475438925 0.9070038304589663 0.6742547973779297 0.9024450620225817 0.6659669159995371 0.9000372624398773 0.6424996958079849 0.8994291040536552 0.627707018272893 0.8963518143860816 0.6169798383357382 0.9082019782831008 0.6115996923923717 0.9100629511782302 0.5927415172593425 0.9262398867447934 0.5927061836384728
0 0.7739028978726649 0.6490176088726403 0.7783141689495713 0.6766674358811954 0.8331470523438863 0.6786538492627336 0.9029388882788519 0.6651538164799496 0.8977736277097139 0.6279390150397335 0.8913273861625475 0.6169400613722859 0.8633002866989652 0.622355540936522 0.8112546970136731 0.6274174711722691 0.784303081976931 0.6252432813299257
0 1.0227711761514389 0.6565434891711471 1.0208820367871887 0.6679666594088234 1.0204727099382809 0.6910847736144691 1.032115711030643 0.7184650485640227 1.072342635794974 0.6979497841135318 1.1125115613675942 0.6766987523990671 1.1405121606155244 0.6497140254127465 1.129130989012592 0.6185775818877097 1.111822236080947 0.6113325751244537 1.0976189392859965 0.6222497531937053
0 1.1161423427366168 0.6732143575538769 1.131969616899451 0.6828986628758953 1.1413754834773022 0.7172875044792816 1.0944968206146168 0.7454299936285133 1.0243254905533326 0.7753489029855641 1.0163696037682344 0.7593542429815257 1.010621018775058 0.7430502539550333 1.0183465750467842 0.7419676023764444 1.02697361817022 0.7310879795993538 1.0321737102223532 0.7192008158279967
0 1.1244130594424493 0.7285913438266007 1.13733704151284 0.7297557710033858 1.1440732790185573 0.7444335609907032 1.146249081834421 0.7649577121263595 1.1398873396946172 0.77626377314497 1.0978011082886252 0.8015029702017583 1.0469436689066565 0.8287152506123366 1.032394043214914 0.8210835825710131 1.0217950275733338 0.8069471183729902 1.0261814646880567 0.7988934554327295 1.0250513135764434 0.7774788725218723
0 1.1223150910200739 0.7869091774839286 1.1391581841645695 0.8024022886621248 1.1508591844486418 0.8305183308756523 1.1194316341294086 0.8564955168677061 1.0436243849514313 0.8998504567796756 1.036452320381154 0.8867215335759194 1.0273049507857954 0.8768450084505129 1.0293680877251763 0.8676291400047584 1.0435415517975373 0.8634111995668857 1.0501352907041819 0.8550482076041711 1.0463338442669659 0.8280568156039761
0 1.0436823841431413 0.9005862240436494 1.046062017256725 0.9166184393398487 1.030145244926123 0.9270318469119667 1.040686261375993 0.9404325438460157 1.0428918969144463 0.9542574573502934 1.1158803534073427 0.924687653979149 1.1550036272757127 0.9043270540398852 1.1448139384830407 0.8670724756362166 1.1301781471304668 0.8512700354355665 1.1178341569771775 0.8574632808985204
0 1.0480903227131106 0.9565045361056678 1.0423964044047076 0.9692047993966124 1.03167805787277 0.9818652857241047 1.0464878468004741 0.9998750277166767 1.113288558728697 0.9838185871560645 1.1269681965447877 0.9804137462377792 1.1607173807858944 0.9697330082779508 1.1556399521310556 0.9265547364703299 1.1396966795848011 0.9153988966203638 1.117100002686724 0.92600452399587 1.0554098846428661 0.9502715136792611
0 0.9098209568905786 0.6746039033638361 0.9124027540484133 0.7002784253473099 0.9117332639635441 0.713018465601707 0.8999112665356458 0.7258336164404264 0.9078091541290338 0.7410925091804907 1.0185852368274988 0.688373701325414 1.0203302113392083 0.6680439916644371 1.0133619770666507 0.6504231326212239 1.0050282624087026 0.6367131066647209
0 0.9144310595047991 0.7401645221131288 0.9109444429883176 0.7525554563816196 0.9128302498456309 0.7694007711974065 0.9129164155064619 0.777571543356733 0.925199073961104 0.7989110156832683 1.007948057195987 0.7516076873924274 1.011724669671019 0.7428955894438064 1.0266537894890801 0.7341083809108633 1.0304602346867018 0.7186970453308632 1.0187012352109193 0.6898452358533618
0 0.9079483202211693 0.792401776183986 0.9114017715081244 0.8149785646003371 0.9098009618489562 0.8442148136846147 0.9152015516918718 0.8561041991272634 0.9865063653717063 0.8193313876276068 1.0253396432815256 0.7952919513684732 1.0227280134011014 0.7763166670163782 1.0161077742788045 0.7631104115570088 1.0064665784271758 0.7540469859511898 0.9270285478801757 0.8008863207083494
0 0.92557023682008 0.853163351742659 0.9357334253970999 0.8688486827242433 0.9383732217466448 0.8952589719716911 0.9779886556178164 0.8882195150395714 1.0310235640691174 0.867397143237918 1.0438613804786774 0.8603907982553766 1.0506291169604522 0.8542351080845836 1.046711672139816 0.825772181556441 1.034049519558855 0.8208515858041726 1.0186879051831708 0.8029191760672142
0 1.0168500999967565 0.8716150836757905 1.026317298273255 0.8784712074896878 1.036510319572864 0.8874573008398933 1.0451638629119524 0.8981469254848872 1.0466138427047054 0.9165411070842352 1.031190896630374 0.9261414151367658 0.9866372001964989 0.9413118672647597 0.93764073370966 0.949665972542309 0.9265512243187465 0.9080741228104104 0.9385753857908959 0.9049012786589655 0.9380533930655048 0.8982793732832004 0.978598480257507 0.8888779500479318
0 0.9297693463319241 0.955976327224329 0.9359537583896607 0.97073144946726 0.9410030205753785 1.0064747163795282 1.0187524095489109 0.994835101074051 1.0323458817041709 0.9832594879964391 1.0412347543170364 0.9686236966438654 1.0458250217294789 0.9560780978641477 1.040016771291124 0.9531725841004132 1.040628262184283 0.9396967765820419 1.029709417861563 0.9285807136955281 0.9889025011801309 0.9417383055062798 0.938860382989041 0.95098284255903
0 0.8180072773743869 0.9961870915918491 0.8232885363269452 1.0348734275600129 0.8958394995018131 1.0209867334991616 0.9399573688711278 1.0073651481547292 0.9339502868954586 0.9665488426502568 0.9269522199003117 0.9556272212384226 0.8826023537641566 0.9663057375269594 0.8204780749092071 0.9779873514671804
0 0.8297796068779177 0.9119649608554982 0.8256831657217456 0.9236974601156285 0.8174637831937491 0.9255932112138048 0.812755851144418 0.9508015179923062 0.8160054721336534 0.9778702422481144 0.8825443545724465 0.9655699702629855 0.9291595216922335 0.9553178922159686 0.9372629058368098 0.9519506065898443 0.9277128744064175 0.9086552255631574 0.8730821550563537 0.9163111188688937
0 0.8095427278916458 0.8604965859981931 0.8124725201997414 0.8905857115655106 0.8193827552805888 0.9074708033447495 0.8313190848384389 0.9102614295607099 0.8737499788877543 0.917705321141228 0.925941399679056 0.90741568780205 0.9390692120471663 0.9040881791393781 0.9356754262053897 0.8681129154602694 0.9251344097555199 0.8547122185262205 0.9152595508835819 0.8568399663912373 0.9099169602323764 0.8456863482125625 0.896091491310276 0.8543188922342787 0.8441039008166942 0.8601165897339998
0 0.7039550734710341 1.0002679277690334 0.6989869781857416 1.0150981605962865 0.7002331276807751 1.0379842780350916 0.7077830201239024 1.0488285671913127 0.7864620624182651 1.0348269855826864 0.821866723003313 1.0239142508560177 0.8177471141384257 0.9858090176406008 0.8078159223282462 0.9730667557149122 0.7504244094848116 0.9952435528254476
0 0.7934022900615462 0.7972957118807579 0.7888103563956352 0.823975553187207 0.7932216274725417 0.8516253801957623 0.8077132539725742 0.8585212809731119 0.8452075517126549 0.8599619252227728 0.8954816666705854 0.8536604572259184 0.9103527872969366 0.8441374814290011 0.9107919468684338 0.8143201295919766 0.9056830192375374 0.7919753379424662
0 0.7958482536341827 0.7433924818072734 0.7837362602477336 0.752528796326123 0.7846940800376849 0.757601834918327 0.7925604686550152 0.7936942078165017 0.9100976228213808 0.7913566798975582 0.911870763802211 0.7784619751319338 0.9098407920923567 0.7527101208928465 0.9053400228476822 0.7451580067784279 0.8980519598939848 0.7305575490467241
0 0.7815372897231546 0.6821669127149192 0.7887955199542627 0.703466608078002 0.795936085548482 0.7374290114398684 0.8034578115224886 0.7408382957007366 0.895844658102063 0.730866878069178 0.900027264919066 0.7273051509683744 0.9117912631552543 0.7137542328656811 0.9096469593154483 0.6723966015719144 0.9007895856786403 0.6661989127663775 0.8332050515355964 0.6793896165267075
0 0.6923154048856088 0.944619167766017 0.6923999042929714 0.966924182452075 0.690974758462402 0.9842334908015428 0.69855281737465 1.0025127848531163 0.7051747227504153 1.0015847977857544 0.7493207585888507 0.9953982173366747 0.8146996571934413 0.9683826000720671 0.8086925752177722 0.9275662945675949 0.7459883044457214 0.9318902358680766 0.7090159994310317 0.937071496994181
0 0.7022250952405417 0.8933894546894265 0.7001321255785716 0.9093045607665599 0.7084641739830513 0.9371488292497944 0.7463661323185715 0.9296056018205413 0.8097382269220229 0.9266758627923938 0.8294299454741885 0.9216845997983861 0.8296056093027875 0.9097576590635764 0.8181631060012078 0.9061539333280288 0.8134601727122821 0.8889595125263355 0.8062019424811739 0.8676598171632529 0.7935696226228024 0.8560399837796058 0.7681259865705234 0.8729957428005845
0 0.6765876264113542 0.8300316943894729 0.6716758640643032 0.8597319370074313 0.6832012005197767 0.8997749199557686 0.7021670960488315 0.8926536874254524 0.7674001635474126 0.870865773264276 0.7927858004079815 0.8531742469793236 0.7877067054996743 0.8241302176984341 0.7817841229313676 0.8056189268800201 0.7278493938818251 0.8221040273534435
0 0.6752884764850162 0.7640070821064991 0.6646844620830306 0.7922733454886708 0.6748161516839926 0.8287921566283655 0.728895045586076 0.8212135955782426 0.7816681245479473 0.8041473923520724 0.7921246415904549 0.795243074600063 0.7836782610560235 0.7517930290621492 0.7262304152743474 0.759099816381979
0 0.6774726105682228 0.7138600206084978 0.67270834558065 0.7241983175962937 0.6704115456209602 0.7446053595128842 0.675172478101596 0.7625355475785511 0.7266662423389075 0.7575509495984177 0.7847819119519845 0.7516383645509221 0.7966619085715929 0.7395589809761768 0.7815372897231546 0.6821669127149192 0.7408165387025535 0.7034952766849977
0 0.6615641695049636 0.6536022155469581 0.6536911158737592 0.6740468127557095 0.6582465518032068 0.7106031791875652 0.676746787545112 0.7117300510721893 0.7407585395108434 0.7027595094210236 0.7800558109543436 0.6846062112736816 0.773496903530694 0.6438672380248228 0.7674284898563777 0.6305836503098398 0.7369902583031538 0.640800394735987 0.6750399770233346 0.6546893104681298
0 0.5803449195579664 1.00851500711879 0.5749755301225848 1.0275970458922659 0.5762004730515027 1.043136450507395 0.5782172581068727 1.0624926538913668 0.6440541042633001 1.0630857621938787 0.6996946824441013 1.0526698371566046 0.7023035513802609 1.035938538269659 0.6983443407479997 1.016854544425447 0.687074781406518 1.0046866654709463 0.627116251269469 1.003924403741453
0 0.5742435251031514 0.9497989217745778 0.5691555849071729 0.9662230073939254 0.5622535505075917 0.9783189238220134 0.5717833751239496 1.0057870465089855 0.6280874640579146 1.003788298971573 0.6904229868773727 1.0035628235840701 0.6896078245611464 0.9807650870837935 0.6921146149198962 0.9627388378122541 0.6847561595280754 0.9441312106626211 0.6441956323640594 0.9465421826511458
0 0.5768553266454156 0.908191356040585 0.5714859372100339 0.9272733948140607 0.5751126593141871 0.9483678666201039 0.6445281208921674 0.9445317046893148 0.6788778435086971 0.9443003640896025 0.6985325092283069 0.9382728403455823 0.6996860252848505 0.9093075651899327 0.6924033956745609 0.8978902175405071 0.6812854878961416 0.9001028975864215 0.6774793951299951 0.8829613293191004 0.6277929587501037 0.9003983804296007
0 0.5659751603329561 0.8449079406224552 0.5541135171106849 0.8688275639388716 0.5546968031731606 0.9073688622090971 0.5771367758848187 0.9055334028864568 0.6291987386440671 0.8995467480824839 0.6773262772638804 0.8810189037422091 0.6716040117167215 0.8582542158990343 0.6730885499983207 0.8397165962050778
0 0.4664315740704305 1.0270972183488496 0.4542126558272249 1.0464845153191866 0.45842559659995835 1.0812440185484078 0.4962766425534574 1.0818312616387107 0.5344091377463596 1.0797605515748854 0.5784709882473449 1.0781681632763758 0.5745905360027196 1.0413981820853235 0.5683564112654591 1.024596875742702 0.5140968264857951 1.027618364124949
0 0.4611220217420677 0.9721979317734798 0.44762565497818707 0.9878364823599144 0.44941056377980654 1.022936247513835 0.4668661411759484 1.0263816907716128 0.5125379287257169 1.0265275708951744 0.568790978370977 1.023881348165465 0.5737258007008408 1.005514836969226 0.5617169048246641 0.9777395010146562 0.5610533940715002 0.9693223235147945 0.5051328329543482 0.9699580682826733
0 0.5569863803086829 0.7807048404722691 0.5468382190156569 0.7952195491718271 0.5453799335299362 0.8078618397501707 0.5492618520776139 0.8321936875176991 0.5661034917062445 0.8403075618914361 0.6676448010844602 0.8391702220548222 0.6716331971187046 0.8274826199363735 0.6644555786919295 0.7924839558244945 0.6563811069551877 0.7772498094062265 0.5984408281765611 0.783405617637181
0 0.44833154786080487 0.8535388630854014 0.4335825190690755 0.8719714715958437 0.4365938371026652 0.9101725079413697 0.49831542215461205 0.9146154636698259 0.5551561567715048 0.9131961389397706 0.5530912650335345 0.8683161935164542 0.5479814709508343 0.853321207980844 0.4961499181422842 0.8560024344383917
0 0.45744865925836653 0.9131415845045684 0.4437729218324926 0.932733038629725 0.4439756126842599 0.9477610728224369 0.4459413584509251 0.9664698010141116 0.5075098256367572 0.9689703311656768 0.5686699785129501 0.9662910597788654 0.5723025658293125 0.9376329978908137 0.5551051174827999 0.9125486637474736 0.4987499892601299 0.913899936092589
0 0.44092645208943615 0.7969693604728999 0.4287075338462306 0.8163566574432369 0.43189822254181354 0.8506047902500408 0.4487661149663228 0.8528233355081644 0.4960988788535793 0.8553549592460948 0.5522498499214296 0.8514137861317911 0.556570734483782 0.8377157060515114 0.5482906392891683 0.8323297922875789 0.5459676185015688 0.8090887377498248 0.5401170215811214 0.7909244286376692
0 0.43661436534539755 0.736038640012037 0.42327111644763166 0.7536196161753628 0.4214030503492194 0.7735202386388534 0.42365024535528767 0.7895710136764 0.43106120633886563 0.7963879825948063 0.4848862240130118 0.7940820217897961 0.5385581238210432 0.7898336354078946 0.547325291712932 0.7827133633633636 0.5475586342697348 0.7545316681698909 0.5393820839555833 0.7380025713670287 0.5276779575085837 0.7265502199897651 0.48218407431775623 0.7348895697510048
0 0.4277261975954818 0.6855686236699686 0.417859485541859 0.6974253792153989 0.4228642684410447 0.7360016812134624 0.4391444758939213 0.7369933284719318 0.4831042478174969 0.7341059897888279 0.5376204953437378 0.7218837439445424 0.5379559164779505 0.6949969991356637 0.5399260611537725 0.6763913270567672 0.5257166106510756 0.6705270915275191 0.4729386315469062 0.679887227062857
0 0.5394316150551828 0.6194795387540516 0.5294734736555482 0.633967618259503 0.5337138662867633 0.671512558023923 0.5482700063313031 0.6774420571449168 0.6051656568963817 0.6626378600497965 0.6538391638633049 0.641016524030119 0.6479325340312094 0.5985819150693046 0.6400882748726345 0.5911425782514977 0.5852811279381952 0.6107772685561081 0.5502989497304036 0.6219412924258624
0 0.5468028505631581 0.68049387062426 0.5393783077420775 0.6946268942082859 0.5378413913733342 0.7238735953140325 0.5417736601655667 0.7358458453452986 0.5539077941300645 0.7381300710563966 0.6584979977858816 0.7109495923907403 0.6532799263246141 0.6718339388810929 0.6455041527205051 0.6490154826312514 0.6059658077657215 0.6619564861696429
0 0.5509963111119301 0.7391073248710717 0.5448842246164369 0.7428100742063616 0.5466163972795184 0.7539521603594584 0.5465022546887418 0.7795840260795165 0.5563475285437322 0.7799120440997545 0.5957730059538717 0.7817871380870528 0.669802777132222 0.7731204060978462 0.6742042444366566 0.7639649656598163 0.6692283613521706 0.7441695849266208 0.6693627823688375 0.735042882451288 0.6585867617662379 0.7120756362034308 0.5976459748642824 0.7297236807929743
