0 0.48619887329764977 0.3977553374614866 0.4359267613336633 0.4210760680739763 0.4376698551742795 0.46489267551828867 0.45834555129098725 0.4772661742416347 0.5491757398935201 0.4874148904721487 0.5651898209677313 0.4628679970831296 0.5662259919623337 0.44591815174357596 0.5989600128554992 0.4346326837526641 0.5883847202357085 0.41531117018083513
0 0.6164441762072435 0.3639133623908751 0.5866545762742262 0.3746865104232056 0.577040947678046 0.38813786738194395 0.5784246372067237 0.4114543415893516 0.5881926002512405 0.4133482228740695 0.5998817631404373 0.4348715772264428 0.6773217369543704 0.45813057671053886 0.7041032306328402 0.4548681442001143 0.7110789789630045 0.42670331569339043 0.7093628489819267 0.4122287376191836 0.699811841578875 0.3957235650178575 0.6655656964669631 0.3747312159312715
0 0.7368232375456012 0.4174325945257799 0.7164303105672989 0.4293656769159802 0.710311563126403 0.4418096604630679 0.7092376065956693 0.47214179673931217 0.7250487460088195 0.4883562763503238 0.7781389724454264 0.5014781509026419 0.8113219827031974 0.510078315958676 0.8374504812547303 0.5047334894045965 0.8420581685781502 0.48296982277675066 0.8301261502892203 0.46967386436761943 0.8309831511784886 0.4539530194079832 0.8116641807309202 0.43555396552193937 0.7790057309100173 0.42007485163946984 0.7545793483591581 0.41374417458433355
0 0.827832596253468 0.4263523103763764 0.8318919515842929 0.45099996519507896 0.8294731551622833 0.46759147032396453 0.8440808392533604 0.48221860934439054 0.843300473537625 0.49413300642738506 0.9267706738410575 0.5285206565510917 0.9329153210402212 0.5224605683773701 0.9450901947288843 0.5275291308432591 0.9585440948118832 0.5074204520263522 0.9606682363176238 0.486288552093977 0.9468279680631482 0.45655506830387343 0.9041705855758585 0.42764328276987157 0.8660075338035951 0.4171147034180957
0 0.9605527515066888 0.48051915691056973 0.9591970899388202 0.5095028460700072 0.9455510698713534 0.5276485775801484 0.9331333407829572 0.5308074110575015 0.9404825074054644 0.5492927974711049 0.9530157213047956 0.551903359177159 0.9516212100995249 0.5713112052765477 0.9996288600898384 0.5799272180363997 1.0267179585637112 0.584397128016148 1.046752545331345 0.5749220463857824 1.064201051349499 0.5635012839541633 1.068053208614181 0.5370777757859382 1.0329748982699982 0.5152320330356146 1.0025182892296396 0.49777270534086776 0.9872705598907595 0.48425511996346976
0 0.9880001901912296 0.48253106613048297 1.003708794672579 0.4961680982447703 1.0330644833226654 0.5146175328456559 1.0506036384947568 0.5255404042208177 1.072494675711401 0.5197350572246927 1.0999421143959416 0.5217469664446059 1.1312945739629705 0.5330612922397656 1.136159130666528 0.5292203113521001 1.1333798658313095 0.5023535492473413 1.1009005861157406 0.48564543498495444 1.0590505332037248 0.4741612817380636 1.0248820873666165 0.47232061877157544 1.0028755653390373 0.4723565705842932
0 1.1360824954929951 0.5330267592287418 1.1634921486414047 0.5484209593853459 1.1759875770046042 0.5644138120280905 1.1760274907432766 0.596947789084879 1.1563771439445785 0.6103487653287757 1.1261137189899584 0.6178105189375338 1.0827536700617366 0.6199648166066243 1.062680233656701 0.6198640551769409 1.0584168725635448 0.6130196393615294 1.0433612632091323 0.6014650012908969 1.0373439865987668 0.5935282983379692 1.0379322323300344 0.5796509539482092 1.0463812552415432 0.5741880994589343 1.0645723414393014 0.5642352308810114 1.0701654643420584 0.5357120621636194 1.0523575540119658 0.5266326913583339 1.0726738458167349 0.5185060568447751 1.1005821596437448 0.5206374128015779
0 1.1448811651411201 0.6137464922799075 1.1701526628033845 0.6241225106854642 1.173008562812136 0.6471828249135813 1.1615395478682162 0.6799225812348187 1.122442860033151 0.6889212947193206 1.0818480619597441 0.6917922728097473 1.0453752404102907 0.6893543761588125 1.0390503590045224 0.6736853307157119 1.0391010944197874 0.6634949874657042 1.0569338404068773 0.6560001196476162 1.058238766559481 0.6372067737381863 1.0625906486040337 0.6204785553668996 1.0830353750988717 0.6213132637234312 1.1253840886894881 0.6195345727705206
0 1.026807543616378 0.5837826278261892 1.037907396673037 0.5962251925715828 1.0582377024582106 0.6142486397414468 1.063973274031441 0.6208368955775677 1.058238766559481 0.6372067737381863 1.0567546703015434 0.6572291200275336 1.023457239334108 0.6658176937848318 0.9449292950090367 0.6467407488935574 0.934098197110379 0.6324546835782877 0.9319848772812311 0.6108622632038668 0.9348774987248438 0.5975821524985535 0.9433265216363527 0.5921192980092786 0.951442039994191 0.5725402056564651
0 0.8428525482742899 0.49720550737717867 0.8379113563971992 0.5048529361414859 0.8255195270670708 0.514395664992205 0.8267618320265457 0.5255588486428394 0.8234471850778659 0.5482953556713123 0.8301304066943023 0.5615064003545779 0.8885212293199385 0.5874809793794934 0.9330469480341015 0.6002963132376792 0.9434161066890197 0.59150479781932 0.9517107951521919 0.570696705086589 0.9545775168375368 0.5510326990079097 0.9388311268200562 0.5507779578303131 0.933146290662091 0.5339993587441846 0.9253880484136504 0.5281623163404237
0 0.7113120767874153 0.48415837405368417 0.6985111718313535 0.5063494469142459 0.6953368453506058 0.5182811105027522 0.6959013195261463 0.5439361387331054 0.7104960537380894 0.5553713300668485 0.7644054955278337 0.566154650596221 0.8037590527430364 0.5750786228518995 0.8236144694053364 0.5668325416014515 0.8223462646875936 0.5492854625774509 0.8268514170792127 0.5249443484528807 0.8091071920435193 0.5088665820842705 0.7782285574980935 0.5008636507126831 0.7244087007610164 0.48946582999335186
0 1.1254824210991863 0.6861159821305018 1.1573640531553537 0.7111417447211982 1.1577316174705619 0.7498645152053073 1.1323037575536334 0.7593083412121185 1.0862316512264654 0.7641305414489569 1.0431002658939788 0.7675284366738758 1.028337461473102 0.7600582008800641 1.0231714837893375 0.7317529419593877 1.0316568982976462 0.7222910042910701 1.0421319878208974 0.710429454566562 1.0482613791147921 0.6908822258951713 1.0826729843805685 0.6910549597746286
0 1.133561952285373 0.7581767904622457 1.1426480805515542 0.7670910644171332 1.1486035218502537 0.7824821554600545 1.1488970868561255 0.8029652248774036 1.1284440225344237 0.8195289544561609 1.0864980487400775 0.8297934652892925 1.0211570735136104 0.8318081432882553 1.0222388860186795 0.8131391774030042 1.0115134149594207 0.7892236109253737 1.02381781324855 0.7873108416474938 1.0286594100869704 0.7615992832992721 1.0423687856107753 0.7687964979801937
0 1.1140475663130176 0.8245436217216131 1.1180713159285056 0.8306882182492877 1.1280788904506909 0.8332819188217425 1.134517862728062 0.8641035672058983 1.127729774344563 0.8769206908255213 1.1039844406905766 0.8860717625702863 1.0802539068984571 0.8988707745284031 1.0393317622774485 0.9021124260477208 1.01409386833332 0.9065037399784172 1.0063831175780797 0.8994035695556276 1.0045094092265998 0.8785109684689435 0.9987883334863022 0.8690111859899634 0.9974857391689607 0.8591989160997802 1.0227236331130891 0.8548076021690837 1.0196793130853363 0.8306963256875391 1.0870247631886136 0.8299299758457375
0 0.5984115597625832 0.43581699314022226 0.5682580696706977 0.44768016435238067 0.5616759632376036 0.48533058353408626 0.5759416529336789 0.4999601891981569 0.6696092417176293 0.5286092943900979 0.6889508938105273 0.5234186502698879 0.6937332912014784 0.4831153310682581 0.6796427676163358 0.4597852731147208
0 0.8310762118597941 0.5646267266547677 0.888620069391292 0.5860999718025938 0.9299529617973733 0.6062870439825959 0.9339483278048646 0.6313736275084119 0.9407228324422341 0.641146431100282 0.934051926837936 0.6569092090018758 0.9094727299834122 0.66803062798434 0.8253883841904445 0.6411364268770272 0.8125856550607762 0.6239706986003211 0.8095561348948905 0.6035073623321284 0.811925741855434 0.5910027261237082 0.8128175883877029 0.5773862723145716
0 1.0220564232133205 0.6644124251433993 1.0460521384033146 0.6910384696007728 1.0429658510214348 0.7084591073288627 1.032285995663516 0.7217252289161337 1.0212989915535955 0.7370982082975489 0.9894765589448977 0.7266642065602605 0.9335424444827427 0.7128963735084733 0.9213984124426788 0.7024607502835347 0.9213392129952096 0.6878689894301268 0.9152813887791761 0.6731801843185868 0.9217623284106742 0.6624699184931078 0.9344762583691383 0.6577480054897021 0.9411619638353038 0.6456331678014605
0 0.6943068374670919 0.5466713971144496 0.6848271935091808 0.5704520745232852 0.6891889077161426 0.6080235611083649 0.7041860776954214 0.6213851054661177 0.7473766624753775 0.6325789710946066 0.7866606804190464 0.6405738944773912 0.8028716455444628 0.6418600674452154 0.814722112578655 0.6318126212528049 0.8115322261637041 0.6236976774874311 0.8079759915492825 0.6030978306627934 0.8118233589381002 0.5917050120550896 0.8031319624793867 0.5763336541613248 0.7651061392674573 0.567207180028667 0.7129762087242558 0.5573405751539653
0 0.8129372033983794 0.6328076614462327 0.7962587232718963 0.6459767387753717 0.7927925039444166 0.6735024006556912 0.8067510448884907 0.690238864113906 0.8713913556712267 0.7230259952728101 0.9138356603061117 0.7318399819942649 0.9218227439738811 0.703299546771361 0.9214415959125433 0.6871667034987453 0.9121063022260923 0.6687131807665648 0.8264418130875165 0.6414094479899172
0 0.921106063552545 0.7082155482910307 0.913206562940242 0.7324057573692012 0.8928842651438709 0.729325214018436 0.9029670550911302 0.7763964830824959 0.9152282699103952 0.7897777605894052 1.0049004926868543 0.7933402822555302 1.0105623689796823 0.7882483038811025 1.0229691501861455 0.785633248671841 1.0277083641072322 0.7606239762550006 1.022367220312535 0.7410191696237908 0.9900032733934337 0.7268007171167056 0.9342887246278135 0.7152762524155074
0 1.0042713953209845 0.7939060576304665 1.0138694381738347 0.7993089019284471 1.024126178116289 0.8114418512781949 1.020835124899742 0.8302670608690477 1.023352730478959 0.8542418267941473 0.9923357774628013 0.860779464817301 0.9384357376011914 0.8555558403493791 0.9150703358928051 0.8546018879419144 0.9001903486927274 0.8441859978661322 0.8942336912782899 0.8025570393983656 0.9032890037049989 0.7779375655017038 0.91544783560693 0.7920211289399943
0 0.8927818822265371 0.7300274999498173 0.9019136261940582 0.7761234619696058 0.8929754965465504 0.8036885901482385 0.8351096904011841 0.7806742625812045 0.7801698053886318 0.7525876897888993 0.7766283706360775 0.7356357831776137 0.7810752356670304 0.7163813087682694 0.7771242692451412 0.7022385458825093 0.7913295433780094 0.6760385232683269 0.8070729935023593 0.6917799465331137 0.8729714990168348 0.723435526942145
0 0.6859114382457252 0.6042588434877243 0.6692773577048441 0.6283717414569191 0.6581879706775902 0.6444470067697158 0.6558627633026488 0.6678954636181919 0.659287015276002 0.6819017159475069 0.6657099715757683 0.6828375566934654 0.6752204313731519 0.6925906271361791 0.7528954046124829 0.69595906028604 0.7711984276701762 0.694143335266292 0.787262610292657 0.6851879735254415 0.7894854347502644 0.6624418026083467 0.7869826290329149 0.6421149768965991 0.74717189664071 0.6339835429573694 0.7041860776954214 0.6213851054661177
0 1.1031505774900392 0.8880421098079854 1.1180601644138517 0.9057538803104714 1.120417403744003 0.94207703873839 1.1100298972762177 0.9495883623181647 1.0644845053975858 0.9545470731114479 1.025244887039519 0.957495970368719 0.9954713288932336 0.9592541174286481 0.9936124204036214 0.9420094565553159 0.9849062240830403 0.922990158448199 1.0014095380985906 0.9185215334085268 1.0073489634196853 0.9040268168132511 1.0145181998645225 0.9073425364662436 1.0392293793601148 0.902814711979102 1.0807806213469933 0.899007285084848
0 0.8996784341060586 0.8476974275230392 0.8932270941982953 0.8657035737752222 0.8849020459390522 0.8628171189407209 0.8778376246430242 0.9112748482060374 0.9473343321260479 0.9219983612300716 1.0005756748980534 0.920491880646226 1.0070270148058167 0.9024857343940432 1.004933740757802 0.87934976495677 0.9962275444372211 0.8603304668496531 0.9398111151121322 0.8573699438814767 0.9149679529754713 0.8553041738732957
0 0.8933998280777526 0.8045273866360647 0.899239302712989 0.8432106908218607 0.893329477115629 0.8650012878438407 0.8282796346635581 0.835023300410462 0.7893607488036222 0.8132754126620957 0.7772167167635584 0.8028397894371572 0.779013993574226 0.7530169546073907 0.8355340219323864 0.7815130590690309
0 0.7794407573369035 0.8063314859449076 0.7715412567246006 0.8305216950230782 0.7558718059095877 0.833019972825051 0.7538105638167831 0.8696556186641723 0.8174850287579133 0.8978195025654531 0.875321235179545 0.9135379497057828 0.88447771440785 0.8619783224528946 0.8288063491120943 0.8351598109669071
0 0.9959980433417697 0.9593906279850929 0.9912440295588157 0.9807519601885814 0.97558937860567 0.9868981782039062 0.9849690718777228 1.0162955215761427 1.025276918994729 1.0172675856451137 1.0909978261667965 1.005147883493921 1.105189516553535 1.0015377880912317 1.1110561586810306 0.9950412378540413 1.110601011310356 0.9606686935146657 1.1005638370644362 0.950779112515507
0 0.5743615095880708 0.49955065752882194 0.5519187702514259 0.5185139991637698 0.5463740767377988 0.5265516318201682 0.544415217562328 0.5624849917279081 0.5623531085362885 0.5744222310737415 0.6299477240598356 0.5831951300092331 0.6531231597954217 0.5892015944928125 0.6727571607784536 0.5782561523651063 0.6846224276745132 0.5718566463860478 0.6899463393758677 0.5353377779542151 0.6694044758829618 0.5300138662528607
0 0.5605681993560129 0.5754172712671694 0.5407442324001809 0.5914152254709905 0.5386385907217743 0.6171070506700558 0.5410242136599228 0.6344882220998328 0.5649607294024471 0.6465225057037983 0.6316918820017223 0.6499698714502851 0.6560959127453132 0.6475489047572878 0.6679019801939035 0.6265576379248214 0.6753191659432726 0.6131747389302619 0.6645788950221464 0.5856112322392798 0.6534451084092903 0.5907426769120204 0.6311035358742413 0.5827658651907418
0 1.0961966184806138 1.0050144813975825 1.100489854881927 1.0357773244595154 1.0989394710688316 1.0423979093673374 1.0878345734083785 1.0543448858988027 1.028642819269556 1.0709948874075568 0.9776268813845839 1.075719038462178 0.9793331068592679 1.0519729679405732 0.9736624748236484 1.0427006182323966 0.9841400999601428 1.0149857276033243 1.023690621228286 1.0166532464970748
0 1.0711844982170973 1.0601730955416127 1.0878358753675799 1.0824348380830486 1.0884789924495377 1.1021081940561268 1.0719081400482526 1.1274636130762918 1.0171800065711298 1.1335664617244208 0.9699541851091025 1.1283491723786427 0.9598344750105811 1.1054394652223163 0.9616978441060551 1.0926578612711748 0.9733983251744688 1.088667915086375 0.9783003856233385 1.0751133260019519 1.0292067135615182 1.07114103400328
0 1.0621185617493105 1.1303882809363628 1.0752769632012278 1.1525250029594076 1.0736182714005413 1.1879873991074252 1.0588790989787316 1.1927503304255065 1.0120137964730804 1.1930883476628222 0.9470721875086427 1.180938790086045 0.9403358431618941 1.1589059625040594 0.9563124141144204 1.1536834653214754 0.9723827504557402 1.143803667207471 0.9713011935866119 1.1271377474581907 1.0158329980936205 1.1347778866448726
0 0.9845587893117094 0.923802992951317 0.9952582382601922 0.950764288578838 0.9914377346804505 0.9809847974125412 0.9742237651972074 0.9866668604596279 0.91582966784273 0.9777747801434313 0.876811351750551 0.9684425240944622 0.8671776151131974 0.9542417063407506 0.8715303238689027 0.9163564603518287 0.8811944476630532 0.9102782096722363 0.9477181295565846 0.9236180660921333
0 0.972532082321321 0.9862284206724574 0.978798297764901 1.0034578007272992 0.9815715375099159 1.0205621602637498 0.9729889705848935 1.0433063306926227 0.9146265623464146 1.0422251341273678 0.8540864977708814 1.031996608372328 0.8529574072277557 1.003614362996635 0.8563870046943243 0.9881176160131425 0.8692311189046615 0.9883254048952606 0.877156026148928 0.9700923888020846
0 0.8627799766018978 1.0365905310717518 0.8565309076755183 1.051356545076627 0.8615755691463807 1.0729509328714426 0.8608399886348308 1.086024830014031 0.8715698247401102 1.0927070572082476 0.9184509718037608 1.0962744818464027 0.9470682816310381 1.0966689335333069 0.9606796654689234 1.0916137090237783 0.9730536507760917 1.0870180503787525 0.9784099955701311 1.0743614669460022 0.9790980424076836 1.049571244177001 0.9742263691156104 1.04284676482812 0.9150808466915842 1.043123139779041
0 0.9567482499831876 1.0944961247291851 0.9583620120282799 1.1034973073232468 0.9708469092414422 1.1262397418065175 0.9719284661105705 1.1429056615557978 0.9561869596096286 1.150529882501954 0.9396623389231393 1.1595116749642855 0.8925619719659037 1.157447968438029 0.8469023788749709 1.1495155360598999 0.840996682387767 1.1378414625881514 0.8488595133592385 1.132076631177338 0.8478400327629052 1.1029425267456956 0.8631114103606785 1.0905148582723956 0.9171039633262514 1.097485906766855
0 0.7562132901830478 0.872424505434259 0.7557457651982822 0.9238009622756073 0.7659275515695988 0.9342424847495714 0.8113375376101497 0.9639577036729037 0.8686672246126993 0.988179258299537 0.8769209616973437 0.9676906650385129 0.8652667123437259 0.9553069846654791 0.8673479993735835 0.9129317104181927 0.8180541315212945 0.8978152328266801
0 0.7618706815790712 0.9339713176354567 0.7564205713962384 0.9512852019996273 0.734805057524091 0.955046233224977 0.730546114157179 0.9882741782824782 0.7399606309009474 1.003978714148089 0.796021230256782 1.020848950888283 0.8511415718062791 1.0281122925741892 0.8513753342986619 1.0024240641535151 0.8577340131718338 0.9869061910926904 0.8113375376101497 0.9639577036729037
0 0.7398510209541548 1.0047305732040384 0.7418411465136221 1.0231925042566645 0.7381460974386724 1.0565665959098893 0.8001123932817109 1.0851109061218318 0.8558124736811692 1.0964258362789325 0.8606049241832465 1.0836231062504587 0.8614501146415889 1.0697973500519211 0.8568755820738951 1.0530064097842498 0.8507031320191087 1.0311197287979874 0.7962562947083662 1.023250674651855
0 0.7367990889611629 1.0577780208303411 0.7264931500442561 1.072272867721102 0.722704335580513 1.1103042603057471 0.7891342520852509 1.1283014176570647 0.8318806083275796 1.1401604179879967 0.8500969118899553 1.1316170653128355 0.847056918577358 1.1043000982618711 0.8526641723809808 1.0979506804681638 0.799438889042956 1.085716618582058
0 0.6676899191477844 0.6848452186756706 0.6525756851708012 0.7082373537194341 0.6545195790154726 0.7430729113298934 0.6717969267307125 0.7530126157846904 0.7532948454976377 0.7639912646500777 0.7639929924869188 0.7628626080933524 0.7801887833330303 0.7561363927988692 0.7769454146848469 0.7342285857352749 0.7805942320450008 0.7172281206398834 0.7784007311499475 0.7041753495746272 0.7719311403707814 0.6923551295071553 0.7525712036664824 0.6967007471153986 0.6765088524835923 0.6925927241946158
0 0.6609574806786404 0.7470822476464232 0.6537998430619221 0.7600522503479525 0.6484593428258817 0.7766142756561737 0.6484131111110858 0.7929879022140071 0.6552115317306296 0.8025525451136303 0.7228788467660845 0.8200901366004452 0.7642781945309037 0.8331605618518294 0.7720314155555825 0.8281475894969654 0.7799404782418499 0.8060091315283185 0.773250365609897 0.7676026773884996 0.7520574469669208 0.7644508305145803 0.6716873167839198 0.7537644748406397
0 0.7466878615332853 0.8293818764403517 0.7508860305866036 0.8367120682494589 0.7448257943970128 0.8702534325757393 0.7215185976489789 0.8735760240139184 0.6764387434080072 0.869695180106984 0.6267381248845463 0.8653970224902112 0.6183417867779095 0.8507366388719969 0.6203768420929713 0.8247349911825436 0.6316230388162154 0.819847039346071 0.6443245520045601 0.7849058513489505 0.6540837431467055 0.8022602519221834 0.7222053425273296 0.8206958490606713
0 0.642401710554694 0.8663355443509464 0.6357300463991435 0.8880144364550905 0.6366082279326857 0.9100895161917407 0.6695808504340716 0.9287786262582151 0.734115708727337 0.951746503809732 0.7562013515026532 0.9527889201115264 0.762888860216203 0.9350154698828531 0.7565288793838295 0.9224433907594317 0.7538322585104076 0.8686863362318437 0.7212993777553937 0.8750797421258175
0 0.6347910905520076 0.9064974935850488 0.6240150227319321 0.9161888929486656 0.6078363784030214 0.9549105023028656 0.6141184384046005 0.9760453242331785 0.680657964856131 0.9932906225285464 0.7328175358830267 0.992764206540843 0.7295279355200472 0.9872300260350819 0.7342411632321287 0.9549000866292534 0.6678891675581851 0.9283401864710447
0 0.6230311371292019 0.9791355288207034 0.6152475289477263 1.0044275696088716 0.6147007811729648 1.0362768170728651 0.6821488763148345 1.055318126671579 0.7365798690675777 1.0592817389422402 0.7406037479829053 1.0236520701211669 0.7390520622106083 1.002182702844743 0.7322536415910645 0.9926180599451196 0.6813314690948857 0.9926849100683203
0 0.6128994883502858 1.0365902363416442 0.6091727501593377 1.062153444243927 0.6009810893474886 1.070173852822589 0.6393575903169113 1.087922705082726 0.7234716052080611 1.1050412469141007 0.7275113286813878 1.0733170199684983 0.7231718605652785 1.0589278034643987 0.6814753720760797 1.0559238391318049
0 0.5946343491547113 1.0053273112061465 0.6079961259422145 1.0220548732418213 0.6113174154211921 1.0353999374985243 0.6080608061334126 1.065766592927951 0.5679463905733076 1.0639529274384774 0.4865422371951759 1.0483169776416694 0.4874178148103151 1.0142121530098274 0.49762998833842836 1.0043746070504873 0.5526248753831338 1.008484365916872
0 0.38488151710280055 0.9548662194724914 0.36700988793880185 0.9650594368552753 0.3591800480425303 1.0067251042012766 0.42755255643273815 1.0314678669788078 0.48021394547880075 1.0435557822691897 0.48726197314872655 1.03133763862361 0.4871669058007316 1.0079049873707842 0.4787547231360957 0.9893391618770991
0 0.3871503349102452 0.9031763433623642 0.36938831569303904 0.9126177016891983 0.3650197623793344 0.9465975058026492 0.4794282273748504 0.9887334494168732 0.4867271640543596 0.9828224714103362 0.4908144212016839 0.9628145700911469 0.49313207464232756 0.9509309717916783 0.48056925659837074 0.936751280115299
0 0.5019972396929314 0.9423048507527904 0.4908144212016839 0.9628145700911469 0.486617554107567 0.9835743304662858 0.4936827282946935 1.003351580880423 0.5532983796218885 1.007878653456646 0.6009467963130871 1.0061830647031549 0.6140101304170095 1.0048871354733742 0.619083877085467 0.9781125026506391 0.613664154059431 0.9751473185815055 0.605455346730381 0.9511723331004504
0 0.3998663906973874 0.8440506450564685 0.3774994517556909 0.8569801315489357 0.3713454501773066 0.8951787968066366 0.3891866921845084 0.9052646478571571 0.4796606879080316 0.934955268811953 0.49441570488784026 0.9340977793693424 0.49765646961762056 0.8998256820644445 0.493144013322722 0.8705665571144108
0 0.5619708060580995 0.8962073255436144 0.5108598008251323 0.8774988253454099 0.49776607956441316 0.8990738230084951 0.49599777781693405 0.9352880782124622 0.5017780197993462 0.9438085688646892 0.6074758594466452 0.9493551957197722 0.623999178173933 0.9122834510731946
0 0.5222605372507634 0.8273954357109083 0.5135208267049511 0.8391751395693179 0.5096065577364163 0.8740529493344416 0.5630985946420236 0.8964996187350613 0.6252365767046498 0.9118238852086921 0.6320970735969887 0.9089203434259531 0.6390341893609204 0.8693641066520765 0.625955010698999 0.8667545940063865 0.6181846431571194 0.8397721723015336
0 0.41054608921026636 0.7828366422557802 0.40157131421286985 0.7922146223506177 0.38998044309124874 0.795452709479468 0.3848446201499961 0.8346955269845653 0.4062884478025559 0.8441545394975275 0.5072413706217751 0.8742202220074974 0.5135208267049511 0.8391751395693179 0.500017750854657 0.8153885528386505
0 0.41762320207778736 0.7222494779926499 0.4060640200721646 0.7332984488724422 0.3963840517200151 0.7354712576765637 0.3889134288209181 0.7546022794214126 0.3907939444335929 0.7738160695299882 0.49787178363360113 0.8140521073998074 0.5113894020826929 0.8136541838216993 0.5093992765232256 0.7951922527690732 0.5178722335014551 0.7731999413961499 0.50944420627882 0.7507286740269938 0.4964904821216903 0.7512727442008252
0 0.5170891193159077 0.7745575129123253 0.5096184964168108 0.7936885346571741 0.5111860267471069 0.8190633438090692 0.5305934971254035 0.8264340518272387 0.6064524729727074 0.8359512347353916 0.6197350269702149 0.8331515873937115 0.6182308748719154 0.8233985457437004 0.634097835877649 0.8189279076170658 0.6485689527726743 0.7758624166002243 0.6390765151981117 0.768720623541505 0.6107101143804178 0.7746333374936439
0 0.45346565467896505 0.47639156669716426 0.43380857725028654 0.490803645224198 0.42417614257213454 0.5046927796547326 0.42461588431850644 0.5297752956151808 0.45407968656332776 0.5444339432877928 0.5068665301141821 0.5596754413976966 0.5435975799225145 0.5606122273128301 0.5444731575376536 0.526507402680988 0.5554684452513142 0.5153122852054721 0.5664795775229741 0.5080226096054276 0.5571746707259982 0.49156621468386746 0.5478076876562273 0.48757800444466964
0 0.45542669504083716 0.5432225183673408 0.437710907538427 0.5362902501363417 0.42297173511661756 0.5410531814544232 0.4160491619514835 0.5564249079195244 0.41323099245087447 0.5837841271251533 0.43221586759999975 0.5980677132425917 0.49189489715919144 0.6182165533206985 0.5354085230290683 0.6248125402599841 0.537522801134126 0.6183381019478856 0.5442723861204706 0.5880964670368499 0.5403713577915318 0.5706998143089527 0.5331186528268184 0.5602371657576561 0.5074304244061443 0.5598215879934202
0 0.4377452005728284 0.6002810382557756 0.4151748862955459 0.6186196847356126 0.4109621746434299 0.6354740032352807 0.41307775470768904 0.6570895171074281 0.45460255697730007 0.6733135251783339 0.506245767386231 0.68435728822132 0.5282218002147546 0.6861515635790639 0.5346425553607217 0.6581655058358767 0.5429279815613643 0.6454877963257944 0.5305685388529936 0.625898944662045 0.4913310028672293 0.618070406724975
0 0.5463892681439313 0.6378019330932436 0.5365534581301932 0.657100227511148 0.5292241342938871 0.6832902739509894 0.530759975508185 0.7008541993519425 0.5917543244288876 0.7119807307586553 0.6523723098352152 0.7136465137068037 0.652904515011179 0.7059817765515853 0.6620826653441616 0.691194636469378 0.6615966918829937 0.682485747066763 0.6564120333085419 0.6819222867612015 0.6561294351829601 0.6678042373712166 0.6417494797583252 0.6500325230881455 0.56546790868185 0.6474282182792617
0 0.4207530549015735 0.6606392875594557 0.4020666224360292 0.664379192707473 0.39829235057108353 0.678226074983343 0.4005637722969312 0.6827161032417078 0.39647651514960697 0.7027240045608973 0.4179678764761643 0.7238993427002725 0.4969447664668598 0.7521707498524982 0.5155215889856116 0.7491827037604305 0.5142208122228982 0.7340205021230491 0.5239787014058419 0.7232849505120361 0.5206574119268642 0.709939886255333 0.5127932789961913 0.6876147654819005 0.45414827263213053 0.6724155195266611
0 0.5356158042422589 0.7036732368253525 0.524542595697804 0.7234310971077594 0.5129834136921813 0.7344800679875517 0.5175421017018758 0.7473655663797523 0.5129847156513828 0.7625700201717978 0.5183265178466246 0.774097947047823 0.6108197243272104 0.7738814784376946 0.6406585881272056 0.7699109223846249 0.6451525959457017 0.7390847010906955 0.6300674471663138 0.7141078155169085 0.5917543244288876 0.7119807307586553
