0 0.26105386435358063 0.411320646193509 0.2707350728702069 0.3966784118626107 0.30760909395359315 0.3699920257586533 0.3680996641101857 0.35438080074238104 0.42822687345636395 0.3543382788819704 0.44719405967709613 0.35933612274614196 0.4379059644372505 0.3739046924529718 0.4387941963907535 0.41275703505217104 0.4436518051145906 0.4284164001665576 0.39208596938742946 0.44502775863186134 0.36827180490796285 0.45109375380716027 0.31104301190213957 0.46342124202827845 0.26479801218022975 0.45444836036966546
0 0.442304559557951 0.2635071451701844 0.43993738836110596 0.30190050269051627 0.4599351734735501 0.3280853818551955 0.4794548443747958 0.3383247360764426 0.5156510183049836 0.347042629193937 0.5566261740250118 0.351657975984296 0.5825877299631068 0.3453858946053338 0.5930390853627234 0.3320065472167422 0.5980581830260332 0.31877243941037314 0.594005922857021 0.29173757942578565 0.594265160731754 0.2713778523244877 0.5784492547256883 0.26204796959374704 0.5022362710336089 0.24639713167085806 0.46455901893113744 0.2502503647431167
0 0.47889176625040325 0.34011038649463066 0.4565640628587314 0.35073079907642796 0.44828987346066906 0.36055674739522453 0.438272018126647 0.37346792618195596 0.4386394029627513 0.41293742193076116 0.4444662489678812 0.42241974918510233 0.48782030872010634 0.4280881720904777 0.5266890869991769 0.43045934876226427 0.5720829062085193 0.42930907185245243 0.5815085745002263 0.42386483176022555 0.5857836615846221 0.4088115406547706 0.5925517920946378 0.40432503879663734 0.5930653839132801 0.3862986208972521 0.5870539348016505 0.3717936565794653 0.5828281905037325 0.35787356926155217 0.5785384772007394 0.35316043155288285 0.5573421439522839 0.35161538781638857 0.515916353242518 0.3478843715065239
0 0.30564101944518696 0.4626924712149318 0.2761748143056393 0.4865750100428887 0.275649728694634 0.5026651842175454 0.2836249671193246 0.5319697048303463 0.31272856122944825 0.5383618095796584 0.3529885299209885 0.5325944478338689 0.3936228893465261 0.5261646417083277 0.41633593511102573 0.5225007826258964 0.43129037522627633 0.5084450288008141 0.43694155164397597 0.4777716608295539 0.4346222062600103 0.4515533118980067 0.43098189868473213 0.4338745289780857 0.3671847553221936 0.45234450346326255
0 0.307662408061052 0.5370776800738649 0.2890894994718103 0.5564959513475025 0.2885160793698187 0.5737366835774457 0.29248886675744024 0.6000867215629992 0.31975976569323 0.6093206300187326 0.3673476071098293 0.6071768725278063 0.41162954921355055 0.6048557034100954 0.42988090055821715 0.602232519965477 0.4361679689384538 0.5966714680091013 0.4445016223444863 0.5935160496841295 0.44955313407557457 0.5762330745655665 0.42810201149924015 0.5655101627607396 0.42493074943309284 0.5354238933111258 0.42989038766573107 0.52293951471514 0.41817321603113067 0.52234603083582 0.39351599216889943 0.5265680448872342 0.3532036644518553 0.5325282889515345
0 0.3189218066777042 0.6098761016773585 0.29360879227020487 0.63055738641457 0.28936673038912186 0.6640250640746752 0.2951944312771083 0.6824569947311839 0.3313027093337634 0.6876441960600981 0.3853328569619789 0.6870823677678102 0.42958311689923534 0.6787904098113038 0.44319163572825215 0.6746465461670135 0.4487468731741732 0.6564722822466026 0.44414522588016164 0.6553423328190036 0.43932655494848327 0.6096268324864738 0.42933598962174613 0.6027330779952519 0.41238513778579977 0.6035187702073236 0.3668026961733582 0.607677430557581
0 0.3282074876566635 0.6866304092603167 0.3075420572924007 0.7060423451638386 0.30492680369219993 0.7180874147290165 0.30855110319636825 0.752471722671432 0.33373898341231045 0.7561192376903271 0.37843277773241446 0.7577053762933453 0.430796510384752 0.7526744332515869 0.4572943931645878 0.7489043989712124 0.4643243740609558 0.7248755088398237 0.45006639474090004 0.7171876220642247 0.4455312688331028 0.6769972661695665 0.43142377581684 0.6792423895823433 0.3860013235633648 0.687754002054254
0 0.33427914282119475 0.7584087086939135 0.3110855808275945 0.7878571466733977 0.31673745924721186 0.8358072043806629 0.33384830044212466 0.8393744642902442 0.37709110894971554 0.8328650839374335 0.44540774506350717 0.8232509682205765 0.4629130108910981 0.8163846599120071 0.46658640419777625 0.7973676854484838 0.46026765365107486 0.7969579485660642 0.45364000596825665 0.7567612573012902 0.4555361046902598 0.7492338807443186 0.37797023723921996 0.7589873958672663
0 0.338619440150276 0.8392773077727735 0.32158939087199745 0.8619925014796631 0.32569365845306497 0.9094356657870377 0.3678878303093519 0.9043181322658499 0.4124723235473014 0.8963619914525655 0.47150329462979335 0.8837065153363645 0.4744210993642224 0.8660264740756132 0.46805323906735163 0.8453050724155178 0.46589260143181427 0.8361471884011721 0.47177732065084155 0.8210987706573446 0.4631648737485145 0.8159390155110833 0.445531300728422 0.8244231605367952 0.445531300728422 0.8244231605367952
0 0.3496776641863236 0.9073320464825413 0.33957146772320274 0.9191870336807034 0.3456177707754984 0.9567035231698178 0.37160717631291473 0.9566148067246525 0.4241308983242185 0.9559368158045469 0.46108663845157283 0.9549884874081123 0.4781657974800208 0.9525849584788979 0.4954287035053687 0.9405842365045297 0.49823245563005636 0.9161519448608368 0.4900825492209238 0.9097101701406546 0.48397922783758734 0.9056740290518764 0.486068576611664 0.8829694013830283 0.4733487050749847 0.881368466074043 0.4677760400453591 0.8852018540555738 0.41276537162635607 0.8963070778237144
0 0.3563322425080199 0.9562895556194722 0.33896320840146166 0.9814589612165013 0.3379319993338623 0.9971916839870039 0.339977005833016 1.0250983096907331 0.3687590819133041 1.0316583517409232 0.4019923189838108 1.0294153330303362 0.43919992196858154 1.028021360232977 0.4850342264384396 1.0234170554817956 0.49032809797177074 1.0112684940290317 0.4915969153140263 1.0034602139576894 0.4845273277226624 1.0015973812446797 0.4784572670324331 0.978031036922372 0.47720428279958016 0.9519682378213052 0.46192459746709863 0.954433015749486 0.4247169944823279 0.9558269885468449
0 0.36378201609696126 1.0298018543980294 0.3497236328308677 1.0523586425884812 0.35311982711555345 1.0732384497650143 0.3574775360806797 1.0947349775991395 0.3643364460362654 1.097434185485146 0.4387247213669288 1.0858854220182712 0.4963585679146637 1.0826560626905553 0.503383797283445 1.0614172015925283 0.4963601464413061 1.0571550706182304 0.49538120417716097 1.0421974740217577 0.4869620073269075 1.0218604677636198 0.43953415526927453 1.0283571773761992 0.4019923189838108 1.0294153330303362
0 0.45755252228559506 0.4253159447301444 0.4397035201021377 0.4374264939622146 0.4346615114262229 0.44912941101405474 0.4389542775317772 0.4841853532429142 0.461490470453467 0.4966971780215526 0.51760363680153 0.5017217431661033 0.5533412478634406 0.5033923675463611 0.580589967687939 0.501075429096576 0.5892309237557866 0.48949501004266915 0.594776658146534 0.4769008041889811 0.5924512796244437 0.4661799970863439 0.5845896697667791 0.46247333777067207 0.5821961753841722 0.4426009820238049 0.5802874006060512 0.4329974536085354 0.5751455939031554 0.42957803317735005 0.5277272449006959 0.4304946847232067 0.48856017886099246 0.4274744563999458
0 0.45379835300994226 0.49176341276081104 0.43039886490815066 0.5192581968799307 0.42664785268578265 0.5347036807659468 0.4289811557364042 0.5653454218741866 0.45172802629387215 0.5770208714798281 0.4610548765468101 0.5804529626512448 0.5094299887021234 0.5829430607963423 0.5507038310996082 0.5775995373896347 0.5786257690530792 0.573164204192932 0.5826017134939854 0.548512258033835 0.5783723117213608 0.5253978934825668 0.5725081771393229 0.5037852030206237 0.5541792068789664 0.502836895887735 0.5178143144373082 0.5008853679931063 0.46106911518191074 0.4983699283675463
0 0.45950726570826017 0.5799460692513542 0.4398302806633161 0.6087355436846259 0.4453997886396569 0.6559041398477453 0.4639394365357915 0.6560160718076373 0.5284052624002341 0.6467251024937707 0.5772571696315021 0.6395630939648632 0.590335032106808 0.6275497012502638 0.5879874744734264 0.6052780472421082 0.585630413784871 0.5885864513006754 0.5846784021596039 0.58238967257636 0.5855765525071148 0.5710648155563613 0.5772017138794441 0.5738295031092601 0.5507862015428847 0.5783809989337805 0.509178125844707 0.5833887051972662
0 0.4559035827364003 0.6563265474703964 0.44482161701007866 0.6759349011110499 0.4505241837065078 0.7186956315236652 0.464699792583287 0.7256020567551184 0.4873421135861871 0.7249451979110958 0.5421326013142385 0.7202564073826748 0.5824861142529209 0.7146868940904474 0.5988556214583446 0.7112210001027165 0.5980414200807526 0.6978263265945356 0.5945454277690857 0.6618241819349774 0.5899532835302477 0.6551141744406556 0.5924814151595852 0.6450776723646935 0.5866030259947871 0.6318350690028345 0.5766710734733926 0.6396729212225652 0.52907372900162 0.6473967367802144
0 0.4703088913069642 0.7249494285790217 0.46081572164083073 0.7454554063916387 0.45351645030334187 0.7555890649850715 0.4600157907936585 0.7974035929669879 0.4802630388873093 0.8023753704484236 0.5850047587747446 0.7839433972648223 0.6059394795801283 0.7784266928992561 0.6098568112156918 0.7390431400292065 0.5985578218517031 0.714065942764929 0.5813551071583405 0.7152972793779245 0.5422973422007916 0.7218193304709665 0.4870490655071324 0.7250001115399467
0 0.4787518617428109 0.8050492368539671 0.47261527966636724 0.8205432989987186 0.466396327146647 0.8352558995993243 0.46721528005182583 0.8458605440741437 0.4749660103006934 0.8655259160458381 0.48400456400216346 0.8662228918127445 0.49861578273325907 0.8630864795981198 0.5483420826741044 0.8585497592160207 0.5713186369776975 0.8582287175152198 0.5992405749311684 0.8537933843185174 0.6157795745507322 0.8491003843857166 0.6169707729772977 0.837720613736867 0.6130201647009675 0.8229214226568319 0.6150905073646973 0.8113769111214294 0.6170325428359253 0.8014502363031691 0.6204952585068254 0.7832696370126427 0.606232527659183 0.7783717792704051 0.5855908549328538 0.7838335700071203 0.49818015693128304 0.7994163698605833
0 0.49296549878794366 0.8633483770021436 0.487300960259868 0.8719803615062517 0.486402809912357 0.8833052185262501 0.48556802389777554 0.9065716532238399 0.49133711198041913 0.9102719771693962 0.5029212248949312 0.9152733267992202 0.5458884129071719 0.9231597360141404 0.5853897122475684 0.9265157814806231 0.6258065895191803 0.932887845865987 0.6284487737582591 0.9296035941729665 0.6345489221406513 0.9109287722227806 0.6301040912046618 0.8914408118778706 0.6299583564284557 0.8787177726561336 0.6308343276646753 0.8558420687306166 0.6222994996780381 0.8542538041618624 0.6158619449940087 0.8498818459298624 0.5994512525669466 0.8529570091455204 0.5713186369776975 0.8582287175152198 0.5486763159747974 0.8588855763592425
0 0.5017902178003508 0.9158837120866972 0.4971600613408188 0.9314939368592666 0.4964314034074476 0.9415916879341953 0.47795511984424266 0.9534213336518947 0.47828777461829325 0.9792581428674417 0.4845273277226624 1.0015973812446797 0.5498992284631471 1.000902488916417 0.6234400417231112 0.9954892551748912 0.6219668767993066 0.9758428893135438 0.6255167144410699 0.9556537225338019 0.6290301183887819 0.9322837959486255 0.585682760326623 0.926460867851772 0.5450504538916462 0.9237152076727663
0 0.49783329541745097 1.003088489295963 0.4907351986605668 1.0179658307831223 0.49063382210694323 1.0283444853724217 0.49521646329060787 1.0406345509334662 0.4959847279189749 1.0564285227029357 0.5050597153144964 1.0603062582752762 0.5139652102958782 1.0654110997926864 0.5481599620468255 1.0637848017396923 0.5944061187330663 1.0630878047092398 0.635345727829858 1.0574084641593104 0.6383459030075636 1.0405098844427048 0.6423582811425214 1.0190386980890418 0.6391078216340418 1.0108819301342462 0.6312367087212039 1.0127553288852973 0.6237330898021659 0.9954343415460402 0.551112606001004 1.0010735651730858
0 0.5964326595123219 0.25063210938938313 0.5916038575770356 0.2678563961636315 0.6003198118601243 0.29746318130617927 0.6165542411333222 0.3121392840931256 0.6569716208327853 0.3040992916738228 0.6953796243854836 0.29690210116909127 0.7157514380894299 0.2977473660330337 0.7356839322459674 0.29774241525141837 0.7454101255696007 0.2805329559391428 0.7472545213190448 0.261536563513286 0.7412708752646693 0.23794554851914884 0.7232513663106368 0.23619322111112853 0.7068612300245694 0.22667525909604866 0.6664123357476959 0.2244632306011252 0.6256520274450839 0.23256748364993454
0 0.7271681673616663 0.23685806859915312 0.7422737067949459 0.22423581812417157 0.7680415475032576 0.21987350904871383 0.7997244448128842 0.22186310073117202 0.8164204348264503 0.2243297087947506 0.8284118153401889 0.22861044194648475 0.8345511684074338 0.24704331616875555 0.839190901540412 0.2545667357197619 0.8192528470856348 0.25783661409360864 0.7934850063773229 0.2621989231690663 0.7693242971440173 0.27185530800638996 0.7622618225960361 0.27784142323085487 0.7474139414181256 0.2829550816168029 0.747158130374785 0.2606220872382218 0.7417583902842081 0.2392530023022387
0 0.8296871388085256 0.2274389231533944 0.8299447970638945 0.2199303310643608 0.8403994827677161 0.2063145162228357 0.8798955881984712 0.19285192678265392 0.9074689025685485 0.1923477184269591 0.9432558225194845 0.20009603773980186 0.978501471680512 0.20934459272425396 0.9792244037624604 0.2162031647872358 0.9780287903436643 0.22808394263208462 0.9792281168486721 0.242779823662619 0.9761621534012612 0.2601400454268669 0.968274795528832 0.2616180399055172 0.9559553200946355 0.27744837107420994 0.8898664906311204 0.29076514884403476 0.8843110435276741 0.27455420467991803 0.8691480352378136 0.2634074857342156 0.856808165822686 0.26245594080421936 0.8415376459920859 0.2569246007679154 0.835237025613732 0.24691479490974247
0 0.9784050807362522 0.20843011644918974 1.0166796184690403 0.19333135634739906 1.0395001278671603 0.19418403494232792 1.1074852616384607 0.1889047617595617 1.1138007156995058 0.2189613713086551 1.1175933243150769 0.2350363804827723 1.0972901000641913 0.2514302298550511 1.061314111310947 0.2684296168674632 1.0195509714780584 0.2902436003112499 1.0033313758875515 0.295614301215224 0.9957554320408608 0.2867760141501414 0.9801846187810019 0.28503110047310753 0.9686436784111518 0.27507072778246827 0.9680764533420727 0.26305401494762 0.9773892813974678 0.25851128849624444 0.9808463689201576 0.24154404424002215 0.9793467489858909 0.23063458956875774 0.9799584564408886 0.2165318816657548
0 0.5943141573953827 0.3306563551902625 0.6090772537964876 0.31849793382332764 0.6204882130840419 0.3116636607431585 0.6580421168677231 0.30410474045813246 0.6948824468060256 0.2972013128311451 0.7305590719567433 0.29782083621439986 0.7366680157539282 0.3149383121854824 0.7405097052427856 0.3439597519777429 0.7313888220993623 0.35766977972812425 0.7281383288039769 0.36767087996162545 0.7033499322547523 0.3775336989466102 0.6551587982957379 0.3881294614544604 0.6081251468858018 0.3948558824005179 0.5952642180716863 0.38422142230537415 0.5872302848517085 0.37111710930498004 0.5834176394371611 0.3572217785556601 0.5829986196874871 0.34582118966561665
0 0.7483921958527067 0.28508712921188284 0.7365248833844399 0.3024424700927049 0.7431296017954381 0.3502519246943642 0.7631739798531709 0.3584967389067139 0.8123960635890728 0.35396912068413294 0.8449611726936088 0.347345039556928 0.8625661199992162 0.3398718664547375 0.8658166132946015 0.3298707662212362 0.8902212564069687 0.32007985794069926 0.8885202884542476 0.28909194017432277 0.8842160235461713 0.2742451776311645 0.8693284614910975 0.26294692855997354 0.8562870668764553 0.2617382830627489 0.8408954408508394 0.25679582109461846 0.8202329105273867 0.25753706093549245 0.7929324834821813 0.2621310497021421 0.7700628541172434 0.27163431516488784
0 0.6066440661667084 0.395655196467452 0.5927625649344962 0.4050395294753281 0.5868921750864583 0.408748456992208 0.5824240439751522 0.42576083698680844 0.5813142722159033 0.4337954592461937 0.5856475811982897 0.46376833083229263 0.6110043521051827 0.4741483333816796 0.6526115223707805 0.467916991048748 0.7183951591583893 0.45715527433560604 0.7255371198506837 0.44694673830677 0.734969156687109 0.4436139569481461 0.7389996013332221 0.42616181640885054 0.7331665449162228 0.40794908723503404 0.731272666685962 0.3936942029634753 0.7035117313397599 0.37906871269403947 0.6552666643524095 0.38915280395274654
0 0.7601578853866482 0.3595836957914392 0.7470687799821764 0.354209769596622 0.7279101522136205 0.37293141386195194 0.7221351839452415 0.3849709027740171 0.7316564201228193 0.3936222922590275 0.7347554916919878 0.4081731156663859 0.7397671082069366 0.42601799499995496 0.7413436105056889 0.4335492423282057 0.756405416122783 0.43907528624992714 0.7910448692581069 0.437280274796362 0.8367654612724633 0.4292345722162187 0.8485477295198621 0.4296356073285006 0.8820608112986397 0.4134418901944812 0.878903651580851 0.36863884870124125 0.8455067252154738 0.3488081425999096 0.812833750054266 0.3544088812288282
0 0.8898872808781629 0.29092289305755176 0.9558928720176216 0.2785542518925327 0.9691085101942843 0.2739906922402879 0.9804883582893062 0.2854244664023658 0.9964317590752934 0.2881764219650284 1.0025573024697754 0.32772722587595043 0.9881717372670213 0.3434673459868869 0.9649722874935618 0.3535541934032236 0.893737280607589 0.3794254265232892 0.8809717733731323 0.37712152782333036 0.8807684857368019 0.36776762392985923 0.8612219494111044 0.3568206320628986 0.8597657576460367 0.3430055083360351 0.8631656055494167 0.3418466407468621 0.8662003667314588 0.3297988555167884 0.8903291224636405 0.32110320043898544
0 0.6045406989454506 0.4722288771579856 0.5967515419131261 0.47629735819710456 0.5898792463625109 0.489064250471656 0.5780181561327505 0.5027659819040288 0.5846768075720845 0.551087107754831 0.5962433437061399 0.5494414578705406 0.606262421615753 0.5553906697009401 0.6654683169484517 0.5453397637142673 0.7071957977477339 0.5328245449827232 0.7326562795910144 0.5144873431936579 0.7297916068507084 0.4910223764375236 0.725667807743159 0.46674979929644644 0.7151571103400167 0.45984915567220846 0.6538167157096882 0.46821293018454774 0.6108363307816687 0.47626692908269974
0 0.7414452543238541 0.4382261942749413 0.7263274485602018 0.46558263538926464 0.7376927850599888 0.5177177847334292 0.7867945582622062 0.5194740429094609 0.8438120212689391 0.5072243341993117 0.866231519691671 0.5045885270887693 0.8853777029832137 0.49317410172033815 0.880463575166146 0.4502656274967665 0.8521093765082497 0.4300117534867567 0.835944021370413 0.4288667223759712 0.7918123761318214 0.43713645338746643 0.7569509686446478 0.4405383892929086
0 0.8812289940377985 0.38698710296594463 0.893077639790546 0.38059259043047083 0.9646424670850404 0.35413777535681445 0.9907667448656481 0.3643739564973057 1.009437908260959 0.3744414272748757 1.0189093665304854 0.41232169234748167 0.99565598372869 0.42189686851467517 0.9820918584279864 0.4380048384658592 0.9078884678653203 0.4691283091682426 0.8859066559077815 0.47220387682348014 0.8798640896159453 0.44829085320464185 0.8629498943199134 0.4363288151574036 0.8598446005122383 0.42543160119849466 0.8833199376658833 0.414249500579424
0 0.5974423148065412 0.5533910064547898 0.5883152094246115 0.5707546436536205 0.5846809626923688 0.5808276545915695 0.5904103081729806 0.6277575881038381 0.6038354562244802 0.628894322896615 0.6180820441780304 0.6303989075296396 0.6843759671746875 0.6096277942649877 0.7063038461038904 0.6060405553606071 0.7208989211814815 0.5960007296946924 0.7344630464821849 0.5798927597435085 0.7265432015573852 0.564158179792951 0.7232283978748733 0.5475606713890202 0.7262569368184089 0.5391664956073959 0.7192601756138248 0.5284767174438217 0.7069738433958841 0.5344314694346002 0.6661818907938304 0.5446842710562287 0.6070299284894677 0.5552468482920445
0 0.7325961243241721 0.5176292813929643 0.7268626446071159 0.5374876604510711 0.724265569890267 0.5499752062258401 0.7258835607403422 0.5653253437001328 0.7332039201149413 0.5790851493585657 0.7480914821700151 0.5903833984297565 0.7956706861018161 0.5851200805266804 0.8331644346186549 0.5807030984409609 0.8758274436151658 0.565925462599501 0.8782336751726972 0.5367767940343621 0.8741036538266411 0.5161578263417342 0.8624479183514335 0.5058193053823904 0.8441957747057963 0.5071524234948639 0.7878918855444423 0.5187466395469744
0 0.8833282479064519 0.47373059425290087 0.8860912768285927 0.4925186090622995 0.8722097755963805 0.5019029420701756 0.8750931150522057 0.5144070804809617 0.8789472490180761 0.5361213013763234 0.8901113649997547 0.5455083905418289 0.9288227513325144 0.5340801286950102 0.965567659691158 0.5188461396728378 0.9992425405549432 0.5041874362862476 1.0192101637485367 0.493140860758064 1.0198117164169596 0.4617214787650008 1.0009538649826153 0.4647334320337992 0.9828054322733653 0.4373493458078204 0.9079963339219919 0.4701516516665288
0 0.5970896934460561 0.6317237293241045 0.5935570905319786 0.646473692208789 0.5906364176451147 0.6558912104886995 0.5950672153253821 0.6608004871847957 0.5986205729570411 0.6982243990766891 0.6216810454812965 0.7053822564043132 0.6878608801827755 0.6872414100898245 0.7407898103947752 0.6621916238330895 0.7404247236734373 0.6513027061921891 0.7347182000286291 0.6231524911713104 0.7204612347162882 0.595560969149997 0.7066875995407478 0.6059686446561593 0.6833325729207872 0.6108668688766173 0.6186275966998952 0.6318620105726211
0 0.7351579536120445 0.590198095430818 0.7342742913249295 0.6263663400750646 0.7417917160973526 0.6531336590754181 0.7655118294386511 0.6591243524958607 0.8198305739103697 0.6546852376137445 0.8429159353886511 0.6472286571475713 0.867752042727705 0.641531118860179 0.8831685577073465 0.6318591430345118 0.8810527251252358 0.6192111832148302 0.8810547922434581 0.5858170269296422 0.8631034249320322 0.5714404540455843 0.832504793801612 0.5818702623481427 0.7949571122564372 0.5857755731847192 0.7498422280307877 0.5921424406085379
0 0.8788870937512336 0.5392632395756297 0.8758274436151658 0.565925462599501 0.8651839912013263 0.5726159142707745 0.8819363874123507 0.5830429385705834 0.8818202319989505 0.6190673618059346 0.8856390996520044 0.629309083106805 0.89487822621089 0.642709335242999 0.9495164137323394 0.6115997010190032 0.9835460039586719 0.5817429778850244 1.0065421660958007 0.5623022265752166 1.017372306548674 0.5425323508575746 1.0087575544940146 0.5164924352197077 1.0004477338938509 0.5044833754220474 0.9273956036417568 0.5353911140110875 0.889397791154376 0.5461638831998676
0 0.6162006313086223 0.7053656637682959 0.6133691577629109 0.7267673528918408 0.6117615442716264 0.7375041528058371 0.6173000465929206 0.7677729635277358 0.6376742450591749 0.7754341957864944 0.6897444019380856 0.7719382163802084 0.728833319469196 0.7640916532773913 0.7486868543676114 0.7556753446993708 0.760104035893672 0.7451874621707523 0.7637030163130982 0.7236419516383119 0.7484980783265159 0.7056200656238131 0.7403147904985434 0.6836735199790906 0.7396323278456969 0.6660609653948822 0.6899414464520697 0.688416870315015
0 0.8730167247870358 0.6395010264996238 0.8832390903329794 0.6548041422234946 0.8862220064887477 0.7053793888662039 0.8750682678658598 0.7220792370889875 0.765231807822021 0.7270079182689702 0.7643087241018054 0.721963116481987 0.7504707785391384 0.705772183350717 0.7410822973722582 0.6835296985701951 0.74285170994855 0.6743279124036281 0.7572372751513041 0.6585877922926917 0.7656196954953228 0.6601476949941466 0.8195007535018484 0.6552688195673354 0.8414348546695577 0.6480279712145053 0.8726869043785144 0.6400846084532147
0 0.7652255855835147 0.7306615277174195 0.7543352898637995 0.7535733416343678 0.7562229458555538 0.771481835354376 0.761437850006833 0.7986806185814163 0.7876285052927894 0.8021212520741517 0.8214402962875562 0.8036120002287884 0.8622799596794394 0.7975244793047526 0.8799803285647054 0.798381867597747 0.8998463079401336 0.7826583401228278 0.9058909413501919 0.7731772074564782 0.9000889961257249 0.7366964310404146 0.8853881221096844 0.7123187579228554 0.8757818417112386 0.7214237444309487 0.7663830681325932 0.7267921861556269
0 0.7478052591987185 0.7584494330584297 0.7566066992924111 0.7714099246499281 0.7647588759278514 0.8116245175368975 0.7085918968974791 0.839368185130235 0.6312894347656444 0.8559408324252601 0.6222535958430893 0.8518944841825373 0.6166300493009269 0.8393820494537426 0.613147224294901 0.8249031367508318 0.6149767921380351 0.8125594123849585 0.6172979794746984 0.8011671198129235 0.6207766493604401 0.7859054856790958 0.623373724077289 0.7734179399043271 0.6394249909199476 0.7771932379652756 0.6903978205166221 0.7744246619214761 0.728887252497532 0.7646033245265343
0 0.6323867620478806 0.8552134290627734 0.629387267178655 0.8787337138873385 0.6315570327891014 0.8918933449561633 0.6376410876322605 0.9236252587210435 0.6683351403423394 0.92152601181367 0.7146676623839096 0.9081478646287525 0.7725729427980417 0.8894704581110949 0.7773584498408563 0.8791817150598026 0.7779351135552532 0.8623767708605369 0.7633773719087009 0.8504949398357552 0.756339122152794 0.831986271526139 0.7508172194287969 0.8241507887440798 0.7082081434606219 0.8394400958346829
0 0.7610541174538157 0.895281388692978 0.7636947687240496 0.9537474361861772 0.6370001344145768 1.0103604536899908 0.6323888709337826 1.014876991591814 0.6235459422887671 0.9940976098542734 0.6214902649734988 0.9783077118352853 0.6253111997447748 0.9551552768509679 0.6309969686720016 0.9311316170952685 0.636651626406696 0.9253760045818161 0.6695403336812473 0.9218219509494698 0.7166942956248679 0.9088116536047997
0 0.6612367562034301 1.0026881411104744 0.6597307865303108 1.0181018929712062 0.6719548963631871 1.0486832354649218 0.7300095313853135 1.038848061591592 0.8107180636590349 1.0174629372589448 0.810311488386374 0.9987551294720024 0.8053123163484381 0.9736030312415348 0.7924036767444931 0.9588032904487983 0.7771199167755491 0.954884170978954 0.7614461811312414 0.9546905716620069 0.6665615935296032 0.9975161105506126
0 0.8027110865113048 0.9563500301795651 0.8063017775740025 0.9718522853807618 0.8111329282884243 0.9991229793122499 0.8358300583782744 1.0106701457688185 0.8952516858243162 1.0026659247787182 0.9453553647291109 0.9953642181970785 0.948798768302036 0.9686300844687593 0.9307208682184192 0.9641909974317633 0.918285181392484 0.961303516778214 0.9157441068221932 0.940908577516938 0.9146654462554764 0.9306751525340764 0.8505786223003042 0.9426842401768565
0 0.7570713627136922 0.8203699505227521 0.7638150583738942 0.8509347003804505 0.7776592261750677 0.8634720240632708 0.8070153305355414 0.8746679333156093 0.902719290921008 0.8656044005524389 0.9031528222659169 0.8363036142603958 0.9027939577830852 0.8217610871710459 0.8876553973018517 0.7969436535087913 0.8797044411845197 0.7994771208004811 0.8626097800879609 0.7969408973511617 0.8206727894138415 0.8037558216376842 0.7868609984190746 0.8022650734830473 0.762589110317405 0.7984648864680728 0.7665635548169598 0.8138952309648219
0 0.7773294057665462 0.8640556060168619 0.777580404192706 0.8775747906079255 0.7682914997257688 0.8934034140593269 0.7698182241164694 0.9301635369751731 0.7770120507188776 0.9538608284806678 0.7935010040267292 0.958075887086312 0.8028791078348188 0.9542314344785449 0.8528272098931124 0.9417411047010266 0.9148334675789903 0.9285565568330562 0.9175031420396944 0.9056198539620821 0.9120662835365654 0.8800279951869189 0.9028271569776798 0.8666277430507251 0.8067933761836916 0.8762748577674864
0 0.999207232474447 0.29965721787752825 1.062395861663429 0.2679888906539674 1.0963943406972292 0.25640021476223585 1.1228671056018777 0.25509198560378804 1.128100676468676 0.2713299404854799 1.1298203111369167 0.29135702990650825 1.1200563867737476 0.32866754950391086 1.0903683948865304 0.3514493784903512 1.0284326698262853 0.3875789255473043 1.0128190894488198 0.3842433880310509 1.0104273694865236 0.37269068141410316 0.9903829914287907 0.3644458672017536 0.9869063886612712 0.34631334505039346 1.003378742371826 0.32809507571619795
0 1.0136405293508703 0.3846112378712984 1.0295839301368572 0.387363193433961 1.091573588225438 0.3517453176261509 1.1266859941387715 0.3618625663117725 1.137495400757903 0.38644767522466655 1.1386694829042785 0.40501166160271346 1.1027335699706724 0.4279207193620321 1.021334285687376 0.46874105484410844 1.0212388641077172 0.46041049344892343 1.0016135057996582 0.46356626812661733 0.9821457914563223 0.4385165097150023 0.9962554692788906 0.42387164280679984 1.0184716800652922 0.41188193180278637
0 1.0214960847723833 0.47027606859153775 1.0709173010243316 0.4453618074256896 1.1104086387078187 0.42648250527307635 1.1326061827787006 0.4254536226144112 1.141741598401199 0.46757107908905726 1.1353132115542834 0.47712412245985464 1.1110039900215751 0.4952455921355767 1.061030999009256 0.5223503597068927 1.0190691193811108 0.5437797217872126 1.009632927424401 0.5173719563090983 1.0021445467262877 0.5057307463516856 1.021182863961159 0.4932929784849682
0 0.8864003842872125 0.6328188711463588 0.8837369320650149 0.6521019645688835 0.8864978938689334 0.7042841356634701 0.8918994860592458 0.7184034948441419 0.9365476397453921 0.6964707578326873 0.9706602070743705 0.6822518149907925 1.005996634457776 0.6573679829393492 1.023680403745745 0.6357920432925039 1.0220686351341761 0.6167882963697617 1.0117923365598964 0.600973509396748 0.9906215871456174 0.5783299895039442 0.9500080332258685 0.6125511328128413 0.8971205915651915 0.6454198092156185
0 1.0184696338309098 0.5418049474950882 1.0059903913354296 0.5644927329806846 0.995178917598076 0.5733017803529782 0.9957058034044215 0.585725711741308 1.0138729028291906 0.6021489696219384 1.0256178376455507 0.6244716614249167 1.0793744299981074 0.5961361155599797 1.1428576132827943 0.5524117067883366 1.1493461553965525 0.5397167252182331 1.1423991721000197 0.4997980714670634 1.112700802854012 0.4964929630652147 1.0615226185027846 0.5233017915007311
0 0.8919534190875817 0.7189151660932849 0.901624009873154 0.7364087882226235 0.9073657998307788 0.7760315028379935 0.9049367464374438 0.786400452911742 0.9536381666055067 0.7657952938523822 1.0265409422496063 0.7260453226190139 1.0344504098156153 0.7156929651812822 1.0315255818084674 0.6953699366244543 1.0225084096014312 0.6803627600363833 1.0125971977484898 0.6754368907042702 1.004239666358497 0.6592625502090174 0.9707680731310422 0.6832751574890786 0.9355581785198277 0.6982215036934599
0 1.024904263800172 0.6251271540829554 1.0798660494916366 0.5970875473538181 1.1188782121586076 0.5699495945104678 1.145601975489416 0.5821605499430836 1.1525323591886512 0.5996458757544137 1.1580770837484518 0.626261077027863 1.0866429443464327 0.6725189530911958 1.0320172013019964 0.6963213684182926 1.0226764309249452 0.6782441643353633 1.0117218248181035 0.6745573696148793 1.0056128810209186 0.657439893643797 1.0238422028307523 0.6373270570399331
0 1.0311957613999458 0.6959535185780451 1.0356556031545232 0.715988904317082 1.0192973377391468 0.7315769067011143 1.0206995964758785 0.7448803591788348 1.0349088509983901 0.7683066005025557 1.0818470808286673 0.7532496181613132 1.1154680286641168 0.7380792435255801 1.1563989585153742 0.7105817371599906 1.1629414336574682 0.6983984268390301 1.155058922163707 0.6607421901977761 1.1299303278471702 0.6451016537480627 1.0871345638399619 0.6734703848850341
0 1.0073947589580634 0.7374597479874451 1.019878156573828 0.7445125093385871 1.0313534262485087 0.76427684489585 1.0328511065648995 0.7859108587687554 1.0127030175707792 0.806383248894858 0.9693139902518765 0.8291235962912554 0.922471182001258 0.852511140027683 0.9087162135412369 0.8519579871884968 0.902607269744052 0.8348405112174143 0.9033395103049502 0.8232241902140275 0.8883689711472305 0.7962881608507525 0.8995164875316122 0.7832419220764187 0.9042231725920651 0.7870559455697809 0.954513539535893 0.7666748149417727
0 1.0317371796853663 0.7642049341914022 1.0331269939450851 0.7848156055660214 1.0229087835194257 0.7992530366788891 1.0288621504701094 0.811181889454093 1.037524613314598 0.8413870857895525 1.0833115828343036 0.8265458355616534 1.1212554622933486 0.8152613951237303 1.1706165232784544 0.7934890721571884 1.162254836768177 0.7475741848251972 1.1377443947173604 0.7229475943222603 1.1144246344102164 0.7393183181372095 1.0809115526314388 0.7555120352712289 1.0352926044352473 0.7682346897981079
0 0.9102450050501597 0.855323953819155 0.9129416564669517 0.8809075162763097 0.9176649411247019 0.9071548677095113 0.9235705972855562 0.9149184397871227 0.9859668306467979 0.898008371766255 1.030177297867751 0.8756358742101051 1.0446831736041897 0.853611877700556 1.0441562877978443 0.8411879463122264 1.0368649724975552 0.8425542496967342 1.0296296573438242 0.8110380680451975 1.0218653892655254 0.8004921112905188 1.0131946370643083 0.8073346806886965 0.9693679232802124 0.8296352675403985 0.9230706675514586 0.8544859143198075
0 0.918258204436396 0.9127832514500853 0.9156549074810407 0.9289244066733037 0.9177396288706192 0.9598404137352322 0.9279267281037463 0.9636710298646115 0.9512630880081876 0.9697336339895021 1.0137422984720752 0.9684613462607182 1.0478901321138698 0.9657149030133146 1.056459240496922 0.9541953816684012 1.0576789454310647 0.9137899456221144 1.0465500957622025 0.9158753560511003 1.0257879887388066 0.878545487660051 0.9864584501403268 0.8989598035600933 0.9245538362726142 0.9168213033747995
0 1.0454216364035944 0.8383419472487197 1.044023532787147 0.8547790416077379 1.025512101358621 0.8796407408627848 1.046657961818874 0.9168986985493864 1.0937165021828361 0.8955578398095313 1.1437911370133207 0.8731300241849508 1.154542455483832 0.8674629150119634 1.1588301207946112 0.859876349615282 1.1789118322833827 0.8461995071369351 1.1628688547974528 0.805376443342349 1.1510865865500541 0.8049754082300673 1.1213633283500202 0.8162847376220164 1.08418695576469 0.827425356651044
0 1.160526933627048 0.8611237205449203 1.1721287360739199 0.8709505702551211 1.1781464134117303 0.909478031667757 1.16052902162911 0.9242584236668465 1.1148914067173994 0.9479419065390738 1.0633958464346636 0.968027098031282 1.0533767685250504 0.9620778862008826 1.0590376484982515 0.9526686642389807 1.058116631896258 0.9142297061668098 1.0929427730706152 0.8993552706668763 1.144720442972043 0.8745212165234846 1.156185335287933 0.8681986146924586
