0 0.5134090600885277 0.5026673857202864 0.5375839945111505 0.4824467972067694 0.5609686746555222 0.47522692121589855 0.5933044113600766 0.4766454914068561 0.6528131088779001 0.5009454906189683 0.688438992445169 0.5261843526848093 0.6901916843203588 0.5535838373766258 0.6834022821048175 0.5739684276930194 0.6373616754182465 0.5869978219568359 0.6065449465941156 0.5711681815253069 0.5677027045925376 0.5654365372791357 0.5303702469178325 0.5398778840805739 0.5183258332754983 0.5275659461089732
0 0.6805364806198795 0.5131016392607249 0.7192895512847265 0.5141758221761599 0.7359463298896356 0.5157501816969616 0.7934471092744038 0.5535961767243222 0.854736169328069 0.6215434767637081 0.8398320825983496 0.6473686019347227 0.8328551141557956 0.6530223308778242 0.8254784067973407 0.6624684467263393 0.798901974680536 0.6559414308848824 0.6965751882652249 0.5810776210412814 0.6927961311498784 0.5563922547410751 0.6886788357947097 0.5239089205415612
0 0.7998644432346962 0.5532517894487994 0.8330980526613341 0.5571589858714856 0.8568916952751575 0.5515626616870204 0.86353964903144 0.5435269035564305 0.8905957678473259 0.5455030551113912 0.9189679454082975 0.5570073234163054 0.9421312293102302 0.5628947569923208 0.9770898599514055 0.577953621971366 0.9953394348651441 0.6084444209461496 0.9884793084199731 0.635003427355445 0.9641875319999673 0.6343187384027681 0.9219598124441694 0.6441953280266128 0.8548253406647999 0.6262009380944447 0.8550559604607897 0.6185095672393773 0.8172960932095313 0.5804954848107716
0 0.9358614722067491 0.6498941636569496 0.9651653525052308 0.6360488872534141 0.988968218672605 0.6358685017807679 0.9922829719971955 0.6264346840036539 1.0440582768096403 0.6415509537413354 1.1075766512388001 0.6828449483985867 1.0949049430833515 0.7315186939749215 1.067787323591387 0.7411328972246819 1.0143853924546864 0.7249383589731968 0.9738980770217509 0.7072965687895838 0.9742885923841011 0.6980882431723511 0.9594706127923365 0.6790689038866473
0 1.0360758172011706 0.6292267176983336 1.0606166605242677 0.6330519132195814 1.0696999419901587 0.6239255885037872 1.1028259329729642 0.6123434461720988 1.149961202162182 0.6219494782251219 1.223639073452778 0.6659206970597803 1.2210007966078318 0.6909504506355093 1.2201398180999512 0.7101255792510573 1.182223119481109 0.723130377372072 1.1390698565425752 0.7142705246287305 1.102004912878063 0.7026842554223781 1.1090341584431447 0.6800242329627363 1.04397832902646 0.6423094311224179 1.0196681054993528 0.6307928647461029
0 1.1637829141415814 0.6284067912365415 1.2051927087584762 0.6152830979998857 1.2549232012236629 0.6222816087055391 1.3309995060096642 0.6434985061077164 1.3270205639577566 0.6922542525854897 1.2865885898461256 0.7071080946727916 1.222618199378537 0.6866127804374935 1.22420793148859 0.6660272941040205
0 1.223187057414349 0.6867193774817338 1.3186298912367638 0.7170789807688065 1.3460230400776352 0.7278473206137953 1.3423172208954963 0.7529808885443693 1.3411205278019074 0.7743582371609022 1.3153366503236663 0.7817362503766371 1.2904264879044656 0.7808251893562538 1.2199040171279925 0.7582181426330559 1.2188566828191658 0.7514474867238379 1.1970698628760772 0.7309289072636261 1.1919209311600383 0.7196328631185388 1.2206134525601589 0.7113910946021416
0 1.2202979349466663 0.75782235814283 1.23337936277634 0.7640304568627775 1.2903779481789632 0.7812856934804827 1.3171344805736496 0.7947523384368411 1.33926667860991 0.815335637531056 1.330613547034797 0.860674133979901 1.3020069050563694 0.8614183972406315 1.2366221659666234 0.8435308976553119 1.2174266119255215 0.8385250857784571 1.2180576283570508 0.8325385321634831 1.1855584875109868 0.8067253955455737 1.1968420850906774 0.7999174062053168 1.213991510239629 0.790921402139507
0 1.1018743282932588 0.7018200303952966 1.094083711747875 0.7322929556008145 1.0770743057607746 0.7366191987903338 1.083011073114161 0.7471236739549694 1.0982730489831805 0.7593755792376863 1.1014897313020406 0.7656135447024649 1.0994940025417925 0.7812059652922404 1.1567838262974295 0.7956981771645726 1.1809173531085937 0.8039773041726163 1.1968906248161795 0.7994569020810882 1.2142398088817958 0.7919071300219676 1.2203950143976707 0.7569013498943723 1.2186083841769988 0.7504617588413772 1.1969727834250725 0.7318499155120838 1.1721485004275647 0.7234413492360338
0 1.2160936392783375 0.8378057031182163 1.2116055844735067 0.8670190885328463 1.2073751679337548 0.8737399581804768 1.1825247452693683 0.8789448900430737 1.1836747590438548 0.8880827862074385 1.2120293627718595 0.9131192872173118 1.2172156341840892 0.9173783302309615 1.2718283126160461 0.9238552797756032 1.309026467212917 0.9284777599927811 1.3277627636658758 0.924475114973277 1.3318027609118743 0.892829769669497 1.3295195334068683 0.8844187228515809 1.3111864943954954 0.8645473397313991 1.2366707056921258 0.8430703935310833
0 1.211095907958005 0.9152923685704498 1.2172641739095913 0.9169178261067327 1.2721736907092178 0.9239199994096062 1.3169216236303614 0.9304268156990791 1.3349466242447534 0.94319647805382 1.3349802243326883 0.9629259690754468 1.3350138244206229 0.9826554600970736 1.3257595556891157 0.9936005198691816 1.311119256628714 0.9988403046209505 1.2624974852903017 1.0056955746203202 1.2123373823733845 1.0070969814491553 1.2045393054069446 1.0042269174943999 1.2017968203137954 0.9868074137801246 1.1877651376262996 0.9729076509025015 1.183949178557445 0.962330989417655 1.2074666285746476 0.9564066748948173
0 1.2037514697695972 1.0050184864748513 1.1998944313962958 1.0282453182745073 1.195410116199721 1.0306922115360726 1.1751952279230715 1.035356986268022 1.1830754447029483 1.0574960371201758 1.1927142916302178 1.0696334365073021 1.2137338155881825 1.0740418383057142 1.256695118288654 1.0741090635421917 1.2824845957815512 1.0700192988300616 1.3066442622595948 1.0646849276994585 1.3190069338296464 1.0543223446333776 1.318151898016429 1.0156549315705756 1.2951945246466303 1.00290020258825 1.2621521071971302 1.005630854986317 1.2125856810155518 1.0080827093316158
0 1.277260984673131 1.0727972569478494 1.2980919497437422 1.0823359237467816 1.3162737695639528 1.100300570736045 1.3145375394751833 1.12345521621549 1.3166210080635241 1.1304200310267172 1.3113227175627227 1.1472719914073808 1.2824733769567835 1.1503187752892552 1.254169173360681 1.1548765108118222 1.1993193963158686 1.1539903303919286 1.178191592877588 1.1439264398347653 1.1661556389503405 1.1144342563673664 1.1588914989644257 1.1064986470460945 1.1679628088232357 1.1039721007781107 1.1934442479191518 1.0927806153005395 1.1933565080910589 1.0702233798995369 1.2137338155881825 1.0740418383057142
0 1.1919152371681028 1.1507244819469473 1.1867513658144964 1.1596184329477157 1.1900931276576405 1.1813766326820587 1.162474080233225 1.1827755589690272 1.1479308606238277 1.1870943354723387 1.1696000614636888 1.2254356698232594 1.1800155439989946 1.2302050032227252 1.240542589725715 1.2340334339175847 1.2507956530405464 1.2303195341789237 1.3004852983400081 1.2133331734465207 1.2990216461538848 1.1938053080131106 1.301799610536825 1.1741330699392791 1.2757170342845146 1.150931118740113 1.254169173360681 1.1548765108118222 1.2005552895120482 1.155630721300627
0 1.17908208918514 1.232378084575863 1.2411848061865558 1.2346233773098196 1.2511895708592204 1.2299237496886979 1.2643512780959312 1.2253460946493744 1.2966133203291395 1.256750000392032 1.2957564053140664 1.2749038201389638 1.2950021697646534 1.2954248801410422 1.261491155104098 1.3126253192922106 1.2203220826389536 1.322285933612333 1.1686348481728435 1.3248099742778419 1.1675277741092034 1.3119233254856437 1.1533934119560476 1.2956563223528739 1.139496148415747 1.2737985500953557 1.179386387973865 1.2662462974943682
0 1.1676472536188311 1.3241553112516042 1.163358957730665 1.3548149286729234 1.149900412126285 1.358867359954015 1.1663833415539164 1.3929496512912862 1.176361966559702 1.401863521808811 1.2427492398410278 1.400215689274513 1.2458091029540697 1.4012586701047687 1.25230594695486 1.3930841017642408 1.2878294904196312 1.3701559875341107 1.293564638449953 1.3491594900353878 1.2900511177634235 1.3423963008123778 1.2929429616413355 1.331667800000902 1.2765253719831735 1.306989750050216 1.2618850729227717 1.3122295348019848 1.2202735429134515 1.3227464377365614
0 1.1760651281920325 1.401338298050579 1.2464998591404128 1.4013881093727747 1.2605352814361643 1.388521380097333 1.2810376684575715 1.4078600727730752 1.277710827456539 1.452787851359279 1.2141033789645534 1.4648181864764147 1.1548719661888265 1.468746139573234 1.1406031848884752 1.460437145820359 1.1179631895385689 1.4313058939540142 1.1401476669085877 1.4246621967709352 1.1736101418436409 1.4079222617439957
0 1.1510336258568044 1.3581405106075666 1.166286262102912 1.3938706595397434 1.1752287528291827 1.4025903711552596 1.1748945747653226 1.4091021485284656 1.1157938415285351 1.4318385843984534 1.0419874694618758 1.4504105636336264 1.0300000552601307 1.4204578760419988 1.0097105063865564 1.3523206795704212 1.0318203043641934 1.3597509846502183 1.039482101777038 1.3405243173281998 1.0933778843557729 1.3604853257434824
0 0.9176607143384727 1.3167572782766812 0.919992481568981 1.3247078209703687 0.9160010240484844 1.3558926621499197 0.9026395578951087 1.3590240851825535 0.9020738812330491 1.3744148801841127 0.9319985562210934 1.3945799947294784 0.951653367850339 1.4085942635026918 1.0229095345240018 1.4275819968660628 1.0309391100886411 1.4215730431924651 1.0098075858375606 1.3513996713219638 0.9625113267252767 1.3256313348213007 0.9510223702142655 1.3277048436512633
0 0.9289611307575865 1.2329380609808351 0.9116380863588491 1.2268743349013091 0.9091569603435784 1.2470717967333724 0.8872693213412292 1.2542407176746828 0.8898661872578718 1.2730417337616442 0.896790549165271 1.2842008719525178 0.9012057849841202 1.2991162294574325 0.9187827280396805 1.3094539319230236 0.9184485499758204 1.3159657092962294 0.95111944966527 1.3267838354028059 0.9628567048184483 1.3256960544553038 1.0108922598425778 1.3511333260997436 1.0313778468200172 1.3606072732646728 1.0406694552477154 1.342625212361127 1.028207843820259 1.3238540630189963 1.0190693337855796 1.286921627243727 1.0119825526577064 1.2672792559147263
0 1.0165210075944393 1.2676601070325364 1.0429153618519866 1.2711972868440786 1.047183118087929 1.2574394160650104 1.060064787000938 1.2622012827782685 1.0659474146141665 1.2698780135635286 1.0750243244876323 1.2706397157991491 1.1150825832808806 1.2748589448398935 1.1389024716804081 1.272748102578892 1.1549261435198965 1.297821937019804 1.1678246124768727 1.3124485492438758 1.1637528755493391 1.3544191441826978 1.1532029738668383 1.3576078201631272 1.0951533145471328 1.3603484197892686 1.041451690870407 1.3385453948770711 1.0285532219134308 1.3239187826529994 1.019457651589598 1.2832375942498966
0 0.9027801522118356 1.358081256628018 0.9034975146644668 1.3910876728781112 0.830350838014119 1.403258830147552 0.7736397129728486 1.4038223234682647 0.7571068468134972 1.4014236704582494 0.7446946935212524 1.3599311566892378 0.7334559124548444 1.3172597103961492 0.752293820829071 1.2928135414162754 0.7698109717497964 1.3555453873875714
0 0.7582135234536889 1.2316758591114774 0.7444722722605829 1.2724639689052883 0.7701807782381302 1.357013492744428 0.9155593411743721 1.3562794960524645 0.919157320689395 1.312191852960861 0.9020933807306006 1.2999020262298915 0.8847541780157038 1.2553880313993873 0.8438446466044766 1.26031135840475 0.7673697115591233 1.2592695674624852
0 0.7660128494913727 1.1527058894429263 0.7452146840485254 1.1907728116045038 0.7662602920941213 1.254865251391917 0.8436194265325322 1.2574715386352977 0.8898174734073857 1.2521404066599364 0.90913084326758 1.248066051384009 0.911121691307597 1.2092724840542715 0.8882854339518492 1.1721212572010071 0.7718658005438807 1.1817788237472702
0 0.7528777641171793 1.1180719477368963 0.7657236766585933 1.155449318268119 0.7740679585791649 1.1807926731117129 0.890270712362549 1.1731926781843447 0.9226441035706994 1.1596757421193236 0.9124841509978968 1.146581426044837 0.9111801024323471 1.1141644760567821 0.8767853002060157 1.0622580458836557 0.877341395347538 1.0868413937696508
0 0.8532900635291547 1.026382142498728 0.8698312701358657 1.0336781868970903 0.876971588859204 1.085373288412795 0.7329777081440666 1.1227357692748619 0.7232431743730735 1.1006289185742393 0.7157024581900049 1.0726385258497124 0.7408910296267438 1.0675668993417482 0.7444417372756511 1.0388572876214843 0.7329860765846585 0.9982434129472901 0.7435631075119107 0.9974278030072935 0.751935209585836 0.9528359640014319 0.7608244753825277 0.9531028956412522 0.7825846750627122 1.0054393719773362 0.8117048719020946 1.0227860101957333
0 0.7714404377285359 0.9320118629415687 0.7656152788361495 0.9623934825036881 0.781555889253265 1.0052465900888166 0.8125890712951521 1.0243505064968492 0.8545357289631865 1.0245173527683529 0.8699758565522553 1.0323064724844941 0.876012325439909 1.039732269616555 0.897842047510246 1.046620509044919 0.9249352637021302 1.0384087693382433 0.9274015732281147 1.0199870157124522 0.9366439646184207 1.0119272699324344 0.9323592136221628 0.9978356826259112 0.9236061937945013 0.9912996451851476 0.9038006815536199 0.9652074039804344 0.8123833309292021 0.946678101489594 0.7904896560980299 0.9453731106558753
0 0.9371193981111561 1.1616888313522997 0.9244847955650093 1.162118877515257 0.8898286126660202 1.1724104300337865 0.9114108641403763 1.2065290552290786 0.9137909703814892 1.2237607557343135 1.0161968606582916 1.2674295105837485 1.0437488574414238 1.269794801804325 1.046593313903102 1.2577385449237373 1.0312783210176608 1.194020548316884
0 1.0568200180480143 1.1806222443890817 1.0505193976696603 1.1906320502472547 1.0313506142258557 1.1933346911105853 1.046593313903102 1.2577385449237373 1.0607794356107791 1.262495062981906 1.0661569251773197 1.2711961835823038 1.0761472699916532 1.270970039904345 1.1164867961846816 1.276430961937715 1.1405742886037782 1.2718524107475293 1.1800852277172247 1.2652681964967905 1.1801714310020963 1.2296147423657646 1.1680428809133137 1.225243788084635 1.1500530393246633 1.1869025081108142 1.1049560714674518 1.191740564768397
0 0.9011786463526112 1.0647308486449718 0.8912133228803567 1.079649166487971 0.9139772870279096 1.117486250547534 0.9130708371108154 1.1459919597827986 0.9385179904089374 1.1633497185976753 1.0330383793564164 1.1922521495307685 1.052207162800221 1.1895495086674375 1.0570508077492757 1.1435970758454592 1.036055242387838 1.1088889843881287 0.918395513175155 1.0805463523516916
0 1.05257142765247 1.1014928546214497 1.0387801337752058 1.1128966160851783 1.0581518867669177 1.1431040005276807 1.0558635254467619 1.1797436052942636 1.1053258779557857 1.1932086701252533 1.1590868915377444 1.1857977253380383 1.1911071571522802 1.180607466692855 1.1852708869944917 1.1613293151652053 1.191426920956456 1.1526912237196285 1.177160165593224 1.1437231714794107 1.1596124237011025 1.1061641396561481 1.1385389955021528 1.1120068937181908 1.0672802827122307 1.1112431550122255
0 0.7304629792055132 1.3199089566272648 0.7432051827575366 1.350954323292987 0.738029208554033 1.3960613882279098 0.5818388437469129 1.382526825241409 0.5805275414836136 1.3749762162679176 0.5738749693381844 1.3501292015397597 0.5735957363412275 1.3247907295400652 0.6186290841847726 1.3253626272655064 0.7005531855497432 1.3277901719515355 0.7276482530210482 1.3306197989588795
0 0.4107907784947882 1.2740541522621078 0.3969606500809154 1.2973106167364838 0.3936120127738823 1.3410743591317962 0.4517025501452015 1.3497121584214613 0.5568548209139565 1.371664066485354 0.5637821738017103 1.3499236781374175 0.5650197664703946 1.314193067490816 0.5593568097402761 1.315941470508548 0.47727633969623295 1.2910080489999232
0 0.4197934455323859 1.1886444129820688 0.4060683049470003 1.23889244118414 0.40412032985996194 1.2733661060845463 0.4109650236632578 1.2724010605341072 0.47804480383741005 1.291713964170119 0.5653168759567484 1.315372570939914 0.5712613143014291 1.2709714211751866 0.5707877335192895 1.2354820719161947 0.4903022734804239 1.2114094501719606 0.4281035841507374 1.1817729156898225
0 0.5855739729872844 1.2191477435422122 0.5737968074889372 1.2349221068438776 0.5727044078821663 1.3212522191927707 0.7000237491720965 1.3288147908064383 0.7291203987083416 1.3286480035461712 0.734883891012315 1.2819652891803452 0.7235624522969994 1.2534338140070147 0.6018010799087005 1.2171312756479193
0 0.7311376536256515 1.1615755269054848 0.7488726367228657 1.2132234827818753 0.7379108414713597 1.2572463555574316 0.6059918909515256 1.2173546680428953 0.5892666258863353 1.2041060988996934 0.5849172200371213 1.1454138921442272 0.669928579711276 1.1585344101692368
0 0.43669967912857266 1.100220390441785 0.4210645425622588 1.1725870839809642 0.42875588484626814 1.1835808920120183 0.49124498279007056 1.2104622736141555 0.5737387257661141 1.2354731374198777 0.5827972259089296 1.2175035863105286 0.5854109034359741 1.1927072103905172 0.5857437659011218 1.1455687767384222 0.4991820762001374 1.123167115714823 0.4822445868603674 1.12392663786292
0 0.5818456120900181 1.0745990127167553 0.5785282530168573 1.1020730992196703 0.5816691183039431 1.144243323191446 0.669218197292922 1.1572774644230412 0.7362711739781235 1.1608517427426555 0.7429594991023466 1.1373808203696207 0.7370307111197467 1.121660064045857 0.7324333280171591 1.125293885682883 0.7141689085422984 1.0746705486613954
0 0.43631993304805017 1.0158620735056 0.42602161410923406 1.0335992977236566 0.4186765135445586 1.0872905249832907 0.4837167325476608 1.121954842450212 0.5008932496509614 1.1229258543272131 0.5696775024037 1.1380628402465158 0.5770561073295638 1.1040448946323786 0.5791604510956749 1.0920771065545682 0.5748445496076494 1.053058181444599 0.4494731834047576 1.0110219449305253
0 0.45851595347914087 0.9269555289083495 0.43915912416487046 0.9481299178160946 0.43366101150592173 0.9974902361239947 0.4484415599574221 1.0085271376706737 0.5161309684446542 1.033021601902656 0.5785586023183155 1.051412278821436 0.5866015158117481 1.039534420079883 0.5869990464201285 1.0301606754395864 0.5982487971401916 1.0074671190750044 0.5984381731982523 0.9972670157308484 0.5915549891685079 0.9617273319674848 0.5429985961972309 0.9545968400152085 0.46562764593026545 0.9267134669962654
0 0.5949715405675899 0.9769335840179774 0.5974067896927833 0.9986484532355601 0.5988325688056997 1.0103322465482105 0.5861711228419144 1.0296118561361534 0.5880492084178566 1.0398056999828897 0.5791376793607588 1.0515207907826385 0.5840566992205944 1.07488211791052 0.7142613955542558 1.0721172054227068 0.7411743941586788 1.0688931650826186 0.7448820594577839 1.0365191066863906 0.7366106532996408 1.0113485537064066 0.7243858703075552 0.9956727763227612 0.648907089485726 0.9862530936865657 0.6046843850866449 0.9744232104193017
0 0.468282029987379 0.8343032021174089 0.45011935212038157 0.8525519480739269 0.44309685750748723 0.905169704714082 0.44666678760224365 0.9133185202940514 0.4792813430362005 0.9316340622349024 0.5418404421123442 0.9543798160928031 0.5804304494057307 0.9608237587895214 0.593739832135799 0.9578063028731748 0.5948557346131029 0.9332137871875462 0.5982206451584728 0.9180972686059975 0.6010158679075288 0.9083854690872535 0.5984679320721118 0.8933419849785652 0.5311087540915524 0.868515725365555 0.4944860459690077 0.8518111638466602
0 0.6334786200246124 0.8861238810713065 0.6125191597864273 0.8888888355769055 0.609389011907634 0.896175814964673 0.5994273208528084 0.8982458812211188 0.6018844834711938 0.9085482370290575 0.594774350642201 0.9339858899108041 0.5934502936145772 0.9577520468925734 0.5916097650231531 0.9696111271418673 0.6489884734566279 0.9854809909633078 0.7245940248578748 0.9964991350266205 0.7446895641554596 0.996328028091221 0.7494833888146789 0.9704563273646639 0.7508528324508185 0.9490607345332696 0.7428490513207051 0.9353569509435307 0.6690339472793019 0.9073525469685456 0.6395683182163974 0.8927764876879417
0 0.4898393615169361 0.7698430642240436 0.47215090360615636 0.775189347305003 0.46039876519148704 0.7942456734731209 0.4568491732111212 0.8223189109108292 0.4759821887270763 0.8396828831905353 0.5090083586386078 0.8568945270271011 0.5510509146934627 0.875402054900679 0.5995853941715477 0.8939450602625992 0.6102529328482343 0.8935819673944735 0.6185666063706297 0.8707319025855069 0.6203883564697948 0.8478463602881982 0.6084249442605424 0.8156851458131316 0.5450113134899278 0.8010464705494381
0 0.5284794657985729 0.7085840291861559 0.49182545493670654 0.6977787500528975 0.47592430938483743 0.7085777486798434 0.4661770271255279 0.7394263801218145 0.46913657743851955 0.7533659661262176 0.491662671238233 0.7721531128963974 0.5414914646267518 0.7980248346318475 0.604163250413119 0.814099203380854 0.623507555480327 0.8098505589067603 0.6326397633348068 0.7820360823772191 0.6309776619331823 0.752986237288687 0.6168341013797036 0.7275026674199342
0 0.6656987956077914 0.8185440347978111 0.7470199877077667 0.8593716076780744 0.7639399925180423 0.8641169159800682 0.7739392405573859 0.8840997738196528 0.7712582641406853 0.912335779199165 0.7624875895321995 0.9339191779620419 0.7380896644017404 0.9328903938267924 0.6389485491885031 0.8930540270883679 0.6208422225549521 0.8715520017919465 0.6187591174296234 0.8380928237836921 0.6261540941567731 0.8099528113705432 0.6462402442082285 0.8042684734111364
0 0.6668241030878947 0.7266345927392059 0.6486723898458281 0.7027620032924095 0.6273670398529748 0.7452234730703466 0.6367371296182945 0.7599706392863498 0.6326037659724206 0.7851787492508517 0.645742551136687 0.803387858726676 0.6687616433848771 0.8202990046693125 0.7481781417926535 0.8595886316004798 0.7713005315049375 0.8643151614102145 0.7772493752481106 0.8610994600637216 0.7839666720917877 0.8477921673342754 0.7843955054394895 0.8325191403083423 0.7805751691868308 0.7987344264164801 0.7730737757513236 0.7886678730232056 0.7167123669541235 0.7631467251610422 0.6785918849938899 0.741043704076762
0 0.5106943455886057 0.6223885266757988 0.48866786296816606 0.6338447918402502 0.48030798049065204 0.6507839656418023 0.47619579901282655 0.6690060991657032 0.4788830377259981 0.6850934136965919 0.5013141496016861 0.7009845490713807 0.5908624256243328 0.7211737489277502 0.6229912319115145 0.7247593322812117 0.6412850033086123 0.714064580039515 0.6463032596624798 0.6872463695300102 0.64437108334601 0.663995657511118 0.6314595455997861 0.6513493513860141 0.560882658075136 0.6278972634058898 0.5307963886255224 0.6222594641771834
0 0.5266106594557433 0.5372254134794335 0.4995020388327698 0.5379894988159758 0.4894403671242698 0.546817898694599 0.48252090087730315 0.5986034538108176 0.4892428757724974 0.6110638964237504 0.5065976570682575 0.6196728874558494 0.5290055392535216 0.6219238808897604 0.5604741507076223 0.6283077065809386 0.6069413668160227 0.6413980272042231 0.6273125195863245 0.6491112719985983 0.6327508981529177 0.6287026892844835 0.6421349527605189 0.6124424252879187 0.6413276235603629 0.5889155034089469 0.6063102285875559 0.5711528448547306 0.567269712277938 0.5638371291889094
0 0.6943464505064584 0.5745009604875978 0.6848772138701078 0.5707785714053794 0.6829914969344861 0.574808143268243 0.6457321444619978 0.5921758191189143 0.640485430332987 0.6350219707319648 0.6449131809250459 0.6519224283828101 0.6715803789552104 0.6622764525095087 0.7334547070854237 0.6816628248898505 0.7897667519723928 0.7087727577084962 0.798937841762328 0.6876026620716268 0.8046279077944885 0.6648062801948442 0.7990869249313277 0.6550021033745176 0.706648130912715 0.5894679491178848
0 0.8030581095049256 0.6863572096889446 0.7910435095468863 0.7112382577376385 0.8167383902190294 0.7384896028754796 0.8149772669994662 0.7663355824425498 0.8210219004095243 0.7758167151088995 0.8543607386262817 0.7862382270934493 0.9059040096988467 0.8021581378880652 0.9166491059308516 0.804171637612603 0.9334554351702119 0.7932329420636509 0.9521328208040294 0.7868190807345304 0.9575281907558355 0.7690461121054093 0.9569328603259191 0.7412803395607953 0.9092997233657825 0.7365286929068627 0.8736583645278813 0.7256757166956259 0.8293462534887628 0.7079801710862119
0 0.8766246602025125 0.7940626573998703 0.9069536261912534 0.807050821948144 0.9326485068633965 0.8343021670859851 0.9384774081601115 0.8458299847489071 0.9399771555947243 0.8575901271611895 0.9314287810454136 0.8904255904468124 0.9142801869205189 0.8934734851452747 0.8243615721622222 0.8703625039058803 0.7979240735703903 0.8575817751529412 0.7844740365648648 0.8441040721519205 0.7809870773223945 0.7917946722844555 0.8063562927063004 0.7887218886319675 0.8163629261389007 0.775465457904669 0.8163629261389007 0.775465457904669
0 0.6726420962402799 0.6650495083760041 0.6516621899853186 0.6710319054784378 0.6480963878766466 0.7011485984734325 0.6681428330526017 0.7262979405462705 0.6802798106625476 0.7410949251813772 0.773029898966556 0.7856075955443166 0.804551613817192 0.7909926020598919 0.8126332578269992 0.773723008361905 0.8178896505296014 0.7387053349888228 0.7885729676022285 0.7086881978099315 0.7323520555435203 0.6814562014657373
0 0.9279812432360441 0.7969031441481177 0.9536139015231229 0.7876183948014647 0.9580986322317261 0.7821974468562255 0.9731853268028461 0.7912858407283018 1.0527840873173182 0.804636342801564 1.0769792205548487 0.8201275455271227 1.0763403135715472 0.863315366250477 1.054491256624706 0.873830893890751 1.0060366797625189 0.8694470970770656 0.9403069760032456 0.8581737091147804 0.9404501083727339 0.8456778670220029 0.9150186706037635 0.812214556189997
0 0.9123614197362324 0.8931139316230357 0.9272510489095283 0.9152098388370327 0.9211981052589016 0.9652097998441599 0.8397345105884785 0.9509880729995155 0.7884194161062696 0.9403286961052263 0.7735546758869996 0.932847226685027 0.7733182099399147 0.8905389270510632 0.7681302827447234 0.8692174449499749 0.7977622744853827 0.8591167889003705 0.8249133469225935 0.8725530103113482
0 0.852100094388295 0.6295970490983541 0.8394265604233924 0.6503025180209984 0.8183698131191619 0.665940054859735 0.8137180264526126 0.6951427418977776 0.8424767572510206 0.7159186661476656 0.9136965386221867 0.7369578276133173 0.960795465784817 0.742985974715766 0.9672323321322011 0.7267070630566496 0.9746423719755568 0.7211015732690451 0.9740862768340346 0.6965182253830497 0.959513667743304 0.6804988191913307 0.9338246134785184 0.6505064578303071 0.9198553713954256 0.6436923681532437 0.860105160791929 0.6282994844370585
0 1.0525770532682517 0.8028483708765374 1.081302422277221 0.8040347295730369 1.0947405905608707 0.8009576455291465 1.1001792620702036 0.7593131378334768 1.0831153221114094 0.7470233111025074 1.0794255976754297 0.737239648922293 1.0652561568624717 0.7422779136408183 0.9760159429312589 0.7080702863493796 0.9741279790708331 0.7210051823247853 0.9673129657877555 0.7309185972386985 0.9591077006542565 0.744068516295583 0.957172464927715 0.7723814436423281 0.9738832792928948 0.7929979477931354
0 1.0315397576767835 0.8730430701933901 1.0619945940531115 0.8976338442518083 1.0783439423773173 0.9216796344341066 1.0796146291534283 0.9345070188687729 1.074818256070489 0.9650814203194118 1.0351543900932934 0.9681399575943997 0.9845103249110729 0.95095643389914 0.935554024859413 0.9326903686240633 0.9286889688921772 0.9132194352078938 0.918223162591876 0.893073765181906 0.9326178234767781 0.8908753202328333 0.9406451404044487 0.8595075500351568
0 1.0358112116351874 0.9693733645938788 1.0505156580266881 0.9939011560228154 1.0618987045560242 1.016525830772916 1.070155531727044 1.0202076041722117 1.0588980669795212 1.0449933584525135 1.0489491401602715 1.0482519588803818 1.031734544369705 1.0505759707102134 0.9805846448193105 1.031599107094275 0.9366019783490372 1.0084154786593265 0.9311506082506731 0.9933059622524031 0.9254938758036328 0.9892575968745314 0.9097201990108907 0.9687985345131239 0.9101614692427293 0.9646121333837714 0.9207434471537963 0.9644605218391854 0.9291598183717628 0.9301772928163011
0 1.098676099863378 0.7807024042019702 1.1806465050701354 0.8037624021350905 1.2177700625527592 0.8308566996104679 1.2117962834304197 0.8664591505519428 1.2092579588124899 0.8736832452461293 1.1853204875398253 0.881635706414514 1.0777243212166416 0.8614734997133974 1.0794573597141934 0.8197457926197343 1.0646865834251678 0.8039475907570295 1.0958528581130507 0.8032726003238505
0 1.0767306546470137 0.862471875004057 1.1670247831447902 0.8782073149916522 1.1845246109595182 0.8891863145775446 1.2128747069786217 0.9152288607212427 1.206166272551383 0.9578011038132074 1.1675404355097445 0.9618165684713366 1.0802202436393036 0.938938662156766 1.0803144338639283 0.9211876683116977 1.0514533783969156 0.8873496289033364
0 1.0790970714373114 0.9369513290175105 1.0739191688952792 0.965003171795955 1.0372194437174875 0.9676027018853061 1.0631819099956694 1.0162970725180953 1.0801236832501755 1.0283560757618584 1.1764410324411263 1.0375204479929552 1.1999428917043855 1.0294863584573593 1.2049371304201928 1.0031769637165373 1.2022339847621595 0.9866786477058255 1.175503894229862 0.9621242470560532 1.1699704437399534 0.9640487867122252
0 0.9358890130246081 1.0102125831375517 0.9285660193847647 1.0206861062474137 0.9257357145528895 1.0391089619142975 0.8862457165739875 1.0471085102930016 0.8912423017483174 1.0587059956596898 0.9231926733119344 1.0800925962609977 1.0308641870736226 1.1079686678595673 1.0468452627077176 1.1038558685614626 1.0533511905226103 1.088490932249641 1.0539963722259096 1.0655125942917056 1.0480602786758122 1.0501853277481394 1.03232408814335 1.0519748629960806 0.9819626327154293 1.032468843451989
0 1.068790707924082 1.0220863977593757 1.0808112434427621 1.030261780533903 1.1761278629825371 1.0362771876006627 1.183132970540766 1.0583199437510218 1.1924856758091522 1.0707337127898202 1.1933309939602945 1.092214487811766 1.141106994402457 1.1114504669314227 1.0658897485707475 1.108609148743828 1.051187256638678 1.0963774713235794 1.0534995389410957 1.0660117819370354 1.0483734481344014 1.051428588140432 1.0600596249498486 1.0459186891576764
