0 0.1770894945462978 0.19444309520354575 0.19034878742796696 0.18648859023173472 0.23754268240269927 0.1873670687532851 0.24293007885461126 0.17342824107782676 0.2614790438392012 0.1702591862440942 0.3695268417079276 0.1717022943375944 0.41997916763543386 0.186673252462194 0.42416179770223406 0.19780030729751616 0.4336465387859162 0.24826272896986157 0.42932607949398 0.2688203448251554 0.4194178662313355 0.2994964603448021 0.4112252976543479 0.3285729882612873 0.36272154871429196 0.30958134460678605 0.2188732359277482 0.29803959461475704 0.17848937590553804 0.2691732418586954 0.17043218214327976 0.2459306572654754
0 0.4912773690001619 0.17646462532949922 0.4300249778959559 0.2244587018895083 0.43528538513799 0.2524634196056008 0.4444342697956899 0.24287802392825517 0.4655265420166331 0.24412866738364833 0.47971525433885664 0.2189065925175261 0.4912580839424938 0.2155323901083971 0.5962828274866152 0.23975070048207914 0.6167850007427342 0.24289476069057506 0.6437829640177691 0.2647363646064354 0.6476905666796801 0.2538012453490586 0.64221663196891 0.24144282271533954 0.6235711388382126 0.22112046802989302 0.5843275265973247 0.19582460028556206
0 0.6479376432350564 0.25193981054731307 0.6617521347641165 0.23272742134766766 0.67836112919872 0.23393646695810674 0.6994845998033787 0.22920940669838022 0.7717351839590856 0.22660946582675098 0.7930745327354051 0.22599867448039848 0.8228622975101336 0.2287365852148483 0.834589806901716 0.2354563554342131 0.8432852994555012 0.23694362271326974 0.856701423916457 0.28900631488246337 0.8371275108173373 0.3101344868929718 0.7939833480233129 0.35506143039326016 0.7498198404354908 0.3476890579006913 0.691218193267144 0.34763763108024287 0.6763915688644836 0.30811563735931424 0.6650382802660646 0.2953861814734727 0.6452030265825962 0.265523163226201
0 0.7823928651154863 0.22607538854727618 0.795919519082332 0.20137464079646547 0.8220804666485895 0.1612483373522148 0.8473970267744487 0.13131195239052942 0.8727830357765136 0.14870785198584727 0.901424151708234 0.1690174565071304 0.9118922918594168 0.1845870375226262 0.9223988423145129 0.1877438478952855 0.9306481546845811 0.19386871120302762 0.9449279516436033 0.19667372011075815 0.9600377122026283 0.2021589443913571 0.997247176450347 0.2281040670564282 1.0099317936797196 0.23335580178393012 1.0066646136125934 0.2630747947091458 1.0039563341265758 0.29687807459637844 0.9614239060579688 0.3206064005604136 0.9397871570963122 0.30240133628757 0.8607673691998705 0.2679452410452357 0.8557275415353469 0.2835819202340123 0.8432133400649476 0.23557153307547832 0.8235243558655114 0.2282152580995369
0 1.0018012292838794 0.2237138289833399 1.0647674885777136 0.21282288074269515 1.068832009180214 0.2275046477511756 1.1682809198558164 0.25713932860136773 1.1677763837692918 0.31931186263436784 1.1198433725411685 0.3476270817681109 1.0405370448646414 0.34309819219108534 1.010355812012264 0.35093240392701713 0.9686458793625663 0.31842450713789244 1.0050009555689425 0.2936988863894675 1.0102545683579192 0.232338629101183
0 1.14233459877854 0.24700784859397237 1.1875131193347541 0.22898993021666844 1.2161484295874103 0.22757515607937875 1.302545621569351 0.23269798407935458 1.3131605100288661 0.2825382460093148 1.2827106337590943 0.32114648641468496 1.2213459515166254 0.33565329182700854 1.158566349667495 0.359077441614466 1.13403494819688 0.34002861723193667 1.1682447412898842 0.3192681949700148 1.168182667611022 0.25526589851899883
0 1.1642193906628664 0.3591779063363525 1.2222499158095452 0.33494147980417943 1.2911738198780192 0.3209849451504532 1.3091351594018485 0.3224479573756525 1.3273092696873692 0.37283849006421005 1.301683818661464 0.40472161922046695 1.2523784856198286 0.433792318041392 1.1766158761871743 0.46093706920722677 1.1626601932005927 0.4371370283798394 1.1849219459960518 0.4218833022499575 1.174284153833157 0.3626322222437995
0 1.1770187322112369 0.4596444481546278 1.2758717101908554 0.424071546829911 1.3040386629229195 0.42270044035697435 1.3155412494032515 0.42664822996548524 1.3250950572597997 0.43830807822523715 1.3270699492005722 0.46699033849054156 1.3234016471908578 0.48678579265188454 1.304038444718861 0.5124372842600919 1.2545693579359016 0.5383855996104021 1.1890877102528972 0.5551588440842722 1.1725641940391096 0.5541893055601366 1.1712344700187476 0.546782920559367 1.1966437224652937 0.5287256140025218 1.1950029754384457 0.4705182784560249
0 1.1755708436522516 0.5576741597387563 1.2153157314060627 0.5527134548805017 1.256007181245943 0.538879073311466 1.3038680535462608 0.5450847430118995 1.3426565321691164 0.5577840562465006 1.3446117300201181 0.6040389992759547 1.3340490681945796 0.6269873751790853 1.3135952439849596 0.6408174772633091 1.295319453636977 0.6513068575551525 1.2052212088970577 0.6653550070223967 1.1734482460382 0.6607870202045748 1.1828907449914596 0.652376278923685 1.2051197470386543 0.6364980760996802 1.2016383206777022 0.5790898879047185 1.169003991319075 0.5670718484217737
0 1.1933812678891924 0.6639487918547309 1.1867489140594865 0.6720975271495023 1.1926868647443558 0.6866046235005706 1.1950449186194199 0.7315669454774256 1.1726849135791664 0.7449472415249385 1.1753672653232696 0.7691708296026759 1.204559338296427 0.778372159265477 1.2252653214472802 0.7783242121163121 1.2819136777355615 0.763629606653396 1.3524031984935274 0.725680951636878 1.3536216136106007 0.7130167470970061 1.346452191150164 0.6929766958275371 1.3449784074782487 0.6648752445920026 1.3004386356152267 0.6502020365531461 1.2297068029609133 0.6655821952525304 1.2072583927207505 0.6683027198355994
0 1.202217550693466 0.7785904975872423 1.2247969639266878 0.7783678797806651 1.2828176420284811 0.7629177946305669 1.3040018297448115 0.754039838434974 1.3481059948355059 0.7693811908323068 1.3501234845694285 0.7899015864096594 1.3550821224199632 0.8126578827773855 1.3491146306004378 0.8245098105725418 1.3379297045578684 0.8355931292873356 1.3218974495680527 0.843990741175045 1.2928952436532075 0.874306113899404 1.2150299489003307 0.8972541988637901 1.2025677436754345 0.8839829265077875 1.1945271076703428 0.8652791639552705 1.1823924099280947 0.8582526585404979 1.1816947971696488 0.8539249893459898 1.2021813721275336 0.8407193639558891 1.195726046901704 0.7804507982764308
0 1.2154983064209228 0.8972105311994371 1.2032326056856157 0.8876861190081723 1.2008186791548483 0.9224253461641139 1.1735589003293132 0.9500681414545692 1.178723889714322 0.9677849566049582 1.198483310779105 0.9766106861665745 1.2041166576847062 0.9942838336526106 1.249599782020189 0.9730998641403387 1.3214943753399313 0.9350202061307614 1.3518263052751385 0.9121112184071721 1.3480336377036415 0.8936389235696005 1.342377387094661 0.8665549580073666 1.3164310660173846 0.8564234779999712 1.2966748545662101 0.8745812492787027
0 1.3194145937230886 0.9402343580055105 1.34365123845932 0.9536628921409331 1.3543252091881475 0.9507851057784441 1.3610622344898657 0.9984768022467368 1.3480693798614567 1.0109837450071886 1.290084662121537 1.0540418076917577 1.2226116380215986 1.0866889755048204 1.2160088253265482 1.068478686653367 1.1851922715986456 1.0462506817426893 1.2109716293209896 1.0262762774391223 1.2037138016606437 0.9955764547052096
0 1.22321099853525 1.089143214616959 1.2923936989762335 1.0531989926758694 1.3368189523223577 1.0208181103337368 1.3529952669637266 1.0331155646807921 1.3567780874903383 1.0603742009004382 1.3565847926143586 1.0836108415760477 1.2981218703089614 1.1354989133070443 1.2247468558860273 1.1812469623035096 1.2166308713395204 1.1700805877448215 1.2019120740979634 1.1407039243346804 1.2233779618901828 1.1192490989279218
0 1.317475225736073 1.118633763080912 1.2962811909748573 1.1362980606585795 1.2256508201789469 1.1805351502806805 1.2137682813779318 1.1872907998009665 1.2104373338957508 1.2045446795214645 1.1826764468013584 1.2316066657821498 1.220845870820792 1.2594244226687616 1.2806417267601602 1.2419262367788824 1.3344897849697737 1.2187072959200098 1.371411470941537 1.1958114375896007 1.3642420484811 1.1757713863201316 1.365784761467212 1.1423684478811422
0 1.2019448248462283 1.1413284010288034 1.223440035569045 1.1832513953789376 1.2165784265014852 1.1870287938148483 1.212409016222914 1.2062434389464214 1.1784284783677634 1.2313751980672043 1.1580204615649023 1.2640269363038235 1.0964068299948098 1.291735087621436 1.0823233536287775 1.2924206408579042 1.0644373626463635 1.2834202406388762 1.0603597853853688 1.2505413141721229 1.0620662521128048 1.2202607592037482 1.063982279988324 1.2119242238583843 1.1382186609110276 1.173626227527042
0 0.8717133846491578 1.207259469925998 0.8589825360068672 1.224762226239434 0.8701280738698955 1.2488242730529395 0.8706978932488911 1.2776375363113033 0.8832615603321905 1.3197657395900224 0.9225708413136737 1.3154731790902436 0.9990212164598886 1.301442438500992 1.06162721752281 1.2836822466249942 1.0613947526713474 1.2523274089257856 1.0619679998680105 1.2183873291213791 1.0186564901669475 1.1822635751605761 0.8813981954987652 1.2214172249622421
0 1.0517397011604548 1.1220737858401997 1.0566557412178395 1.1529919468958776 1.0462011786819803 1.1690274114993027 1.029133956406186 1.1756389286333488 1.0629145619540803 1.2095136524105985 1.204689468473252 1.139817441654439 1.2239445716555695 1.1210788613459377 1.2241149628281696 1.0884314025941302 1.2147347557578305 1.0711075964229184 1.185159520850381 1.0456262050485663 1.1384481343529398 1.0882607204827852
0 1.1650858671655029 0.9590160241008757 1.1787566404625867 0.9684094332990814 1.199986635585676 0.978353113255884 1.2112107316037284 1.0218612729159087 1.1859979836467711 1.0436654396374914 1.1355724877328568 1.0872737730806576 1.0555193120734574 1.1223489212194986 1.0454087414964077 1.1000729691596558 1.0197441204950202 1.0773646199410944 1.0696160633020422 1.0501236835381853 1.0642742635172153 1.0110873254589086 1.0861560639919912 1.0065370384578234
0 1.1681353327758535 0.864602169688426 1.1935903926291584 0.8653664992839767 1.2028231122302766 0.9247485822831939 1.162308472790214 0.9599025067811168 1.085687706471399 1.0065807061221763 1.063773155248358 1.0105065164291382 1.04830430041032 0.9937503898945161 1.0306345080072652 0.9709241670760761 1.0354916839993966 0.9648235325210862 1.0248538918365018 0.9055724525149277 1.032694813738396 0.8935458540623592 1.045451775697675 0.9124374166654686 1.1128494512561986 0.8873276368462347
0 1.0431921922714635 0.7796116808678649 1.1250663531751963 0.7613100681416386 1.147842270898007 0.7648343104997996 1.1774371998952273 0.7727430191100016 1.1957587976499688 0.7810752749705538 1.203520943192781 0.839339407574584 1.1775450809808483 0.8555669517134131 1.1427686781224577 0.8744976115573193 1.0999319451692045 0.8922971916128578 1.0480654163316396 0.9084285505146127 1.0064537359267365 0.877794083807857 1.0355115962932258 0.8575140058538184 1.0352759218281542 0.7991756673142625 1.0284995083468949 0.7866293363742694
0 1.1390288917971132 0.659603422843486 1.1731436422589319 0.6639530713395427 1.1867489140594865 0.6720975271495023 1.190911686906781 0.6886527242403518 1.1945765610988275 0.7316106131417787 1.1716171955449228 0.7425366700771527 1.1269397832575652 0.7611353974842267 1.0422554772302788 0.7796990161965711 1.0147959843015462 0.7766114504819407 1.0102205083853035 0.7701352158257654 1.020501470134953 0.7597637091338004 1.0216314800521173 0.736439733129485 1.0258533351687236 0.7002768819278851 0.9973458182955179 0.677206062001319 1.0170365282501626 0.6577993373343415 1.0390493317179978 0.6557469571097485
0 1.0444176812279302 0.5517039462993357 1.1291477946619757 0.5519619637393868 1.2026077864671514 0.5796270292701354 1.2051197470386543 0.6364980760996802 1.1552150534833676 0.6631145358084664 1.0317947136712606 0.6520306352161832 1.0396356355731549 0.6400040367636146 1.036992672008593 0.5806350831575778 1.0092482693903622 0.5631408858137658
0 1.01963754863375 0.45611962391897753 1.0339601272825207 0.45101906615929527 1.0680748777443394 0.45536871465535195 1.1160438493343368 0.45466147305607957 1.150135696092776 0.4496003034759383 1.1730753675569103 0.4562469293047142 1.1791214175314595 0.4638411143560764 1.196440798748487 0.47101175215708874 1.196709223961823 0.5299745673907678 1.170461508718887 0.5499926393586879 1.126337649538422 0.552223969725505 1.0310416646652292 0.547930827348237 1.0448402313417635 0.5328386424825867 1.0440379471113057 0.472670541525015
0 1.0104213135087936 0.352181357315263 1.0251794989298917 0.3464126551971047 1.041942117426418 0.3429671891980262 1.1208128383306177 0.3481642231335278 1.1752208688743413 0.3625448869150934 1.1857276580441773 0.4192980601447595 1.1621590849317354 0.43655621935006944 1.1518781231820858 0.4469277260420342 1.0877458936092137 0.4535346727525242 1.0155631809863643 0.45022419829257193 0.9983944968521665 0.427978784503902 1.0237611515055622 0.41808334263500874 1.0226870142441007 0.3617057695065277
0 0.8616574409507289 0.27066687276495327 0.8569214209067711 0.28805175547851053 0.7946264428503358 0.3566128979002352 0.8221514372755983 0.3609494170031115 0.8598296000710605 0.3794000234778787 0.8646146371353861 0.4078202777570648 0.866108114897072 0.41834904622844943 0.9184560579137232 0.42037117912061456 0.9768074531117734 0.4381493617520938 1.0213866131543363 0.4176772042626509 1.0241248375541425 0.36219924320759156 1.0118591368188348 0.35267483101632696 0.9608148045055573 0.3216647642083862 0.9395619056790883 0.3023102661753855
0 0.9165498770830894 0.41992137308390376 0.8648012945800896 0.4203534793038776 0.8638448854491345 0.4380134973967334 0.8304964588559 0.46622397232377805 0.8512384023686266 0.4937840027090837 0.8770667771113383 0.5196147353982599 0.8819599134653436 0.5411220783777401 0.951191630926695 0.5509829934293934 0.9925609994352507 0.5590489638190154 1.0454068411071502 0.5346684049006029 1.0445718061284273 0.47387582724890787 1.0173612625273183 0.4575869156289887 0.9768074531117734 0.4381493617520938
0 0.8800209818864451 0.5400477956469062 0.8767227851525288 0.5579261520615273 0.8327429856236173 0.580852548663109 0.8490175525097807 0.5950234330925331 0.8488274672474099 0.6452435746084904 0.8498853382367682 0.6564404874383512 0.8701786183186732 0.66647150272386 0.9714649987147708 0.6683235353821696 0.9971264101025498 0.6640483837603832 1.0393637825421513 0.6437945645927056 1.036121458463938 0.58197137187453 0.9868424569433496 0.5576995457088829
0 0.8490141246921132 0.6577767761553032 0.8226583101594975 0.6847077594229293 0.8394241382696328 0.7082457942641983 0.8418247899378473 0.7450462515531017 0.8384184939142514 0.7698375192674285 0.8403148276999999 0.7790736666862141 0.9193263986421439 0.7779822660161327 1.0112227249230175 0.7712968338853052 1.021372683679608 0.7584274204168485 1.0212613747763195 0.7383568308762068 1.0269538039512323 0.7033119300697939 0.9737740355694673 0.6674807203662815 0.869340155522283 0.6684322681349352
0 0.8398464701794075 0.7791173343505672 0.8274758797680296 0.803489334299356 0.8533796030521561 0.8217826789947033 0.849596564321486 0.8842608866781747 0.8486172514871515 0.8925100866948327 0.8630511390392107 0.907480118475792 0.8923840620503127 0.9103930135330099 0.9448499514015288 0.8967158937433943 0.9855741519896742 0.8835059888684819 1.0364810620826748 0.8580511472192356 1.034676561314503 0.7967214282021237 1.0181628921456007 0.7869655482959134 0.9906804955134885 0.7744671645050851 0.9179868275768969 0.7793622223974378
0 0.847104079635695 0.8995540009875974 0.8373798806065466 0.9205416114796531 0.8483060102766067 0.9314459800522229 0.8459607948559781 0.9944176614367581 0.8370849056681051 1.0046581651356636 0.8499073691239136 1.024798681127019 0.8873104692747633 1.0200563145905297 0.9397436078777146 1.0057547181067914 0.9831797013446193 0.9904093771633912 1.0365266512853755 0.9666096272747486 1.0248211410882369 0.9049479758208049 0.9897238681784748 0.8818640265010584 0.9439459871086091 0.8974277057662233 0.8956953154427232 0.9107118165766618 0.8665261461729452 0.9109213049900585
0 0.8858726459647218 1.019562840889466 0.8574338402016543 1.0247244751914935 0.8937886982039723 1.089735698346186 0.9132435154894871 1.10172747904277 0.9474991159892503 1.0997886929332437 0.9822001703062262 1.0883954210831668 1.0195476160054313 1.0736177597763568 1.0676443809748788 1.0484249241132284 1.0655810838341975 1.0090828923834803 1.0470302308416024 0.9963792996640674 1.031168367024387 0.9721294527999689 0.9832779535894136 0.9922828072457603 0.9370644657472205 1.0085146308694013
0 0.8943782116727383 1.1009762788403998 0.8867992957569625 1.1179986908459523 0.8623922598481306 1.1372176154623375 0.8806712598097222 1.1537117360108413 0.8769702070517432 1.1728827134780613 0.8770815159550318 1.1929533030187032 0.8715168801595692 1.2035126097612603 0.8841428391257892 1.2199062655878778 0.9565515973728829 1.2006045760663433 1.0290684549096563 1.174389975245103 1.0451007098994722 1.1659923633573939 1.0561218822007175 1.151786661171985 1.0536131312428236 1.1218991151827877 1.0458115975204705 1.0987803481070568 1.0200814750225533 1.0748230455002494 0.9844764564126577 1.0869281293731556 0.9457239381516757 1.101836793673025 0.9151824470683857 1.1028017617736037
0 0.6746687873569494 0.3578832349966041 0.6559766729187512 0.3849218006970189 0.6679116748884966 0.39544509635252806 0.6711990239981356 0.42195213784510427 0.6715792021528404 0.44367107311877424 0.698792126121943 0.44163977161112467 0.7568195800226487 0.44837151882382287 0.8244108777215671 0.4638239750083182 0.8647576725564201 0.43729599819673376 0.8598861012051358 0.38058171196518525 0.8215092337904686 0.3578521838509922 0.794462670748384 0.3558206477880756 0.7492996995657688 0.34839538673845044 0.6911850958501278 0.34723683933326704
0 0.6980633487074962 0.4422136355675139 0.6640194522652441 0.45145873393730224 0.6604996450102936 0.46392888615862676 0.6411738416754373 0.47888455396345253 0.6708027925212741 0.48674630934194424 0.6730445197681373 0.5077857658431153 0.6729599575486693 0.5351131058630034 0.6981713752026233 0.5383275747774019 0.7465663004913548 0.5494988289492642 0.8044722621702443 0.5683838839349576 0.8262774260882104 0.5789987593421487 0.8375259317532429 0.5764322489441033 0.8779439989973249 0.5584981964139308 0.8731093576483888 0.5169579424292751 0.8513992822482113 0.49368630517010575 0.8247884682808042 0.463788770069615 0.7560908026082018 0.4489453827802122
0 0.6697992758517818 0.5399610370221782 0.6672194756434975 0.5558849579189764 0.6544949501483971 0.5520121801063541 0.6479544184195493 0.5647639718373046 0.6366451666436088 0.5734071361218477 0.6223785241001467 0.5980094262418921 0.646652522302902 0.6195242666931903 0.6530292807001997 0.6325894527451795 0.6548590749809451 0.6602442221505344 0.682468054510459 0.6657647318276277 0.7276046219890465 0.67268653879827 0.7972053647059669 0.6758096625162539 0.8342699856221161 0.6662829246368396 0.8489406224288427 0.6421488836570748 0.848724217605688 0.5946129706004651 0.8244422807000795 0.5801816921936306 0.8045250695782992 0.5693907920929234 0.746645511603437 0.5510091911862127 0.6967666277817843 0.5404822108481463
0 0.6713859097724444 0.6642684046551071 0.6520337027335608 0.6787206183809499 0.6449228158144305 0.6950669985421868 0.6315935927221672 0.7013689171253318 0.6401882622577684 0.7567242458118822 0.6587984020719662 0.7787671603437288 0.7048301078920184 0.7810522657874155 0.8006430214204671 0.7847669732087738 0.8232720512706688 0.7821512228075971 0.838172382710789 0.7696318305831414 0.8429728575692945 0.7454062098516948 0.8398070006814717 0.7067458605861233 0.8238663984859613 0.6849599655623372 0.7994973117654172 0.6761018869630172 0.7291413879300226 0.6730491731224401
0 0.6607919696842617 0.7806049519661441 0.6476475725201902 0.7904310491021693 0.6303417405016569 0.8077279626083933 0.6299931412419149 0.8300207618384526 0.6392322018889453 0.8397835839069187 0.6443203539798346 0.8716878005134935 0.654420210561449 0.8833940290204846 0.6684543949595995 0.8977689326143405 0.7152676856021535 0.9004870822596037 0.8090870315183065 0.9023639980585468 0.8226802916508441 0.9010966202652305 0.8496371172825258 0.8869472159232887 0.8534316637925217 0.8218361999781195 0.8281305087281647 0.8024407906588626 0.8011790342038686 0.7877524927439677
0 0.6707727457230772 0.898564611140087 0.6566275954014316 0.9110135934871363 0.6550221446466941 0.9238111750939274 0.6325779407246842 0.9299511040479841 0.6347404568594651 0.9494801983122064 0.6379460072615543 0.9527227373554608 0.6442935984429066 1.015876311797677 0.6430129308393516 1.0276317803077994 0.6607438097177912 1.0401442722776741 0.7019619267855493 1.030230280072525 0.7772160015927061 1.01815475154205 0.8181621429173366 1.0102897805915352 0.838612779227051 1.0023120600150632 0.8451189685490181 0.9961403762495934 0.8473503454140107 0.9301632719012716 0.8141013236044992 0.9039201501713362
0 0.6956485020946274 1.032842580346411 0.6914263211292573 1.0463900506031079 0.7064269162781014 1.0647221769514206 0.709587597974989 1.0598742457922457 0.7270729048143287 1.0749392130957383 0.730032883177318 1.08073422747261 0.7306586333711228 1.0999006874126624 0.772713730264905 1.1131807877794282 0.8621973416967251 1.1336749195635996 0.8857558522952724 1.1198423596699871 0.8939018347788575 1.0942929863322457 0.8583028833109057 1.0232424515728347 0.8500751021197706 1.0255273224612542 0.8390431771943431 1.0032837632343259 0.7780503938232626 1.0195947039015925
0 0.7365337213918994 1.103400245963977 0.7268219816678432 1.1063293906861926 0.7238407747917619 1.1435392026550841 0.6623119786372798 1.1568646237871567 0.6607329315865698 1.1701656594729308 0.673467983379991 1.1887090154534627 0.6742626820962814 1.2255667780353223 0.6759948002637703 1.2441241690802822 0.6977286917725075 1.2461451202060612 0.7673637768963086 1.2426881359585642 0.8272158498868242 1.2335663721518708 0.8596965766840727 1.2234551853789297 0.8712329354979391 1.2046725296373224 0.8778790820428966 1.1939345542223039 0.877876494447429 1.1721804140099306 0.8807018666948134 1.1537040177795148 0.8618461548415153 1.1342135785812857
0 0.6763987945270349 1.2445924182205617 0.6711758604040905 1.2607627736882825 0.660912230490926 1.2748735229642307 0.6629109732941567 1.3202195950113926 0.6680942139028347 1.3394670497659888 0.6848666207334341 1.340938756936944 0.7592783646071811 1.3345068380913911 0.839818707243658 1.3219384404190715 0.8609637785609386 1.3199669638516907 0.8681987452973527 1.3132214161298317 0.8709897751378565 1.3013251278648965 0.8703719636469047 1.2750751058803806 0.8709397312417195 1.249726377237721 0.8590470103817082 1.2255394115722675 0.8275934404460614 1.2335311672131677 0.7686021633901297 1.244596337458386
0 0.4129037378685041 0.3236433304021867 0.4221763234973748 0.30102441246474443 0.44515828462071577 0.27656948597817016 0.46850709291645504 0.24315548177188587 0.4795322850583597 0.22204657221218296 0.4914017187110899 0.21703528410098372 0.5972278743057096 0.24063678237575561 0.6182766583196919 0.24313672045160606 0.6445657560152027 0.2657868461176966 0.6649594280843079 0.2956802920458062 0.6763950380833824 0.306327982093276 0.6762028615683963 0.31861760218164215 0.6810734750876519 0.32374153341128337 0.6828376875193474 0.34142679464082065 0.6814256693923508 0.3543879522289042 0.6399510545839899 0.377220227219297 0.5729589011299371 0.3522292302704441 0.511195455438751 0.33121316806003337 0.47296119468046544 0.3280843121726121 0.44741149730950025 0.3354866992277193 0.4369860465498766 0.35207725422592
0 0.44788603865805293 0.3365580643156241 0.4387386530629106 0.35358726260365936 0.4345084986208331 0.3606753200590898 0.4328548333551666 0.3770058357174764 0.418819328383195 0.40453126523289235 0.4494841394019601 0.4228687854174323 0.5008687519673318 0.4454103305637978 0.6095509085820545 0.4676299381374877 0.6202790830226933 0.47276553993884485 0.6589093027296125 0.46749040850133206 0.6658674051681902 0.44062484591391754 0.6685633883985806 0.39630691630684867 0.6558788250112602 0.3857756733643203 0.640367372380072 0.3771814115176498 0.5725716951100905 0.35282313636686724 0.5116117732348329 0.3311743523583862 0.47334840070031203 0.327490406076189
0 0.5013724050921199 0.4470367860464786 0.48320873387447605 0.44371004766432226 0.4572427187074288 0.45115125042107646 0.4318007155126181 0.4685840802837986 0.4311834682727632 0.4887225973023228 0.4324847452745676 0.5215117462957531 0.4418998428355773 0.5574490297213197 0.4548260533615675 0.5646109145935451 0.49847244546891895 0.5672351663595535 0.5730922722149631 0.5781276798008396 0.6069508196499942 0.5855691411698114 0.6375341952789655 0.5704459748612033 0.6506525823199418 0.5653182396450628 0.6544460601184888 0.5499038262679924 0.6682631297891137 0.5580982605264755 0.6709037424569079 0.5366554842101635 0.6700654008849947 0.48876244745284 0.6423933968387227 0.47962856976960894 0.6083601787462793 0.46885656603198117
0 0.1584521290726137 0.3138990376154472 0.2226029343742626 0.3006664287280511 0.3649573618479429 0.3108217024502589 0.4119167904663764 0.32875559106011204 0.42352992411273754 0.36671915755654677 0.41953551687041746 0.40223327225049416 0.4150753212083317 0.4288659406280257 0.3710824407760305 0.4435659382050145 0.3126990080771841 0.4311596123994894 0.2435698950801251 0.42923784724962927 0.18955342277574616 0.4203289971910647 0.15830637623227373 0.39088966911100503
0 0.17041441007463604 0.4382897723186316 0.16218699540036385 0.4569066103877005 0.16117378921187536 0.4854491147311588 0.1658929439110417 0.51959300929574 0.18710764565364946 0.5332335709687573 0.2168815975277799 0.5505385417670398 0.27711372499715337 0.558310065906121 0.3363385462169506 0.5628286790798408 0.39674534434373626 0.5739307455875781 0.4044894647406688 0.5620526236591152 0.42624283132321233 0.5460793159007694 0.429599632478229 0.5223385466020593 0.4263594723873169 0.4685335940104356 0.37066612297994844 0.44360475390666165 0.3127863434058902 0.4328248835838174 0.24128452366606762 0.42554629299443314
0 0.20304702199958113 0.5579642699655786 0.1821262910092017 0.5738599463206301 0.15159238600391411 0.597903374647301 0.15710041165130983 0.671020043951143 0.17242844069629898 0.6840938446576684 0.1872615695452869 0.687731108653002 0.2258160598421614 0.6969659588829592 0.2986425623802746 0.689618120699932 0.3593958488320099 0.6833959378646721 0.39972045149949237 0.6785206340153467 0.4227606361753041 0.6551758883183244 0.4212555767398522 0.6185011065614622 0.4165073102644504 0.5838021216021048 0.39674534434373626 0.5739307455875781 0.33636765799318596 0.5633837694746168 0.27669740720107133 0.5583488816077681
0 0.4531898939534749 0.5653212677949097 0.41530782749988826 0.5928388307251092 0.42286262437170946 0.6172356629653216 0.42229770074541295 0.6702797760822176 0.43932011275096533 0.6837534043769304 0.4667213578823322 0.6957015497356885 0.5396176898915775 0.7056391451940113 0.5686929591360593 0.70962194651767 0.6174021412776524 0.7050805094249535 0.6465822517084139 0.695108419475918 0.6535782188520141 0.6609878660547684 0.6510862120144345 0.6294253449558316 0.6223079604712186 0.5991980322711129 0.5748157669517616 0.5790825977838029
0 0.18137774983754296 0.7111496817668191 0.15488182275934687 0.7403946727264256 0.161571825313731 0.8200947953642851 0.19165440080778884 0.8273305076533051 0.3057254769342545 0.8166950054019861 0.3635936505896513 0.8112996228730323 0.3988642161516791 0.8057799266539208 0.4223294715523597 0.7745862840267405 0.42125233583165134 0.7540479394200288 0.42186083014271936 0.7417195036300157 0.4163672634038597 0.7087634212582806 0.3886836534389262 0.6834542907232516 0.3582051189962347 0.6846225657591657 0.2249252006975268 0.6959334094967015
0 0.46505608669800425 0.6958568125422772 0.5409248668322942 0.7066328788786219 0.5683639766686834 0.7113260334036452 0.6168111528241581 0.7017887827579447 0.6345118886119108 0.7202194089039943 0.6385148548238547 0.7566612964509737 0.6482851936386012 0.7674642493050322 0.6479299523848644 0.7925985798765401 0.6111600333671339 0.8094141624994075 0.5339374586583179 0.8127094345406981 0.4508573230281188 0.8159930360102731 0.4239015074690693 0.8045611653446437 0.4141981451355805 0.7870583120516264 0.4236948720455472 0.7766901985009028 0.422440212677552 0.7288359774452265 0.4186613877467041 0.7046448942849658
0 0.1854387456427944 0.8284678335727884 0.15618575879186275 0.8769352392696028 0.16124835486694117 0.9495356338803157 0.20384082309090729 0.9639720467432085 0.2881204414856685 0.9516517361506293 0.35476915356380945 0.9381862330533502 0.3956643858373376 0.9282374842477467 0.40844218449227637 0.908638583065783 0.4198661885726892 0.9031110202614548 0.4272027441023268 0.8834616328061285 0.42434389009234896 0.8608581894269015 0.41619810476703356 0.8331696305196804 0.3939848497036366 0.8084660766527905 0.3019495049932812 0.8164892563220345
0 0.4459197330276057 0.8175690052195907 0.42233803052198354 0.8465422862676674 0.42925522130650134 0.8827124639031166 0.42025339459253586 0.902517114165032 0.4340150937005646 0.9335867017142719 0.4799468572219735 0.9399025077354765 0.5538680013383689 0.9374728517021387 0.6098001448945326 0.9350469996553007 0.6325811765741005 0.9306917744856035 0.6548294433526451 0.9241550034384494 0.6543986666480271 0.8840332322079898 0.6428757213202467 0.8717202709761919 0.6390474257657149 0.8386089257978684 0.6058934608992448 0.8126942185947003 0.5335502526384713 0.8133033406371214
0 0.20348272884729596 0.9651210432344076 0.17222388242599895 0.9992725457719877 0.15942857791348625 1.034491609410973 0.17356283017366247 1.104572787401121 0.22766378481687283 1.0911615745637047 0.3095794493976575 1.0656743573030905 0.3699251709820979 1.0516809089409664 0.4138685807907152 1.028060649345915 0.41190058592537215 1.0064897553529455 0.41947003566489255 0.9912810910558271 0.42237265431880494 0.9748341282924989 0.4128032449478315 0.9439314741215634 0.39890759287728744 0.9262616874502415 0.35560178915597346 0.938108601650056 0.28934028309767923 0.9509801986509118
0 0.41867241178787623 0.9601183975450773 0.4349059528451993 0.9346192511005297 0.48238654044599477 0.9385594327360414 0.5530353657462048 0.937550483105433 0.6185137068360189 0.9336767795259346 0.6375507313407238 0.9536562297513708 0.6441039279427179 1.022770819186839 0.5714637019806785 1.0496244525903202 0.46405656358139935 1.0836242376955936 0.449619393681045 1.071582986375326 0.4235165725616079 1.0684386559296897 0.4164363170383394 1.045113188777382 0.41769402335537237 1.0371866604439295 0.41457601634915087 1.0335727375920276 0.4116007152342316 1.0087489326336967 0.4199154652372099 0.9917973657489559 0.42359249593081555 0.9741625907927816
0 0.515010399442153 1.0660440116114993 0.4797019691751028 1.078818698664346 0.48327701167230325 1.0991241490611747 0.5073621733435503 1.1515434069652173 0.5269785803830876 1.1586393310058638 0.586386825189084 1.1586784053197288 0.6661655302268626 1.156260419858107 0.7232389329951177 1.1436876778987124 0.7253642866194623 1.1044431932479217 0.7298273352714227 1.101795858950699 0.7312772181034416 1.0815797105288805 0.7280427639922789 1.075745426097875 0.7079227038279533 1.0670230465745472 0.682445882877158 1.0359301178818754 0.6629371700137752 1.0388646366488434 0.6438040572515774 1.0250299964675904
0 0.1958693205046778 1.099146197143519 0.20159863444329496 1.1605283367537709 0.21074297308939954 1.1992798878548645 0.22274921269451958 1.204854132946056 0.3249101374733581 1.1824995755593626 0.38073458685336725 1.1700432807049095 0.464082628408597 1.1399600774794985 0.46447288137748133 1.0835854219939465 0.45051025282567964 1.0726155357615836 0.4240493374626313 1.070620201807146 0.4016031881893515 1.0414759247820482 0.3699833945345686 1.0527910897305184 0.30996665541750423 1.0650804512066674
0 0.17673886677319156 1.1890629745120127 0.15093572238573189 1.2634255502550629 0.16238864428321692 1.3382191613149486 0.273350466332248 1.3161596549832166 0.3176635763031382 1.3075656517487642 0.398097393285794 1.277754158434883 0.42401393782915736 1.2613926936600657 0.42882062181619296 1.217435775939537 0.4199354361663321 1.1596947043111185 0.3799310630374386 1.1706760025029799 0.22527623124724688 1.2051763291309492 0.2096395785823304 1.2021717869336859 0.2023555406254144 1.1749606870179468
0 0.4878681133478666 1.114872429194854 0.4644000049573114 1.1220807377417257 0.46550625245425514 1.143174172743213 0.4215424837981893 1.1584292607149778 0.4385384430582179 1.2750992161646615 0.490656749968386 1.279722605871607 0.5888116615862429 1.2767069103270627 0.6711931145867933 1.2601011393828638 0.6723809914326939 1.2348891774080615 0.6736242388411908 1.1868020621425022 0.6558740324297543 1.1594511739783895 0.529592934264521 1.160626798375085 0.5088440209416791 1.1558676830184833
0 0.45420420749936985 1.2786588487567008 0.4430450623949498 1.3131675591943217 0.4585361561786896 1.3133966494177054 0.4599131625905385 1.3316758167436658 0.48753854900300136 1.3558747664891424 0.5611801812757047 1.3640694593598433 0.5952600170019572 1.359776391035225 0.6632828825020725 1.3406047211835974 0.6622961290591078 1.2659508983720855 0.5896734089546423 1.277184369318544 0.49401640411327724 1.2799671706532054
0 0.20101886399013608 1.332944029877436 0.19259051987209086 1.3716605692633816 0.20037231101488262 1.4322935399706214 0.3008300999043709 1.4173492362242517 0.45839040333834963 1.390387280913263 0.46475466433355866 1.336244657578531 0.45976760370936165 1.3289003647697857 0.4587399386123371 1.317282282181137 0.44443957466437256 1.3158265640632603 0.44567692213395704 1.299534864106521 0.43540293019442255 1.2871054557697819 0.42273587266467605 1.2609540503702312 0.39943368200274604 1.2793029825142694 0.3198033888360189 1.3084817540300802
