0 0.37132202709805484 0.3951602874678177 0.41136997332352254 0.3898848868613937 0.46596624610755305 0.3995725908082722 0.4995964441205005 0.41902189373466636 0.5263129275608884 0.44314181204707426 0.5047642681360534 0.46325985707051864 0.4914770461999546 0.4863695291890238 0.4686249047079236 0.49253968493106687 0.40724763989827684 0.46866565596922194 0.3813405355692948 0.45627877938149064 0.3622568007106608 0.43395334041831934
0 0.5310197090441356 0.3718438374853969 0.523300342168669 0.40045989232689344 0.5264898909568129 0.41799922484576735 0.5449449369084642 0.43912751606311445 0.5981050050783556 0.45372427112957187 0.6381548147080729 0.46628811111322754 0.6565618930022443 0.458023567950742 0.6641531935509043 0.4150815597654416 0.667017728388845 0.40802805154362315 0.6455072332560383 0.38322418151567267 0.5978794788331123 0.36601690672512827 0.5666734591022591 0.3634023250286047
0 0.6648327490512629 0.41481204906228336 0.6583902137219808 0.45622499158808 0.6729935134694748 0.4699608898282832 0.7204002740341653 0.4815356204316321 0.7703970422929134 0.4954363726677644 0.7899020187759475 0.4867144882757006 0.7931866312925386 0.4570081136396073 0.7909812665206128 0.4444698986705761 0.779977877302281 0.4302925209150605 0.7367208438562572 0.4068151222376828 0.7046142747668097 0.3988375070571218 0.6831980837883384 0.39766598796275693
0 0.7783552895892081 0.42526055630230974 0.7876127322443331 0.39989179577809875 0.8224634006260111 0.390771148116227 0.8677883754362972 0.40064016340227854 0.8986014652821928 0.4220505100674221 0.9154059699274837 0.4378063833782208 0.9136236377763044 0.46021052616769237 0.9030857651805988 0.4774081943053785 0.8946012600427073 0.48800556062187167 0.8697505863030264 0.48845914953717945 0.84985013892924 0.4916505617295726 0.8206548756040315 0.4847866782187425 0.8069159281568745 0.4815566153901165 0.7919960926793446 0.4560127548742306 0.7943522785273424 0.44712262847851153
0 0.868158593195328 0.4906073635073012 0.8703370532472883 0.5011071408369652 0.8732074027390335 0.5117695832011642 0.8902205379662297 0.5233790281234493 0.9001727284118641 0.5371332322298369 0.9041828592313764 0.5499660431691992 0.9316745940944038 0.5497710122274758 0.9637856090919341 0.5497107847571839 0.9784172344955063 0.5550531215057821 0.9973815055726081 0.5438168471766252 0.9977876051159352 0.5353515088646715 0.9997813778750118 0.5310642426685092 1.0018135647206794 0.5049083735141368 0.9879139319725152 0.49403092124725956 0.9655687309987036 0.47688748689271665 0.9353434359633316 0.4664974170711391 0.9225820519112828 0.4586141675243387 0.9181623929796583 0.45795071053390507 0.9151009051100303 0.4593151588188387 0.9044602034826748 0.47773993448870805 0.8961792709420997 0.4891098862032755
0 0.9295081788261055 0.45310580482068125 0.9605421426534455 0.4570214232072766 0.9914005741098799 0.4729155013568059 0.9924782757305736 0.4818080512726944 0.9824345665427303 0.48958839412232874 0.9664262424576762 0.4764343824411907 0.9368382152338705 0.46797569311466947 0.922855269616198 0.45867840172831703
0 0.9936674978562015 0.4813364075421677 1.0145752363606544 0.47235406171151 1.0564092176386324 0.477681943233601 1.090449243234059 0.4886897751206345 1.1277197056354822 0.5008327077286284 1.1292646616010686 0.5211036052689675 1.1296685710940106 0.5414818562666132 1.1136629150650408 0.5538703936121799 1.0869047502243956 0.5580967402923547 1.0541034564356226 0.559024248914927 1.0151633494067762 0.563767137283013 1.0032051152424641 0.5519409289347702 1.0007441548561653 0.5322059093289363 1.0032162823573039 0.5049914922947377 0.9873366490182136 0.492994585637238
0 0.38077168918567594 0.46178668262799394 0.3692003848487108 0.4616418943949649 0.3555542169524123 0.46744844019895027 0.3528563803853213 0.4878486954992742 0.3516096720680677 0.509448666875406 0.3670396024541647 0.5242374601537524 0.39551006395619287 0.5377993567771656 0.42207007326452217 0.5487657210646374 0.4603854214080565 0.5633543485493866 0.47807272524825006 0.5610735404539925 0.4830852800637771 0.5450809654905667 0.4869038975459597 0.5283784167109883 0.4995755973636725 0.5128986989770715 0.4907209904246654 0.49708012563043563 0.46772469458724103 0.4908150837551916 0.40757002857963104 0.4685163189884039
0 0.3810139923934254 0.531024447411885 0.36940382388629683 0.5375408106624356 0.35282842004654735 0.5396537533884395 0.34885413970444934 0.553975198055999 0.34424794680135096 0.5783186173928488 0.35789767652022253 0.5930851355584215 0.37858872140981104 0.6044218160257394 0.40406630135759275 0.6136477429412766 0.43640813808233114 0.628648149790973 0.4531427514728312 0.6358185821792028 0.47278436920086575 0.636738000568133 0.48103103732255237 0.6215718166450165 0.48136566338639586 0.6059323824180946 0.4801383568907481 0.59686019211775 0.4902848673971041 0.590924313458617 0.48872047201661184 0.5739138198220823 0.4804908317976012 0.5627330651441803 0.46168013856900514 0.563395890978752 0.42225718428586234 0.5495044780487519 0.39573099811686047 0.5377205349091977
0 0.3643840613592383 0.5978778827304334 0.343997396348477 0.605963203825177 0.3372048905518435 0.6378497954587069 0.34054913476798954 0.6515143159847135 0.3685791331570233 0.6684068665347103 0.39423935540849664 0.681308068488632 0.4386895638861264 0.6981975698316751 0.458783603223876 0.7020631795553034 0.4648437825362417 0.6927560438172161 0.4652819587440209 0.667531776439171 0.46970773761004764 0.6608453208115147 0.46371766550898125 0.6379732392430605 0.45455233436783377 0.6366769976785666 0.43662517583853755 0.628598791400048 0.40415053775261 0.6136662262909905
0 0.3581829053225356 0.6642455819311167 0.33889892269773714 0.678600010510376 0.32949602377270226 0.6888383680234309 0.33030684278739186 0.7143562774768055 0.33614831514673715 0.7213102110029842 0.3504755631468712 0.729829896796815 0.38587055626160216 0.7445904930937184 0.44233329449092995 0.7655919998936943 0.4574132544096756 0.7708544422797741 0.4617470160265824 0.7624292491699934 0.45851364989042337 0.7552299363128281 0.45878665243082967 0.731254664157252 0.4601811981880659 0.7182749696729086 0.4655980190583302 0.7040945427104393 0.4587285453347517 0.7024795112961262 0.4392590036082365 0.6987607226101629 0.39475373724148244 0.6822875530079426
0 0.3480326305910579 0.7288262809053329 0.33229273830455897 0.7358576905596155 0.326215222764803 0.7550340984119601 0.32397924882989704 0.781869201422758 0.3543505320072712 0.7926968971882759 0.4228687021901598 0.8138099292903348 0.44215061491015856 0.8188699188763616 0.4506809625482856 0.8156078163033463 0.45577352568381185 0.8054797302092194 0.4535060203045527 0.7822959114332667 0.4599627800471005 0.7782829223782243 0.46211409788053104 0.767990102729 0.4583505476933478 0.7710559895138517 0.4430353360928772 0.765875059870681
0 0.3405230671801449 0.7897094041813952 0.3244313709230585 0.7948811406066305 0.3177395505387862 0.8141149347936736 0.31626524657749117 0.8327317174301107 0.3369793846866549 0.84787350517475 0.3779439668279421 0.8622452354691826 0.4417291200974373 0.88329904476145 0.44933395040965496 0.8661235650604956 0.45177725339011754 0.8461543137032633 0.44339032593677175 0.8199515196873636 0.35447454988063676 0.7932528151009199
0 0.33069105992481623 0.8461317229245786 0.3158733229389361 0.8566071998782991 0.3118066833278849 0.8709271906756234 0.30964566433874663 0.8962304175756269 0.3278350278732548 0.9065645362852434 0.375741804680759 0.9252021997951125 0.4344329916935999 0.9429513602351921 0.4460267316790174 0.9224995958681647 0.45463434154795307 0.9037162088484596 0.44223629586773555 0.8839450441075618 0.37823688738905953 0.8615239603920513 0.3781017652388581 0.8625457147838715
0 0.32674201098072175 0.9073610870933947 0.30996406740283466 0.9236968460976348 0.3062352331672872 0.935462450915408 0.3050885657187453 0.9620576765076349 0.32626405936973557 0.970723417869929 0.36849056109130784 0.9830214043664346 0.4056568770937762 0.9917593034127972 0.43114798151663414 0.9961720464339319 0.4282835307383044 0.9760084501167068 0.4365764791994934 0.9655792610985005 0.4473257057461516 0.951513461680351 0.44135110697797425 0.9324623247978042 0.43455700956696547 0.9435072781478361 0.37589960309167497 0.9255026791098014
0 0.32122654991134614 0.9684855641262952 0.3079867970346256 0.9819658342269051 0.3043370958580574 0.996120467859742 0.3063112129691563 1.015547983397388 0.31697300842225556 1.027536297361269 0.35131099271915783 1.0382430530696427 0.40253013303476914 1.0497580472416645 0.430331289116059 1.0531336065591406 0.4404035017905818 1.0307438441537784 0.43437291393118216 1.0151034904781155 0.4284450708055618 1.0121295559549024 0.4277897977800554 0.9961726700433222 0.3680736226568248 0.9831867615309223
0 0.5397211705965013 0.4333081229245403 0.526896974825417 0.44215874944219963 0.5068094170512393 0.4642750338709351 0.5056871453685726 0.4823746579950323 0.5073336304149785 0.5067755235722828 0.5516604407298765 0.5160668138551636 0.5899305410804851 0.518283856195989 0.6092229426560205 0.5214069758980576 0.6206458969373835 0.521549907871689 0.6388006040321335 0.5108448339551003 0.6429690971936488 0.4937438995172834 0.6389772622561345 0.4662490012413873 0.598578718403662 0.4544910771177478 0.54447242873925 0.440640485639127
0 0.510440410254359 0.5089185105758586 0.5000335320469582 0.515512305119734 0.4867988438072314 0.5290691782928404 0.483561042992022 0.5455413760440785 0.4856294298191137 0.5587408329761571 0.48625883542003845 0.5667992271027812 0.4932457360448747 0.5684418658916978 0.5026628686027158 0.5757411281167855 0.5195255399310057 0.578010496849243 0.570294727311712 0.5834486225319419 0.6052649634293008 0.5865849479070301 0.6164451825827767 0.57734781814492 0.6187041453747099 0.5634706427063603 0.6251941664317284 0.5528483200135188 0.625312774723995 0.5311225523153099 0.6095252327729208 0.5223255900179747 0.5898218370429833 0.5191058445047932 0.551587971371542 0.516614806061033
0 0.5070751002636374 0.5776260003478298 0.4907579558658945 0.5904581799375909 0.48368717657068067 0.5958586953442685 0.4820089720169427 0.6149576780689919 0.4822646215141515 0.6322511952146883 0.4941477189984055 0.6401302123064525 0.5313913373345276 0.651711435052616 0.567945995080712 0.6636957112879799 0.6022034486127579 0.6706196691985983 0.6108095004880785 0.6664276453451757 0.6167659056123526 0.6390114848069511 0.6224572586704126 0.6200084589789944 0.631219156888686 0.6034224162575481 0.624775776451359 0.5976698359246103 0.6154782555573032 0.5782505509344336 0.6062924488153062 0.586826512434812 0.5699805261970091 0.5842222979351898
0 0.48446503268859076 0.636441212325073 0.4700708347155109 0.6587659607920915 0.46501929319889984 0.6697264738238277 0.4653603264237648 0.6943854541736094 0.4852583116046197 0.7089515470486321 0.5300447634366493 0.7211760499830858 0.5857339696723785 0.7294659749223024 0.5934942112432896 0.7284652784929841 0.6002001353180334 0.7017903617828544 0.6055881948876741 0.672262976901861 0.5691427428647511 0.6642595848242528 0.5313551026553603 0.6519854311555506
0 0.4696832903313791 0.7674431121886921 0.46028007551437844 0.7776630503066791 0.4530400338211307 0.7827412567048656 0.4565479035601488 0.8058846489089587 0.4508441378185267 0.8217770917935204 0.498882308206606 0.8350485973198108 0.5457594638040542 0.8426793607403336 0.5732231011049028 0.844898409824197 0.5785883420504573 0.8283613489226528 0.5885355787407266 0.8188343417272046 0.5873010912202419 0.8041358468941865 0.5781018684231638 0.7999954805180501 0.5735556056718568 0.7879085582424601 0.5123060673538963 0.7800064743763864
0 0.4644193575973591 0.8280763265036358 0.45116084736202694 0.845017778723072 0.44908406133744894 0.867130718580078 0.4484690751631242 0.8813943972630884 0.4635190091615312 0.8877578262091639 0.5084141650310626 0.8991603408348133 0.5764446052108989 0.9038538781176874 0.5856294085813769 0.885672171684189 0.5882144834858158 0.8693290313192165 0.5822188335678177 0.8682019531610164 0.5725718802514108 0.8594360846101422 0.5716396828478262 0.8456562038970413 0.546134223279289 0.843049982654381 0.4985318724127359 0.8360962688259933
0 0.4639905616764653 0.888998749337572 0.45539792585622574 0.9059071010675094 0.45154363380941326 0.9222343601020784 0.4525244785757271 0.9388508276556395 0.45661109980990267 0.9480045372796567 0.5253066785840714 0.9556796001196601 0.5784564471635343 0.95433201746495 0.5815021669566235 0.9505278346846703 0.5817304826579108 0.9375858236107769 0.5869031408955859 0.9289139052136317 0.5888603152563784 0.918920988121715 0.5846287553055337 0.9108632629094369 0.5771698004800039 0.9031768285255523 0.5083416956727281 0.8997083330406827
0 0.45291165073452405 0.9423320325130821 0.4472917636632796 0.9511813212020493 0.43697026918353493 0.9651405789500102 0.4283528079961712 0.9758277647931575 0.43119553914085673 0.995989631440121 0.4282962631217149 1.0131064472083418 0.43425567836054585 1.0145075214694765 0.5106022929823645 1.017201003722406 0.5590013051048381 1.013323930819669 0.5602923374997791 0.9907437432375031 0.5647398004683492 0.9827488744324929 0.5722195671749273 0.958233494970688 0.5261892252534076 0.9570171490591809 0.4567803622079365 0.9483268462881478
0 0.44966795915062574 1.0181309893862043 0.4414485777483426 1.0210013456305091 0.4413408770823597 1.0314290788724334 0.4388272681647365 1.0376184820984165 0.4398572619795391 1.061874408958998 0.49275439117635 1.0720505439579509 0.5691620658444599 1.0806911959947358 0.5714200252648745 1.057208275623056 0.5726748229806482 1.0349020841438248 0.5563194371607001 1.028796769970281 0.5568619539766904 1.0150810834931396 0.5107958790617628 1.0189416061511272
0 0.6780336179221396 0.47373616377393285 0.6524800126766324 0.4730962281573723 0.6445753340748117 0.4799957814649894 0.6440571409401861 0.4951297613623607 0.6390423357885018 0.5106191507577219 0.6448225843745341 0.5326016953997702 0.6598005507003661 0.5443159890182748 0.7261885193198723 0.5630316404563777 0.7574354843664772 0.5638800401112213 0.7741760356021843 0.5542550692759682 0.777253976588365 0.5117539106602744 0.768440922578565 0.5014890042084609 0.7565335014129464 0.49219169369646654 0.7111911167098456 0.480966549362639
0 0.6467087944342704 0.5375653879134027 0.6314672810995028 0.5486728464048457 0.6262360712443337 0.5754119573509352 0.6248844804888608 0.5968478476158059 0.6332016583023621 0.6044535375189813 0.6490497586139683 0.6143947971336119 0.7102159199473105 0.6341429076618399 0.7417294421174081 0.640986790006095 0.7561981161918603 0.6373255391994467 0.7624205767538672 0.6111019888840737 0.7554450854410744 0.6029641881054323 0.7536184303703509 0.5895390479759753 0.7534124316073905 0.5846878626038591 0.7387357520269398 0.5642864381721514 0.7249193021774986 0.5630157591259743 0.6595225842648306 0.5448156683185881
0 0.6313884192867197 0.6037447252660394 0.6227233141081456 0.6212010692018463 0.619774889040515 0.6306784256630462 0.6158352132660465 0.6396402214935298 0.6111242032885409 0.6704568424084879 0.6278186155903159 0.682009647065574 0.6703083648939665 0.6939767041418424 0.7202198309724607 0.7042984467718104 0.7417240530344784 0.705116421594539 0.7467621784960086 0.681439580686288 0.7438603940480695 0.6745420341217088 0.7467482607551681 0.6639203803432131 0.7409695172264141 0.6563464531008448 0.7422009946323421 0.6422277131345032 0.7107237071414119 0.6351098346873133 0.6489772892556337 0.6149427893394814
0 0.6107980911760353 0.6729228073349006 0.5999345815660598 0.7054006240265626 0.5969141888258542 0.7202288451601921 0.6022839449432439 0.7469176364576876 0.6551448394608875 0.7573677675595752 0.6973193842783163 0.7605027551059717 0.7209143101057526 0.7567269904147692 0.7283226108255152 0.7423653480919539 0.7286576238212664 0.7093898588430166 0.7210418192812649 0.7044916983940359 0.6706106550108668 0.6948953182617595 0.6276012075153122 0.6836536236831826
0 0.5978225642338335 0.7373933049196228 0.5890854913826842 0.7602005135278592 0.5769522629445756 0.7878595764225578 0.5791655884883364 0.7999630489428973 0.6177146586459995 0.8112861569165295 0.668000382513969 0.817175648993985 0.706451656260414 0.8180227108201366 0.7104638013932171 0.8085129227837835 0.7123122717165078 0.7993419940006711 0.7122372939293757 0.7758756238737409 0.7136256210497756 0.7589686099724955 0.6978271714724176 0.7614696821314451 0.6557856543738554 0.7589309996964744 0.6028642014956798 0.7473365712772914
0 0.4719972929404903 0.7018786369352688 0.4625702561278843 0.7154831540995854 0.45896960683524285 0.7298924404136112 0.4584886517513035 0.7543581691411676 0.4629619434585165 0.7621902111560672 0.4702754578816177 0.766169757485131 0.512995027943834 0.7796034208871859 0.5737973374282251 0.7876828750450816 0.5772302293801113 0.7873598971222445 0.5882635030738801 0.7600072619056336 0.5977138601963317 0.7382152932284272 0.5932648921704834 0.7318015446337576 0.5856495893162413 0.7317062566513366 0.5302383495160478 0.722916652411807 0.4853188699651517 0.7100958443659274
0 0.5887357571691247 0.804346560159102 0.589513415140346 0.8190410122946149 0.5778898784097591 0.8292075082834498 0.5739591935119159 0.8452136203580939 0.5731674038601156 0.8603452924733169 0.5831372339862095 0.8695419365817408 0.5898463408646045 0.8691037621754636 0.6040577759130452 0.8668014992620154 0.6173725882683093 0.866707041767592 0.6672521497197116 0.8735966508297338 0.7010052027346646 0.8766948751692506 0.7059012059867269 0.85567540379444 0.7039684218185136 0.845143485373279 0.7046745208489922 0.8352319753612747 0.6976013616054804 0.8178481323595158 0.6676430338061361 0.8180606617219688 0.6180566815990329 0.8112399869275112
0 0.6048857029451794 0.8673992477241331 0.5977112897599166 0.8713559330619994 0.5955568552881472 0.8853610425206712 0.5964039247403359 0.9041028197822065 0.6207240128768055 0.9190918512292274 0.6866111180427019 0.9466751025685314 0.7134482613762074 0.9517752839505872 0.7231064556578727 0.9496118439990742 0.7247261723418071 0.9350779203459688 0.7303304220841231 0.9247055759806483 0.7276384065448182 0.9107703552162274 0.713788160581794 0.9034831195090525 0.7113716435065837 0.8851785622272277 0.714198187088273 0.8660911592007053 0.7057468197043627 0.8637011197788013 0.7012467112782006 0.8771547550960003 0.6674419575624846 0.8744474764155488 0.616975977622484 0.8674199988180388
0 0.5924201075018793 0.9067941195015864 0.5870757929032289 0.9289174935859092 0.581626645263202 0.9381170009740334 0.5818178847458251 0.952673584574178 0.5798532581168285 0.9675295196186645 0.6035869277646998 0.9823806825303173 0.6441709156597034 0.995549990937679 0.6841854800263882 1.0061668225875957 0.7054686426784906 1.0075426446615772 0.712348414979604 0.9898112670416973 0.7147783479154682 0.9714368210656215 0.7063942445527501 0.9525354697482459 0.6863526145388866 0.9486298308638584 0.6200858936874442 0.9193449283529246 0.5945929685737784 0.9040801598351673
0 0.5753510022308911 0.9604245179143694 0.5654881526059488 0.9847103775236384 0.559607688579613 0.9925991793991983 0.5588683154485009 1.0141927848625205 0.5574901073081024 1.0291865884423756 0.5769283238730886 1.0353689670134714 0.6365701968276074 1.0461661238131341 0.6838278700405973 1.0500207162440425 0.6818256743914167 1.0354414726968588 0.6853066163028215 1.0068335053173973 0.6437743050138782 0.9962629479881256 0.6042597526945448 0.9841512679696315 0.5808709929917355 0.9689780936665974
0 0.5806883433482136 1.03665605815243 0.5733425489203074 1.051053067696734 0.5691208022379403 1.0875488825251882 0.6008908020237671 1.094211892116939 0.6711229135135366 1.1095143451162404 0.6972695211369928 1.1084056702738938 0.7017164972225416 1.0816372226014308 0.6999905158573807 1.069541521544008 0.692728264591021 1.0581597319635991 0.6831550451107524 1.0482501308047283 0.635345659149648 1.046281332401463
0 0.7912522741831463 0.4754627393938118 0.8034806560024609 0.4767252617325978 0.8067583742104389 0.4839454720252221 0.821039220739847 0.4856905342377966 0.8484110818611876 0.49131952981428606 0.8623300234852543 0.49580121164031876 0.8695745639714096 0.5027447304356399 0.8729216936603552 0.5140122658542868 0.8896353364053279 0.5247943981194447 0.9002092958002242 0.5385671815483247 0.903901335434232 0.5495127055755903 0.8976094132615668 0.5810877097451679 0.8717043141816467 0.5826562645142636 0.8407438148278246 0.5652998535923776 0.8025572015879766 0.5522910736674234 0.7864476881118065 0.5460850807227217 0.7778744927262407 0.5331857828266957 0.7776825374236923 0.5117763202193863 0.7784913220357719 0.4942300398820865 0.7897529538610173 0.4868001635067096
0 0.7848265397880219 0.5469132463614975 0.7761506588208549 0.5416487187907671 0.7741513264513746 0.5544809912722427 0.7561118920866916 0.5651545959350389 0.753319338425561 0.5794127825174081 0.7545445919234455 0.5861504529362438 0.7557018655802126 0.6025465562433864 0.7623946933182535 0.6113758690663507 0.7663622314163558 0.6179520565762122 0.835612029591627 0.6406824770977568 0.8690895841424853 0.6481500379546775 0.8810764574182639 0.6489526803667139 0.8848860301343766 0.6292901888251129 0.8885922014489631 0.6104095886016426 0.881743555788708 0.5959002337487099 0.8697899566135631 0.5834154958853554 0.841916651805021 0.5655755906631139 0.8030402186750486 0.5532108335209224
0 0.7649995865963866 0.6168254939196608 0.7564816710112092 0.6377996454003932 0.7448574184606971 0.6411132623820636 0.7428063853904537 0.6543364805226045 0.7480331669069993 0.6628211220071482 0.7447575961587964 0.6761595487360182 0.7471726815941566 0.6807583480035136 0.7564526918301262 0.6905990148947 0.8126284703737441 0.707030893830253 0.8559370320887614 0.7156004485435526 0.8712001919326677 0.7099175432338837 0.8742512490976138 0.6937046283561875 0.8753008264333042 0.6697653489384724 0.8674167351179376 0.649369149252519 0.8359569395366893 0.6403604657063754
0 0.756297589727837 0.6917718518718964 0.749691168431043 0.684575255952878 0.7457937576338332 0.6888992725762039 0.7411732528458654 0.7055494074336105 0.7309633458160858 0.7095986414127666 0.729070278127832 0.7490605386047702 0.7406435457975061 0.7529907462893303 0.7439899596665265 0.7574054027008122 0.8059435166548794 0.7735832500861011 0.8410075137890385 0.7781989827412348 0.8586163475873375 0.7730675515730386 0.8624599102240089 0.7485758435872841 0.8636483105216344 0.7327312144216142 0.8534362560320794 0.7162218113792761 0.811990351184383 0.7072839709539503
0 0.725155156550418 0.7489462844430079 0.7197060089103909 0.7581457918311322 0.7126881294672676 0.7746353982061315 0.7133808126370924 0.8014028914520278 0.7305427667286533 0.8110811210076735 0.775179983343081 0.8256064548216778 0.8080541244450617 0.8353507553653072 0.8398411191911679 0.8395991567349813 0.8456337451364068 0.8163718799411462 0.8466840382920224 0.7992854795305959 0.8393346647644908 0.7794180940390761 0.8064782344427144 0.7741120642805348 0.7449559938406706 0.7592449224078104 0.7395571152615565 0.7543477261225396
0 0.7143985475119994 0.8028514654999607 0.7110705602431086 0.8097279588807312 0.7062078310916797 0.8190653348042236 0.7034485515311826 0.8216414259352743 0.7054507471803633 0.836220669482458 0.7068155394601079 0.8579058691605036 0.723891087110422 0.8659513818122034 0.7638886565168275 0.8789828216841968 0.8256524056624074 0.8943098434836708 0.8321348514977706 0.8704385439070729 0.8326334319052717 0.8552379375241657 0.8274576352695642 0.8395094713733918 0.8077956209412465 0.8373054836606344 0.7752146890835647 0.8276301173846891 0.7303876646263641 0.8122539579848699
0 0.7188548292565746 0.8651704449206393 0.7109403271202747 0.8838678567146632 0.7149092968582271 0.9041498022388543 0.727586705844055 0.9111613008752927 0.7327277967392789 0.9248661044630556 0.7466984390641086 0.9289568406300228 0.7896118217731507 0.9519451104080986 0.7990462182914844 0.9537600613149241 0.8352320675220019 0.9658953557070241 0.8411288106886918 0.9487390666022231 0.836850352566086 0.9376556740395893 0.8338474170022776 0.9192132482223964 0.8269286440411299 0.8938036892362762 0.7640267636588374 0.8802245929290772
0 0.7457671106304483 0.9291409834860359 0.7316583611636087 0.9238084760741883 0.7263990213663548 0.9338588090481275 0.7234513656029349 0.949289832607693 0.7134999620769704 0.9513843382915219 0.7091195341926888 0.9547885950613484 0.7159511848926645 0.971712558136358 0.7194711274641037 0.9862455273628966 0.7663166267108393 1.0069334430806578 0.8249769021707849 1.0320114464097287 0.8315811760078038 1.0186494053072528 0.8339771190231093 1.0051041757753305 0.8313715099250512 0.9928016719148555 0.8249697439715341 0.9634826563380811 0.7996673425205663 0.9559215924133033 0.7889737025837895 0.9521981875317959
0 0.7212820836306613 0.9862681873099358 0.7130382348697284 0.9891672442589347 0.7053652412769645 1.008324535979708 0.6876522902572142 1.0073849794588703 0.6824120928800149 1.035579341232227 0.685449018364382 1.0491925506052666 0.6952637463881867 1.0595620316908867 0.7158578049700897 1.0684347555547955 0.7432126711311511 1.0764783593533618 0.8071662763089091 1.0866768132643398 0.8107003505609274 1.0713836582401426 0.8136642854647016 1.046685147451336 0.8073496417723564 1.025851727785672 0.7665064345536122 1.0077842686664729
0 0.8142365722727207 1.0766491402374399 0.8216354990412401 1.0755669430483998 0.8258282665425243 1.0918704977142524 0.8288821869871708 1.1030690988652154 0.8275563953674604 1.1245248357931699 0.8226773870756776 1.1431296989459034 0.784939801002343 1.1358698953186017 0.7339900881553454 1.1210697788604278 0.7011499369739231 1.106496261872645 0.6994239556087622 1.0944005608152223 0.7020097064668408 1.0817061568691149 0.7032498074652292 1.0654705820443795 0.7154611943242646 1.0691477126052422 0.742919461886852 1.0764094250856777 0.8077526947975073 1.086814681799708
0 0.9032115155441076 0.5501567283583529 0.8975577125608039 0.5814786554042333 0.8744982994826276 0.5821038359462241 0.8793978818343153 0.5953487596072372 0.8890405127955515 0.6093056858921304 0.8855588550642216 0.631060774264427 0.8972702298759054 0.6362327531938673 0.9530302553536436 0.6352335603804494 0.9974061051845555 0.6243021064611218 1.007839094157742 0.6094216026164624 1.0081110135222109 0.5707878710632347 0.9910694557924555 0.5579131419673814 0.9783063561853058 0.5561218054341618 0.9650425287108797 0.5489724382623552 0.9311690793341214 0.5490707134630459
0 1.0040230790623035 0.5674081830935807 1.014232986092083 0.5633589491144245 1.054849532267795 0.5579932830633031 1.0880331617544292 0.5585390306453751 1.108229893870582 0.5612718325525661 1.1247537287727818 0.5712031392319089 1.1284634791869936 0.5865869340442624 1.126482573417643 0.6107103563179908 1.113600509088538 0.6258212773393083 1.0700695812500394 0.6349358714986769 1.0165695391053724 0.6417067005567864 1.002340393276727 0.6395706926851463 0.9973891102242765 0.6267167146831986 1.0072873814096273 0.6113073966441055 1.0088525341130983 0.5697529026214065
0 0.8852486508596432 0.6334064482188196 0.881421367363326 0.6486306689753327 0.868451464953124 0.6484031150783749 0.8754389335753141 0.6710071201833528 0.8744410569403868 0.6945554539420025 0.874062157074766 0.6997066817775371 0.9098329690593285 0.7012637834278315 0.9532612113162261 0.6997839595937587 0.9750096802751961 0.6976412707361511 0.9901000272366088 0.6886929316185905 0.9971179066797323 0.6722033252435912 0.9975824971666747 0.6618319353048374 0.9929414183188023 0.6466322833484971 0.978417631606008 0.6307215831948433 0.9532717638971797 0.6356934403071989 0.8966838113873072 0.6360948846584992
0 1.001270957701057 0.6385130642962791 0.9936829389096897 0.6455973149066688 0.9974790957651485 0.6626138266229683 0.9982907436569286 0.6724790623143275 0.9895136087480108 0.6885550630832223 0.9818391835153968 0.6940065967896661 0.9800459381290436 0.6984222076277152 0.9842039998898439 0.7127020997305564 0.9956575870176375 0.7266816859624888 1.00338442877094 0.7276920856041443 1.0202517419783512 0.7235956228777761 1.0411545731249827 0.716416914772963 1.0545550761015687 0.7111022951753204 1.0738714646648992 0.7067754152722944 1.0865821477513609 0.7021048184574147 1.1023106139021346 0.692903402216157 1.1130715178601038 0.6801154952021928 1.103995447147486 0.6412995296460855 1.0945093499283893 0.6398755243983255 1.0857987632207386 0.6325873342645839 1.0705525983371116 0.6358556313521759 1.0164661377038462 0.6424885918749172
0 0.9666794250730164 0.6989076107812041 0.9847040119371955 0.7112072513619788 0.9964338133490088 0.7276703800836719 0.999867349479201 0.7405706324062648 0.9967830182136215 0.7684656427352792 0.9806919313375809 0.7735507995828302 0.9561664720379093 0.7738313087864007 0.9238277645436886 0.7714687014443696 0.8817614512868353 0.7672222089278291 0.8682908210093571 0.7616366243922842 0.8640293578470304 0.7481386236075739 0.8642864297109956 0.732478137297917 0.8564200491758334 0.7165202083970516 0.8715281069174505 0.7120101400645792 0.8749247898473839 0.7023280928026662 0.9093329570119774 0.7027586317964092 0.953640827001772 0.7014856107653885
0 1.082150019166316 0.7059000208863068 1.0936892969154313 0.7146594450150202 1.1043836526721331 0.7252357289036926 1.1079213060237767 0.7442069689153192 1.1039559153854497 0.758189418426952 1.0994388119990082 0.7740576619662276 1.044543566753663 0.7982369028262687 0.9988234987029112 0.8193329438812978 0.9842812853899875 0.7921310939353914 0.9799504107466934 0.7745857680246585 0.9980075558915809 0.7683504341469503 1.0010571814166767 0.7384317612549243 0.9993659057919996 0.7283597227605126 1.0058682098673426 0.7294853309904973 1.0545033754008055 0.711493240834386
0 1.070775149178516 0.785055186873539 1.0955435486615737 0.7989403156110478 1.097683851452764 0.8147613304031117 1.0987901402286935 0.8384012583764845 1.0842862117558787 0.8474874660294134 1.0370993816637064 0.8613859567388572 0.9735445345915488 0.8710331827989265 0.9658849568594388 0.8535114712617992 0.9571552277317333 0.8280792523286401 0.9727632975207019 0.8220743356275898 0.9790580829730675 0.8179108474866714 0.9797280446232122 0.7922699168973265 0.9841261832876983 0.7933039309125878 0.9998582285380979 0.8183669097071538 1.0448884766987252 0.7979148914348876
0 0.9649280436263978 0.773875674253912 0.9756910950441422 0.7816464042614424 0.9795382367804389 0.7914190913115114 0.9790580829730675 0.8179108474866714 0.9722802804336299 0.8211545757740909 0.9482902547417186 0.8288167781792595 0.9024993435701492 0.8321597360939365 0.861985482976038 0.8298906318197622 0.8473930006022012 0.8167854855472508 0.8468391403943116 0.7981126425533996 0.8471309179987604 0.7844758188067541 0.8575816177521511 0.7740335857471828 0.8611156920041692 0.7587404307229856 0.8687391323559452 0.7605327216827719 0.8815716434440624 0.766371383342014 0.9238277645436886 0.7714687014443696
0 0.8452888351913447 0.8166938913325277 0.8412724596721797 0.8379201655103904 0.8289066865307803 0.8422687509338888 0.8321334198579204 0.8567327858927434 0.830996720261058 0.872186469399348 0.8384494951901156 0.8912719635727369 0.9086631800797557 0.8952832667797853 0.9646809932413841 0.8854764666638756 0.9682483415940358 0.8585012161883601 0.9623657301079245 0.8458313810424253 0.952601986964958 0.8282180752905749 0.9003951781592925 0.8320681418792133 0.8616405730309759 0.8302126432111437
0 0.968644952239861 0.8577882591379131 0.9643877839970849 0.8854075323961914 0.9469857530018382 0.8889751809281257 0.9481947273593685 0.9049803385762027 0.9587856817145441 0.9163385137830061 0.9590286218979304 0.9305041517240852 1.0147709365954642 0.9250666881255794 1.0472123296712859 0.9197945251423146 1.0753242797436635 0.9106827942626466 1.0849647632451245 0.9040810835260454 1.083806773768432 0.880832101211738 1.0796657069679112 0.8641376008868199 1.0664188744537644 0.8545736254929365 1.0378239072943147 0.8627655965191057 0.9740792523793838 0.87156199699336
0 0.8355513926676835 0.8857534044517426 0.8283429895618621 0.894539306233762 0.8337957163015146 0.9196041938814616 0.8377816809997464 0.9374715311835762 0.8447677179820863 0.9463697782742244 0.8751233722471807 0.9522971708684894 0.9041340924725105 0.9615362715912911 0.9193115616950952 0.9610735283848412 0.9579967553424443 0.9588817019268884 0.9589252204964043 0.9312860430422161 0.9593721002031423 0.9164763823183742 0.9470218903821721 0.9047046015054665 0.9439502591573212 0.8890677295694157 0.9082148687331675 0.8963871694892975 0.8386910037336517 0.8917318434994864
0 0.9590633276384142 0.9325278142870964 0.9583763710279902 0.9605833530985183 0.9423192740725082 0.9608392935019158 0.9493230218350526 0.9741758113776523 0.956706385283143 0.9892139804250185 0.9931323114173461 0.9881033967295388 1.0252982060290732 0.9872005702636781 1.052203329203696 0.9826423187574272 1.079125447338598 0.9756694590290992 1.0791742847596608 0.9478669973413748 1.07436110884922 0.9362547905843076 1.059664509253932 0.9170786566227621 1.047367431773575 0.9186216881651182 1.014615834493175 0.9262395251027756
0 0.8396967543877552 0.9435651788196492 0.8411635164291758 0.9507627291652344 0.835335468923528 0.9651134643888933 0.8263840894922664 0.964218273335567 0.831268108523525 0.9935835632329862 0.8338737176215831 1.0058860670934615 0.8699731604108538 1.0163886445816157 0.9316320765150573 1.0187917996848912 0.9527077205441823 1.0148785253879693 0.9564818716998862 0.9863394922761923 0.9430090939626325 0.9601952707191531 0.9192081602935691 0.9618554197029722 0.9037891825274483 0.9618582829826724 0.8754165814914799 0.9523661051361736 0.8442330001942512 0.9458409640797908
0 0.9568444924251527 0.9904557516698991 0.9532424383320175 1.015407339582403 0.9329600155945428 1.017894699778431 0.9361520431811992 1.0303350721742743 0.9411210370138543 1.04762732096131 0.9426047940155543 1.0524102630848187 0.9989682329421699 1.0491343305846923 1.0446380319320088 1.0421349932030581 1.0644197268022069 1.0342896023684431 1.0697647572207827 1.019019107291285 1.0691414855319255 0.9962989391714112 1.058377718294256 0.9816753301567163 1.0251083981863003 0.9863497446778631 0.9934255206616451 0.988172330997223
0 0.9427081954170804 1.0516283717666877 0.9373114642977416 1.067289812502911 0.9249109854158586 1.0696147353633985 0.9293127031799702 1.1049131444144835 0.9345394846965158 1.1133977858990274 0.968706143317573 1.1133684449660208 1.0144106480478956 1.108392770147398 1.0604083620225175 1.1034860295964593 1.0620613528070857 1.0772700104920356 1.0593176365670174 1.0637257353866802 1.045172749719844 1.0426638073974919 0.9993131428872322 1.0488123191933107
0 0.9315585548324622 1.1405109049099111 0.9487013665039685 1.132045105666139 0.9685163354748001 1.1125176193802058 1.014703857292195 1.108461704415082 1.043558043775385 1.1051678841007504 1.0465942534398271 1.1119282144666254 1.0489073691135111 1.131014663066581 1.0446664800110894 1.1493664490956175 1.0370267605189591 1.1568416453650727 0.9998253238733099 1.1638164139465343 0.9684356555929541 1.1657079345335781 0.9296116389836702 1.1598051107394858 0.9183131539581656 1.144652687530357
0 0.9676884084426662 1.111919870918088 0.9479598459130811 1.1330800741079674 0.9171920176817323 1.1439860048005552 0.8980484420008955 1.1515783185114732 0.8706935758398342 1.1435347147129067 0.8439421231276504 1.1332143712276321 0.8284877238011208 1.1243406929371564 0.829227096932233 1.102747087473834 0.8251384466524 1.0925145204970155 0.828620820203655 1.0776123111318834 0.8618214446505685 1.0757434504918788 0.8926763951430892 1.0733231157104013 0.9239796569821983 1.0697988782194117 0.9292610024792072 1.105304090073549 0.9344877839957527 1.1137887315580928
0 0.833770316220057 1.0066679584115923 0.8324091030399379 1.0192471537693706 0.8248735007692588 1.0327933377278595 0.8145247707775443 1.0287479214549706 0.8108178836430324 1.040775642671276 0.8138193875669908 1.0455123104741395 0.8105969491594013 1.0721655495582736 0.8138569565871748 1.07494748906581 0.8219287082855392 1.075635877316084 0.8299487592831406 1.0767152112254237 0.8624595638399297 1.0754903733681818 0.8930730057889144 1.0726101586599546 0.9246694768723225 1.069154855436649 0.9367767465099066 1.0667609983084778 0.9436395238507406 1.0514442289106747 0.9334430326816149 1.0188144596319304 0.870559578899452 1.016526513116984
