0 0.40061602403212226 0.5531170041923106 0.3986293400487968 0.517207650502649 0.4534351215644964 0.4773298074839041 0.49905744415995795 0.4672390122079952 0.5015300357904366 0.4862407972111627 0.5150850167039651 0.4944974052254605 0.5167133682488849 0.5066553407674238 0.5187902451715076 0.5448593395277529 0.47386184109610957 0.5579695758137532 0.43503326077335375 0.5652846970094086
0 0.5037946165480052 0.48531557251774476 0.4977898643722276 0.4642596569487026 0.5055830469335553 0.4430065650507111 0.5369264057823258 0.42087483906019046 0.5686606007013847 0.408686575042563 0.6401878732811549 0.39908656605137477 0.654226322523053 0.4050084432442061 0.6506616583458713 0.4167622688531362 0.6267157673505727 0.43684311670282705 0.6286146977133845 0.4558849874567934 0.613997708566252 0.47914887174481585 0.5387554502438044 0.49667829789382156 0.5387554502438044 0.49667829789382156
0 0.6565510319068198 0.4056129819312333 0.6725558580940791 0.3883879796633936 0.6948384545937916 0.3845299903115719 0.7141024231896739 0.3770480212626315 0.7303152602498433 0.37975002869137714 0.7495166609007436 0.38531113412701906 0.7568515608092334 0.39630333047077154 0.7590836379349193 0.40918606195215856 0.7478184234544909 0.42991478666472044 0.7405087092215329 0.44883314774124544 0.7220589163981105 0.46239408456116754 0.6544245761208285 0.4832268044009013 0.6378485279846859 0.4859190545545123 0.6289730301517902 0.47963640560449156 0.6248696476576081 0.4630495229243882 0.6286748263395827 0.45741475083723854 0.6262322990222031 0.43917784752429356 0.6489106102297715 0.41611764441531013
0 0.8603234784997567 0.3798692292935138 0.8266602889047867 0.37225074086695226 0.7996982093244414 0.37413477115449706 0.7598401243999644 0.39916242847766775 0.7602910890964512 0.4106356538310061 0.7467312295453554 0.4315247215467632 0.7473926444335359 0.44835211873165953 0.755058251786116 0.46775801366786013 0.7804196048158569 0.46905376739360216 0.8178302837853869 0.45493488248754144 0.8485374134215085 0.4458863167324019 0.872964333426393 0.43804357592627213 0.8719421467810231 0.412037598458705
0 0.9119229282766801 0.37549663003139716 0.9406084309788099 0.3589195046264286 0.979527204240863 0.3538990285014408 1.0229726996992698 0.36160094085464484 1.024085079283937 0.3899015633928797 1.0046707891225592 0.3935591239907073 0.9839889191734509 0.3942373293292423 0.9715186928502741 0.39894362429792923 0.9500527114418053 0.39430774355570525 0.9278903721944891 0.4012252596684173
0 0.9432289048560005 0.39631853594573624 0.9489354532195706 0.3951527967475255 0.9732396766532749 0.3988233670455328 0.9833226256477029 0.406555607874401 0.9915318299548508 0.42515653536958026 0.9883580018479576 0.4468538229514037 0.9721102218371218 0.47253260956249027 0.9412527706355046 0.477756766866517 0.9069232875147868 0.4824565569851141 0.8938493356108441 0.48643805601437723 0.8892925491013917 0.47295078584596295 0.8815643738038295 0.4665879653943446 0.8700635234561758 0.45205196085507104 0.8695824944465899 0.43981385381151017 0.8762559794668991 0.43397865297036636 0.8896053888263011 0.40773541342305125 0.8972758748164487 0.39799563262919707 0.9213997123715584 0.39707691278586904 0.9257761130024162 0.4059748928129479
0 1.056063097576379 0.3714436112403025 1.0673194266072237 0.37510206448638783 1.1071859208289068 0.371575476548232 1.114563517424958 0.37550496413210466 1.121033824347077 0.3987595699187679 1.1129522138304344 0.41932684378407675 1.0856221381064968 0.44494332022860245 1.0548222376146361 0.4670980809295237 1.030265041218597 0.4784449248443126 1.0134967052456678 0.47591246968740836 1.000783694227727 0.4634657806868774 0.9913081928310347 0.4485703580055038 0.9920122067516259 0.42407359655632226 0.9835868358353486 0.40762312313661203 0.9749848723988763 0.4008158492227407 0.9858346499230395 0.39413101597604366 1.0042072210099255 0.3950697012034989 1.0267222352318033 0.38831057112149514
0 0.5298685404826821 0.4939128661214274 0.5163159218174537 0.5128157231846254 0.5187882767168069 0.5546320040422689 0.5341202423862222 0.5599142566722621 0.5957583245636665 0.5467673717452479 0.6423676320258307 0.5360518715726883 0.6392619673122473 0.5097494914708361 0.6333386077498238 0.4908263396217823 0.6148216653554673 0.47830806395954256 0.5391436933365061 0.49796088872474936
0 0.42018947178456556 0.5604168218027038 0.4003292334550089 0.5822466299098644 0.40478111523830057 0.6217146377271251 0.4243220629561241 0.6233878548096482 0.47620503507899364 0.6150662835194688 0.5150171028737975 0.6062768498444718 0.522358677541749 0.5980290188741667 0.5206867344529756 0.5818474712793504 0.5264944975562416 0.5767454991687966 0.5269852830053542 0.5681476499780845 0.5202670684714767 0.5553574015392243 0.5106770178469495 0.5485689461059392 0.47375697238098236 0.5580549019489262 0.43530399391853547 0.565438025047735
0 0.5420365927855642 0.5610185477185897 0.5335753156952998 0.5671346706157513 0.5273101304562132 0.5764122614614214 0.5204584626691683 0.5813109348449439 0.5228152211093638 0.5991020917429797 0.5283036936008965 0.6175031448221098 0.5434940134734002 0.624452757413253 0.5821319507262066 0.6165042225510724 0.6353646541916083 0.6003535125605839 0.64767670256613 0.586785973088211 0.6480384276031049 0.5696335877002348 0.6373754866744089 0.5434829127682631 0.5969877462190416 0.5483213826739094
0 0.662033781998596 0.5424319621661168 0.6542299388809715 0.5362562909865222 0.6496003230436633 0.5338914025812174 0.6445602219011521 0.5339075408940478 0.6410556131392263 0.5281035500105022 0.6393520844716063 0.5104119888807032 0.6423572066911942 0.4970960876098868 0.6511828143650559 0.48438161514419936 0.6735800605775493 0.477103728360784 0.722660614849918 0.46258450651438926 0.7316300513415688 0.4599414546615135 0.7449766884651239 0.4660658608394334 0.7542754376646902 0.47180102337688207 0.761548105354874 0.49011157665623245 0.7670218304981401 0.507539687619699 0.7638454656704361 0.5164989174075468 0.7517523543843478 0.5294417133507222 0.7036914271208285 0.5378408041139725
0 0.6615706066601263 0.5434724745818001 0.649144976345041 0.5671920749778573 0.6464164768001021 0.5875456763365462 0.6520899271155052 0.59723070337207 0.6617596440953246 0.5995794534645446 0.6927411177372049 0.5990948049786832 0.7321366449740498 0.5946617170263385 0.7608570695042364 0.5879501323592078 0.7741004641086464 0.5786234973700864 0.7737864614564351 0.5578103989932376 0.768696876601739 0.5373310041604097 0.7539617822364689 0.527943128948471 0.7044718114325909 0.5384583712319321
0 0.8473595018436642 0.4475165358328031 0.818166192625949 0.454001490030101 0.7799306167513683 0.4707491507910377 0.7690517998338708 0.47669517785967885 0.7660442491991086 0.4991303975391428 0.7707070452539302 0.5188071300088641 0.7870083947733205 0.5235947228910486 0.829207465102509 0.5228684829006661 0.8735358357858618 0.5197709476116662 0.8916180129394042 0.5133215710585627 0.8955595364812439 0.4863760759285383 0.8878625065585146 0.4743197203860509 0.8814479222628755 0.4666187635296737 0.8725555648930594 0.45242342783524353
0 1.009267143930673 0.4813938664626994 0.980252783393342 0.46415958457998396 0.971181477343142 0.47368348496556706 0.9402387360447981 0.47806817820203484 0.9076336808458284 0.48256902901183985 0.896609666961659 0.48482102519020165 0.8916180129394042 0.5133215710585627 0.8879135168646172 0.5180254424646854 0.8934231676465132 0.5309754809496788 0.9011492369625766 0.543770642670222 0.9060176649309275 0.5545429818121604 0.9468181320596883 0.5465061184234442 0.9688371204346929 0.5412633198886648 1.014014702005309 0.5173630540407627 1.0142517294723616 0.4951214303168612
0 1.0839598242058712 0.44505947780193994 1.0548222376146361 0.4670980809295237 1.030206962431928 0.47696731248820096 1.0141669674525473 0.4788289752085193 1.0147767947125694 0.49434390494769276 1.0150938718790585 0.5165468094804818 1.006051605222193 0.5268095160441207 1.0114450984307513 0.5368043298168905 1.0187912994732793 0.5540710477968817 1.0489766603847404 0.5445534305051355 1.0865129346591074 0.5241504580450318 1.1173999533309715 0.504212115878278 1.1247241834607313 0.4785119179576906 1.11303461969006 0.4496953354665929
0 0.9927821334105214 0.5284775828088766 1.0073921296359516 0.5326425270863427 1.0176830902061955 0.5541484861791067 1.0222297286876794 0.5708699939366045 1.00259903904666 0.5944667893494434 0.9708384824145762 0.6063169827486948 0.9225419049562379 0.621545170415489 0.9041112550826829 0.6191288728319221 0.8995088939747189 0.5868537161441382 0.9143582738273905 0.5547010001235289 0.9474012760865647 0.5472062054103876 0.9688661598280273 0.5420021260667207
0 1.0930460326882727 0.5207306030394583 1.1173081228305906 0.5301477704924589 1.125324586079998 0.5503309939935611 1.1293461593212744 0.5678300271202272 1.1034751217446221 0.5881587027450242 1.0631392849092114 0.6080164649826346 1.0121012236764981 0.6241770547830471 0.9993905688187461 0.5976543292083419 1.0042032741606168 0.5928730194199942 1.0223168468676826 0.5730864124707722 1.0187912994732793 0.5540710477968817 1.051164039525574 0.5436597475626296
0 0.7732138577214416 0.5260403150249728 0.7753627728281853 0.5807119722011082 0.7890097567532037 0.5886483857510787 0.8734950155915835 0.5894123243044816 0.8890389847240914 0.5890669931313874 0.9026883248092985 0.5829273701071839 0.9033052205498868 0.5562141901238347 0.9012073157492454 0.5452482550263338 0.8944732981269281 0.529420430211342 0.8735648751791962 0.5205097537897222 0.8287114392556357 0.5243848144478904
0 0.6599614559246071 0.5991475696364029 0.6457846944390037 0.6201407546039491 0.6485191097328125 0.6614364621928536 0.6670368777863704 0.6660691783105882 0.7327139746378486 0.6548123389656978 0.7586116954476465 0.6492985060931308 0.7719996809928442 0.6365096274664243 0.766581860711329 0.5976239343672499 0.7546843088669395 0.5917877817781096 0.7314119142581792 0.5934139878048347 0.6916325382164992 0.5991569942771581
0 0.41755402036659384 0.6234946371242366 0.4025908391007734 0.6386160918584485 0.40757071232208425 0.6804957288609587 0.4231437208479265 0.6808892038659203 0.46470156836356985 0.677985264532483 0.5155920764694225 0.6722066804159653 0.5262676176335795 0.661089010100933 0.523617964359585 0.6360857576203705 0.5278184862812453 0.6298655546670234 0.5147279631499576 0.6078143853517661 0.476668979795572 0.6149188466068639
0 0.7697612915459087 0.5936975883302956 0.7751233892009439 0.6170296324991837 0.7805435656426478 0.6418392890241839 0.8057396286920433 0.6467461810266243 0.8574165565781129 0.6468393271434411 0.9021247955350016 0.6392702355949934 0.9046943991095592 0.6198289598188654 0.9016067987753602 0.597819651241639 0.8896221287509677 0.5897670801183309 0.8740781596184597 0.590112411291425 0.7911971358940368 0.5877547028085729
0 1.0120431448898293 0.6226994424269353 1.0642765335696296 0.6086778327784655 1.1051083962519135 0.587303738993631 1.1226631520050598 0.5957079243838699 1.1290173013538412 0.6160073054583096 1.1270889205928287 0.6376262805774925 1.0897559220718023 0.6632008962839874 1.0273720574680527 0.6875626508783212 1.0185935015113854 0.6903985764702889 1.0048907949598869 0.6669085139900323 1.0114238929890522 0.6634886589844586
0 0.9872873850608271 0.6007225699469846 1.0058899151341996 0.6216477411730611 1.013207076783393 0.6381756529749963 1.012036076409263 0.6649275521494581 0.962718407863844 0.6824495967326447 0.8996062022665461 0.7024172334497557 0.8953789971117403 0.6938225936508727 0.8938956318914983 0.670219515144197 0.8938689486583528 0.6554046723919668 0.8912169392241696 0.6444774564855785 0.9032620441954197 0.6399316033908243 0.9058606871633117 0.6212291337927521 0.9220168397160302 0.6223226957846574
0 0.7676782891774689 0.6679266788558963 0.7709982046583428 0.6958464368575698 0.8256779708587969 0.7016564364432712 0.8959040623519479 0.6930450682817043 0.8922066347577271 0.6555208299653043 0.8862009581289579 0.6440871230275352 0.8579997006049892 0.6475394141303845 0.8058267468720465 0.6489625995607918 0.7789974093153598 0.6449106713097448
0 1.0159100965236787 0.692808590960019 1.0135751642559847 0.7040842795864197 1.0122589669151827 0.727142147870602 1.0228112820254358 0.755297362565869 1.0637883416743916 0.7376172996713138 1.104736361930013 0.7191984305987028 1.1337577909479108 0.6942046027588954 1.1236143835045276 0.6623166379822366 1.1066137323849237 0.6538737334008852 1.0920013799993042 0.6637848256975933
0 1.108498936791469 0.7159721715486919 1.1239243921904507 0.7267476522375484 1.1319675386730035 0.7617457184908808 1.0840484733280122 0.7865783864724012 1.0127989345875918 0.8115596481245352 1.0054817729383982 0.7950317363225997 1.0003810298233726 0.7783489477562145 1.0081384946929592 0.7778068790806394 1.0171807613498247 0.7675441725170004 1.0228403214187702 0.7560361687439249
0 1.114584663119675 0.7718504067431514 1.1274452272644764 0.7739150900597874 1.1335961008599174 0.7890428278878359 1.1349633085068218 0.8096906816822879 1.1281664997774583 0.8205373176595329 1.0851472579543409 0.8428050943868732 1.0332913813878872 0.8664311843500695 1.0190612534359929 0.8577946838131556 1.0090316474057586 0.8429379803228945 1.0137281951742918 0.8352014458223233 1.0134401574011371 0.8137373474675901
0 1.1102004801972534 0.82994191892486 1.1264123553764518 0.8465891298470511 1.1369937098800391 0.875483150720374 1.1045895742742213 0.8992316813507445 1.0271844496179825 0.9372372783231784 1.0205375501756684 0.9236258720423539 1.011790389772524 0.9131245672382032 1.0142124402202213 0.9040652971459702 1.0285320425123077 0.9008421796428775 1.035445008815009 0.8929507683778564 1.0327082373610112 0.8657310973631261
0 1.027213489011317 0.937976084501234 1.028960564931757 0.9541523820362384 1.0126568592521776 0.9634408257282282 1.0226574258890777 0.9775587230404333 1.0243173836295147 0.9915186020412703 1.0983664849309789 0.9670825506116296 1.138235335312851 0.9494799260992997 1.1295219266234187 0.9115653543248562 1.1155264699783878 0.8947632666382151 1.1029562997669302 0.9000866451021379
0 1.0294204829047293 0.9941253540334812 1.0232358575955764 1.0064108831757252 1.0120352511912118 1.0183060788599259 1.026117826016246 1.0373245850807347 1.0934572367683497 1.025951588162507 1.1072517738202288 1.0235059960285826 1.1413739459531524 1.0151949567551606 1.1379983078457985 0.9717215498232011 1.122514773660148 0.9594684567782327 1.0995327729847315 0.9684827245855164 1.0369746720209756 0.9884116421115149
0 0.90240576482759 0.7029624436722491 0.9039762482278351 0.7287819407130924 0.9028076040138937 0.7414578033133798 0.8904987883424453 0.7534304373798056 0.8977869105983046 0.7692195430036851 1.0104804954412194 0.724303080731716 1.013021059622443 0.7041229987775321 1.0067540284536645 0.6860400362372602 0.9989698803509321 0.6717672621606051
0 0.9044361662008076 0.7687549127103349 0.9004679594258223 0.7808855650881291 0.9016899701060548 0.797839387992302 0.9014552987991911 0.8060049751420292 0.912883508029853 0.8281723020306241 0.9973758353487991 0.7867081308615042 1.0014892390904562 0.7782715093739894 1.0167428142896204 0.7705381164203366 1.0211489681248103 0.7554135201392066 1.0105385742278883 0.7257806930878278
0 0.8959118963035831 0.8204682036273283 0.8984744313975743 0.8432550375737232 0.8957282353028218 0.87233951285569 0.9006547420578414 0.8845894643537401 0.9733052401588781 0.8528427895257659 1.013028893574078 0.8315461341231564 1.0111656600803005 0.8124146118759284 1.0050728652715284 0.7987644864039917 0.9958006396281764 0.7890407069690094 0.9146329401104818 0.8302725629914541
0 0.9111246513084689 0.8823761873664907 0.9206582314918301 0.898749222403976 0.9222577542854096 0.9253075256228754 0.9620952091137583 0.9210421315066636 1.0158747541208468 0.9039491395726328 1.0289699895725122 0.8978482357395415 1.0359700740552162 0.8921732430086878 1.03317522381455 0.8634759596378462 1.0207235673366184 0.8576785262398182 1.0060868878780427 0.8386987392101218
0 1.0015551518287604 0.9071722570757254 1.0107402592921089 0.9146796179765401 1.0205665895690028 0.9243646782204099 1.0287886847319396 0.935643508393729 1.029514669565299 0.9541136628451259 1.0137360291259272 0.9626245811679475 0.968647921895503 0.9746652289758426 0.9193906882969417 0.979588849340967 0.9099489386139612 0.9372801596893011 0.9220811617652145 0.9349507251287145 0.9218198072252051 0.9283014695262114 0.9626783531406347 0.9217422184936069
0 0.9112823945471538 0.9853412804540458 0.9168791635090527 1.000507737473207 0.9205185123166048 1.0365543634334948 0.9986182262526799 1.0303561513085766 1.0126474346114227 1.0197449720249254 1.0220986089351582 1.0057495153798943 1.0271750249772276 0.9935414246198753 1.0214887816751363 0.9902345856407209 1.0226283864957435 0.9768199168623776 1.0121608334053045 0.9649571572754524 0.970893379823005 0.9752491583894489 0.9205569763506942 0.980989023314854
0 0.7980951400175543 1.0176980376990648 0.8018506463984438 1.0566998883715766 0.8748472610593041 1.0478949242544473 0.9194393424428553 1.037370607993776 0.9150426132484207 0.996191057978209 0.9084828319861098 0.9847960702315525 0.8637745930292211 0.9923651617800003 0.8012769270123227 0.9996956550879362
0 0.8131572202643218 0.9344128186281496 0.8086058694624602 0.9458433840190003 0.8003233393526659 0.9471629780637437 0.7946323837301974 0.9720082122329377 0.796815050550653 0.9992666024387803 0.8637455536358868 0.9916263556019443 0.9106992505202773 0.9846411934671025 0.9189237018434029 0.9818439870662473 0.9110861872743794 0.9379415274851319 0.8562298285537302 0.9417747274052694
0 0.7949683101781969 0.8816028241723327 0.7967130299384483 0.9118551582815114 0.8029510217138923 0.9291993146437275 0.8147614553782787 0.9328190486987005 0.8568420119739408 0.9432136205702687 0.909365794587085 0.9365800727023577 0.922606227005422 0.9341731997595458 0.9206291920984957 0.8980104162259201 0.9106286254615958 0.8838925189137151 0.9006837814511757 0.885328270531796 0.8957863140894904 0.8738171252118018 0.88164094815741 0.8814730797832299 0.8294970338178017 0.8836350713916931
0 0.6840390598481125 1.0138145730282335 0.6784956573525046 1.0282778015135325 0.6788417739123284 1.0512195122243775 0.6859556598081813 1.0625757807799217 0.7650764648313371 1.0540837117386104 0.8008609508648863 1.0456565148918509 0.7982426931444151 1.0073160320151704 0.7888252705343912 0.9938982216899083 0.7306419278523018 1.0120397733308952
0 0.7813307508939338 0.8173622643256652 0.775697874058134 0.843685110850971 0.7790177895390078 0.8716048688526445 0.7932188780975682 0.8795025632115024 0.8306052430848855 0.883557633009468 0.8810578041305339 0.8807729927962864 0.8962823399363635 0.8723007936645776 0.8978912873706981 0.8425549505867798 0.8936664383760811 0.8198842742137226
0 0.7858891701763617 0.7637035892122918 0.7734351575382414 0.771982192388438 0.774192537925124 0.7771151164437167 0.78063144929372 0.8137069526264983 0.8980992754444164 0.8195745206848226 0.9003761289254415 0.8068212197023099 0.8993597501587385 0.7809630034703542 0.8951615843972669 0.7731071698495269 0.888456606168284 0.7580181512125911
0 0.7740010429727273 0.7015632903264543 0.7804132711081777 0.7233402837570058 0.7862109596632287 0.757754420596732 0.7935885562592797 0.761683908180605 0.8862401876341164 0.758173027977041 0.8905568671291142 0.7549080497359175 0.9028366434072281 0.7421966094914358 0.902318646647587 0.7007460251380815 0.8937166832111145 0.6939387512242102 0.8257070102521313 0.7023952426213271
0 0.6745996663253209 0.957429846802393 0.6738085342247264 0.979710189717407 0.6717059171037074 0.9968963277682544 0.6785560922993622 1.0156793772954702 0.685205347901865 1.0152147470021202 0.729533718585218 1.0121172117131203 0.7958834338037643 0.9897008413151666 0.7914867046093297 0.9485212912995996 0.7286986446590875 0.9484637228269769 0.6915736342117794 0.9510579086315142
0 0.6865066428104655 0.9069618530948363 0.683791842269236 0.9227090979806848 0.6910195295782375 0.9510966278226268 0.7291656311126262 0.9462085851016967 0.792565874483079 0.9477050467393187 0.8124265231105847 0.9440947373251011 0.8130701020843186 0.9321964000939819 0.8017847336601398 0.9277991406698408 0.7977631604188633 0.9103001075431746 0.7913509322834131 0.8885231141126232 0.7791920258990142 0.8760377059209797 0.7531177125690212 0.8911947382993857
0 0.6633912259693211 0.8419019071409695 0.6573204020733169 0.8712186975696113 0.6672581776031705 0.9120110556740532 0.6864776034171312 0.9062230469167805 0.7524764897554761 0.8890170389563306 0.7785217636921347 0.8731212003998688 0.7745896647910502 0.843762549233196 0.769401803496021 0.8248633421326431 0.7148939174953843 0.837562216189451
0 0.6646854523973551 0.7758771229562086 0.6529864639859286 0.8033646867618077 0.6616708332820266 0.8405404523581952 0.7159730873691339 0.8367459716291702 0.7693437247093523 0.8233857297765313 0.7801354234468467 0.8152232841737224 0.7734061181449071 0.7712433862103821 0.7157501968632141 0.7745313759080262
0 0.668834964012913 0.725951197924227 0.6636714297908407 0.7359428701500784 0.6605767609760754 0.7561616712953748 0.6646273736106864 0.7743995106000968 0.7162462227100871 0.773015044360802 0.774514327411991 0.7711659478281572 0.7868521824767736 0.7599321199397874 0.7740010429727273 0.7015632903264543 0.7324989180835639 0.7200208785901778
0 0.6553135623019872 0.6646658627897829 0.6466488077584684 0.6845330496681484 0.649763091325813 0.7213572009976049 0.6681937411993679 0.7237734985811719 0.7324698786902296 0.7192820724121218 0.7724258472521047 0.7038958664339594 0.7674750134241284 0.662755035609505 0.761936323248898 0.6490661909464558 0.7311387789172259 0.6571449150732028 0.6687282310803306 0.6666918269153065
0 0.5602745952669788 1.0134246759005274 0.5541635568335014 1.0321058805623304 0.5547768688207234 1.0477094670428706 0.5560311208822678 1.067179877255367 0.6217544592615437 1.0723663517897186 0.677727629511448 1.0658473719023769 0.6809896594782269 1.0493210528797154 0.677784959106615 1.0299869342199353 0.6670084574899412 1.0170493267012215 0.6071620187070021 1.0121041269454112
0 0.5564862844162114 0.9543632958263495 0.5507606393957138 0.9704098298532168 0.543393275479726 0.9820075364877967 0.5518318619523862 1.0101030183794355 0.6081372428620359 1.012035981169053 0.6703961873664251 1.0161606670472794 0.6704769982067602 0.9933372909868 0.6736879188412704 0.9755106730907604 0.6670699339270404 0.9564150646482332 0.626470358162468 0.9559923671836442
0 0.5607276853799562 0.9129950066567835 0.5546166469464788 0.9316762113185865 0.5574103992389766 0.9529948511766131 0.6268813062415821 0.9540078459853977 0.6611930343307035 0.956173789869692 0.6810573561782245 0.9515260542709072 0.6833462354109356 0.9226809688393304 0.6765217397466654 0.9107710770885631 0.6653322166299114 0.9122049029533693 0.6622041802567022 0.8948212326036565 0.6119013988530946 0.9087672039612992
0 0.5523464285024628 0.8490390870827031 0.5395621489805547 0.8720982087991471 0.538631813894891 0.9106273900047034 0.561113078792936 0.9103603360218478 0.6133386804195109 0.9080148358600731 0.6621275162582995 0.892870784293589 0.6573066516573314 0.8697379876782106 0.6595167934706737 0.8513293661218397
0 0.4457879757150485 1.0240324023693492 0.4328248135302006 1.0425404780289689 0.43566760173400076 1.0775463289456473 0.47344372369800886 1.080774061486067 0.5116052390749969 1.0813671233915507 0.555669208714456 1.0828516095122651 0.55323736858977 1.0458612373973402 0.5476712718289765 1.0286479314885224 0.4933674485616628 1.027878976019567
0 0.4426406049386035 0.9688378460271272 0.4285488906019163 0.98351317084297 0.42895361841813207 1.0186893862005435 0.4462500331264312 1.023348180044481 0.49185350299684366 1.0266808958107256 0.5481333292403591 1.0279637091636542 0.5537823102624537 1.0099667268267194 0.5428801087360748 0.9813914599392866 0.5425478980763296 0.9729395172623273 0.48667901991192836 0.9696721827111524
0 0.5458900652689028 0.7842967265192176 0.5351860808086996 0.798083391681118 0.5332335590776659 0.8106065954191073 0.536155084700835 0.83517598246058 0.55265515791704 0.8444539681376998 0.6541019512857196 0.8504038690184302 0.658543642736606 0.8390105997129244 0.6527496274015704 0.8035590366886307 0.6452841916629778 0.7877823212059073 0.5871816904400662 0.7898865465891408
0 0.43452526182728335 0.8494488598935718 0.4190729299225825 0.8668270011207083 0.4205806552245033 0.9051858178853697 0.4820432582367985 0.9139296955967783 0.5388618058900992 0.916478734934906 0.5385613701593867 0.8715162051388159 0.5340471615520296 0.8561852017637076 0.48218139867230037 0.8552458818538574
0 0.44129035447542053 0.9096061015120543 0.426864356058022 0.928216395836211 0.42647688922407595 0.9432379786564201 0.4277055866194861 0.9620582394322271 0.48909152563337854 0.968851668833568 0.550273027318197 0.9704439027413958 0.5550255216046268 0.9420786023056132 0.5388362512239651 0.9158285854982168 0.4825053156481811 0.9132454732719101
0 0.4293507787423681 0.7924401467939984 0.41638761655752016 0.8109482224536183 0.4182296259401523 0.8453720697099655 0.434987319238666 0.8487646375687037 0.4821558440061661 0.8545957324171681 0.538384560917413 0.8545782468967182 0.5432372004474137 0.8412004563929658 0.5351798605458011 0.8352441282369382 0.5337722804874513 0.8118728214043066 0.528642686471906 0.7933251437339316
0 0.4274362522032655 0.731292026857037 0.413421201864981 0.7479177999829472 0.41077455730639034 0.7676607933008754 0.4123886481147804 0.7838463834417468 0.4195218731936277 0.7911711562475109 0.4733636390495587 0.7926243340413343 0.527128740907087 0.7921270635250902 0.5361633783846994 0.7856283337194867 0.5375025881285111 0.7575015435009571 0.52998604305765 0.7404245291448553 0.5187474840295936 0.7281711439510099 0.47298861274140946 0.7333244437499035
0 0.42054131280349094 0.6802709502403821 0.4102227217562675 0.6914229447673469 0.41370645003439005 0.7302956194159814 0.4299254219231184 0.7324219612895203 0.473938282230309 0.7326061485368562 0.5288595643267768 0.724204866115805 0.5302498834028571 0.6973783747706538 0.5329476372937162 0.6789356803261039 0.5189878431296325 0.6720879279548457 0.4659147906786952 0.6777523210764244
0 0.5346877684630592 0.6220673845721386 0.5241745887288407 0.6358407168647516 0.5269354573058368 0.6736301025983497 0.5412389041614338 0.680567221558125 0.5986376750733337 0.6697535641384604 0.6480931566624655 0.651558358782773 0.6438602635395922 0.6087697328181614 0.6363187632702003 0.6007932089474705 0.5808160274063662 0.6165764779997319 0.5454435811594607 0.6252841009654857
0 0.5396539693967414 0.6835124726330483 0.5316848526756546 0.6971080333351622 0.5290020520453892 0.7262074048697352 0.5324589974345819 0.7384376460783516 0.5444868416375492 0.7415654766764491 0.6500005953108249 0.7217206856747868 0.6463250413830146 0.6822945151292673 0.6394555935022537 0.6589647273845375 0.5994634746288985 0.6691289596053759
0 0.5415409895710415 0.7423382242016164 0.5352919392822746 0.7456093898591215 0.5365843892628995 0.7568570793873176 0.5354643019485142 0.7824458525107157 0.545283207845289 0.78346043675589 0.5845810528812007 0.788084121072839 0.6588495551106416 0.7845951583587022 0.6636043594047187 0.775759405133932 0.659412303229964 0.7556439298162118 0.6599047810533429 0.7465391152393553 0.6500450382084497 0.7228513803472897 0.5884950480699134 0.7362227130961251
