0 0.3956076080930169 0.5317336069092801 0.3978584788870263 0.49585197582351365 0.45666821206698405 0.4678964460425097 0.5029127592860044 0.4674457567066472 0.5031255086566464 0.48672932960340715 0.5155448917186055 0.4977115733224446 0.5157267554470374 0.5100594649067182 0.5132957459870107 0.5482263025535329 0.46738231552022924 0.5518039956001344 0.4281735266503714 0.550930217927041
0 0.5054707614397006 0.4862878406004218 0.5020103408935034 0.4642386913665672 0.5122011134915908 0.44487275675724697 0.545755207118419 0.42955108447125845 0.5785286998591719 0.4241319739498131 0.6503016822239698 0.4295692644953455 0.6634725055922083 0.4383463632826756 0.6585727007802868 0.4492119646825305 0.6325656209208778 0.4640509671092534 0.6322070686512578 0.48325447837667235 0.6150405839260132 0.5031831444745992 0.538668027859323 0.5048027777271743 0.538668027859323 0.5048027777271743
0 0.6656976659312509 0.43942834532038916 0.6835263841609733 0.4257536866439402 0.7059872867972128 0.4265908836271921 0.7258919123421705 0.42321909486199144 0.7415881271594806 0.4292694980852878 0.759900665290078 0.43876715153668716 0.7658555916431368 0.4511539238940217 0.766548710789825 0.46434361262798585 0.7529901745721705 0.48246744194091046 0.7435508422803624 0.4996282316185234 0.7237371485996206 0.5091739661758609 0.6544912827463087 0.5156430782116168 0.637803442734696 0.5148447620014257 0.6297743341288164 0.506788217878165 0.6276675411713709 0.48954966665443034 0.6320869762072461 0.48477794941737123 0.6318141806145983 0.4662561120409608 0.6569188420815064 0.44821004427415795
0 0.8699817431946473 0.4565042525605551 0.8376268489455201 0.44195811629423193 0.8107756718532011 0.4381952197152034 0.7684719149564241 0.45460117412212475 0.7675712216263375 0.4660272069273668 0.7517274788476348 0.48383078972292726 0.7504064619635078 0.5005889711706158 0.7557008798745029 0.5213548342517945 0.7805979671580123 0.5279244880241979 0.8192045687453979 0.521782522755464 0.8505952733176037 0.5192502310567345 0.8756416136249203 0.5165989969556032 0.8776831851731167 0.4906999892637211
0 0.9214589370402424 0.46294806368089864 0.9517361989117195 0.45255823189065136 0.9907648491155601 0.4557172161247931 1.0327718250271372 0.4723861356102634 1.0305501148129235 0.5005703498631939 1.0109457203779946 0.5001334610266471 0.9904389075505645 0.4964895068500204 0.9775700403547692 0.498536828606265 0.9569122494411175 0.4894806641578511 0.9342111619168549 0.49169040925599705
0 0.9499365373139608 0.4900433956464576 0.9557095999385876 0.4900822764195185 0.9792839452755555 0.49877701349428816 0.9883355647179479 0.5085171519169299 0.9942613304912108 0.5286013411071002 0.9885809247932144 0.5493695042714983 0.9695203964811665 0.5713431920424504 0.9384299230189896 0.5700668061394326 0.903971685937246 0.567548314940019 0.8905915633231944 0.5687538395465731 0.8876732838374637 0.5544821687748953 0.8807867785121082 0.5465857479103166 0.8711329717872438 0.5298298665458475 0.8720937113393362 0.517642098220256 0.8793696545765219 0.513270689129902 0.8956337209092651 0.4901349576918952 0.9043524985370038 0.482114994258476 0.9282871212060065 0.4862393182111489 0.931565678023772 0.49594057586072976
0 1.0643000255387514 0.489009597976997 1.0749885393480998 0.4949708466731106 1.1147779707944014 0.49980300181330856 1.1216037064678868 0.5052229247201275 1.125265986812967 0.5295407997234282 1.1148708014691064 0.548169199760908 1.08487172948738 0.5677698071717853 1.0518517007763215 0.5832275847291117 1.02626556612497 0.5893126076581653 1.010000798644107 0.5833138036698908 0.9989046242393197 0.5683686832948631 0.9912934000975453 0.5516802546615948 0.9948628497679206 0.5276319317172958 0.9884712749055273 0.5096266330673066 0.980773885102922 0.5011089765933648 0.9922743875962118 0.4967694835938435 1.0103106298044358 0.5015287498210107 1.0333414675136048 0.4995490014533466
0 0.530214987334281 0.5002177677097466 0.5146114301447929 0.5160611037006181 0.5121472156082443 0.5578782387721907 0.5266706745650453 0.56629338857026 0.5890923591012293 0.5661647908280811 0.6363850337976724 0.5653029523489845 0.636403554040657 0.5386766208617321 0.6327732957159848 0.5187509543005919 0.6159530449269437 0.502524548747786 0.5389010099774246 0.5061505572039858
0 0.41408361692627343 0.5430261674223984 0.39190669032184877 0.5604447800223958 0.3916731445360912 0.600355441496944 0.4107771991467642 0.6060838954374593 0.46299774120274995 0.6086864898170354 0.5023631958042819 0.6081006620725872 0.5105820672746126 0.6014856759956625 0.5108292223858312 0.5851546174065839 0.517164075496189 0.5813268381244681 0.5186575685159954 0.572937210403515 0.5135226931054666 0.5589031507516274 0.5048471732135205 0.5501979865506464 0.46726872695177263 0.5518663977871923 0.42842293727904157 0.551138127569096
0 0.5343599996702304 0.5690352706810641 0.5252853156314782 0.5733112468160074 0.5180087639985602 0.5811678272547487 0.510666710599046 0.5845770738601711 0.510907090848183 0.6026407630884879 0.514169071964789 0.6219600503468848 0.5283570045968223 0.6319924877588704 0.5674518133253299 0.632200885943215 0.6219240296345019 0.6273522573122832 0.635676319347315 0.6165197950328799 0.6380460091230855 0.5996540323219824 0.6305824968239258 0.5716012469797324 0.5901243188846996 0.5679561011954342
0 0.6550605112859997 0.5757064449739087 0.6480773122898216 0.5679790865233222 0.6437821572453004 0.5646776718494593 0.6388022146701712 0.5636423507715755 0.6360217116143939 0.5571788278511809 0.6364148336373161 0.5393497584019524 0.640945257234538 0.5268246042213202 0.651153943306507 0.5161075069636302 0.6741293264962156 0.5135908246829802 0.7243090977277369 0.50948754555275 0.7334782038742576 0.5087478727197878 0.7459419705942482 0.5175807093461341 0.7544533539481798 0.5251847889912267 0.759488181825663 0.5447868368144596 0.7628497484178656 0.5631420844977593 0.75866134067279 0.5713284873898031 0.7451985911343795 0.581589563511298 0.6967439431852305 0.5798607336020191
0 0.6544809594022057 0.5766375381733991 0.6394253869662565 0.5974733818199898 0.6343424762232597 0.6170072880821881 0.6388097729333274 0.6277564405835535 0.6480848705529778 0.6320931763353005 0.6787417726384822 0.6380765883502955 0.7181723913686382 0.6419151700379634 0.7473266621817771 0.641276701778132 0.761501263988815 0.6348271909427337 0.763633041663119 0.614204841895034 0.7610088804249319 0.5929160004175106 0.7475566399502686 0.5805702700552521 0.6974422630848482 0.5806334694470778
0 0.8492405969462624 0.5206146914980899 0.8196458530530382 0.520930685534418 0.7799160870519148 0.5294970056569775 0.7684735837503351 0.5331007313925252 0.7628708298631683 0.5546324235224483 0.7651676298228581 0.5750394654390388 0.7807065742806099 0.5831682389636216 0.8224713107519932 0.5912527921821692 0.8666173465904286 0.597439372631249 0.8852335807157541 0.5948409662186772 0.8922879806491425 0.5690493350161373 0.8861002360844689 0.5555359722056052 0.8806681472654954 0.5465918774901436 0.8735507493799912 0.5307165483764625
0 1.0051802007182928 0.5878455164728001 0.9785450818557535 0.5647716225731898 0.9684680589395644 0.5722861813954474 0.9373918362775293 0.5701628768730134 0.9046601372715527 0.5678075755837386 0.8935076299285236 0.5677324649994165 0.8852335807157541 0.5948409662186772 0.8810228074296302 0.5987142440132261 0.8849452510106721 0.6126540450652783 0.8910749963836355 0.6269031751397843 0.8946196120918273 0.6385583421443013 0.9358606895843509 0.6391305582118827 0.9582237034621192 0.638545012116553 1.0056491930123794 0.6243621059412034 1.0084928196596439 0.6024437525332127
0 1.0832162531434386 0.5675378104049448 1.0518517007763215 0.5832275847291117 1.02638156450839 0.5878410731302174 1.0103206273252474 0.5863342049814 1.0091026442993347 0.6017853175248523 1.0068108431000504 0.6237810031884565 0.9966758209921514 0.6320313292746882 1.0008302613400335 0.6430280612708444 1.0060601861147558 0.6616144626735806 1.0369905776707813 0.6585100640925838 1.076458514182475 0.6461875753945411 1.1093045453184032 0.6329370996291362 1.1195538995562542 0.6090809964882253 1.1113891837130307 0.578180993072612
0 0.9833740110489104 0.630911122403938 0.9973154783544311 0.6380721318977065 1.004956535218795 0.6614597981623537 1.0074853319453254 0.6789237710230484 0.9853278146187452 0.6981354954845665 0.9525679491436478 0.7032151990906447 0.903079322654007 0.7081822368202397 0.885159078829203 0.7019514360651247 0.8844000905765657 0.669113682916591 0.9028389946198238 0.6404540932424777 0.9363545158406212 0.6399436577314701 0.958165704270409 0.639280779380527
0 1.0833124163250807 0.6441724934060074 1.106170922712588 0.6585342893569965 1.1117206761684504 0.6801410920712421 1.11363964825529 0.698263499940297 1.0857020469594756 0.7129457332701973 1.04353298239959 0.7241457934261987 0.9912272294783367 0.7294619371417 0.981784865164022 0.7006145710067816 0.9870992893461068 0.6968959577234592 1.007311334370195 0.6811310728149703 1.0060601861147558 0.6616144626735806 1.0392558786544133 0.658083625851064
0 0.7667949396976786 0.582706467101232 0.7625029995111294 0.6371532446353024 0.7750508199621386 0.6478384259377135 0.8584062953297749 0.6662148341667306 0.8737994086815171 0.6691159045878824 0.888001039222999 0.6658988401304025 0.8917444864685047 0.6396432153941817 0.8909589980002153 0.6283747096677321 0.8861649002900532 0.6113371750485574 0.8665593473987185 0.5981751398952231 0.8218034869205926 0.5926469944545035
0 0.6463594921992752 0.6312915449077162 0.6298942269276299 0.6490692901334476 0.6277499230878238 0.6904269214272144 0.6454961693374974 0.6988650239742512 0.7116853903725613 0.7014456570164923 0.7379111823861927 0.701401436710457 0.7526348056530657 0.6915624668772118 0.7518459846778391 0.6520254760972991 0.740779642995641 0.6437795933536505 0.7176029741804624 0.6405316386178836 0.67763954515903 0.6379067852696073
0 0.40407995406673997 0.604777689588743 0.3875268568807952 0.6165919644470698 0.38753185564120085 0.6589946920272644 0.40286696980123293 0.6626315297123901 0.44425387839976616 0.6684314488834024 0.4951958171890973 0.6733387146079225 0.5070443148326479 0.6645846180245577 0.5073608110068507 0.6393365342826037 0.5122394081243753 0.6340690542157204 0.5018972232118194 0.6095589594090317 0.46347327215090806 0.6086376373555439
0 0.7554469333242725 0.6488106333111107 0.758005562773392 0.6729738438031841 0.7604481938390912 0.6986085888232055 0.7847583462728202 0.7087104457015784 0.8357881169764507 0.7195811817935033 0.8808339734131274 0.7214304909143531 0.8856529050854732 0.7027645355847122 0.8851855790448552 0.6803821886430402 0.8742932349377874 0.6699290041074698 0.858900121586045 0.667027933686318 0.7773161209457704 0.6474119876961936
0 0.991343227861757 0.7279904026137523 1.0445786341038408 0.7250362252013997 1.0874155224951272 0.7124419627730637 1.1037681218902893 0.7244042371287432 1.10766239900221 0.7457790430761483 1.1032212952027143 0.7667296324533245 1.0633473643490499 0.7842024919991847 0.9988732851031061 0.7952523309865418 0.9898700803602887 0.7962223166886476 0.9790920683831726 0.7701633550983978 0.9859459705257785 0.768148273109864
0 0.9694707077333219 0.7011205631752061 0.9853891463173924 0.725668213274056 0.9906770702838248 0.743518847412818 0.9863817975903386 0.7696971398934255 0.9356155226296065 0.776716814903715 0.8709376130859429 0.7832747180516151 0.8677708252506011 0.7739041850946334 0.8690749739373448 0.7502823003918545 0.8707867832195276 0.7356442873679895 0.8694494693032577 0.7242984493859267 0.8818796251173782 0.7223209226895541 0.8866405575980139 0.7043907346238868 0.9024694980143164 0.7088406718286001
0 0.7446805851214361 0.7216913694079814 0.7446839176283732 0.7499598544614446 0.7980088220382249 0.7671033899432285 0.8683806498902918 0.7732457500862729 0.8691313068755864 0.735412290601149 0.8645410394631439 0.7228666918214314 0.8362819432327211 0.7203942813130908 0.7845843486976898 0.7109177474935001 0.7585607207283096 0.7013196611122607
0 0.9869369555452561 0.7980429572025018 0.983307840429702 0.8086928048840433 0.9793025636947665 0.831192261044781 0.986421627833739 0.8612018326851935 1.0289685202664747 0.8522864065767273 1.0715734118909204 0.8426352132042872 1.1031699610248784 0.8240023698242246 1.0968927182924368 0.7903912941195559 1.0810919443452551 0.77850635201949 1.0654966669492616 0.7852475882856127
0 1.075668186793624 0.8402334699376861 1.0896394868217343 0.8540937170628334 1.0934774309954136 0.8903385328009437 1.043234815013541 0.9048705449621997 0.9699315285999102 0.9146830678597407 0.9646436046334776 0.8968324337209785 0.9615629824589669 0.8792911286046703 0.9692885387306932 0.8803737801832593 0.9794235608385922 0.8721234540970277 0.9863636286420289 0.8619375999491673
0 1.0751230263595177 0.8966931077889989 1.0875830148962276 0.901414818724005 1.0918832863501193 0.9176392538235923 1.0908111344302163 0.9383180694704757 1.082825414922529 0.9476134918431351 1.0377232255476105 0.9606341925129908 0.9837338298132952 0.9731533443570045 0.9706921831060159 0.961655063535006 0.9625291335162609 0.944889302646124 0.9680755544651862 0.9382276203069063 0.9703093564727603 0.916967701907276
0 1.063977184030363 0.9531549673116029 1.0780363159727724 0.9729786848041551 1.0850973809200348 1.0037240237085414 1.0503058774816147 1.0204213390269754 0.9693946994331464 1.041813918344711 0.964426604147854 1.0269836855174581 0.9570192103037991 1.0147871927236467 0.9604743278442229 1.0063446468340274 0.9749957870668446 1.0061479836880565 0.9827495098076917 0.9997956303712927 0.9832400035570249 0.972340244837417
0 0.9693367002414364 1.0425496856086849 0.9691643689197746 1.0588912299273383 0.9519716143715499 1.0646647021626465 0.9601926631530149 1.0806946957875547 0.9601943294064835 1.0948289383142864 1.0361987438683062 1.0861388439587865 1.0776419854050812 1.0770687533390932 1.073484212550262 1.0378035362894737 1.0616323823997742 1.0182891478193756 1.0485924019459634 1.0209251095241088
0 0.9649287616714669 1.0984679976707035 0.9573788692283397 1.1093122868269243 0.9449205469450984 1.1187248184186496 0.9565983795204558 1.1404465086806692 1.024443076899461 1.143259138489751 1.0383547114823923 1.1437209103521404 1.0730318827908607 1.142629372088386 1.0747983587578167 1.098987106747084 1.0609430571131266 1.0836553250939889 1.037186396380847 1.0877650429979615 0.973060312285164 1.0944002784014746
0 0.873638741134135 0.7843971465936566 0.872160594872261 0.8102263330883573 0.8695191322692477 0.8225023798090736 0.8559571590900455 0.831760246889572 0.8613030822481882 0.8488751137643602 0.9778790841176657 0.8280171952220448 0.9827560149817216 0.8086154726284297 0.9786877402946703 0.7894479684729467 0.9726739933051269 0.7737273038704927
0 0.8679249876239534 0.8498031008317222 0.862582396972748 0.8609567190103972 0.8618002410113955 0.8779566983374109 0.8606104244546038 0.8859728059855104 0.8692971330232183 0.9102509040253586 0.9576140386622729 0.8869205749747024 0.9626666333549279 0.8794457931158973 0.9786397386237713 0.8749891908973101 0.9847661514897978 0.8609698359183531 0.9777630857342454 0.8294887297499925
0 0.8534383598843265 0.8991017291892666 0.8532958612852539 0.9221425111392986 0.8471711146726961 0.9502961086449871 0.8505997319974675 0.9634228101774519 0.9260804874804309 0.9472203786709859 0.9678137249757564 0.9344714517314232 0.9682180530642586 0.9151868383568743 0.9638017832269465 0.9004339377852347 0.9557845647432013 0.8888958799997838 0.8707786117920293 0.9126902025841207
0 0.8612004138925162 0.9634205885061604 0.8686956396508705 0.9815805516673768 0.8671594941972864 1.0081455054260517 0.9070069248352985 1.0122418933022757 0.9621298041881641 1.0065766436008678 0.9757796092816657 1.0032822468877742 0.9833593344473822 0.9991371953629322 0.9839658265801356 0.9702102753011088 0.972347659449957 0.9618870603018465 0.9601180014266194 0.940088037784213
0 0.9476083449655422 1.0067733067468385 0.9557995610244181 1.0161040627403677 0.9643686049561437 1.0277194527814322 0.971166174160508 1.0405743805836039 0.969716194367755 1.0589685621829519 0.9531332644592209 1.0640835994098998 0.907187587424303 1.0665715616172797 0.8579591241706235 1.0611605253956264 0.8535975210180844 1.0174033725065499 0.8658536792570743 1.0176331476020992 0.8663756719824655 1.0110112422263338 0.9075007510915688 1.013054992821863
0 0.8492757481089459 1.0651509124092413 0.8530241941148573 1.0812980152532152 0.852389535512983 1.1176599402103915 0.9302549228699356 1.127828020987921 0.9453563740096587 1.120273685202211 0.9563332175240888 1.1084218550517233 0.9627794590712553 1.0974229013842753 0.9575512005500014 1.0929707425082709 0.960250662344725 1.0799589285235809 0.9513037905401491 1.0660589044349809 0.9093368900245147 1.0676166579037079 0.858946776683164 1.0627867244348013
0 0.7336857324985406 1.0735007874640001 0.7328190771298257 1.112805781477072 0.8059500322217948 1.1193348028981844 0.851227885425312 1.1182410429631384 0.8517167129211767 1.0766514149025312 0.8465746200607538 1.0640284838672 0.8015287636240772 1.0621791747463503 0.7389404912354467 1.0563836989179205
0 0.758333882561719 0.9943825855981402 0.7524974656542431 1.0047231042572276 0.7441620847428263 1.004298887686999 0.735626206040627 1.0276512203307764 0.7345838868433132 1.0550292736090385 0.8015867628157873 1.0614434074823762 0.8487819218526755 1.0643378128896541 0.8572333011475126 1.0632904949319346 0.8546431727223351 1.0182938042817506 0.8000124533722712 1.0106379109760144
0 0.746564885565125 0.9384289399152523 0.7447387441529905 0.9686727299937967 0.748865018031752 0.9871044668853056 0.7601053572890806 0.9931430478370329 0.8004482804368316 1.0121867777595757 0.8531036947618141 1.0165902729869625 0.866463503896765 1.0169747125937387 0.8687536388425805 0.9808447844034028 0.8605325900611156 0.9648147907784949 0.8505417328057574 0.9641585774414257 0.8470551162892759 0.951767643172935 0.8321856619163932 0.9563789099027494 0.7804300681896519 0.9476381433471327
0 0.6214895027299118 1.0458753988396505 0.6143174381596346 1.0590043220434064 0.6119676377686403 1.0817357749709846 0.6176615560770435 1.0944360382619294 0.6968045919050874 1.1025514817587638 0.7331372395574972 1.10169194026185 0.7350495466304627 1.063277378023979 0.727322324105268 1.0480604839186582 0.6677268419768487 1.0538428428391322
0 0.7406323054760071 0.872134775573277 0.7319804283903875 0.8969586427450024 0.7319837608973246 0.9252271277984655 0.7450834067963141 0.93598964135649 0.7815337190856126 0.9477928078583596 0.8316918356601228 0.955565810383162 0.8477229401206765 0.9503734409006007 0.8528020350289838 0.9213294116197112 0.851289057284115 0.8980566329028387
0 0.7514301526549014 0.8200875196345164 0.7381581754342499 0.8256665503951451 0.7383040065402595 0.8308942534985763 0.7403704759865773 0.8683786069977938 0.8557036608679585 0.8986752909477467 0.8594487743669328 0.8865539087382573 0.8614787460767871 0.8608020544991701 0.8582539590497353 0.8521672888061623 0.8534018621478631 0.8358655214509616
0 0.7469790513345944 0.7562326538513034 0.7507573300630951 0.7790789943266563 0.7524459716365629 0.8142787137783385 0.7592717073100479 0.8196986366851577 0.8511945603559413 0.8355561924285076 0.8558411607066253 0.83323178141752 0.8694611330775376 0.8232381470730475 0.8738127387092653 0.7821898448017347 0.86611534890666 0.7736721883277932 0.7979508228465148 0.7678391572072024
0 0.6187817096678455 0.9882160001906827 0.6153862575726006 1.01005702134306 0.6112931489233655 1.0265930071363927 0.6158552498666872 1.0465736108114634 0.6224771552424524 1.0475015978788254 0.6666231910808879 1.0536881783279053 0.7347860508875643 1.0453869669217644 0.7352748783834291 1.0037973388611567 0.6732665979118999 0.9906441903929881 0.6362942928972102 0.9854629292668836
0 0.6364632917119349 0.9408528998947672 0.6319343559981397 0.9558400189045386 0.6357424674492298 0.9853855970112703 0.6739924209350105 0.9885142208566798 0.7364365284711001 1.00321623610841 0.7564762421735265 1.0037928955185742 0.7585078801368492 0.9921752838062184 0.7478773655192114 0.985478267846131 0.7459583934323716 0.9673558599770757 0.7421801147038709 0.9445095195017231 0.7316357657470638 0.929641731382309 0.7041041587932204 0.9391735938643917
0 0.6212656773905697 0.8717725526794147 0.6118299780901291 0.8994621566514223 0.6168594050740688 0.9418251072681644 0.6365212909036451 0.9401171326307933 0.7037263309203703 0.9368889598168564 0.7313159370659239 0.9266213300707998 0.7308767774944267 0.8968039782337754 0.7279701528950462 0.8770553713255455 0.6726434432444609 0.8782286851874961
0 0.6302903835886339 0.8068305919750299 0.6155104273835191 0.8315395715989807 0.6197261994300486 0.8700690213846264 0.673805093332132 0.8776475824347493 0.7280861512784664 0.8755838367975975 0.7397026521551766 0.8697728092701281 0.73821617462596 0.8249307831311713 0.6808843272277042 0.8161524612833935
0 0.640246409360997 0.7583848401005255 0.6339741653889609 0.7671764919760515 0.6285454090769245 0.7865008823140531 0.6304063819720541 0.805359057447082 0.6815521510591048 0.8147582590110591 0.7393198255219211 0.8250854476423983 0.7528237995094129 0.8165633478258739 0.7469790513345944 0.7562326538513034 0.7038223342621681 0.76580651496813
0 0.6340818325050386 0.695033744814446 0.6231928209049077 0.7128490453323385 0.6219483376633429 0.7498694052978752 0.6398685814881468 0.7561002060529902 0.7038803334538782 0.7650707477041561 0.7451495774155227 0.7582079588763847 0.745086579463407 0.716540998560164 0.7412221350740753 0.7018654302441379 0.7098559164534894 0.7034209620415734 0.6470936464897287 0.6998327880050655
0 0.49929452909457106 1.01967559824893 0.49106693949171454 1.0368521702440894 0.48984199656279676 1.0523915748592185 0.4887964242958723 1.07188388301307 0.5531020917911524 1.0907150304794697 0.6091509842815929 1.0959511539783673 0.6143118176529979 1.08030869325046 0.6134149643430313 1.060544175556849 0.6042890551271558 1.0455180964348736 0.5457596250738441 1.0281510527800497
0 0.5024822851840494 0.9605511985950786 0.4949444591302353 0.9752059222059893 0.48630708891468727 0.9851241623160014 0.4913454561250131 1.0146338565511697 0.5467308378622897 1.0282871575499293 0.6077393391754202 1.0453469879371555 0.6104969270685376 1.0228214609766384 0.6157598390173524 1.005884049864137 0.6114637409478263 0.9856431654759469 0.5714136066708593 0.9767574415644518
0 0.5115250371031321 0.9205768900996428 0.5032974475002756 0.9377534620948019 0.5035555765499048 0.9593923529803643 0.5720523309311968 0.9748830683725004 0.6056875035058576 0.9841790616643712 0.6258525621125166 0.9837318334854211 0.6314975355750921 0.95571929171893 0.6261543989355891 0.9425325820610674 0.61493441257976 0.9416148523997473 0.6138844414036786 0.9237927602830277 0.56256474778523 0.9270749153260329
0 0.5107506499542447 0.8556602174429561 0.49541833510003963 0.8757689072027391 0.48997898509533605 0.913629681623566 0.5122148006521746 0.9180550417153945 0.5640726062566033 0.9266315972885556 0.6140375592697934 0.9218503347061363 0.6119901225093878 0.8979968087039234 0.616332860958462 0.8802758176292453
0 0.3849728692973958 1.0062731885572467 0.3699978294641252 1.0218495519709505 0.36869852705672845 1.057017369509811 0.40563086581353913 1.0680846798808552 0.4432529681193922 1.076630141867651 0.4866002685785089 1.0872871828583195 0.4885382952462431 1.0502449921275077 0.4850602920990478 1.0320826380860886 0.43151525736125246 1.0199964970116826
0 0.38833999604886754 0.9511016924421177 0.37269997915938075 0.9626570999321592 0.3689726447808701 0.9974846555463204 0.38550951498032354 1.0056937657498897 0.4301605167559939 1.0184973894722689 0.48559693778197544 1.0315032152787313 0.49328788170190424 1.0149060660909293 0.48587252180916934 0.9844086347387644 0.4865360325623332 0.9759914572389027 0.4317383357966892 0.9611112582404889
0 0.5119697276709533 0.7903682791337318 0.4997799948297309 0.8017525781260556 0.49638221637322366 0.8137143448550002 0.4963851489793283 0.8385906117020477 0.5115935313694018 0.8511959434818165 0.6110932691994211 0.8782322910103124 0.6168170010496324 0.8679057365906614 0.6152537043803973 0.8316821295498645 0.609731197078901 0.8145425163532799 0.5520971540325037 0.8045018569685433
0 0.39433198041101125 0.8314898903648807 0.3770309871840365 0.845431041469291 0.3740196691504468 0.8836320778148171 0.43369968265419734 0.905088129778243 0.4895196314969919 0.9194569583542395 0.49449816160029897 0.8749853272405623 0.49183825337543446 0.8589015035459141 0.4407212506087531 0.8471556243962075
0 0.39395578410945986 0.8923175547129656 0.37752392509352084 0.9076897609718496 0.3753788086648623 0.9224455856248022 0.3743842756866428 0.9412904185863565 0.434217407056508 0.9608040449728913 0.49445885273601253 0.9751378698210497 0.502480818880997 0.9481130651715549 0.4895706707856968 0.9188094831619424 0.43423632833712505 0.9045087069708858
0 0.3959097994517065 0.7741037591331007 0.3809347596184358 0.7896801225468045 0.3787152837112985 0.8240643601234883 0.3948686260939389 0.8309104675575235 0.44077228989745804 0.8465081492039106 0.4963107895008494 0.8582190246257789 0.5026732456113983 0.8460180970141765 0.4954139361908827 0.8384545069321679 0.49676574419003666 0.8150773476245341 0.4938754260144739 0.7956880955834608
0 0.40119309898419075 0.7133091434421176 0.38539996422858924 0.7268069765090507 0.3804695408078824 0.745754865583383 0.3801647713787053 0.7620778501606891 0.3863507894333654 0.770800285857412 0.439359178488233 0.7834658497391751 0.49252068540921534 0.794188988044047 0.5022065604977926 0.7896547066272311 0.5068292818832175 0.7621535352831573 0.5014088531591311 0.7437189717019786 0.49174629826032784 0.7292723153873601 0.4459461793372709 0.7248178167799028
0 0.40036913884965064 0.6614780794012517 0.38886916955747075 0.6703405300093271 0.3877492378120673 0.7094612510869099 0.40351905237789487 0.7149443557514111 0.4469684314144214 0.7243064463574855 0.502199228982531 0.7274640395096124 0.5067198717905462 0.7012578185501326 0.5115482166338432 0.6836048798603943 0.498563709060064 0.6739297107745131 0.4454794942236652 0.6684544263929575
0 0.5199390449689253 0.6277996825127882 0.5079393320210945 0.6392106106992189 0.5062325379684331 0.6771106063850643 0.5195459822879839 0.686945720641738 0.577506800617339 0.6882373919845718 0.6284881710735275 0.6805815888742953 0.6293276037485156 0.63743686807063 0.6228148042952862 0.627985547698079 0.5661436137733633 0.6319977774599694 0.5301850317816517 0.633220235529811
0 0.5176350066180572 0.6895241262258475 0.5081688922487801 0.7012901103337036 0.5021050128818623 0.7294716436751738 0.5040844741062549 0.7422723575230993 0.5155972602082581 0.7478704385008349 0.6221402714319151 0.7502779532872997 0.623135678595593 0.71057053990861 0.6190879921664514 0.6860951560254495 0.578395715467035 0.687792722052035
0 0.5125970132097674 0.7480192284988506 0.5060411068124923 0.7499466982270132 0.5059979998684465 0.761325488327727 0.5018894781616335 0.7863655941787426 0.5114684600755548 0.7894157075965759 0.5497400057410616 0.8021791831742546 0.623503484978343 0.8142240466015328 0.629236411988123 0.8064888298492048 0.627456032196466 0.7857466333255414 0.6290106768988347 0.7768566347978255 0.6220515074515587 0.7514039970999903 0.5596904968639015 0.7517726535134949
