0 0.3020682340227687 0.44324378061261593 0.30887862364465424 0.4199653769165483 0.3897312380899753 0.3815236181320902 0.4469260824725258 0.39893678729752313 0.468934300923016 0.4199770183884342 0.44687268689216386 0.4293341454094352 0.43946463733839985 0.4553580648138475 0.44532556211352003 0.4968275922070493 0.4212546243714603 0.5105744957138646 0.303526765216664 0.4709968345057796
0 0.48576706303548856 0.40468478638239763 0.4693448991996262 0.4200166835978451 0.44699970734969413 0.42936400825445453 0.4396641160206934 0.45497845630546063 0.4440434085871739 0.4835515057142108 0.46844076175397953 0.49941866019910813 0.5274464797416671 0.516845280940566 0.5606905107580933 0.5275044169175482 0.5726739966120855 0.5296109219672004 0.5779956785749591 0.5216210898604693 0.5771101499817466 0.488003225999412 0.5814888887488681 0.47908086133475497 0.5918899712034121 0.4729960538203748 0.5765268420744859 0.43597446783883 0.538263349781138 0.4148942696690543
0 0.593867028723144 0.47417170938690695 0.5818236036544031 0.4805812419376974 0.5772325530234528 0.49514044450121525 0.5789386217707114 0.5225536224183952 0.5909845714516611 0.5403133835702935 0.6708549181753943 0.5612236453852372 0.6905942614592333 0.5651535729994362 0.7087499390375196 0.5488075411982587 0.7112415291070322 0.5259354645664054 0.7167755229337349 0.5123087945608135 0.7039377404000088 0.484411053701227 0.6485813921536241 0.46357734468966943 0.6096210250540406 0.4679236978169187
0 0.7138167164681454 0.42986609727716646 0.7108077082308312 0.44026801240598584 0.7111834833244167 0.45161267086022044 0.708869920556751 0.47822683401774757 0.7337447135389612 0.4928404400494477 0.8031467895971957 0.5019996195859078 0.8346122708020014 0.5011783423011914 0.8412900786206259 0.4939559392418095 0.850627077143816 0.4918860275190444 0.8540915800164552 0.4656884646448957 0.8511390850813879 0.44366900161797024 0.8348512349826331 0.43182607884501784 0.8063420416635267 0.4339597773094725 0.7884749947135425 0.4372863932158155 0.7461177632064807 0.4326677244457957
0 0.32819839242525295 0.48350756773384607 0.3002186287691609 0.49754393095326427 0.2929511212000342 0.512184735544586 0.293593106015939 0.5436128092533812 0.3566453724774219 0.5747859784299283 0.4127310897496256 0.5901044110469281 0.4304321739928796 0.5892900738436935 0.43845902019519933 0.5648759740575926 0.4303984174671919 0.5572941520898819 0.4279942116075932 0.5432228786183825 0.4369640010056652 0.5197413113902077 0.42190814178710867 0.5126474185145152
0 0.4682584194975249 0.5007974792977475 0.4487026807762452 0.5075733794362532 0.4371252622156846 0.5195944048547556 0.42799103856928283 0.5433913940027332 0.4307997045906734 0.5575228855279721 0.444442142726421 0.5710830998576518 0.45339373867815425 0.576917295282826 0.5321387999496807 0.5982738436384832 0.5509352000377674 0.6012712386947562 0.5661721392066741 0.5949016656204649 0.5760224079735409 0.5566993748479699 0.5631846254398147 0.5288016339883835
0 0.5943304582009075 0.5432325427483744 0.5770565222975204 0.5569424978565762 0.5656550820446844 0.5947801041161618 0.5652304583170263 0.6060537799138833 0.5811992911239608 0.6183382241477228 0.6323579805535744 0.6346308318739536 0.6684907803720057 0.639571527924271 0.6896287381761351 0.6384125114751209 0.7024222094546742 0.6335398065131731 0.7042463640281804 0.6122973394933465 0.7043749871887115 0.5939838464169487 0.6924801478507376 0.5670186381152881
0 0.3205773069245428 0.5562485928506686 0.2965063714262285 0.5727428337961382 0.2884296153708726 0.5979203222241966 0.28834066302558076 0.6105584844078322 0.3267692038850035 0.635065338769781 0.35996107832390334 0.6513082195182232 0.4234700912758416 0.6736238166707204 0.4338636772145552 0.6468811752143702 0.4287172120166402 0.6379351261956856 0.4149644866253135 0.626262440726044 0.4138344735880824 0.6108762097338536 0.4195808232465147 0.6013263214764841 0.4207534391404174 0.5924593412091702 0.35584568279939865 0.5747378694477033
0 0.4465912150655208 0.5716041129307091 0.4380141136357165 0.5755540851569175 0.43006096545450256 0.5896744224320244 0.4211467324050438 0.5921131809823449 0.4207085569972095 0.6008405424942938 0.4140313822738942 0.6107263462168836 0.4149928909488817 0.6264652251480781 0.42960648031106474 0.6377766608804945 0.4340596253535789 0.6474153258910665 0.4971985538021308 0.6694192204245408 0.5287831110236223 0.6782767863821411 0.5477755971806296 0.6727182980434289 0.5592383866919444 0.6293520707368108 0.5505560034065338 0.6029676160867758 0.5316951708388801 0.5980560668257857 0.4535355112282272 0.5772939358663867
0 0.3107744543644452 0.6251431216901534 0.29105950874923064 0.6440194783246991 0.2861836188999749 0.6448093760606938 0.2774286232147604 0.6717945382012885 0.2780808291562217 0.6841184766729133 0.30134982339317085 0.6995468448693384 0.34813516590698795 0.7191209455678075 0.3979734634895631 0.7344339209660301 0.4015833652288311 0.7369422460983482 0.41321687996682277 0.7352516422704101 0.42334576722720724 0.7182706472500585 0.423794810432535 0.7117377076940671 0.4187050784138805 0.7047324013052515 0.4159461246400338 0.6910833470044958 0.41025132512515217 0.6698289522005103 0.3599275253252804 0.6519123923990183 0.32629100446032727 0.6348764051622185
0 0.29600009314036657 0.6960762722254087 0.2869471666383089 0.7033524622624023 0.2811017459251842 0.7130423730810848 0.27665206684400134 0.7153154971774737 0.2741560584457534 0.7263460729102845 0.26981526521023586 0.7513263749213803 0.2715672467277617 0.7553341304194122 0.3136540825497528 0.7743568090194254 0.33485131439556104 0.7834894034567544 0.38167164235062256 0.7980928462252579 0.4045372582567536 0.804021822144903 0.4050810695427911 0.7983409766648967 0.41284321073664026 0.7835695995602999 0.40730394432241657 0.7783948387644003 0.4099889976918424 0.7643660572204839 0.4069107542346221 0.7531313786217391 0.404590164232838 0.7440110586677978 0.39954757065941765 0.735080602335437 0.34769729332516686 0.7192946051840684 0.3018469874242158 0.7004935432959525
0 0.429239308766049 0.7160603744139817 0.4252518082746665 0.7242508548669503 0.41933445191808694 0.7250725056932622 0.4130866352546271 0.7346678121613154 0.408696247622668 0.7380612943005792 0.40445991952064236 0.7434272285587031 0.4073248119987054 0.7515690969957132 0.4100599509548143 0.7638295292867037 0.4073748975853885 0.7778583108306204 0.4133165599499473 0.7831276759771489 0.41790912793755697 0.7891862839393503 0.46175862471033907 0.8011550441345897 0.5332082119028058 0.824038332344115 0.5341772515764331 0.8104359252983521 0.5410266974044297 0.782172949503941 0.5402675703782691 0.7659514089699111 0.5368224076021996 0.7543538620536469 0.48072315797169207 0.7361858972109064
0 0.4421917175901128 0.6510607842406255 0.43731631893109846 0.6565530759396956 0.4285710202986662 0.6630717762513335 0.42424041530617235 0.672288010396548 0.4171051916653221 0.683887522073778 0.4166561484599944 0.6904204616297694 0.4188469849398243 0.7036593454376913 0.42476532367688685 0.7122424825375302 0.43028077527337283 0.7160286213236646 0.4814331817916526 0.7355230118361801 0.5493083438763372 0.7556297109464974 0.5512838646160438 0.7469662087403827 0.5578499885823943 0.725551738644168 0.5539902768520001 0.7108140793908543 0.5465673106373303 0.6869405510986019 0.5294295149263595 0.678485736200675 0.4978176180073132 0.6696706726665168
0 0.2920782695713472 0.7665182322412325 0.27120376574060295 0.7878880198434207 0.2644733940012953 0.823094105686657 0.2661544222558493 0.827638389118469 0.33363934139418827 0.8506959918645774 0.39358516737061744 0.8711513200480606 0.4000468262034759 0.8693512177048176 0.40888591053613493 0.8542798235430138 0.4077603553813666 0.8423978086545402 0.39857472821590584 0.8255781987670617 0.39257328321188173 0.8144860816145827 0.3963124472828625 0.8081734489298448 0.3951164300553638 0.8015303559382266 0.3354549083210637 0.7836313099826983 0.31402100186860193 0.7747196773369449
0 0.4185481984945456 0.7890599264984042 0.4145363919951839 0.7911593909785322 0.4058265699942376 0.7974098273232801 0.4046320263374633 0.8048739162208879 0.39625266464339726 0.8023506969238944 0.39735391379018636 0.8081416958395277 0.3925023299489098 0.8150226095483629 0.4085768090957851 0.8409301313791433 0.40955996653436805 0.8491828081721021 0.4149456646088998 0.857087510812217 0.4446879794924557 0.8690588906887441 0.5210251183479263 0.8894953951856199 0.524396380719575 0.8734151062572119 0.5254951739151565 0.8556941353574681 0.5278376139737125 0.8473935014688726 0.524237900477468 0.8291211084706734 0.5124610056428082 0.8177775862769456
0 0.277480800314457 0.8314076689789621 0.26752880502126075 0.8423449502017877 0.2626650681759946 0.8461803559242025 0.2587747917165293 0.8787349002685332 0.2944947367863715 0.9004097752877742 0.34086602153610523 0.9215461576122692 0.3850712670042299 0.9402370660647583 0.3912364685909696 0.9328351735071405 0.3978861900145232 0.9186320774266411 0.39198000428145024 0.9130944483132225 0.395872736692123 0.9040518737842689 0.3936940532162827 0.8938584979627674 0.388152822041093 0.8698741613145663
0 0.4137146619401566 0.8554150757505643 0.3975741414327243 0.8770680214843182 0.3940133428996563 0.8914441222607564 0.3970444479116425 0.9046039508030467 0.39228763215107565 0.9123369585878667 0.3978861900145232 0.9186320774266411 0.4775017879218985 0.9409457747714255 0.5244163927674284 0.9516989176528385 0.5311239320694812 0.9245089977259878 0.528566176270802 0.9109072456005466 0.5223270742796413 0.8906313023134924 0.44458154959799784 0.8698636825894145
0 0.4056741107870761 0.9240588981841112 0.3988343620118617 0.9318554121495654 0.39227842628853493 0.9375058143798989 0.38759452855190596 0.9635118700832402 0.3917263915204397 0.9777603035780884 0.45735339043703643 1.0023173366899103 0.474893090908101 1.0061643619753913 0.5198788222689166 1.0189534631562982 0.5264099607940226 1.0025096509900489 0.5306686301430615 0.9844251568524639 0.5242171595532267 0.9704611913298256 0.5109599432489389 0.9499182939165248 0.4774308346589266 0.9414823027052055 0.4280780392936483 0.9287729117102522
0 0.2794753507215342 0.8916231902423233 0.25716864624687913 0.9112732406075441 0.25635415729342664 0.9315504937352422 0.2545331872738948 0.9468888420232924 0.26304328487039796 0.9546982853924563 0.2887023488013787 0.9646032637198164 0.34403228316270196 0.9823137558944083 0.3825087260551834 0.994125715399028 0.3905901569324062 0.9769399625924207 0.38754739010667194 0.9654370200267856 0.3873568715647695 0.9543280439486651 0.39189984515593757 0.9387998320390346 0.38426647510355955 0.9400478573634999 0.3409962662483009 0.9221299877213639 0.2945895048670812 0.9012618693637592
0 0.39945502084376894 0.9820667662926835 0.3846276268915585 0.9984963392145793 0.37852417270524985 1.030530559630449 0.37981495801345827 1.038025746698052 0.3953786465545746 1.0458338802265719 0.448376820290607 1.0607833323869535 0.5022502480000401 1.0706830713517375 0.5117536912781501 1.0709811236479787 0.5125458389845892 1.0634224303997417 0.5167700140826252 1.0550109881551974 0.5188393205225588 1.0377947920989168 0.5138783596453754 1.01726613392997 0.45782673965034354 1.0018754131067595
0 0.2743700969129701 0.9606565085482431 0.2599612229260897 0.9749951990698736 0.24644491534116086 0.9920462644061493 0.2468743545104768 1.002991523773065 0.2451980628171071 1.014484441126515 0.24574402445368426 1.0304621554258677 0.2674004191189558 1.03701344022787 0.3199209681803131 1.0443560998234018 0.3757779972558523 1.045392672742133 0.3797835317419468 1.0375755291410633 0.3778107970486311 1.0300212320651878 0.3844372030432312 0.9988376821875414 0.3826165305282524 0.9948643863011778
0 0.37584944700755457 1.046035103291535 0.38784337672520613 1.0617846466744834 0.38729454801606633 1.1037815388837136 0.3254497167566336 1.097166334364216 0.25633246910087104 1.087590100495729 0.2516021634341682 1.0760507844063147 0.25504341093382094 1.0476636463244764 0.26552662220213913 1.0369899939735203 0.3197157816001385 1.0447249482659042
0 0.3969162886388946 1.0464000015521584 0.388182300133853 1.0604045192400764 0.38718755855328857 1.1045905620772367 0.45164817227135734 1.1245419386172264 0.5146981163052453 1.136236984350595 0.5177843370236936 1.1259097217332616 0.5136340513864389 1.1147153140592654 0.5189780651459096 1.10742139464491 0.5186468230939905 1.0969163100290151 0.5146291632965545 1.0740746092573572 0.449080699930394 1.0611665225064384
0 0.5777114759771551 1.094169678375235 0.5184722193023117 1.078825761896712 0.5188779337303518 1.0945038650835943 0.5200510675908281 1.1070569654368552 0.5130613050430884 1.1143855221178887 0.5183561231377117 1.1279076413197378 0.5760406325656415 1.1523301045256493 0.6388357534583478 1.1675656068815183 0.6477436453212214 1.1484107139836646 0.6369532482477354 1.1335965696503654 0.6321819178095767 1.1027259907434446
0 0.6532740098726937 1.0958797074016058 0.6439811504957336 1.1045556143179662 0.6344045425787189 1.1046651464831696 0.6375190682640197 1.1346740026216071 0.6482489016594691 1.1499461118698118 0.6864972852452275 1.17404892292051 0.7184403380598674 1.1815588189970654 0.7563643178095761 1.1947246791513646 0.7610293980822294 1.175516697234734 0.7641388925760566 1.157359603779956 0.7655509270210308 1.135970211411453 0.7200307094113028 1.1266848988217026
0 0.7717948555822004 1.144993433034965 0.7657550420329191 1.1558507504031976 0.7614939991244817 1.1746815189756392 0.7637390478714021 1.1978751084518249 0.8298469397379118 1.2068063980791248 0.8911254530839628 1.2094080485110168 0.8972059219292392 1.200921307288026 0.8987780619624577 1.1649312447038822 0.8905122695163852 1.1417387732702464 0.8662882589816626 1.1454877163304025
0 0.8987183368163332 1.1734168678843235 0.8977111782674869 1.2024567051741732 0.8920347467864261 1.210566233052974 0.8935911710971642 1.217543002856657 0.9238168554809095 1.224649141079634 0.9607900477002475 1.2262585822811989 0.9734579187928724 1.226875814252436 1.0066719703143714 1.2167407888504453 1.021480317052236 1.2065283660053885 1.022569624724985 1.1902573392715585 1.0179401685568532 1.163669947740216 1.0100601821567796 1.158984120553609 0.9903826401343736 1.1685239863235524 0.9650477364810359 1.175317180646614 0.9112866659987505 1.188176805156296
0 1.01623516172079 1.088188724436668 1.024843589321129 1.103434289175484 1.030582261544051 1.1109221129128493 1.0340601692975722 1.138183179561855 1.0295958499091586 1.1451610674080877 1.0082822500478483 1.159038327614936 0.9900391664481947 1.1684432347528366 0.9654517738452517 1.1749399673024243 0.911751267041003 1.1873416268972012 0.89974875787487 1.1736591225964705 0.9004340281834032 1.15776530920683 0.8952188436169459 1.132929025764393 0.9144923482751364 1.1237663733386396 0.9212614415565951 1.1314964517881518 0.9715064645851008 1.1130881592808295 0.9954873818757641 1.1031434176147583
0 0.8949076399076398 1.0549422676835605 0.9040818875242632 1.0712652653936183 0.9028498670495746 1.075225446486334 0.9111139824318226 1.0823626013888983 0.9097417647509314 1.0980949116371075 0.9132196725044526 1.1253559782861133 0.8863092746902477 1.136028602131175 0.8658435663214518 1.1434943535293505 0.7855537114113986 1.145394954803444 0.7776114842694638 1.1251117760006706 0.7805392877291808 1.1083285772906084 0.7807201402313788 1.0989270242803566 0.8175108028846944 1.093882701961101 0.8532702059475609 1.0805684666641628 0.877210467942229 1.06825314885285
0 0.653995742817661 1.042218178829528 0.6488461531207139 1.0650898800654007 0.647373554997703 1.0869372373488093 0.6540215209230883 1.0955832456281318 0.7204953104535552 1.1258497205626081 0.7732890391510773 1.1363728512224816 0.7803575966950707 1.109702472035324 0.7797502828508788 1.0982268046533046 0.7734872844395799 1.1000597823554752 0.760290894499017 1.0686250604960945 0.7562687521750773 1.0535133363467717 0.7085674036241145 1.052687102428074 0.67227948171331 1.0351838478368691 0.6621984559899599 1.0417856403814616
0 0.6482172538306561 1.0403874372124566 0.6502598646295126 1.0597558042279693 0.6455972999525962 1.1030467609412078 0.5783378596714762 1.0947891464315713 0.5167341039574633 1.073222886837745 0.5132578732677666 1.0620171367198106 0.517782756334217 1.054581283958673 0.5203670861077553 1.037717333677895 0.5232343258894355 1.0213920998827382 0.5289099188385841 1.0052549137384013 0.5779669308160456 1.02528801153118 0.6213458342486219 1.0373753206716885
0 0.5417137944778505 0.9539617252264656 0.538017733053785 0.9658422685046131 0.532503084224793 0.9754064426988455 0.5317788356840889 1.0049849964743158 0.5783709681802612 1.0249107981869905 0.6214063979266586 1.036917355756783 0.6536522691314821 1.0421374272588122 0.6615720722956389 1.041166172325125 0.6683187415993193 1.0276418170381767 0.6628223240885442 1.0183221336411907 0.6669215843449131 0.9980367187533178 0.6586367220487115 0.9857004466453646 0.6598272486954925 0.9713420311418711 0.5934771021168358 0.9642426011741921
0 0.671766678587852 0.9613995255608992 0.6668576665392273 0.9663840506060796 0.6603325050337401 0.972877429028018 0.6586367220487115 0.9857004466453646 0.6665781106587341 0.9979559671826022 0.6628223240885442 1.0183221336411907 0.6683793052773561 1.0271838521232715 0.6710267143246678 1.033944911724196 0.7083450572940091 1.051690421027548 0.7630370069246237 1.053215756530748 0.785381866376383 1.0476084093015823 0.791460658157835 1.0230663515475198 0.7869921461098599 0.9899059480660729 0.7162573136709556 0.978470241704038 0.702114328859583 0.9756173922196018 0.6910426988417792 0.9763198479317533 0.6816071266628796 0.9726849092069995
0 0.7987316536498923 1.0002211948210356 0.7902468690013634 1.0081426750490168 0.792087041852156 1.0236858196038563 0.7851595200462775 1.046611727901056 0.7634410442888394 1.0528385431865583 0.7610384055494115 1.0683285987226205 0.7730832470753642 1.100436995699665 0.81791484024891 1.0935054886169118 0.8533913333036343 1.0796525368343524 0.8769881216121235 1.0672564674523237 0.8996349609221541 1.0513316373830959 0.8989861532500547 1.029457735590299 0.8890843029650782 1.0106026585935683 0.8685165370903382 1.008128140495871 0.8385546928646059 1.0124169180841978 0.8058450591494422 1.0160596831067992
0 1.0325542462819237 1.0344165456568368 1.0367572411080612 1.040126716795908 1.0423167378926097 1.0730714100745968 1.0155482143484322 1.0880272212952367 0.9951439081895852 1.1030626660440428 0.9213825689126686 1.130580521958341 0.9141488745889574 1.123685621767924 0.9096206373948579 1.099010841466918 0.9121444034903594 1.0826048561010453 0.8945641662214607 1.054861516112845 0.9002007809384386 1.0524090703543378 0.8997942279784861 1.0287033089019197 0.8915491824463675 1.0107099546736726 0.910338177680264 1.0052110215671608 0.9113901841846668 1.0186800517502324 0.9181808629119915 1.0396369056706691 0.9331111755378416 1.0365362112613377 0.9826709282578141 1.034021732143656
0 1.0369313853549613 0.9665038976613696 1.0425696771357635 0.9801067684339343 1.0526117246269429 0.9871897162751716 1.0505758220833843 1.032042615383946 0.9822668908935983 1.0343989454878455 0.9328282655296994 1.0359974947757167 0.9174333518615969 1.0399333674441433 0.9114507478627034 1.0182220868353271 0.9110450334346633 1.0025439836484449 0.9362787181139689 0.9938381780950468 0.9348226742453505 0.9807463612561648 0.9399133773280853 0.974387941466269 0.991251062156989 0.9718192552872602
0 0.9175435783028111 0.9346578801623666 0.9221107937290813 0.9456479200775424 0.9306777275015129 0.9504952504055805 0.9312452245816218 0.9676279999078942 0.9399133773280853 0.974387941466269 0.9345397642372084 0.980207644770544 0.9359958081058267 0.9932994616094261 0.9112267244687735 1.0011700889037292 0.9089642829355483 1.004888015284298 0.8894883403292939 1.0102254452493786 0.8850430907910094 1.0063471337699281 0.8385546928646059 1.0124169180841978 0.8061279691575844 1.0165983995924202 0.7975991750854112 0.9900386706130161 0.8013972940154208 0.9880983968307412 0.8054957157398774 0.9597853236773325 0.8575601647052221 0.951721058519461
0 0.5421584222229056 0.8973073861976156 0.5340418398509177 0.909943026989672 0.5307060173505767 0.9276691472559531 0.5331126810431834 0.9507118513944631 0.5933053652737463 0.9642022253888344 0.6598050140624818 0.9712423630018185 0.6689681119050221 0.9581916757268987 0.6702376012544393 0.9260969693703883 0.6618352578658077 0.9108998555740019 0.6362356755225449 0.8982704758202237 0.5901587751940262 0.8980150354069236
0 0.6789198359363291 0.9129332298964666 0.6713689058742431 0.9250407720066575 0.6700146273755746 0.9577766292440352 0.6827447392100607 0.9739912128314389 0.7019223482216871 0.9751944941881767 0.7158673798805514 0.978473007959232 0.7870060819772889 0.98792596932397 0.8014598485316619 0.9873575778098213 0.8038315968213475 0.946927910002036 0.7927682222923549 0.9106115447097413 0.7854147422636297 0.9174768275739918 0.7254787733701755 0.924540444080519
0 0.8137542751731193 0.8943907000840596 0.8640451091187058 0.8890259970817 0.9270067895950307 0.8740796279199051 0.9332870563630222 0.8828280705944742 0.9382966598369196 0.9124324980538034 0.9410982235962484 0.9249906837004325 0.9171131569227942 0.9338956019254258 0.8572631511232685 0.9515567891228359 0.8056714342593753 0.9592599912506611 0.7991054064747398 0.922678793987649 0.7961052187373729 0.9041241460152104
0 0.9213840079542552 0.9315942651131044 0.9233655519559277 0.9466040020842007 0.9310593625263356 0.9484128372682313 0.9310047930012966 0.9675714738083933 0.939547669008896 0.9742075217555008 0.991111514137931 0.9704642771118815 1.0376971493619582 0.9668728122399779 1.0622478683453143 0.957439795333119 1.065526773431262 0.9363948684634993 1.0645348274857485 0.9176512784062009 1.0519742939497654 0.9001543930570626 0.9933113362397594 0.9088394679223303 0.9404466081924178 0.9149212116914148 0.9439834025601512 0.9256689968944439
0 1.056549386175311 0.8318160807749765 1.0715142355145468 0.8498782271191244 1.0738663296821145 0.8920795677977962 1.0530208094203177 0.899739346574199 0.9414931236629702 0.9145061652085514 0.9329188540864813 0.8781139100303991 0.9393384795287634 0.8670625652839391 0.9464375921097341 0.8621207350622907 0.9491798905653152 0.8488826709620807 1.0031480514976026 0.8457046873134709
0 0.5431119309314665 0.818862439593368 0.5282644382550489 0.8411540711711477 0.5242247787151926 0.8904467991120738 0.5504457568380734 0.8946281652155749 0.5906396383546767 0.8981280876059254 0.6576468480942437 0.8900825983619555 0.6588605939739447 0.8659078069738569 0.6574435283374969 0.839131249749145 0.5975063854993654 0.8349561446839221 0.5695036612975274 0.8330002255068846
0 0.6737069127056851 0.832377453824327 0.6634682537130572 0.8385644234945658 0.6593681549247761 0.8508221801169027 0.6569685349002322 0.895211805408894 0.6632209299333658 0.9079202055676691 0.7265252888407279 0.9241253975976557 0.7860651837227831 0.9163075780112591 0.7912106240369395 0.8923960533343084 0.7857770748167849 0.8659973802793157 0.7173249277059123 0.8512262697827796
0 0.5550985945448077 0.7582163726221203 0.546048157586377 0.7666659515319668 0.5410432498911882 0.7820164103596384 0.5355586529800263 0.8084925385600584 0.5425462786215646 0.8193905382752334 0.5695884504467787 0.8323590746260172 0.5984681118206664 0.8351822490819258 0.6724060297873784 0.8347159529497924 0.6757406783430423 0.805751111111761 0.6740982909383755 0.7881767706171953 0.6662337281247876 0.7764115156231491 0.6134526152820202 0.7706133869396163 0.589296796365386 0.7695618853545941
0 0.6882953421556398 0.7670543886021483 0.6875322398123769 0.7728247465299541 0.679217033462351 0.7794639249962008 0.676673358984808 0.7986984514222204 0.6765073025203366 0.8336969178992056 0.7170136428437646 0.849830915822043 0.786738801138086 0.8662234846773197 0.8084333868370743 0.8633909186639938 0.814030644632346 0.8323136820985008 0.8104938502646124 0.8215658968954718 0.8056549990338951 0.801917889246158 0.7886273383777669 0.8032033215270319 0.7385606522557224 0.7881270862274948
0 0.8144267186437449 0.8330678851783699 0.8078677345271724 0.8639190173458592 0.80368284658964 0.8768179248490634 0.8168938215847765 0.8931455606354691 0.865261202887761 0.8873286488371018 0.9382071749089596 0.86811876264767 0.9473993184310351 0.8623468394602943 0.9474829336356094 0.850466967007677 0.9409180797956511 0.8251244913164152 0.935542621934567 0.8132833464365112 0.8668105835304363 0.8268730892102832
0 1.062679728766918 0.759215816724823 1.0674047451688486 0.7722262111674597 1.0793136633010012 0.7796536245075805 1.0839852841225701 0.8230613770621291 1.057511112496612 0.8320421851729803 1.0027519774862035 0.8449504842336019 0.9494911754274628 0.8502780249228173 0.9356843284982119 0.8159610021589825 0.9424721562170348 0.8096238179765974 0.9555948202288886 0.7928764399286198 0.95202898018162 0.7748498906380465 0.9603732322111812 0.7754894762593443 1.006308425976055 0.7730672609501733
0 0.9316027098873716 0.7343490287231118 0.9475304594925855 0.7638760010370138 0.9557643985273915 0.7915941381668853 0.9431225976761883 0.8084545684138648 0.9352313370724195 0.8118879924757746 0.8663297203697857 0.8267600370112813 0.8145115077929964 0.8324267342975027 0.8067863036536991 0.8008616918824273 0.8159505754409164 0.7990497261792576 0.8246304622334519 0.7634085435618355 0.8768726205564985 0.7545360918712777
0 0.687129122132915 0.7046382140195836 0.6842462910583663 0.7264373439690726 0.6889457836147932 0.7658851390394155 0.7386454414049739 0.7874859353466276 0.7881464752171164 0.8030902693280298 0.8160353645901679 0.7984085752983904 0.8247152513827034 0.7627673926809683 0.8080232254895494 0.7277720567231221 0.7628511340679385 0.724423914104487 0.7084288077651814 0.7122901664981388
0 0.5687531694083195 0.6887072455177319 0.5545561181910553 0.709829627532779 0.5578954625254278 0.7258196719817483 0.551109982695959 0.7546342993076337 0.590824174996589 0.7692598910707327 0.6144143416033212 0.7708394913376203 0.6663185172740391 0.7757703647422819 0.6875891572267703 0.7761435531332926 0.6884649204541426 0.7657720868404135 0.6843310802076177 0.7257961930882053 0.6766349217478556 0.7015099147606744
0 1.0715256720239248 0.6885761676304155 1.093193559932732 0.7009422806730458 1.0961949216147762 0.7307356502172345 1.0913317204832322 0.7487637647673774 1.0642071073981207 0.7589138224409613 1.0058275628154045 0.7729542087511714 0.9604580213604326 0.7748483253784769 0.9443304738325035 0.7280861691670152 0.9542578479629837 0.7205038455360396 0.9461353958676102 0.6769458784693448 0.9620584496941154 0.6615179644962459 0.9681145686385652 0.6907073454727116 1.0222813535488908 0.6935258241499116
0 0.9310300139094068 0.667444797974476 0.9462771024312548 0.6796235341918161 0.9538617739515847 0.7197496424561703 0.9316874990366231 0.7337078778422446 0.8769574097057499 0.7538949409904103 0.8248000405319548 0.7621262418001008 0.8118143873050372 0.736596389283549 0.8147262640591211 0.7220760234216043 0.8267176234511711 0.7063848427373575 0.8242540423441709 0.680023331995509 0.8194721085278469 0.6636941309495338 0.8407137028010427 0.6567885552530003 0.8432899447921525 0.6785489576297756 0.9000863672739496 0.6727304805718388
0 0.5783343432737312 0.6162571959797244 0.5596108996325745 0.6303656458779445 0.5491213950262237 0.6721922329060361 0.5430409261809472 0.6806789741290268 0.5696301065803692 0.6895745007966031 0.6772005740577575 0.7009818160788089 0.6846945867054501 0.6855554673652794 0.6845784039873091 0.656440411015102 0.6704626200852648 0.6432054774340311 0.6319935672332254 0.6341613015138785
0 0.8164452230002992 0.6603381620330512 0.8216801482424156 0.6807403727622341 0.8265480451526681 0.7076671444990921 0.8077119406274018 0.7263767027623854 0.7629359232171898 0.7237827632236197 0.7094753232357338 0.7118751200152752 0.6870722047185216 0.7013194074162451 0.6842137235447996 0.6854424151662776 0.6875205003656054 0.660437530812452 0.6938541627139589 0.6387886153751091 0.7154639592636958 0.6365972002426505 0.7548668667021781 0.6498274380450129
0 0.7147774284569444 0.5630553562873376 0.7042577042263811 0.5863644576561345 0.7053634850006811 0.6117456609201101 0.7036677020156525 0.6245686785374566 0.715322252700051 0.6339195445201794 0.75543251901208 0.6492993393631474 0.8145217703576972 0.6598859532370436 0.8381955521690037 0.6495856810513136 0.8381095890750752 0.6389881103604308 0.8439914339423134 0.6245049068116303 0.8399447307343941 0.606365305322055 0.8251204140141261 0.5797420931286282 0.7412249022927214 0.5692732272324426
0 0.726282054964958 0.4910575155453378 0.716779800525412 0.5066728063437269 0.7180249399740024 0.5122542221866732 0.712312673405267 0.525455123973739 0.707592352782045 0.5573996158181032 0.7177473965700987 0.5630925186004817 0.7418753437518747 0.5681039776697098 0.8265630034960776 0.5800812497256339 0.8475211846419839 0.5678203625841579 0.8468126518237601 0.5544320839718019 0.8502611352082107 0.5321048553404475 0.8488173717815821 0.5205269771716915 0.8342485964537454 0.503219033907413 0.80310632584025 0.5025082541789659
0 0.9515002882265997 0.5876385292034968 0.9766759248236054 0.6034736633616116 0.9793660016435017 0.6318716789450639 0.9601919144659068 0.6643845623035768 0.9296722135767067 0.666464490496603 0.8436012296543001 0.679944311590512 0.8378842673068561 0.648190327090577 0.8436522773453077 0.6270695103350995 0.8402838873313999 0.6038007017985857 0.8843235001885299 0.5969663202092014
0 1.0697635800670855 0.6081706060704217 1.106055986773446 0.6299247474089189 1.1086031830850203 0.6444063856981499 1.1056924802756134 0.6701654731318447 1.1005737377516382 0.6788783187528393 1.092428109700115 0.6842351954573512 1.0218852795374915 0.6927716210700424 0.9693306624076204 0.6890099972281135 0.9612384299364591 0.6639695158207133 0.9791964233449988 0.6331539807067986 0.9785157622616331 0.6158057446102367 0.9886138886352934 0.6181798407892768 1.0453824393822324 0.6163213212155458
0 0.9624113906898535 0.5201287446275682 0.9751984199387329 0.5396621348183105 0.978426277333673 0.5714920092041033 0.9651049893437812 0.5822429249262712 0.9512737925137036 0.585602024361893 0.883361773867229 0.5967402158111975 0.841301357122417 0.5961068912281778 0.8342277683869501 0.5746113208221201 0.8480868369518859 0.5672922639022925 0.8474630932829135 0.5532628344090692 0.8506560352749326 0.5216203368485665 0.8626195229321243 0.5098891136485255 0.9083003492492441 0.5093903509819565 0.9467682281566062 0.5071958053303589
0 1.087376547155234 0.5237260666212252 1.1137113601069013 0.5345450459314034 1.120673461902936 0.5718804462742846 1.1079190001676231 0.5933419848863374 1.0695092126193313 0.6100940587130238 1.0444207130609313 0.6160952168175421 0.9858982879698933 0.6162192258335307 0.9756282354083758 0.5926499882727249 0.9765597421054644 0.5743586070114342 0.9797829037216959 0.5612335951102261 0.9790441512792597 0.5293278308385755 1.0077263626197863 0.5373932645404246
0 0.861708844301831 0.4567882079951091 0.8546666491352537 0.46504884482009606 0.851954570303885 0.49680439457960063 0.8680785959977827 0.5098503860758118 0.9088660015591459 0.5088622523000911 0.9465138607088519 0.5091192579729609 0.9507568400054549 0.5107778786448454 0.9777118747920635 0.5019101227329962 0.9950496463656621 0.4907813228411088 0.9980741840038555 0.471659848614091 0.9908588887047438 0.447486622485562 0.974338788999447 0.4336864279094816 0.8834277799016459 0.4162795197823268 0.8388236886792911 0.4348807216253268 0.8504782393636896 0.44423158760804965
0 0.9842673370746046 0.43734282585025624 1.0171332624079865 0.4212706304771509 1.058911439970186 0.42778736518697835 1.1254703540626694 0.46062375254680155 1.1305357010062829 0.48230826503771906 1.127256795920335 0.5033531919073388 1.088423062625786 0.5233110201383617 1.0082920149296881 0.5368651658585591 0.9888309927907724 0.530306573056879 0.9838794806759456 0.5152596737726385 0.9823787998349236 0.500362989000544 0.9947952789179078 0.4927047754837108 0.9986398363137574 0.47113174993222556 0.9918206150260448 0.4477127268835657
