0 0.33603852276367535 0.3799380632935139 0.3743594947524039 0.3723213940163929 0.3992967078618982 0.3717738333979595 0.46024464001183873 0.3886969372984863 0.49356475170934144 0.41653068246447705 0.4851926883073372 0.4383105704636981 0.4836134518760931 0.4729344391131414 0.481862065672351 0.487936329266981 0.449296931330285 0.4840845449682781 0.4126722823266163 0.47611589860114684 0.3640609729224987 0.461746253134437 0.34130859574558015 0.44371914676385327 0.32839480897570295 0.4273027430639791
0 0.4939049851372155 0.41741028557366705 0.4854220300091738 0.4372283053982697 0.48332562649955435 0.46401005845458126 0.5040387920961922 0.48811467432044453 0.5256850759402703 0.4980698013563209 0.5652760628936482 0.5099763428284685 0.6077374460045556 0.5228459858527789 0.6357827316555416 0.5195464588757293 0.6418809914649636 0.489474411832948 0.6420788669273348 0.4712591055083722 0.628966738262625 0.4449466085171436 0.5485061623700901 0.41895147768937724 0.520844177455361 0.4060387792619102
0 0.5076222167527485 0.3317553157040365 0.5007120930474586 0.3726036164249035 0.5018006375714094 0.3864251872598541 0.5220368230582666 0.4060051945158798 0.5497210291541843 0.4173591330783344 0.6217611149868703 0.4427963757065882 0.6514447399980289 0.43243836720188894 0.6589943463898296 0.39746694965720425 0.6579058018658787 0.3836453788222536 0.647947455723043 0.3678469636904489 0.6276160598116505 0.3493008586757163 0.563241902006471 0.33036607319742156 0.5349933050056853 0.3294146306642542
0 0.6588774410931231 0.39587727205277695 0.6542854915275003 0.43069359408125835 0.6609619535764955 0.44472046428751727 0.6801644440113839 0.4506356956750343 0.6907386006246654 0.4486714346939897 0.7002469603772759 0.44699461233229004 0.7170962291453766 0.4483672829656931 0.7435856246371678 0.4503943189306973 0.7658956446797038 0.45266098416067574 0.7760027863481899 0.45200603633595393 0.7908219834613461 0.43780289434180103 0.7966119337285605 0.43136001257684353 0.8044077597269736 0.4257074413918048 0.810826299944905 0.4124386205338035 0.8040893480865452 0.36144799520845106 0.7939822064180593 0.36210294303317286 0.7872759363342223 0.3559238864569357 0.7650138712693374 0.3568985341326636 0.7412609003957001 0.3590148709778565 0.6959284583664823 0.36221760482334925 0.6732235742805474 0.37928706770303755 0.6596797040116344 0.39092745804683077
0 0.6791824591441417 0.45001300908197356 0.660255600613286 0.45615290410487636 0.6442448886493153 0.47200867253698303 0.6422273518260844 0.490155302122814 0.6391379691612459 0.5048929948160809 0.6432516795598815 0.5166526172992403 0.6611848921314628 0.5288269758490264 0.7072180750127944 0.5368251178638336 0.7491976004350142 0.5436977013250064 0.7738068381857501 0.5435692388914831 0.7941826965286434 0.5367427173053183 0.7985772140725669 0.5115944593316702 0.7952057136529187 0.4842509589130393 0.7900802103521993 0.47971646346684066 0.7831821203577587 0.4605721552677777 0.7761285043383332 0.45064084851734515 0.7665782385890083 0.45277273348524766 0.7175213380934579 0.44751303241557333
0 0.3812133813994897 0.46913437593930984 0.35762803451271036 0.469430462359691 0.3350786764517605 0.47728692379074883 0.3258338506413097 0.4836261215390496 0.32327758484172714 0.511384940517428 0.32115808908225796 0.5193525687799367 0.3230144877694081 0.5330522563203951 0.3366784639173687 0.5426799938356522 0.3762330536412451 0.5533128927789356 0.42725997285221623 0.5635143425466408 0.45528822913041056 0.5676410022478864 0.4758796664378126 0.5622355431426165 0.47880747409672963 0.5530144763860708 0.478687368217682 0.5317463485270205 0.47966891621508345 0.5060393439305129 0.4751659538841446 0.49098253387936097
0 0.5081339425333911 0.4903748129158889 0.4932248844458693 0.5017917046105383 0.4840699196097839 0.5109171526583426 0.47783715032151974 0.5334548496272603 0.47842427114536296 0.5534136643299875 0.48031047786735465 0.5592655382404245 0.4979023934842838 0.5713840221279246 0.542624392505594 0.5860963539112038 0.5939926086712173 0.596353678341195 0.6323733936172478 0.5933986390685918 0.6351992423399266 0.573998570988724 0.6392105569324833 0.5492495009589929 0.6305161211904163 0.5270395691489967 0.6090563190440426 0.5230644028187784 0.56591508680585 0.5099966321655379 0.5254623242081604 0.4978309214167879
0 0.6568318437144133 0.5271904800269032 0.6404439777800122 0.5471418119148362 0.635798024255802 0.5750204455257019 0.6383011598364785 0.5929833205088445 0.6489293204083474 0.5979567479454155 0.657605609207605 0.6090775532196836 0.7422412049804125 0.6192380939546918 0.7617370373923019 0.6219678870987885 0.7741494457499243 0.6226141871224741 0.789543665725051 0.62097710880723 0.7929622473826687 0.5989025397524306 0.793686310418847 0.5722295352812311 0.7700586206655124 0.5466509931182468 0.7079373976148291 0.5369121533217892
0 0.3567530168828358 0.5489982011784967 0.32846016781160364 0.5581372255794126 0.3179332196149999 0.5661984341903309 0.31449033267608195 0.5888279256541383 0.3122828597035161 0.6098477063874173 0.3260842520659687 0.6193550252383843 0.34346512582559435 0.6283611725774034 0.39461161731382505 0.639633647236027 0.4505401276377717 0.6491522500946096 0.46853141859771064 0.642675442297668 0.46824467832847017 0.631031931287673 0.4723308589955106 0.5925624742454694 0.4716963710107649 0.5728893920202458
0 0.4956159564080512 0.5699198708398328 0.48188065983888195 0.5803549739157005 0.47613573047799407 0.5866623107265777 0.4725328637717189 0.5933203305007524 0.4686486878808868 0.632547643798239 0.4904641754983881 0.6524267909336944 0.5442319834679732 0.6706514780011021 0.5959844892848289 0.6841975214255749 0.6190021716032081 0.6821675254612317 0.627114210966354 0.6501554367950023 0.6264417581067807 0.6072830032906129 0.5955743631723985 0.5971561187582909 0.5430233294694167 0.5863784881324771
0 0.3406512957867385 0.6264509417331275 0.31992141906226895 0.6361033356207139 0.3124431822085385 0.6464756208887555 0.3084695252153208 0.6719173605216341 0.30923077370194957 0.6872624820672204 0.33435323927544386 0.7036967034104199 0.3984273509656757 0.7221590927837491 0.4453883467281085 0.7316591701884713 0.4622428533051229 0.7257210417947518 0.4645069308522652 0.7188438451685161 0.4673905740807626 0.6816270884144057 0.4701854216822047 0.6719376436190986 0.4684094037051809 0.6499033218872012 0.4497039776144828 0.6493777544258085 0.39461161731382505 0.639633647236027
0 0.4888247519796195 0.6525207891536567 0.47008204648942375 0.6701087560365092 0.46789321321660665 0.6820717695976656 0.4653759574033632 0.7182613303948817 0.47727016841522063 0.7278188120953989 0.5431623230913272 0.7531019077662758 0.592237250589917 0.7662095974866266 0.6140523954697533 0.7654323018103764 0.6180450349003848 0.7515902378170805 0.6149258248925397 0.7470932631349321 0.6193926298028944 0.7162963668655218 0.6135531309926024 0.6852617682901898 0.5965528814762912 0.6839281817239639 0.5438984725805284 0.6713216635155609
0 0.3220597643205233 0.6955234281092322 0.3031760615003841 0.7087395989420351 0.3003439344994445 0.7365425780815875 0.29629503323190176 0.7568985007795456 0.3159589669760835 0.770627127131912 0.36399573967517607 0.7832024649281787 0.4032670025889632 0.7965171335258682 0.4286101126384146 0.8046524439522279 0.4486167057510831 0.8028542797982213 0.45037339855302794 0.7926324830788302 0.4469721938852959 0.7793919162965824 0.45500458610242833 0.7600505345972426 0.4578743352405305 0.7347904639251502 0.39876086185312054 0.7214889072692903 0.334522367523843 0.7048115701081383
0 0.4725444114164161 0.7230588251907775 0.4566860346300479 0.7447429209429307 0.4555401017660815 0.760138205338067 0.44700507041310505 0.7790349058541469 0.4508760376888719 0.79307716426209 0.48128316123392617 0.8082021949885082 0.5427173167430547 0.828769139125176 0.5795035148960774 0.836603472454235 0.5977768005159033 0.8388702567573928 0.5994019872066116 0.8300765018077434 0.5984434795531279 0.8168734429167698 0.6008482116925487 0.7937115995288783 0.6021961493327235 0.7790741713890251 0.5985648089703275 0.7683326777038255 0.5432985748119172 0.7545737849064297 0.47790905927165467 0.7297353704188128
0 0.45610443382352045 0.7982818323499711 0.44205935441367356 0.8238867154897763 0.43779895715121553 0.8376849441126599 0.43544133836766435 0.8691895337878034 0.45678231776777733 0.8853670703876676 0.5111513944566339 0.9029654073110289 0.5735108383537719 0.9164359779693999 0.576954068030355 0.9144629293172978 0.5818533561492469 0.9025812590178282 0.5826186647698991 0.8795134138498989 0.5891621220169133 0.8704376642403622 0.5964712306222446 0.8589505122746021 0.5953012269738458 0.839189759308554 0.57940488531265 0.8376745037815413 0.5429521980470723 0.8291699849380235 0.48128316123392617 0.8082021949885082
0 0.32610088805768445 0.7726498816500106 0.3077527009011985 0.7859537232236375 0.3026795389245538 0.7938206079154932 0.2956432764980676 0.828907956973267 0.3133342758360358 0.8434007670600542 0.355997252198848 0.8641561646202 0.40374762736636527 0.8857444342181772 0.4312704222075919 0.8967733360752946 0.4442543042465044 0.897449392085338 0.4524605703213894 0.8821227959936122 0.43557759008825436 0.8706614109279572 0.43726344148756235 0.8375972733718355 0.44189022616527446 0.8227718487920578 0.4503266279348234 0.804946179603284 0.4298502722141201 0.8059426521315952 0.4044414091090504 0.7985213625901063 0.36449837881102015 0.7836471461114384
0 0.45688569296055825 0.8871959579702571 0.44493081724010103 0.9019088588762121 0.43498175245366644 0.9155005656053108 0.4341035774215266 0.9309396853708591 0.437697638384425 0.9597947134003041 0.47576161825031577 0.9714621633761906 0.5170620774072278 0.9774987895347967 0.577237090903237 0.985175849852514 0.5886330656509389 0.9765321264679615 0.5864391440311032 0.9649387783075166 0.5899243987165372 0.947752114221065 0.5905676924446597 0.931912148642669 0.5893132960408939 0.9219221837336145 0.5807636851221919 0.9114626847083018 0.5745489931532691 0.9169683298934839 0.5113862757606514 0.9033662531238765
0 0.30653695484759036 0.8404759952171602 0.28949468032242814 0.8543560240852837 0.2841961282604729 0.8676219007840832 0.280199085958153 0.8992204886791889 0.28559661034120076 0.9055400234647886 0.32182865313082154 0.922343453225146 0.36475938732546026 0.9431426861557037 0.42549839014124347 0.9683069306736201 0.43583722765203425 0.9475311797254001 0.4336338148134917 0.930137993745164 0.43498175245366644 0.9155005656053108 0.44318327291919807 0.8972740506036893 0.4304671487121121 0.8966418299640582 0.40421738997440015 0.8865461258438723 0.35546173653519486 0.8640684938793756
0 0.30080254491840464 0.9145524982829457 0.2891011902017136 0.9206094778296258 0.2833047446132678 0.9363305922550612 0.2763857514699578 0.9612901428134059 0.28614264543655604 0.9733968604605211 0.31451108151977847 0.9900000958062316 0.3583765953211335 1.009502793078284 0.39289871592701386 1.024214323033579 0.4223286921188357 1.0351930620411463 0.4297645612260501 1.0193779493957489 0.42630709472140677 1.0126512413181634 0.4275231835126799 0.9787854121363463 0.4265036684129315 0.9691962930401395 0.3649942686294777 0.9435435319685515 0.3226648031541104 0.9221179488939472
0 0.43679098969616437 0.9578343197064781 0.4281197066225979 0.9752591430824041 0.42610508994519847 1.0118933850628802 0.43137110821700964 1.019640961618222 0.4810896721813869 1.0375651285718825 0.5330113062466417 1.0522260386940736 0.5689332234579199 1.063542805706663 0.5773320030903062 1.0431742280504288 0.5693884065002293 1.0349882977909652 0.5681150276590496 1.013398657242328 0.5719290476225749 0.992641888731522 0.5662261432705381 0.9837356101080498 0.5173955882946726 0.976828604020338 0.47606225260995144 0.9711489883041674
0 0.29726171387138933 0.9795659066974706 0.27297608379651406 1.0042190666464836 0.2670433864874783 1.0184683039317648 0.2644790173183653 1.0463151184417294 0.2667339463844657 1.0542945268074078 0.31337566808751405 1.073164546456276 0.3744105596535795 1.0951156969922733 0.4100975955608402 1.106031618192015 0.4202720504325853 1.0870409194559723 0.42053471991739333 1.0635283931047832 0.4357728455470762 1.0308709718570936 0.4307417085792825 1.0235242411145995 0.42189180603861 1.0340343599730157 0.3928329628713956 1.0249283439184498 0.3585786000973418 1.010260649333567 0.3137406845521078 0.9895115792525595
0 0.4385066857022534 1.0247954668565529 0.42327330568192395 1.0603528070141384 0.4198676981425036 1.0648687641337007 0.4215969455013229 1.0992167823900516 0.4847925394217497 1.1124618487172235 0.5720205851509508 1.1303661192663634 0.5770842559088887 1.116699396754716 0.5688729014869851 1.1084696311248405 0.5632259162341945 1.0723930509850004 0.5659878873078273 1.0630606166321288 0.5337488266865033 1.053071565690181 0.48055415651773375 1.0374774578310582
0 0.4266185912504097 1.100763675312754 0.4154764802441391 1.1214079201497371 0.41212747727929516 1.1400664613763425 0.4130063377867652 1.1659402272342052 0.4922345250889779 1.1821724262285438 0.5562239012861777 1.189749160847161 0.5621332132861112 1.1816567718241064 0.5723920609132234 1.1528952850310703 0.5726218538702222 1.1297397691223166 0.48475966289394057 1.112818859159659
0 0.2854536093032243 1.063519850998488 0.2666170198389546 1.0850787681185423 0.26173196854812286 1.1056601951476996 0.262141066447558 1.130732269379867 0.3197889901739519 1.1481426098633036 0.3469311607718641 1.1514989509476283 0.41066227035594416 1.1648316880156246 0.41155908508783284 1.1403358010779534 0.41520872241231255 1.121364084779325 0.42651521605762877 1.0989347877301647 0.4168054354469001 1.095170816370301 0.41013047208864933 1.1056746077495792 0.3748474457338053 1.0962743990604038
0 0.7980100934847048 0.432430987402536 0.8041214102608466 0.4250964546347646 0.811294267145588 0.41213742552885035 0.8117216620071068 0.4074962897771896 0.8340628313318894 0.4010068270219722 0.8766644575107716 0.4047197215651788 0.9067428157777344 0.4234148567159517 0.9432005913903306 0.45547573728107077 0.9456765076700533 0.4758126775416151 0.9446292043895143 0.490136930609445 0.9424403711166971 0.5020999441706014 0.9356196648191495 0.5053320205899342 0.9128039872769786 0.5081198728095606 0.8242747745258072 0.49253933387582016 0.8063068688749704 0.49285929341053486 0.797592875317223 0.4841848465973994 0.789555394753072 0.47996986657513796 0.7855058080101991 0.45901290364968506 0.790592864077239 0.439189332875811 0.7975403308766698 0.4316292957768408
0 0.8251766776047145 0.4915998086597504 0.7980487438348626 0.496943224305113 0.7980067188260116 0.5121568397394626 0.7952355992713367 0.5363458790842484 0.7941977872095047 0.5564699699718697 0.820010659866991 0.5654069720239249 0.8578773805660267 0.5792164846544242 0.8959084839041084 0.5912409450727463 0.9071919349779874 0.5956249390975185 0.9502114647996818 0.5888968600692729 0.9573273743721815 0.5411388040446099 0.9479697443486464 0.527647879998165 0.9310538875877022 0.5165435053749454 0.9128368638047877 0.5077628623671252 0.8686568215534016 0.5005300262491142
0 0.8049833447568933 0.5633092017232778 0.7934887404257639 0.5730239564351366 0.7938649617973899 0.5984530411097396 0.7904315660771789 0.6268823703933385 0.8044773309623559 0.6425903728769445 0.8388303233198371 0.6561870361345209 0.8661511133848554 0.6664580817363555 0.9122573194242507 0.6852404306443992 0.9316907747361033 0.6808116872821081 0.9384830073775302 0.6601800974034009 0.9424566643707478 0.634738357770522 0.9365470096331492 0.6221743039818709 0.9082629663052938 0.5958002805791672 0.8581122618700443 0.5796173304672718 0.8202455411710083 0.5658078178367725
0 0.6478762787433027 0.5988331468415694 0.630599122914123 0.6123123298968454 0.6358848090986782 0.672972467715181 0.6425977373317564 0.6856680276150686 0.6648406198107767 0.7009060389988632 0.7471219213275511 0.7016927907485154 0.7617076047480696 0.6997319400711363 0.7728029451361357 0.6914013917586068 0.7742966257156074 0.6840356785786991 0.7807038312420316 0.6734880518290086 0.7898777534514421 0.6565079096363422 0.7919255893943158 0.6401731000251364 0.7895672851354343 0.6303648040768685 0.7731259365918786 0.6229620399892399 0.7617486015439254 0.6225489962016698 0.742371408068984 0.6204638808592987 0.6588357101484439 0.6096871642005919
0 0.8034767983000213 0.6446009294203207 0.7893422377877889 0.6564202388955178 0.7742966257156074 0.6840356785786991 0.776396663361369 0.6995999769763461 0.7770074232993474 0.704773464652091 0.7831800902594191 0.7144814349012586 0.8022051331471669 0.7262935029302112 0.837267515026054 0.7439926225362261 0.8531309801594406 0.7458648885056741 0.8742652091739918 0.7583846499403597 0.901553122711201 0.7690127059846298 0.9141706173348594 0.7707159579515671 0.9207422055003294 0.7583832789896995 0.9304607918544348 0.7266342025459435 0.9143526114606588 0.6979048101321506 0.9039568266376266 0.6838815341616215 0.8668886338247168 0.667303608732463
0 0.7850591406915587 0.7176882014040397 0.7711784439207576 0.7415080323316675 0.7670637895975965 0.7625779759144965 0.7641093049664622 0.7769523918318767 0.7661812116937682 0.7957736195818549 0.7741200626744917 0.8010596309314226 0.7878838328997817 0.8080240413149292 0.8206960313219217 0.8206436714651616 0.8528645932782741 0.8284468243820844 0.891055333646048 0.8357863136783337 0.910291529791046 0.8334996329706551 0.9166750072707028 0.8084524116714858 0.9170081754204826 0.7871257833453216 0.908618201531473 0.771981313197936 0.8739645748143561 0.7586978250123829 0.8534316145190763 0.745551713433651 0.8372346384982448 0.7443496329786615 0.8016038644278956 0.7269198530742577
0 0.751204041860568 0.7016363004198274 0.7717468361122198 0.7412386926300565 0.767195295708833 0.761149934144755 0.763940176718063 0.7758375251341582 0.7653965778980372 0.7865853462984957 0.7497398631502123 0.7883708554942263 0.7109807305909761 0.7813007058995883 0.6673314583938897 0.7712556216125058 0.6350266447169473 0.7619805915554291 0.6149587014203488 0.7467362526924967 0.6202616563539924 0.7157138520918874 0.6214404657457681 0.6999615572543156 0.62762668405857 0.6770563986097593 0.6436358921312536 0.6862003795391529 0.6648077432829675 0.7012630494412986
0 0.7658100786691606 0.7939008966288533 0.7540243311971027 0.8097286642325269 0.7517839816967276 0.8311054554082413 0.7476178111460086 0.8615891766056284 0.7624997260544745 0.8770716747580357 0.8027667760212428 0.8854758679024531 0.8551158049480164 0.895495642272984 0.8766398066869239 0.9008313594885483 0.8954062402238869 0.8977429871551745 0.897040575395637 0.8740926272136108 0.8975381261844624 0.8509809466752692 0.8920606119177361 0.8366756760448532 0.851826438478777 0.8279144724580002 0.821903314369818 0.8222908900869643 0.7886213533396431 0.8088695683110368 0.7753930987780064 0.8019928286683543
0 0.7462590113364667 0.7878009956788677 0.7535169464519051 0.8063840641393712 0.7519859864729359 0.8318633116635245 0.7486369835080919 0.8505218528901297 0.7053683355543199 0.8481493293758405 0.6531321730390341 0.8457582804076909 0.6155474469998852 0.840692359877291 0.5986363358482945 0.8324879041639671 0.5992796295764169 0.816647938585571 0.6010830929965663 0.7941124453417259 0.6036711902124465 0.78076522538124 0.6071330595887782 0.7697354095570156 0.6242177018604564 0.7612982080662479 0.6361305525720626 0.7617989225946425 0.6672985818660806 0.7716126320549415 0.7111827353671845 0.7820585621548712
0 0.751347781091832 0.8712596389635218 0.7370491806782189 0.9055204434626019 0.7295285760779724 0.9104499013532875 0.7341184240938519 0.9343944539294604 0.7472151725442522 0.9426992353418845 0.7611151944901322 0.9511355228655454 0.818678382723494 0.9576602085942699 0.8373556778957365 0.9614427054079938 0.8521809882296261 0.9627826194533581 0.8627221732542901 0.9634211675721268 0.8792807910810222 0.9606961331603266 0.8813757403797653 0.9527040698363723 0.8816479010832803 0.9349913813049747 0.882324071339212 0.9187944052841432 0.8755030223039992 0.9013700388917704 0.8556841971394786 0.8952263025713728 0.8027667760212428 0.8854758679024531 0.7632043699665267 0.8782742121965786
0 0.7307348309128736 0.8501277915399735 0.7373067618160085 0.8584515553898114 0.7407079664837404 0.871692122172059 0.7377490789809178 0.903823061991249 0.7283212930300761 0.9088026827314848 0.6958053260958834 0.913626401411039 0.6737929220491923 0.916545759741902 0.6213361150579494 0.922453621690592 0.591356729112079 0.9233438980242186 0.5842445369359375 0.9120325445236603 0.5830935157249525 0.9038714671971952 0.5821536477712177 0.8816116411340992 0.5892278750725315 0.8697236433554915 0.5970724993415161 0.8583241621305554 0.5981103114033481 0.8382000712429342 0.617355998767053 0.8417132283550471 0.6541703278385314 0.8462906323317748
0 0.7289601838865101 0.9107192410548984 0.7347244384224768 0.9366680226953097 0.7411882485234774 0.9402629800526626 0.7481031815327641 0.9537163962078333 0.7407049345627122 0.9720744173206913 0.7370644457192744 0.9761895286274059 0.7223520017968728 0.9824783399844227 0.7064698969637374 0.989662841187097 0.6753866031627516 0.9907347864815103 0.6514951486839209 0.9904473783095922 0.6349975383034536 0.9895584729266259 0.604910031555449 0.9857199427677673 0.5896807116691429 0.9828643162118373 0.5888021938993381 0.97764699316568 0.5874444223027913 0.9658281406740361 0.5906571735470452 0.9456977223072768 0.5927473772364349 0.9348057400734268 0.5954059731172869 0.9236444181379658 0.6216038728897759 0.9224974570610042 0.67546522209577 0.9160947510795042
0 0.753848110893652 0.9474090593969559 0.7481689345883824 0.9530023753229625 0.7403385471474582 0.9731016132775855 0.7376657144385459 0.9755631784833593 0.7223520017968728 0.9824783399844227 0.715634670692106 0.9875393039863448 0.7177018318100585 1.0034606128264274 0.7217653126433268 1.012460889669862 0.735195571981172 1.0200954855678275 0.7780368250734252 1.0271091448337775 0.8136767476248162 1.0296823197462672 0.8464370870817333 1.031059284699352 0.8699245320081473 1.029830980360704 0.8715449730895022 1.0181373065011587 0.8733765674281071 0.9923448839049823 0.8701444910087743 0.980219183820453 0.8602465997122326 0.9637406701232881 0.8372241717844999 0.9628707471777357 0.81817574358765 0.9572155274110101 0.7608474366583058 0.9510916874951333
0 0.7062350156597199 0.9892619953742495 0.7185051053055382 1.0035921189376638 0.721328426563101 1.0113021876017312 0.7260026673343476 1.025475952120911 0.7244198483901554 1.0397125344479163 0.7192151803022742 1.0490074609095135 0.710830294760283 1.0574193524837294 0.7011771187241308 1.067797965230909 0.6627938647988555 1.0655004574991682 0.6370514908063409 1.0587493534721377 0.6008384304541341 1.0535455993513634 0.5779003952817685 1.0429048883488177 0.5699567986916915 1.0347189580893543 0.5697873277056273 1.01294764857993 0.5716284132629392 0.9929550638035453 0.5758983017441042 0.9849566730004531 0.5874962812680142 0.9770708058711836 0.5903853555811953 0.98406685365038 0.6065823316020269 0.9852689341053695 0.6342600178635922 0.9887129459305185 0.6522655456515916 0.9909358948632642 0.6752879735793241 0.9918058178088166
0 0.7309771997275649 1.0186800987563613 0.7260355438621569 1.0251189416784754 0.7254251266618434 1.040601896814436 0.7192480568300832 1.0486504504670782 0.7116006917279537 1.0579078690374015 0.706527529751309 1.0657747537292572 0.708547577513392 1.0733533162820879 0.714105081663797 1.09564432275732 0.739809833519149 1.0998525183168901 0.784544031133937 1.0981162580036032 0.8143919109685707 1.0986540234397182 0.851896647124041 1.0957342081253019 0.8631658613698597 1.0914184454203868 0.8655377169814713 1.0686136124749306 0.8656126185181314 1.0530429865981457 0.863221437731441 1.0435917010923133 0.8542678172603225 1.0316164895564344 0.8488469075681726 1.0314538030330616 0.8133432367373714 1.0303525052607259 0.7785723407370784 1.0271968155746019
0 0.7042539609854597 1.0668521125357013 0.7075799213788665 1.0750068623830284 0.7144385925512419 1.0949741372428614 0.7180418019951821 1.1089725602803924 0.7095867605258843 1.1358549966412887 0.6823649427819585 1.1451693625238535 0.671997631615047 1.1485456000126986 0.6305656663468984 1.1439370156238347 0.5900166217202432 1.1267892303793177 0.577788899820941 1.117901934193259 0.5697748045658922 1.107530105908771 0.5630567879857953 1.071278184287282 0.5683648312664574 1.063812145408274 0.577665513977751 1.0425040425359702 0.6009041835097524 1.0528315784664926 0.6367837329745144 1.0587055181017258 0.663028746102873 1.065901303312016
0 0.7154109942951208 1.0962205100518168 0.7181404315786095 1.107901528953086 0.7099202714133293 1.1351848111268301 0.6919947335090084 1.1409475980389008 0.6960771967796907 1.1615475505219182 0.7343899520399941 1.1616591602286341 0.7888996833211293 1.1629728503903396 0.8319615808893394 1.16168759873945 0.8444052016552454 1.159376065098773 0.8475240689254253 1.143216596969216 0.8485337500688017 1.1263494354339256 0.8452030440660415 1.1152947666767028 0.8349387653542459 1.0998434489364317 0.8288789648056618 1.0977642040896451 0.8141241531367441 1.098610188069306 0.7848446654935726 1.09780308293158 0.7395420756873223 1.0998086829464777
0 0.5776197715725419 1.1167870674955405 0.5712501881832802 1.129877602712691 0.5730967048252756 1.1540978224696135 0.561597697622458 1.181569101083282 0.5548569812085891 1.1927869133474311 0.5986048829891029 1.201760966307207 0.639938218673824 1.2074405820233778 0.6930857754867239 1.2146919435952492 0.701888907409192 1.2164955212612867 0.7025274555279609 1.197755636772995 0.706599742104606 1.1712428658128098 0.7058479848366841 1.161697582087015 0.6960443202518816 1.1619045609643535 0.6920276100368177 1.1405905875964655 0.6820643084223228 1.1454825375958766 0.6719647550872379 1.1489026104551343 0.6311998115939791 1.1429536550373527 0.5905192608560872 1.1272339115625771
0 0.7114380227772332 1.1629751353081066 0.7065668655767968 1.171599876255245 0.7024945790001518 1.1981126472154304 0.707991075704292 1.2240175934854298 0.7371109263177712 1.229509669745229 0.7638209564448112 1.2346072276713185 0.8007010385719078 1.2384706107631753 0.8350679250197843 1.2401105879387333 0.8547081307171989 1.239339619741621 0.8590810516534795 1.2125136737094127 0.8611055022872509 1.2023357123604335 0.8590149558601963 1.1925712517825782 0.854711848113557 1.1802702102164002 0.8447387125426902 1.1587058795843144 0.8316280700018945 1.1623577842539088 0.7882655380740485 1.1639562109768213 0.7346248333440115 1.1620600060414816
0 0.9429985866141224 0.4547178810257877 0.9475508124928393 0.47611952513450045 0.9460337466042654 0.48964208657663516 0.942773882004142 0.5014297586561426 0.9361551804828027 0.5054196913307586 0.9306027646794162 0.5066850465771275 0.9330644441310783 0.5183222301079847 0.9482046256526638 0.5280487258110126 0.9581964009232795 0.5405562892709755 0.9591454173580563 0.5479595103421576 0.977461070724398 0.5556691220226715 1.0077976956044807 0.5686082547240651 1.029364065089904 0.5793867993169854 1.041145409690274 0.5813155556151217 1.0516208416593198 0.5826681246187615 1.0672118033515263 0.5815966363079018 1.068569232210408 0.5727590459878401 1.0732241478065758 0.5546766920557311 1.078113944706761 0.5369951839364697 1.077831950046874 0.5282515918363704 1.055654820623472 0.512299559567705 1.027563633590783 0.5015399974121983 1.0109579024081814 0.49592228553674694 0.9848630350908083 0.47824169138459244 0.9546813016310646 0.45771766865123026
0 1.021019833606104 0.48995930421002926 1.0358451439399934 0.49129921825539324 1.0664495266519025 0.5042821863271989 1.0829047692858533 0.49972826433280915 1.1119022622691381 0.49179177737043617 1.1414447621347825 0.48974279896867906 1.1724999250173127 0.49192778302659707 1.2044007291418386 0.4996871005731076 1.208036815113588 0.5133285131682029 1.2101934573339261 0.5430353956728933 1.2069617236522583 0.5515661384000697 1.1627399991296863 0.5802033605281138 1.1386184089561917 0.5824150254532439 1.1002775227774324 0.5855603450988591 1.0785000000347589 0.5888805492425697 1.0633740553412334 0.587853810269229 1.0674795611833527 0.581640471678314 1.0683014743785813 0.5727152106174279 1.0737267869424199 0.5551213732389909 1.0782173198995417 0.5388240715190592 1.0786352235423537 0.5283830979476069 1.0560540845665352 0.5109153531683753 1.0272958757589565 0.5014961620417862
0 0.9561343281523456 0.5481913421524944 0.9499437069678551 0.5888530246988607 0.9197718074644834 0.5947852825969956 0.9185177537983826 0.6054517604996467 0.9378529222644729 0.6227504912763674 0.9436968239464534 0.6360285659498893 0.9700404666582393 0.6421533198328732 1.0168794475281424 0.6588812768271285 1.039239599290339 0.6639914897114942 1.0628209281908267 0.658792235135644 1.0649297715799655 0.6388434857296713 1.0732204304102173 0.6137461015809521 1.0686871869689143 0.6039441331118222 1.0572298620372826 0.5955453534794358 1.0378336861249273 0.5818605624974817 1.02886142595406 0.5789421181337256 1.0093384895398219 0.569585287831409
0 1.062570781845754 0.5877223041579924 1.05666146984582 0.5958146931810469 1.0678839134734344 0.6038126270005856 1.0739908273778882 0.6142346181346241 1.0651646528839827 0.6392443315425189 1.0637228312697342 0.6578527099195742 1.048103738659072 0.6621811275827651 1.0568506087446283 0.6704985639534651 1.06538598283527 0.6722583062490904 1.0651605927499594 0.6776572982560344 1.0705909936608164 0.6836198225991987 1.1128167412057377 0.6825600752795081 1.1384415031774109 0.6787825349942617 1.1687730397104747 0.6681653059740541 1.1955484801554679 0.6518924002035671 1.2024912013455453 0.641432444194701 1.207803990235561 0.6368663242255889 1.2071932302975825 0.6316928365498438 1.2070756182767413 0.6211641922375674 1.2014804919891737 0.5963302772948745 1.1880173561235194 0.5890526918393446 1.1776686846563567 0.5833721621560671 1.1640787882888193 0.5804225373801748 1.138350651124365 0.5823711900828317 1.0997420071137793 0.5854726743580347 1.077696726539279 0.5887490431313331
0 0.9415876378196499 0.6353208725441563 0.9705759823218925 0.6422409905736975 1.0187537523509285 0.6591881244200138 1.0296003173445818 0.6624134163766554 1.049875011026742 0.6813155304047666 1.0662367124242842 0.7013890014592844 1.064160745562955 0.7209807404228217 1.0581765320263612 0.7446437553226612 1.0572793745568072 0.7484831994486267 1.0356381035347237 0.7532752807324913 0.9966064675343076 0.7432613768575452 0.9699574448535325 0.734549879136689 0.9503687553836759 0.7259070697192432 0.9355997068866978 0.7180532969692169 0.9295680372565696 0.7127171227700991 0.9238227651580165 0.6983680167692707 0.9214034534528703 0.6921736606157696 0.9213563400970008 0.6838309143285178 0.9321605373441382 0.6816133789078034 0.9391547747617734 0.6617396452843792
0 1.0703561123567988 0.6832189767863511 1.0592936484965416 0.6911925146564449 1.068012387663643 0.7027668803794761 1.064296997283545 0.7224526175629756 1.0586462946343962 0.7454454469483563 1.0572464980289982 0.7488402098910621 1.049152755627936 0.751139088573463 1.0558656838610143 0.7638346484733507 1.0594875330047033 0.7687763043387589 1.0760837729685981 0.7685941783944187 1.1065939289687683 0.7648916538917211 1.141214336420411 0.7578757097080038 1.1621462179210889 0.7489811720757008 1.1730819212794625 0.7453355948852444 1.184849029051772 0.7385645944536933 1.1983304618795099 0.7161289699253951 1.1971136876129065 0.7086819134838009 1.1946520081612444 0.6970447299529438 1.1896395108931994 0.6806412320383273 1.166931611415498 0.6675014479387332 1.1384086266496016 0.6791395454366972 1.1137891429496167 0.6838064480884632
0 1.153188194578282 0.7547624844416317 1.1799453380611913 0.7682027886549733 1.1849297044107807 0.787863215921921 1.1837651318470654 0.8123152674891797 1.1755822510812828 0.8214850153186785 1.141037087903965 0.8335867764373162 1.1057167821496234 0.8423001020923863 1.0723270430549794 0.844806416635679 1.0426811679965537 0.8450265074548468 1.0342535719703818 0.8273391288400008 1.0465609410156975 0.82355571805917 1.0522777394581297 0.8205053106006238 1.0568946901794698 0.779223605389349 1.0501817619463916 0.7665280454894613 1.055799930805396 0.7645486693582216 1.0591211455894496 0.769803500295653 1.0758160151367715 0.7685503430240065 1.1061570428885426 0.7637329518235904 1.1409465785885844 0.7578318743375917
0 1.0360044909499777 0.7522480847755971 1.0502146384742006 0.766171035047026 1.0567960605960423 0.7802946367166553 1.05214148773754 0.8190334334604699 1.046795822319715 0.8239565638720175 1.0200061450466613 0.8315297129128174 0.9491065814495283 0.8133994810489251 0.9258069044712623 0.8066858849131692 0.917327792217532 0.7984122839128812 0.9167732941164651 0.786724937532474 0.9086839545870913 0.7712672923130652 0.9143726221110678 0.7714738142068504 0.9213105976917917 0.7581139392880885 0.9305970435750248 0.7281060796860975 0.9276422162062256 0.721824052791772 0.9284078675645426 0.7194126504355481 0.9351346898880164 0.7201515242534174 0.9504673849671034 0.724836038391937 0.9699245683257234 0.7349068895791243 0.9971748597257697 0.7429920371559341
0 1.0417745193082932 0.8430661137610208 1.031177072446718 0.8489414243469143 1.0428458933732645 0.8638978980543751 1.0389942512725767 0.8821117580977207 1.0330476598731455 0.9083176814650203 1.0302714519714522 0.908950359088205 1.0346355671643561 0.9176374608596163 1.0720464193457526 0.9186885957824019 1.0980423143420333 0.9167837784501572 1.126875424686272 0.9106323436999615 1.1527960754082276 0.9036417094327961 1.168311792826109 0.8974844041870158 1.177429453198608 0.8870181206990119 1.1777816037858018 0.8772911680124306 1.1732480176068336 0.8468327567315951 1.1477591646180851 0.8314257313452899 1.1412062161523644 0.8347016431350348 1.1062194212854675 0.8427447832756458 1.0717586508635168 0.84507575633729
0 1.0213778107336036 0.8313918793224429 1.03174546463818 0.8486720846453032 1.0433156559812993 0.8646995896800704 1.0326155194022733 0.9100588983067855 1.0277677475109388 0.9125267909916973 1.0099642244991478 0.9110616983142347 0.9561777768298141 0.9018937784189497 0.9280913354064786 0.8940341351733387 0.9033494940762987 0.8852724746029322 0.8975150836130253 0.8777942377492018 0.897773350226145 0.8720382352998225 0.897805884016289 0.8510247820456814 0.8929625149966433 0.8357361508287835 0.9119638298376237 0.8330486243082573 0.9176660487143304 0.8006420173083183 0.9260417857752797 0.8070867307260169 0.9490737049217193 0.8137564914913605 0.9490737049217193 0.8137564914913605
0 0.8968528074474891 0.8820345276880149 0.8959088793597308 0.8981876683384343 0.878683239758109 0.902253073779152 0.8828924635306743 0.918525065582532 0.8809761336990372 0.9334318334239962 0.8816434982115919 0.9527479052067843 0.8833910425324949 0.9573827134793073 0.9050841725198016 0.9638332973925902 0.9341711466054716 0.969682384094825 0.9756407340107827 0.9768338769511495 1.0035204250485563 0.9810357450315816 1.0219862242258837 0.9782605477702311 1.024701081943647 0.9605853671301077 1.0285713637440836 0.9333147399146394 1.0166581702948125 0.9121575825745394 0.9564126581338316 0.9022946242317973 0.9280255823508603 0.8947481560582095 0.8973225700555238 0.8828362193137101
0 1.031544488074967 0.9098835568251368 1.0266309631280144 0.9130654703949194 1.0177620781499281 0.9119759136137527 1.0287404919924827 0.934429606612358 1.0219862242258837 0.9782605477702311 1.019078510212954 0.9803212671631574 1.024823782311507 0.9946703731639855 1.0510593042211585 0.9960663205544842 1.0859898372511438 0.9945370391185354 1.111717974415598 0.9925883864158784 1.1284128439629202 0.991335229144232 1.1679372851428083 0.9753375335709409 1.1662836247959794 0.9667317750612159 1.168331460738853 0.9503969654500098 1.1640846148291253 0.9315820651791696 1.1354060531675603 0.9094921670856911 1.1270774294624806 0.9113901999552446 1.098375825229478 0.9161135929356986 1.0717129084583077 0.9193587812968605 1.0343020562769114 0.918307646374075
0 0.8832219142840958 0.9562678467815888 0.8802531928249011 0.9619425059692815 0.862689296726481 0.9637781780145623 0.8698438566491385 0.9805323588924765 0.8740483348123503 0.9939044317859608 0.8707983041685989 1.0321483844969652 0.89362821853883 1.038060289007026 0.9327489929039667 1.0412033237348743 0.97200127338034 1.0429183166929807 1.0081062129304128 1.04339326432127 1.0171676114660004 1.0394408395379287 1.0193045857735945 1.0162351607796245 1.020178015196381 0.9978961221041804 1.009744608236186 0.9813299376661909 1.0035533015763656 0.9806787345891461 0.9754058527067653 0.9764330311383019 0.9345046574929166 0.9690121985803662 0.9053848068794373 0.9635201223205669
0 1.0214978219181003 0.9865156233166585 1.0146771156205523 0.9897476997359912 1.0207135308600344 0.9979837928450048 1.0193374623014038 1.015878150337189 1.0171347349381912 1.0397978499803637 1.0084726003456668 1.0423660683643758 1.0025161749898637 1.0421157111001786 1.0025256662085704 1.04791554891997 1.0098727396887295 1.0596277482333758 1.0117660269489295 1.071534271465844 1.0301050656243733 1.073087034884131 1.0531274935521062 1.0739569578296833 1.0722321835858675 1.0730983188917467 1.0947143502405936 1.070980652186579 1.121983281340389 1.0700090325912661 1.138311763472457 1.0697830712765137 1.147941554199507 1.065561306791561 1.1587786279744532 1.0629867609284112 1.1577730069651002 1.041440955750186 1.1605678545665423 1.031751510954879 1.1579323012571274 1.0160995418164074 1.1486827920357268 1.0073374242624475 1.1330633566873993 0.9910093991139329 1.1125212479110778 0.9927198925271149 1.0862575950829705 0.9945808744889476 1.0513599385807941 0.995753145482461 1.0246217775352986 0.9939125169087024
0 0.993581536956159 1.0417401752038828 0.9992515647803868 1.0510034642697905 1.0033950354973336 1.0679894769580416 1.0031557513216276 1.0853451550470037 1.0037055038133413 1.0941325825175152 0.9993274945300421 1.0974021668281222 0.976981579595906 1.100991710673444 0.9441697239114311 1.109028523334917 0.9197146228504915 1.1119103737745057 0.8899043651530204 1.1139155168058508 0.8720069581671555 1.1164213743655902 0.8600002234814752 1.119891610074398 0.8556689848163805 1.1108474978605514 0.8512296253491514 1.0970745791542196 0.8630672317864323 1.0924894767476931 0.8652465738405425 1.0747266253667453 0.8661061091729336 1.0683442727733194 0.866383015485802 1.0535315031518178 0.8629208033718052 1.0439048761643366 0.8550710907558022 1.031747995667671 0.8705634228645814 1.0317475386841177 0.8925571872115237 1.0378849475253773 0.9324812350721402 1.0411594883644621 0.9722690312121667 1.042962152063393
0 1.0109532622347428 1.065602927534816 1.0034607885529518 1.0672754560731705 1.0047765351406475 1.094307923999164 0.9881240333398417 1.1010039086481662 0.9923285115030533 1.1143759815416507 1.0074409048438482 1.1480158494087156 1.0341038216150187 1.1447706610475532 1.0602593536409917 1.1381808725932354 1.080063941977452 1.1356248521839463 1.0910701440007973 1.1341651730185143 1.1156801364820759 1.1236984325469572 1.1337700570254423 1.1161505934227092 1.1453070291030873 1.1118786660882065 1.145753063664355 1.0981807631644231 1.1473687591363562 1.083587170394982 1.1429951527247453 1.0691002308037791 1.138814402608301 1.0702277524597736 1.1216497704529442 1.0706792181057248 1.0955176237360733 1.0711121582978154 1.0728005757773298 1.0728289791901355 1.0535972561601412 1.0747586494553787 1.0297715547369286 1.0737572203985897 1.012170036501346 1.0730499839764103
0 1.1215660631729072 1.1217628917861295 1.136856733243143 1.1416610213589984 1.142263748844898 1.1537803939643896 1.1426914864440816 1.1697957010244346 1.140916153942388 1.1890742649159487 1.1264246972336083 1.2077206081678313 1.0799571921259776 1.213521816938283 1.032442041000143 1.2129908359648591 1.0023264033336825 1.2124092351583318 1.0011282687668281 1.1959054115446148 0.9948051132581059 1.176025807425606 0.998825883607193 1.1589268140799793 0.9989617925901182 1.1397422484084274 1.0085119361711545 1.1481911908903641 1.0340380685594006 1.145484681932424 1.0607948693046447 1.1382685433340598 1.0801625715608794 1.13455382085664 1.091807664440659 1.135010700014622
0 1.0019600159184288 1.2134364311152257 0.9868859301901264 1.2236523573390328 0.9748839411137997 1.2300225119577357 0.9754336936055134 1.2388099394282477 0.9815406075099667 1.2492319305622859 0.988962925264451 1.266029946810612 1.0115203361935021 1.268998097040365 1.0486305540152627 1.270362407035174 1.0832323217671567 1.2724032300235797 1.1029759026573522 1.2734611494090566 1.1204693000908006 1.2694395793387512 1.1292815804943102 1.2563865520128745 1.133546380628457 1.2248317994881812 1.1256543002659378 1.2072320916141595 1.0799571921259776 1.213521816938283 1.0313710096728366 1.2128154944832104
0 0.9844083002220785 1.1000332030199604 0.9921970053918168 1.1158040233113924 0.9973738852989075 1.1304224690138316 0.9989617925901182 1.1397422484084274 0.9982574914157307 1.15919615378159 0.9659153983392907 1.1680346580687588 0.9198519027840768 1.1753515793497764 0.901987372326021 1.1775004264670808 0.8574270485689854 1.1832514723879821 0.8556466277202734 1.1789736745578951 0.8450393469023258 1.158392704512291 0.8479938315334601 1.1440182885949113 0.8478996048217211 1.1273327960204076 0.8481107580789714 1.1132340472837765 0.8556689848163805 1.1108474978605514 0.8611041313365908 1.119709941113611 0.8719412051115372 1.1171353952504612 0.8915437886717891 1.1138215185858886 0.9218895620329133 1.111904046295368 0.9436013317199687 1.109297863036528
0 0.8559848842170716 1.1812034079533318 0.8617067710065225 1.201709362216387 0.8563380630172606 1.233445783701867 0.8707502153176916 1.248126590228579 0.8803566207356395 1.2500616740058532 0.9045815861019149 1.2496788966633128 0.9154234054862147 1.2500042697100584 0.9457596876286323 1.2422869595997466 0.960641259799433 1.2371130149404481 0.9736109050102851 1.229089314220804 0.9885911067645134 1.2228443382341994 1.0020915220296653 1.2120083893454838 1.0006256296309841 1.1954607303613551 0.9950071180343145 1.1767836636808893 0.9954673894236424 1.171785517486793 0.9897644850716053 1.1628792388633207 0.9658496452836725 1.1687486789536297 0.9193821401760419 1.1745498877240812 0.9017196144941944 1.1774565910966686
