0 0.36996934642118384 0.3981705754406529 0.4099421418238377 0.39196406759061947 0.464656904641124 0.40037984759647977 0.4985365584667175 0.41904361778744903 0.52556468582049 0.4425381732827018 0.5042826395847131 0.46315458884705957 0.49129993089970664 0.48656993324743514 0.46853203294885537 0.4932709157265811 0.40685162175137335 0.4708287641902725 0.38078632759634135 0.4590466292696594 0.3614132748069534 0.4371686667084369
0 0.5293375095154653 0.37114153152994683 0.5219938826017575 0.3999328567118849 0.5254125232759905 0.4173952975030595 0.5441413130789923 0.4380909241622944 0.5974843460895788 0.4514484279176747 0.6376925078706596 0.4630784002937884 0.6559886055529325 0.4543867854456396 0.6630166688746874 0.41127466891942976 0.6657884419108756 0.40415557761275056 0.6439565575149572 0.37985603187264544 0.596110825764728 0.3637596697372425 0.564875335805006 0.36187164644035225
0 0.6636925931677038 0.4109893860923384 0.6577931056963005 0.4525459382198045 0.6725739746496622 0.46593992745281615 0.7201250201122675 0.47640974576429734 0.7702961248044019 0.4891449622882645 0.7896839671815612 0.47997052791193023 0.7925792436428112 0.4501922451770753 0.7902100982408938 0.43770725840203695 0.7790228128729331 0.42378808742425783 0.7354650648547674 0.40132085024037556 0.7032589643144054 0.3940915659466548 0.6818307007550137 0.3934185773727153
0 0.7773346073691281 0.4187946466177554 0.7862585806312883 0.3932143303429325 0.8209845581498942 0.38328410109426564 0.8664318082964111 0.3920969067719559 0.897520451713449 0.4127869757808269 0.9145286303798839 0.42814941066907597 0.9130398243409047 0.45059161584589535 0.9027286622348212 0.4680318796761247 0.894384161486248 0.47882506533851266 0.8695432097881234 0.47985685724782523 0.84968756671588 0.483510864300485 0.8204069065071095 0.4773273963278197 0.8066277722912174 0.4744175290465653 0.7913758578001211 0.4492247416946687 0.7936153192152492 0.440281141157512
0 0.867979577776177 0.4820417895155688 0.8702951408242134 0.492489275184643 0.8733046171061438 0.5030833009326293 0.8904671207139112 0.5142950841458779 0.9005978283629508 0.5278156071902288 0.9047753209943006 0.5405531483864228 0.9322603159135021 0.5397184179081956 0.9643656519121974 0.5389109802977051 0.9790649763225469 0.5439120272846987 0.997879284029483 0.5322361680723803 0.9981745163282458 0.5237626691867422 1.0001118680919538 0.5194296611186073 1.00180138328132 0.4932304868954131 0.9877614892260749 0.48267813403726895 0.9651952958965382 0.46605728074990455 0.9348386055289212 0.45637213223114514 0.9219759788411217 0.44878703915633894 0.9175483088541715 0.44822652812560354 0.9145051469434983 0.4496620090392594 0.9041072334516697 0.46833158632598976 0.8959763869011013 0.47989250260900995
0 0.9288289502347367 0.44311834529373 0.9599094401617214 0.4463112108459131 0.9909712141634375 0.4614847963999625 0.9921651489415014 0.47035091395515677 0.9822248087384401 0.4783637876807358 0.9660467459300772 0.46558429112370575 0.9363525067430907 0.45781539979892255 0.9222499957147332 0.4488449058352275
0 0.9933480164542803 0.4698516690077472 1.0141349979462424 0.46038417076511423 1.0560323459715744 0.464737769299506 1.0902112719732906 0.4749518174913229 1.127635000449178 0.4862256216612848 1.1294450530675295 0.5064574809131587 1.1301156381822683 0.5268232292809603 1.1142745772339255 0.539582329411368 1.087575807731397 0.5444306915562257 1.0547916501816363 0.546121340929236 1.0159195550313158 0.5517696383652226 1.003808345317959 0.5402234978230032 1.0010894420604401 0.5205487501974275 1.0032049752443104 0.49328095195220634 0.9871707292820597 0.4816553895685108
0 0.38028966247533835 0.46456693062020316 0.368718225326753 0.46469142724752094 0.3551501394559477 0.47081463331103923 0.35271973894262737 0.4912745598740303 0.3517559491147065 0.512900252216915 0.36737710447092714 0.5273277405352178 0.39602074558271794 0.540225067528633 0.4227202517579965 0.5505717134824709 0.4612207192805935 0.5642665256771432 0.4788754750663271 0.5615744836060044 0.48367793475679655 0.5454677028639676 0.4872773458926609 0.5286788392110323 0.4997444970050447 0.5129066102391441 0.490684184537085 0.49729649173670376 0.46760938610403674 0.4915675249930251 0.40717200661410585 0.47067194800980294
0 0.3814382029879988 0.5337885117917401 0.36991509743072515 0.540574049741394 0.35336987505668993 0.5430723782355509 0.3495836577715684 0.5574841226854882 0.34529680485021474 0.5819310199358941 0.359137739106653 0.5963776615814765 0.37997402191625934 0.6072311373840819 0.4055684824749296 0.6158627990392136 0.4381017382790827 0.6301083307483596 0.45492765888218534 0.6368882586790567 0.4745783196442608 0.6373504790418791 0.4826252169540022 0.6219947060636158 0.4827550827307423 0.606349867091517 0.48140921449551993 0.5973076177987442 0.4914764831139889 0.5911365351689792 0.4896896704620077 0.5741650355983628 0.4813149353508778 0.5631774865047999 0.4625157830113687 0.5642779338725765 0.4229170040967807 0.551306003900194 0.3962406143705858 0.5401411165552601
0 0.36568586976653805 0.6010187414288545 0.34540814097604394 0.6095772262415912 0.33903404302875956 0.6416170221552897 0.3425566369748062 0.6552016413629204 0.37080347800278957 0.6714393645298852 0.39662865984314793 0.6837414913975892 0.44129317017019853 0.6995940695816735 0.4614347472324478 0.7029915047655652 0.46737217961340005 0.6935447669327411 0.4674801209600472 0.668314145027102 0.4718177047025868 0.661525720456929 0.4655291652708155 0.6387965106478096 0.45634826315302573 0.6377137426194613 0.43831809691236295 0.6300539294334452 0.40565294797453455 0.6158793194034203
0 0.360354365241504 0.6675206326348683 0.34126120915196856 0.6823216108351243 0.33199375531640984 0.6927772132817106 0.33313846253484386 0.7182723685765549 0.3390700673653325 0.7250893126518987 0.35350665002059456 0.7332743075826823 0.38908945825080726 0.747209018695031 0.4458184920559707 0.7668934459889446 0.4609650369363103 0.7718041780934799 0.4651878585794834 0.7632794220892308 0.4618607509001088 0.7561564457489093 0.46181989221532815 0.7321784724083513 0.46304433039881154 0.7191683038885456 0.4682747143299179 0.7048639879278858 0.4613851472219719 0.7034090542872588 0.44186989444226316 0.7001438857979698 0.3971557841047366 0.6847088571355789
0 0.35105095290090826 0.7323276912825789 0.3354054941405776 0.7397242953490645 0.3295799100837602 0.7590392055700484 0.3276955295419127 0.7859222522992061 0.3582039140362117 0.7960415629835024 0.42698800348293264 0.8155569701960147 0.4463332112203479 0.8201675014175488 0.4548195609902538 0.8167073955531797 0.45977877889753815 0.8064623487067566 0.45720815879929655 0.7833348255060001 0.4636114079090488 0.7791721996549016 0.46562767223242524 0.7688308867543582 0.46190482557885965 0.7719838839331542 0.4465241317919049 0.7671601264340285
0 0.344339450992315 0.7933762883678241 0.32831790001307015 0.7989216888770105 0.3218788558205674 0.8183082714895735 0.3206484571457509 0.8369565255691022 0.3415576358667793 0.8516139917364217 0.3827040948625191 0.8650302924306349 0.44675511307183735 0.884596622566406 0.45413397004219136 0.8672467953215405 0.4563155172775746 0.8472237300224608 0.4475868908356845 0.8212200895745735 0.3583351896000724 0.7965945103467137
0 0.3352474701284437 0.850018803300861 0.3205691066667433 0.8608374916798468 0.3166905251492819 0.8752499316696468 0.314861036943828 0.9005995914079241 0.3331828965800863 0.910508871960887 0.3813263310124027 0.9280289121444035 0.440240903244625 0.9444096327013319 0.45156517806921753 0.9236911983539396 0.45992561547907573 0.9047103741272089 0.4472706672791691 0.8852307216067837 0.3829875298210669 0.864302310982276 0.38286580230531725 0.8653270540315322
0 0.33210047245565893 0.9113307358172271 0.31553890796904716 0.928054427460251 0.31196464524096 0.9399050098269105 0.3111662654501697 0.9665228676459433 0.33245196250116243 0.9746945380782449 0.3748330050160168 0.9860080461045477 0.41210803343271263 0.9938797587896939 0.4376530151754292 0.9976986549087955 0.43452507320820305 0.9776047850172246 0.4426802477790059 0.9669842085388768 0.4532437256301629 0.9526704182493361 0.44702067068434165 0.9337612111152153 0.44037217880848567 0.944962580064543 0.38148803845520085 0.9283256737453011
0 0.3273859283300524 0.9725742473872415 0.31432463929633325 0.9863605517752001 0.31086076830128034 1.0005979576798527 0.31308887741770364 1.0199765768538793 0.3239059677235604 1.0317149662893454 0.3583788661683199 1.0416210506960502 0.40974092882958546 1.0519424280731438 0.4375820343850176 1.0546705438427761 0.44735964658761473 1.032049812374251 0.44112525585907797 1.0165521718273796 0.4351593888371651 1.0137166304188319 0.43429535106911266 0.9977774229398229 0.37441829449360825 0.9861830801896957
0 0.5388421705612358 0.4323939737358951 0.5261357765256911 0.44154166969603786 0.5063407649724082 0.46412202067100866 0.5054555757145865 0.48224500325673625 0.5074212003609517 0.5066038389623407 0.5518628760186948 0.5148622347904628 0.5901561671906701 0.5161883990040486 0.6094865099057953 0.5188621112619295 0.6209095952960655 0.5187392107452183 0.6389214153652905 0.5076133094939485 0.6428654343014072 0.490417979295429 0.6385143182349418 0.46302015812672814 0.5979680242233743 0.4522040938676006 0.5436886805950366 0.4396146585118643
0 0.510555557232847 0.5086742051993254 0.5002365722301616 0.515509162233979 0.4871813497430341 0.5293719401739444 0.484159651678124 0.5459169723507334 0.48640049519523104 0.5590662878381537 0.48713528371178144 0.5671088084425056 0.494142621197641 0.5685886127436562 0.5036538617488642 0.5756676277559213 0.5205436692697407 0.5775442585943428 0.5713763055420565 0.5818001633672817 0.6063822678421766 0.5841222580329151 0.6174398765869311 0.5746263728254429 0.6195168527484232 0.560698745165556 0.6258668465240921 0.5499270183235462 0.6257010615557178 0.5282017995648244 0.6098007780026815 0.5197735512191571 0.5900582389648587 0.5170127916494438 0.5517975905348206 0.5154118298873929
0 0.5080900930727266 0.5774495408314729 0.4919433981653668 0.5906594639326953 0.4849443847764738 0.5962236929668364 0.4835164282282059 0.6153588184345918 0.4839983989062256 0.6326437527619563 0.4959828173936345 0.6402450516452157 0.5333723535010956 0.6509578561625305 0.5700783096406359 0.6620896848090271 0.6044211753922872 0.6682154214972553 0.6129710458461594 0.663823774355839 0.6185676852985854 0.6362731846274788 0.6240094351382921 0.6171406159767358 0.6325528991079571 0.6003532111114424 0.6260352027511547 0.5947514435833154 0.6164849129737872 0.5755514683956385 0.6074127586489207 0.584339876312496 0.5710722791548961 0.5825810323567607
0 0.48625331935857724 0.6367819284189129 0.47215352912946096 0.6594382279097607 0.4672462224832338 0.6705146203431841 0.4679099726776318 0.6951619092102215 0.4879955873287592 0.7092627599658677 0.5329352282125261 0.7204432259023053 0.5887244620669392 0.7274360073639395 0.596470423294868 0.7262548834922717 0.6028261699088149 0.6994279834845064 0.6078269159094056 0.6697797162932259 0.5712822558667916 0.6626256242929892 0.5333397107591584 0.6512326537109956
0 0.47318855213268074 0.7681078453592866 0.46392054135619143 0.7785450385669347 0.4567480725478867 0.7837909463966944 0.4605583389366652 0.8068491860588382 0.45506346293556943 0.8228719343646329 0.5032680316589802 0.8350235763441946 0.5502379290270575 0.8415623519996741 0.577726429292809 0.8431419876977196 0.5828743944550815 0.8264825969831623 0.5926954142317429 0.8167255698401931 0.5912687216503053 0.8020580400297308 0.5820167054218199 0.7981323690183301 0.5773129256782532 0.7861530786066223 0.5159692831771482 0.7796774673819574
0 0.46871906774598004 0.82885431600005 0.4556843286783043 0.8461017118334286 0.45389730196872774 0.8682596103343 0.45346911109802607 0.8825354272415163 0.46860004577981546 0.888547676919882 0.5136376148893939 0.8989037502109244 0.5817191288438948 0.902013512789169 0.5906645474265314 0.8836208462890012 0.5930353082654579 0.8672200406929286 0.5870258188444052 0.866232652219824 0.5772655956801702 0.857692602153401 0.5761531711956187 0.8439365123001665 0.5506174826078178 0.8419241968599716 0.5029313625298828 0.8360792428821386
0 0.4690877692961133 0.889777438081491 0.4607177607458601 0.9068831641511657 0.4570777681969036 0.9232976253602061 0.4582759615847812 0.9398887380099237 0.4624817761023242 0.9489459583133161 0.5312673534441978 0.9550213146557924 0.584391388136321 0.9524371487600525 0.587386849943501 0.9485626718556054 0.5874457289431682 0.9356173190347983 0.5925040899765958 0.9268263543009282 0.5943301659123167 0.9167894159754688 0.589993780427025 0.9088313858659367 0.5824353515537527 0.9013196911115222 0.5135723294055196 0.8994533453078546
0 0.45870864132693073 0.9433604032151696 0.4532054412288683 0.9523391181856723 0.4430682357425613 0.9665364297599992 0.4345919748695301 0.9774225151397772 0.437698177870936 0.9975151610376889 0.43502339064484924 1.0146968356232409 0.4410002373239648 1.0159590216448107 0.5173704797968407 1.0168755174693593 0.5657113723262781 1.0118727960893052 0.5667066491323965 0.9892660054163039 0.5710487874559663 0.9811688623600805 0.5782065256830973 0.9564831634711517 0.5321672732831932 0.9563381231292336 0.462655231521736 0.9492642795176973
0 0.4564575994251257 1.0192232958385254 0.44827704084228814 1.0222844788935321 0.44830584835870657 1.0327131301222376 0.4458736372614245 1.03896008203807 0.4472209674237432 1.063188346775926 0.5002432386645362 1.0721320223027515 0.5767523762021272 1.078993361268732 0.5787026166213896 1.055461475025535 0.5796652506855708 1.0331294819009988 0.5632324415518143 1.0274056853840665 0.5635953469386417 1.01367946357378 0.5175868196679154 1.0186113500719822
0 0.6776627271814902 0.46959734380409884 0.6521046375614781 0.4695521348590756 0.6442914732369158 0.4766345782162587 0.6439714523017515 0.4917783114247865 0.6391601562685764 0.5073820356013996 0.645227260722466 0.5292267265319147 0.660356277791496 0.5405907005988654 0.7269791100685512 0.5577586618047453 0.7582324210127298 0.5578798192656454 0.774844438404176 0.5478667638212039 0.7773655999843738 0.5053004550350519 0.7684195277558081 0.49524219064558705 0.7563922248167363 0.486223380364086 0.7109098166425232 0.4760550573096763
0 0.6471781547876573 0.5341457711783505 0.6320843517192529 0.5456062060639819 0.6272039349766847 0.5724629741146954 0.6261331309769661 0.5939270509379201 0.6345485952375709 0.6013380427675346 0.6505244059842075 0.6109090049629782 0.7119397404533939 0.62923077881459 0.7435380446236365 0.6353403030728378 0.7579565918210867 0.6313429256516798 0.7638348566284616 0.6049785734290124 0.7567539095617613 0.5970043308895 0.7547518069479402 0.5836237415095308 0.7544823409154766 0.5787780885619597 0.7395408562011028 0.5587212958689266 0.7257098783585212 0.5577723174177133 0.6600848941462729 0.5410967720398795
0 0.6327263545273687 0.6006715323158237 0.6242910604932412 0.6183268534824286 0.6214671364927133 0.6278713759798418 0.6176453644273786 0.6369234826492092 0.6133384401044345 0.6678450346580149 0.6301815279481293 0.679007602875365 0.6728214463151222 0.6899841061451895 0.7228604150712203 0.6991428431345836 0.7443720686578564 0.6994602928110596 0.7490995134004648 0.675669821449378 0.7461078868188034 0.6688408495766547 0.7488562836257309 0.6581536132294646 0.7429792827851862 0.6507153101739147 0.7440257681399343 0.636570064234447 0.712460106711629 0.6301857424277338 0.6504591205003332 0.6114586000599084
0 0.6130446554270002 0.6703182125942005 0.6026079124249807 0.7030438752704687 0.5997820708116935 0.7179401221564673 0.6055003468140003 0.744499895066805 0.6584899753128562 0.7537183681420957 0.7006991315504589 0.7558714818180894 0.7242410416214053 0.7515472412136069 0.7314602301068919 0.7370153960049185 0.7313635658479106 0.7040371333720961 0.7236848077166156 0.6993169377582484 0.6731357144120084 0.6908955461024172 0.6299856714965064 0.6806563881661555
0 0.6009149787156969 0.7350808299031152 0.59247776706881 0.7580878754583051 0.5807084244856455 0.7860250644558863 0.5830798389705012 0.7980751897494461 0.6217712495299295 0.808499541105328 0.6721264039956731 0.8132179936633647 0.7105829088773341 0.813170170134625 0.7144699664265433 0.8035684683683275 0.7161981141364526 0.7943559226882634 0.7158159892970037 0.7708948713269184 0.7169828039097744 0.7539581262468836 0.7012194978086939 0.7568264454312331 0.6591511542485657 0.755266450508086 0.6060859985561097 0.7449052635830187
0 0.47464400890550895 0.7024995093409713 0.4653964815484714 0.7163213204420327 0.461984988193075 0.7308121988118176 0.4618243457420777 0.7552853930551905 0.46639947213065525 0.7630121492721735 0.4737639621650641 0.7668209049287934 0.5166528631450689 0.7792584432527757 0.5775516665815391 0.7859218047140732 0.5809798081308688 0.7855189930148722 0.5916533744234148 0.7579137808346403 0.6008170504898855 0.7359052225485104 0.596284808552971 0.7295959777297689 0.5886694182927908 0.7296779114075763 0.5331515680836009 0.7221790585049281 0.4880711145223595 0.7104054738156442
0 0.592705927182771 0.80223533670434 0.5936758068761983 0.8169094547996409 0.5821871128315854 0.8273448806315756 0.5784665354761463 0.843440021445042 0.5778729294866181 0.8585878137797315 0.5879616188374233 0.8675510604914177 0.5946639684879729 0.8669568327411277 0.6088431040449527 0.8643242221527759 0.6221546521068656 0.863919945022206 0.6721167968526216 0.8696478135910327 0.7059052627169192 0.8719601367230213 0.7105253900158244 0.8508299373306135 0.7084550447293638 0.8403445986181194 0.7090313014416874 0.8304181673407443 0.7017316770544565 0.813201563515693 0.6717806939151525 0.8141111870594754 0.6221126160581503 0.8084454193167728
0 0.6096787290916209 0.8649026138161541 0.602557198864732 0.8690256442314895 0.6005864096706213 0.8830787540655473 0.6016786669456236 0.9017979656631475 0.6261912470165589 0.9162187887910805 0.6924293628421339 0.9422646543498279 0.7193291765775086 0.9467395619721267 0.7289575819444019 0.9443517065469252 0.7303868129805983 0.9297823058756141 0.7358544423913556 0.9192811310762079 0.7329804345066258 0.9054106755791761 0.7190369131536225 0.8984468432490335 0.7163811701956646 0.8802013058908216 0.7189574424444874 0.8610510366516984 0.7104760782902207 0.8588580235090876 0.7061527539860797 0.8724143267341505 0.672317712502189 0.8704940927871672 0.6217674339789253 0.8646420225660919
0 0.5977306837042389 0.9045815584147011 0.5926767626578002 0.9268259245359998 0.5873488601058228 0.9361508317803905 0.5877306060217424 0.950700748223443 0.585960732477199 0.965600137253635 0.6098851787706268 0.9798967587293191 0.6506353626198184 0.9921196770517708 0.6907827995203082 1.0018037577858194 0.7120807291981668 1.002684113775601 0.7187273622699494 0.9847953452872235 0.720916416390832 0.9663671535919857 0.7122861844186118 0.9476637780812975 0.6921964847441675 0.9442251002748532 0.6255565376194581 0.916486676323837 0.5998676899935077 0.9018174498914066
0 0.5813661627735295 0.9586009846083213 0.5718227003277917 0.9831126526439199 0.5660463908570863 0.9911370906810468 0.5655897756203275 1.0127446124541901 0.5644080358532917 1.0277682031366309 0.5839242149214228 1.0334973152269813 0.6436983314064348 1.0429049686240555 0.6909992609822124 1.0456592938216085 0.6888065381141769 1.031128861606815 0.6919124914557301 1.0024442502753217 0.6502481444918781 0.9928417545956568 0.610581076958515 0.9816514179477126 0.5869972731734343 0.9670248081131475
0 0.5877005088556289 1.0346967151516024 0.5805442800743307 1.049262467681567 0.5768008812296663 1.0858509635392861 0.6086532564542624 1.0917736743907034 0.6790749697251985 1.105439504279403 0.7052030833107031 1.1037225699960043 0.7092990017288986 1.0768547187090283 0.7074149589208111 1.0648010232565142 0.7000048340171889 1.0535899588587874 0.6903033627943241 1.043904634603215 0.6424754882318264 1.043048654504563
0 0.7908867393673586 0.4686890724510145 0.8031297842846371 0.46966684958209176 0.8065015108136981 0.4768096881079133 0.8208030239522532 0.4782221710218608 0.8482443958455425 0.48321336948141336 0.8622198796469447 0.48737047669039635 0.869554202588585 0.494144358400819 0.8730483066992212 0.5053322904289398 0.8899005344913635 0.5157238561414855 0.900653159581658 0.5292484871927247 0.9044879062006415 0.5401064308619646 0.8986102371727186 0.571823038249509 0.8727296148563746 0.5739941625440369 0.8415466475832886 0.5573608420452343 0.8031955744637204 0.5452426411467722 0.7870072824110675 0.5394124597737795 0.7782665499224564 0.5267146236904158 0.7777943888733604 0.5053128886239044 0.7783733816916942 0.4877504603530603 0.7895360463991544 0.4800596588161612
0 0.7853972211085187 0.540278223198173 0.7766537525138972 0.5352163841082783 0.7748226901785662 0.5480932263873209 0.7569257133721575 0.5591849807956698 0.754320214780946 0.573505978162484 0.7556334730887306 0.5802141109054353 0.7570051840812925 0.596580787393005 0.7638125620362126 0.6052530142023287 0.7678655735819677 0.6117358760103887 0.8374023500806322 0.6328514004141844 0.8709725510181578 0.6395388054073528 0.8829681046662758 0.6400623925273007 0.8865197288205465 0.6203142473965402 0.8899782017356308 0.6013502806357898 0.8829406817887547 0.5870025027580223 0.8708254866650721 0.5747978251423062 0.8427229151383038 0.5576092453497317 0.8036905570020415 0.546151021169031
0 0.7664883903773854 0.610641193509757 0.7582463091742483 0.6318103613586828 0.7466671999964591 0.6353939685671586 0.744789562041535 0.6486629000312062 0.7501266055526862 0.657024622709908 0.7470261244231535 0.6704372400544635 0.749501037114759 0.6749791401657573 0.75890844144887 0.6846023635952049 0.815290746021606 0.699724536517241 0.8587048811467866 0.7072850012174973 0.8738913310576133 0.7012477896163487 0.8767297077467909 0.6849663463245093 0.8774657767011093 0.6610062894413355 0.8693159140960158 0.6407966580167516 0.8377429925889793 0.6325214120553035
0 0.7587687145900903 0.6857786311502201 0.752069101045551 0.6787368619070411 0.7482288822145471 0.6831509122247391 0.7438270198424137 0.6999060297559669 0.7336716694888005 0.7041922302800693 0.7322954189253608 0.7436921686829375 0.7439183676167328 0.747352469282926 0.7473220565941928 0.7516885826875878 0.8094779345316239 0.7664223145659658 0.8445970079809106 0.7702214093835912 0.8621359930017676 0.7646810043914373 0.8656583908136497 0.7401035873883673 0.8666392149311182 0.7242337175097923 0.8562126191779764 0.7079644621635177 0.8146560366245053 0.6999924240499974
0 0.7283793981323751 0.7436690363133315 0.7230514955803974 0.7529939435577223 0.7162505224786406 0.7696443436649605 0.7172934680280395 0.7963916414410349 0.7345794895677153 0.8056690404246898 0.7794000342398669 0.8191534594978872 0.8123967145710791 0.8281312987749616 0.8442344766244809 0.8316393736902246 0.8497221914184532 0.8082808408400349 0.8505486755059477 0.7911726025803202 0.8429403710587686 0.7714792619929898 0.8100194926895381 0.7669386054032196 0.748312021670835 0.7535053427321051 0.7428498644720983 0.7487345235445731
0 0.7183300087242749 0.7978163123005474 0.7150925368419729 0.8047692002066489 0.7103527680675028 0.8142183091032883 0.7076276280007266 0.8168582159743343 0.7098203508687623 0.8313886481891274 0.7114687794728733 0.8530387865601359 0.7286470366021683 0.8606857279776463 0.7688090866738525 0.8727844446478494 0.8307640489617162 0.886671897330093 0.8369330487723824 0.862653387762142 0.8372325878731569 0.8474434946013282 0.8318517048484226 0.8318378641141623 0.812163836473113 0.8300917446999868 0.7794612230306543 0.8211760062490367 0.7344397627089355 0.806845307979705
0 0.7236013238737606 0.8600221031185379 0.7159327632769368 0.8789008366835578 0.7201666050890443 0.8990873357385357 0.7329338588870324 0.9058027647641812 0.7382535531209791 0.9193858485001974 0.7522756125419745 0.9231508665241753 0.7954833598055672 0.9451370460152354 0.8049400758652818 0.9467321832662087 0.8412792563831666 0.9580235891967955 0.8469505375495014 0.9407326966000548 0.8425276571530106 0.9297505512785662 0.8392837804175453 0.9113808122681059 0.8320334677559178 0.8861361222645803 0.7689634267038266 0.8740228130289888
0 0.75134683625612 0.9233566532308074 0.7371704368051505 0.9183532668256901 0.7320434499027402 0.9285244532662155 0.729298224452749 0.9440217181880447 0.7193757521971018 0.9463474727871217 0.7150405508277768 0.949853143082561 0.7220926839458472 0.966615556896483 0.7258023168772451 0.9810644040568931 0.7729114717626291 1.0006590799814041 0.8318910666085456 1.0243682465170334 0.8383194347535565 1.0108545598898357 0.8405377152168276 0.9972556400669074 0.8377714717424788 0.98501564213602 0.8309869152767839 0.9558500602824439 0.8055893984335769 0.9488789316696069 0.7948486504084663 0.9454049335479917
0 0.727613293829361 0.9810449198286338 0.7194086472866434 0.9841353685694619 0.7119875779589803 1.0034682921456113 0.6942650265657605 1.0029410568843165 0.6893946718916846 1.031253063259064 0.6926093222847612 1.044793530397215 0.7025582847767866 1.0549330446639162 0.7232653445711272 1.0633251959949184 0.7507213296356108 1.0707310303906257 0.8147986850415487 1.07943973861342 0.8181320442690477 1.0640666753438395 0.8207722414146684 1.0393029558623967 0.8141858644925305 1.0186196501984242 0.7731123874121963 1.0015053591775387
0 0.8217366488960751 1.0692490679446358 0.8291202835633188 1.0679948634765843 0.833525814682605 1.0841983698553874 0.8367258519044876 1.0953242010573838 0.8356811028902211 1.1168075211782786 0.8310463624201218 1.1355230846345317 0.7932194981812634 1.1291425356306377 0.7420838219865024 1.1155302667638445 0.7090579153129013 1.1017231556144609 0.7071738725048138 1.0896694601619465 0.7095930686176524 1.0769168195351526 0.7106204683547142 1.0606548604715722 0.7228781264431869 1.0640472735388042 0.7504272627468569 1.0706689295645013 0.8153868188190564 1.0795639402656687
0 0.9038066211839473 0.540766407579726 0.8985636615531254 0.572215127434514 0.8755159437139384 0.5733768024241408 0.8805881466787244 0.5865056961490277 0.8904119954831644 0.6002361139068989 0.8872156270084349 0.6220689066149334 0.898992915729781 0.6269675755960612 0.9547313699462423 0.6246710061277608 0.9989573759877229 0.6127085966321477 1.009194000515339 0.5975875848084115 1.00896018977623 0.5589534098299368 0.9917527063045461 0.5464771965401171 0.9789681032293533 0.5449831285717861 0.9656127156538575 0.538143497893892 0.931745711721568 0.5390299890680683
0 1.0048286401624824 0.5556693623280414 1.0149839905160958 0.5513831618039391 1.0555241177565466 0.5450731710071636 1.0887098366721422 0.5448466565507487 1.1089392632053663 0.5471090668021779 1.1255905753479414 0.5566543533185891 1.1295011239289066 0.5719494796751334 1.1278362786887337 0.5961153232649392 1.1151539678119011 0.6115237068496908 1.071748973645894 0.6216498720725275 1.0183457052622584 0.6296646092071368 1.0040907677432966 0.6278600371081842 0.9989719891589175 0.6151232325683024 1.0086670555286188 0.5994859299073124 1.0096880504125172 0.5579013439271702
0 0.8869361732908755 0.6244214417249637 0.8833087471746228 0.63973240416842 0.870337841621057 0.6398066929401093 0.8776201167310833 0.6622446578224751 0.8769306233963583 0.6858126255206437 0.8766192072303999 0.6909718857518338 0.9124049525251863 0.6916963679155431 0.9558072105851828 0.6892061996861756 0.9775243208393805 0.6865577530109119 0.9924952419294456 0.6772596262774743 0.9992962150312026 0.660609226170236 0.9996249804743655 0.6502286048817315 0.9947856556075456 0.6351392652318194 0.9800558209334778 0.6195689550598243 0.954978861215403 0.6251251961388902 0.8984047819522734 0.6268433739438126
0 1.0030076514274682 0.6268274554336768 0.9955135162438331 0.6340871993290528 0.999531829235179 0.6510127832517417 1.000472482586218 0.6608576294747334 0.9919071081519382 0.6771354246252256 0.9843052085579225 0.6827647109544569 0.9825700335677883 0.6872213778700204 0.9869143758962869 0.7014023374976738 0.998549201652843 0.715113271027286 1.006288091999628 0.7159437141365084 1.0230992163841977 0.711455375047121 1.0439048996297453 0.7037913540211752 1.057233796968863 0.6981657158332907 1.0764906077026495 0.6933900049828879 1.089138220025073 0.6884243435127649 1.104743850512239 0.678858329246571 1.115335730719396 0.6658219650001088 1.105752968330953 0.6272231103368051 1.0962496766516452 0.6260200622708366 1.0874450192662362 0.6189356764297923 1.0722439561842152 0.6225582520947862 1.0182525540230718 0.630448787577147
0 0.9692119098862821 0.6880177441855954 0.9873947452634139 0.6998960815837781 0.9993382510799179 0.716083751875669 1.0029401196009347 0.7289021414699345 1.0002213843873218 0.7568646752575421 0.9841993094298271 0.7623234951953123 0.9596812571468711 0.7631746660543177 0.9273165501067493 0.7615649362379558 0.8852010601181591 0.758297968344496 0.8716593700642905 0.7530266944066222 0.8672218764966053 0.739629913148979 0.867273924328219 0.7239658299770358 0.8591998636851077 0.7081933812397558 0.8742465867371546 0.7033324371936226 0.8775160210678556 0.6935728241663615 0.9119245831580596 0.693202623829439 0.9562090418843174 0.6908987580784444
0 1.0847564430361547 0.6923221029932094 1.096408618069915 0.700811675465507 1.107239781228202 0.7111374922105814 1.1110252161215817 0.7300235220582957 1.1072434499753552 0.7440961161206124 1.1029347388424084 0.76006705528183 1.0483643438629309 0.7855200190350349 1.002927371712026 0.8076767473407797 0.9880313199428 0.7808174358580215 0.9834714487935396 0.763375561098079 1.0014442275619304 0.7567209893770345 1.0041017739847558 0.7267359088382769 1.0022789199674558 0.7167047601369122 1.0087949671396323 0.7176788891266425 1.0571872213492695 0.6985578050182958
0 1.074419391592464 0.7717299050708629 1.0993657654109328 0.7850365614699051 1.1017128283089423 0.8008053620658377 1.1031283788150874 0.8244159463618717 1.08874559150253 0.8338382747475581 1.0417478697746796 0.8488326802992221 0.9783289778962103 0.8599573504029188 0.9704412197314719 0.8426165449256185 0.9613799301177284 0.8173913391503521 0.9769070225369021 0.8110241391903227 0.9831463520975299 0.8067148062966143 0.9834805897527135 0.7810621910211717 0.9878915930840203 0.7819937034130368 1.003949299237067 0.8066867822641374 1.0487049863712783 0.7851900306761542
0 0.9684420750186973 0.7630151440868979 0.9793052006253831 0.7705342357108126 0.983279674103146 0.7802159118250372 0.9831463520975299 0.8067148062966143 0.9764120399985812 0.8101157591680641 0.9525259610067158 0.8183350394877819 0.9067857810078832 0.8227430370443095 0.8662483898734428 0.821417030847616 0.8514865927509759 0.808653445796781 0.8506884023647274 0.7899963350253051 0.8508016389871288 0.7763547986045115 0.8611140654767265 0.7656709694680796 0.8644474247042253 0.7502979061984988 0.8720931638118239 0.7519125276777313 0.8850001444685919 0.7574516891483617 0.9273165501067493 0.7615649362379558
0 0.8493815489101062 0.8086108291989156 0.8456436222774624 0.8299273310696963 0.8333366524633861 0.8345630041809385 0.8367522185060301 0.848949750515224 0.8358179700081549 0.8644275312087943 0.8435194256945204 0.8833366934261146 0.9137749218702984 0.8857135220040511 0.9696558390515501 0.8746046879872664 0.9728695568034842 0.8475505342219174 0.9668220019332501 0.8350195163886677 0.9568291999276419 0.8176360943135023 0.9046807371670134 0.8227004204464444 0.8659077473650958 0.8217470192064967
0 0.9732567749314243 0.8468284566780316 0.9693617721627961 0.8745425871611422 0.952009089620312 0.8785146354132757 0.9534273762324672 0.8944892227158405 0.9641653881515674 0.905599217830925 0.9645937096870802 0.9197570450889723 1.02025636194156 0.9130232929333676 1.0526238050876922 0.9069970257562604 1.0806122073509161 0.8972325210661284 1.0901648107558277 0.8904074829536227 1.0887026846300896 0.867188987842594 1.0843437291303966 0.8505933922787858 1.0709737283837066 0.8413391256647372 1.0424903435821613 0.8501952503326103 0.9788705360541247 0.8604736412401723
0 0.8405495304645938 0.8778864132925621 0.8334572265800936 0.8868387155802068 0.8392372047979519 0.9117729014531107 0.8434564334388652 0.9295447645719341 0.8505578782825391 0.9382790922073818 0.8809864946829595 0.9434992097431727 0.9101137298407793 0.9520618274656361 0.9252828304744014 0.9512459769218019 0.9639334426947439 0.9481542846594501 0.9645005584478938 0.9205412234589824 0.964753521929075 0.9057234194831736 0.9522511086774519 0.8942408194113431 0.9489752694935877 0.8786778055220426 0.913341128122765 0.8868276887329419 0.843766916963681 0.8837908834372441
0 0.9646548984778678 0.9217795918401217 0.9643352739938784 0.9498468430517191 0.948283972693995 0.9504763911171802 0.9554612194996508 0.9636479014399324 0.9630402976044412 0.9785119701549534 0.9994461391251342 0.9765539288497517 1.0315953173444945 0.9749027435338243 1.0584366783950923 0.9697191074115045 1.0852634262744953 0.96212083535303 1.0849483413613839 0.9343214716741891 1.0799839028069786 0.9228230355154468 1.0650385393121493 0.9039918102111629 1.0527635319464719 0.9058207582012452 1.0201166350827804 0.9141995604883828
0 0.8454509767633439 0.935592920597124 0.847011726340289 0.9427552433512044 0.8413724076223531 0.9572394108267853 0.8324106741009596 0.9565526535980707 0.8376783205032923 0.9857998205060302 0.8404445639776412 0.9980398184369174 0.8766759800851452 1.0077007668013593 0.9383569608674701 1.0086687606066953 0.9593781729337794 1.0042656547130384 0.9627781931640864 0.9756431442076693 0.9489652577106891 0.9498164143994187 0.9251896792352149 0.952030155291812 0.9097730873324323 0.9523918158245168 0.8812805615717134 0.9435613105692972 0.8500163201246248 0.9377628013701284
0 0.9631946376344154 0.9797503385360931 0.9599197310916937 1.0047819455502924 0.939672955281265 1.0077408963561776 0.9430273325331215 1.0201050959393134 0.9482219130794826 1.0372790831664995 0.9497680494852336 1.0420267699844257 1.0060800243080081 1.0374397662322192 1.0516512511056724 1.0293787643583976 1.071327242415798 1.0210742508429491 1.076471578595413 1.0056817033451095 1.0755510106275894 0.9829794990713342 1.0645974698877274 0.9686085888239608 1.0313944016949272 0.9740564643376898 0.999740206013888 0.9766160296758759
0 0.94986120072442 1.0412425916144155 0.9446702889252119 1.0570272282972601 0.932302130320348 1.0596403546573525 0.9371652093175358 1.0948309601665123 0.942502252828687 1.1031926828452143 0.9766633236497302 1.1023682924971625 1.022295739238182 1.0963298373744903 1.0682222217153876 1.0903534830779424 1.0695318112760193 1.0641029919108627 1.0666112277716961 1.050624625598836 1.0521928092635866 1.0298950551956512 1.0064206668163553 1.0371097778733385
0 0.9398766688542604 1.130371038262812 0.9569060581656021 1.1215076173122445 0.9764624080001632 1.101522013301028 1.0225898061269358 1.0963919382006146 1.0513964841596235 1.0924271862311752 1.054520719419524 1.0991158347458674 1.0570833111382956 1.1181455504740891 1.0530832800652967 1.1365932263975858 1.0455425692620688 1.144245059477967 1.008438093447477 1.152084438558245 0.9770779646551916 1.154706104722555 0.9381825972716991 1.1497076099803083 0.9266874983739227 1.1348204088956813
0 0.975626782953495 1.10094362163765 0.9561781975293147 1.1225596832150113 0.9255578064385008 1.1341799164061788 0.9065165245254758 1.1422165423888706 0.8790605394609924 1.1348107079931633 0.8521780750028222 1.1251144393135502 0.8366098791760758 1.1166017344716463 0.8370664944128345 1.094994212698503 0.832844529665911 1.0848583465731487 0.8361313132738166 1.069877372488573 0.8693024190182179 1.0672362220960039 0.9001209896525888 1.0640982650944397 0.9313733540344933 1.0598461413639848 0.9371186336979425 1.0952230493515176 0.9424556772090937 1.1035847720302197
0 0.8403514127384547 0.9988239968069275 0.8391550598002246 1.0114329515532137 0.8317979153693591 1.0251524248870436 0.8213978098525956 1.0213484384065474 0.8178489218043352 1.0334605865438389 0.8209119682734483 1.0381266883073816 0.8180388930298612 1.0648508537138497 0.8213348175969404 1.067556509552367 0.8294143504520726 1.0680569643027085 0.8374473076876114 1.0689495082380553 0.8699371284153188 1.0669683345632475 0.9005082077805291 1.0633761875505539 0.9320546390511875 1.0591861646462235 0.9441287307672976 1.0565109374600066 0.9507899770102746 1.0410368049077834 0.9401679378195861 1.0086492763784365 0.8772641138626528 1.0078249684536082
