0 0.30075944341633337 0.3030365088073325 0.31373311081273814 0.2939927185627857 0.35533063424406963 0.2866981206117086 0.41599936855414904 0.301027628627999 0.47214438315358537 0.32971815068511584 0.4885084766616753 0.34344701540415246 0.4759216114060803 0.3526098727294622 0.46630827160783017 0.3893060777888347 0.46663437910656863 0.40624643625507234 0.41402879034144124 0.3971150849542984 0.39016595882033356 0.391399201590996 0.3334249453304025 0.375562616362841 0.2926632136677913 0.34508874204099915
0 0.5097002607057746 0.25164663747199983 0.49717110440219137 0.2863588335097761 0.5088027790649632 0.3203599444963738 0.5242738694673309 0.3392461710928729 0.5557227488519888 0.36468042364465564 0.5927358579306059 0.38856813111987937 0.6186588431031936 0.395117691469137 0.6320120709020693 0.3876209023672145 0.6402548122981856 0.37766404334125836 0.6437380220255124 0.3504885603361645 0.6494522466721152 0.33160498768638474 0.6371944746053181 0.3153375733799911 0.570250093806761 0.26430986984428856 0.534039692293274 0.24990408004532885
0 0.5232682508425812 0.34064416716803003 0.49956903237728323 0.3398904654323485 0.4892034323966127 0.3451101727362393 0.4763807442402789 0.35237702550134437 0.46611527583644297 0.3894005194433552 0.46900648358375385 0.4010372410392151 0.5079574493573051 0.42704477704327454 0.5436072646690967 0.4478308936694231 0.5862952125500753 0.4684472708774805 0.5965581128428811 0.4678684447819504 0.6045952132669717 0.4558577257749499 0.6121196712887488 0.45490319019425923 0.6174442183730293 0.4383194857461344 0.6157306328881227 0.4219055207161008 0.6155269455864133 0.406890837901835 0.6127889313338896 0.40044101710892765 0.5934157201164736 0.38887047920628404 0.5557442202561814 0.36559304117518393
0 0.3285776269850567 0.37230104891575505 0.2946495022713405 0.3805176616782739 0.2898346405775718 0.39528823487499515 0.28940381634419826 0.4264571215155116 0.3148563180419116 0.4463310591877807 0.35399236498606723 0.46018393972104327 0.3936559849168892 0.47359726800062174 0.4158451971188566 0.481029597727223 0.43358421845788525 0.4750530104640634 0.447104310137264 0.44911722185178843 0.4519858766448034 0.42353204574150327 0.4533389886351956 0.4052880539612165 0.38881493916218857 0.3920474586802396
0 0.3104717997497165 0.4427114917853636 0.28791333128264274 0.45196542953855284 0.2827441031058352 0.4677870458386688 0.27937076283706086 0.4942852184328812 0.3023484876668199 0.5159365028057222 0.34735175543486907 0.5366737423087081 0.38931638429313203 0.5556657159786159 0.40706053731988295 0.5619376957367007 0.41442469838991225 0.559750118218263 0.4230529346873043 0.5607863004771136 0.4324141754301307 0.5470649863963506 0.4152698882039609 0.5268044260694739 0.42039572603080677 0.4972011688928391 0.42838144807639805 0.4879158312438687 0.41760204018511693 0.4817630212798112 0.39344776272666054 0.47392279928262454 0.3542109922904029 0.4602249715110611
0 0.3014168881022189 0.5160546834014268 0.2722265211118081 0.5232671619335345 0.259270907907318 0.5524849720264358 0.2597574754911718 0.5724772766669607 0.2920732620912922 0.5945733457209685 0.34266575629757623 0.6198657314497742 0.38620561182035396 0.6332683550316569 0.40002402957079236 0.6359022010287453 0.4100950957865881 0.6215894893702981 0.406102791187849 0.6183358134947124 0.41389140191175766 0.5733542409016441 0.40641728116934017 0.562144635428974 0.3903811225025861 0.5547786196120897 0.3467084992843263 0.5368806820009814
0 0.2894561052404172 0.5921479232136376 0.264945802197363 0.6003960894054345 0.2592668274642368 0.6103914998269552 0.2534087270906986 0.6442237937431091 0.27594327468656554 0.6596644143519438 0.31724221032056277 0.68250096687596 0.36748016273973305 0.7028248215935607 0.39323136203768505 0.7119665139409816 0.4062528026658597 0.6928927055627639 0.39500815141633466 0.6789026411964879 0.4015764482122132 0.6392147199026025 0.38780253365984957 0.6345698253818912 0.34310930448083926 0.6208121654137334
0 0.2758322021660642 0.6620599207609775 0.24626411441607488 0.6784699670438097 0.23865277458572298 0.7259358051424806 0.2536683272917266 0.7374420986023154 0.2957885318685656 0.7520275173395666 0.36215164935063926 0.7756952908268057 0.3803397215100244 0.7776494747488024 0.3888804352087511 0.7616508348547101 0.3830915008032366 0.7582490622851229 0.3877079630231349 0.7175553694298452 0.3915013015533363 0.711433959361569 0.3164658155251667 0.6834768223390549
0 0.2581486832718035 0.7396311599182374 0.23614446455912314 0.7527002550263991 0.22722454630333383 0.7989533818714046 0.2679916692566605 0.8143371378786132 0.3117532988710698 0.8282129784424755 0.37026494580051844 0.8446044844077217 0.3777409212897911 0.8294929408801557 0.37736542622643854 0.8071051298305969 0.37780971630844373 0.7975231041944615 0.387348227944827 0.7862860556193011 0.3806946342465091 0.7773537759599604 0.36195194138335957 0.7768486644830381 0.36195194138335957 0.7768486644830381
0 0.250180946907483 0.8084496160059392 0.23755966411260976 0.8146882174715975 0.23312084373563935 0.8526019460324302 0.25740788888957794 0.8649374820588425 0.3066252353479978 0.8894016144193935 0.3413812788548074 0.9061746106750824 0.3579720582253259 0.9120915540468921 0.37731387499031455 0.9091365445551167 0.38649821578895505 0.887666735168704 0.3806210168860332 0.8777586000462682 0.3760078932104741 0.8710742247011206 0.384060926477234 0.850875969566645 0.37261619631105825 0.8433035086566488 0.3663833427729096 0.8442195319231495 0.31204164228512793 0.8283017375390443
0 0.24323492935202584 0.857335105050549 0.22025460787666973 0.8725334292780383 0.21506331357551028 0.8867284549399422 0.20947186144104946 0.9137586875144056 0.23457906268971662 0.9336357791541946 0.26620783183996155 0.9474213768240038 0.30131878808325596 0.9638986742908505 0.3453463240380005 0.9815009131131168 0.3535538201752233 0.9726887924461259 0.3568370411997351 0.9660054062993014 0.3507376972558106 0.9608882839949331 0.3514048742775604 0.9359867859406359 0.3572401666280046 0.9110563609863642 0.34231287841940844 0.9060564300793779 0.3072019221761141 0.889579132612531
0 0.23043155332177256 0.9295244284112183 0.21124419942724687 0.9438655723704784 0.20880282967244462 0.964981334568939 0.2070933515149636 0.9871322898279274 0.2127712133999768 0.9929295688065486 0.28532268122212445 1.0176923675509097 0.33999648642329694 1.042216332108055 0.35226359838042753 1.0257449698311447 0.3468520137851206 1.0184098593108803 0.3499583348654466 1.0039779778584057 0.34756443590368713 0.9809688531328655 0.30154056217488745 0.9643718912728302 0.26620783183996155 0.9474213768240038
0 0.48044514446474484 0.4099940070927861 0.46052664087163997 0.4127714983914241 0.45267405747090184 0.4212879202695727 0.44725950528062675 0.45606664814968595 0.4649359761368382 0.47851577519332317 0.5159716475770142 0.5100188246861354 0.5488865580789738 0.5286547727714455 0.5749481669153359 0.5395118148536472 0.5861277326399185 0.5328294179051453 0.5946901415136259 0.5237215984493123 0.5954007088853374 0.5126017412715338 0.5890575247254295 0.5053848113469739 0.5921642167551264 0.48568870009445214 0.5929634195736162 0.47581097566947483 0.5890821874953784 0.4701617933848555 0.544566971108667 0.4483599393222058 0.5088131296642009 0.42682535174758524
0 0.4590808433582681 0.4702342307090995 0.42984560222041157 0.4847219875648774 0.4221923558375821 0.49734926558684084 0.41613491844613526 0.5270707033591802 0.4342328713612579 0.5488396737285646 0.44201777259145636 0.5565003991359683 0.48651055190444487 0.581939892360453 0.5264792139380238 0.5966729131925443 0.553738699628693 0.6058739431373983 0.5640764140835661 0.5847591701372604 0.5663405129448116 0.5611591424331975 0.5666748433544285 0.5381799338059544 0.5498181576435748 0.5285365921757408 0.5163931296359255 0.5093386680118824 0.4640930120190156 0.479876088541829
0 0.4407091941660189 0.5552876878823028 0.41460122738472704 0.57276284332396 0.40712302619922836 0.6194597656518092 0.42440119396899334 0.62842295060777 0.487082416390738 0.6505523979542042 0.5346145765122547 0.6672086974116725 0.5500527241252828 0.6622421447971129 0.5538471755035973 0.6403280453286949 0.5561329695398235 0.6236188380628912 0.5569097352845904 0.6173787527997491 0.5607920802109413 0.6072352456842268 0.5522304132359759 0.6058146055399654 0.5263460752931707 0.5974418289633661 0.48615563916796023 0.582235591149295
0 0.4168156297567035 0.6248730813441808 0.40119946935137674 0.6378838280532324 0.39503021754068657 0.6805292318346999 0.4064080074350647 0.6937503804301542 0.4277229830016436 0.7039561927380776 0.4801345440884257 0.72575903599905 0.5193047452022568 0.7398413216560242 0.5355185457119387 0.7444273731784641 0.5383585895025583 0.7315333232676329 0.5447713105798608 0.6962519569064042 0.54228766332321 0.6877933888282044 0.5473454480301453 0.6796315087371694 0.5454167924266299 0.6644596384138478 0.5340378896841385 0.6670311792185349 0.4875259645740011 0.6514988319181634
0 0.41181996297974266 0.6958212611503717 0.39744581167742676 0.7104291769984995 0.38790767099041457 0.7164019957736127 0.3827365880667519 0.7585447610739648 0.400302728301204 0.7728609349265415 0.503041619152677 0.8057013060578214 0.5240686222545686 0.8105541294691286 0.5383111187095155 0.7756582101916337 0.5344758736268364 0.7469410601832024 0.5180848022235978 0.7398707431551602 0.4798682667987194 0.7272968675406934 0.42743463958758543 0.7038674336415088
0 0.3981732518822958 0.774635127659594 0.3882798275094279 0.7861678750235965 0.3785195417814131 0.7969317066167774 0.37643382666183756 0.8072233104263012 0.3783841774403339 0.8292860011878823 0.3866350639275184 0.83425552139741 0.4011188039528515 0.8383090183404374 0.4487616656454986 0.857834041188919 0.47029841530370897 0.868513070478822 0.4975579009943782 0.877714100423676 0.514259752885398 0.8812355373864517 0.518430441225807 0.8711807893674983 0.5187198974879782 0.8554768590639256 0.5237556160705615 0.8456883883346783 0.5282367139493804 0.8373489900505057 0.536355945589196 0.8220305068306665 0.5243569656686268 0.8106428885656974 0.5036183059807932 0.8058788242509589 0.4178251072363234 0.7786596977026466
0 0.39577341773060015 0.8358536797348094 0.38816504549521647 0.8412056794331025 0.3842827005688656 0.8513491865486248 0.3772499023134851 0.872671393840197 0.3816412518974126 0.8788825522033648 0.39111171041388515 0.8890868807138043 0.4291053588990188 0.9169802287464329 0.46508097443511653 0.938988033303033 0.501100722219918 0.9642490191360577 0.5044501416174852 0.9624454049038693 0.5151644639838239 0.9479257535531489 0.5162527521151139 0.9276083286246459 0.5195363440889966 0.9156607126777739 0.5265025730219506 0.8947229632716125 0.5189615120077354 0.8891620454844005 0.5141266142405448 0.8820044531572734 0.49797938305328954 0.8770339437494229 0.47029841530370897 0.868513070478822 0.4489834397371302 0.8583072581708987
0 0.38989176743522613 0.8891163022129399 0.38137349081022226 0.9014773029451971 0.37797919726520923 0.9105561955010556 0.3575505761664146 0.9127717107211452 0.35091682289622256 0.9370514005002996 0.3507376972558106 0.9608882839949331 0.4119543945841707 0.9914758048204059 0.4820656054996292 1.021561676363086 0.4859707584490739 1.0025163002856814 0.49471118011508025 0.9853642867353566 0.5042724997745575 0.9652253691983139 0.4653693178491746 0.9390767923996018 0.4281737593344178 0.9170984093421374
0 0.36275911425010265 0.9686382630980669 0.3521337982799135 0.9791358174015418 0.34924962224059014 0.9887766860359483 0.35022461215515277 1.0024401463167625 0.3466968090159156 1.01755218444349 0.35412679750962944 1.0255086086397356 0.3610687346220054 1.0345296473956453 0.3934293953695716 1.0493504381259824 0.43679123810005044 1.070797255802357 0.47653812604199774 1.0850570596524691 0.48388096288641724 1.0707144318957247 0.4933977793478196 1.052586562882305 0.492555557128739 1.0434184166307163 0.48470371562674297 1.0414063789087706 0.48235394891368727 1.0216504354596547 0.4130411989179767 0.9922152990920917
0 0.6570517381261956 0.3132728509405406 0.6479141889057297 0.32704579080227497 0.6480936410595435 0.3588507974558805 0.6593052028170487 0.3803093185959335 0.6991990340930218 0.39211573036260705 0.7369904262334066 0.4037488374873637 0.7557819658825731 0.4142721003603489 0.7743918829294782 0.42379170115447296 0.7880975556256428 0.4123726947342948 0.7949252210478476 0.3955193310219596 0.7956797039657513 0.37063609189248264 0.7793280265962836 0.36039000068931387 0.7665847155703854 0.3436726182737502 0.7294169596870876 0.32228006203019843 0.6891857052670042 0.31036978323562536
0 0.7828059803687258 0.36288223057265195 0.800300773831342 0.35831613284883757 0.8255296093687106 0.3665560574667892 0.8545733877329427 0.3835523479109275 0.8694974722550434 0.3938328685279786 0.8795418322177464 0.4035590458053966 0.8803190985682356 0.42370114621038435 0.8826285482768073 0.4329418389759339 0.8631359061893185 0.42646765383227564 0.8379070706519498 0.41822772921432394 0.8127557012958162 0.4156981759858403 0.8045533894161364 0.41791207662685653 0.7893172697206474 0.41559141502667746 0.795081021589697 0.3946195359709981 0.7957834262970878 0.37208965149682455
0 0.8810473253360382 0.4030747188660335 0.8833059991031653 0.39618795954203995 0.8967258927760426 0.3884720003536075 0.9372171041590016 0.39477577478661213 0.9630945298344903 0.40748024524548926 0.9944219358468821 0.4318137713253545 1.0248407947582785 0.4572892559258627 1.023672290694408 0.4640377188080742 1.019362821912516 0.4745580877497962 1.016532590098815 0.48885094153728126 1.0090042563279775 0.5035931140639945 1.001243524013434 0.5012041724223034 0.9854874903921944 0.5100965195452614 0.9202090230370032 0.4909499782115976 0.9193796784760011 0.4731612324619133 0.9082197608393193 0.4555096255815057 0.896955252691922 0.44872499692665385 0.8841856855159225 0.43626442629621615 0.8809939448564568 0.4239088802661836
0 1.024996595300128 0.4563894608749011 1.064787138334454 0.4605820441222839 1.0858627397214697 0.4722822737160472 1.1507512716323478 0.49983857159206363 1.1485687617773876 0.5309165090503718 1.1477888908887615 0.5477360221350772 1.1244279254948277 0.5533396325653824 1.0862724199705418 0.5520197391128012 1.0414200956848676 0.5524294193618732 1.0248342834129363 0.5496932896500957 1.0201370496351787 0.537822070559426 1.0060694340035607 0.5287529460770354 0.9979721467242857 0.513939599577547 1.0006724000565494 0.5024499979708461 1.010587649717194 0.5026588895991507 1.0183755063612172 0.48847048162581785 1.0199076897192993 0.47756907398637966 1.0242692367117043 0.4646953503893542
0 0.6335653523551505 0.38696964945243595 0.6506157815909455 0.382672946028765 0.6631057181521423 0.38174503189475 0.7001969637356371 0.3926323258663695 0.7364458500743736 0.40379061229215646 0.7695863360051471 0.4214161325324657 0.7706887602869095 0.4403156726000841 0.7664750209949832 0.46924517191878756 0.75427501712008 0.47768640921974254 0.7485523648651402 0.4854700771514718 0.7227595143802443 0.48283332278079 0.6749213287225484 0.46969844211105866 0.6292037321178767 0.4535042927594691 0.620055307954558 0.4374309093837938 0.6160771094877144 0.4213581736974967 0.6162524292471843 0.4065639916641541 0.6189254448586733 0.39572040736118846
0 0.7896575057691702 0.41804928631094374 0.77391371668983 0.4285814069379778 0.7672297203600068 0.47637127048129146 0.7837267515032699 0.49364615120266103 0.8308964403745769 0.5129387450791171 0.8630789825997012 0.5223150210972446 0.8815232261046526 0.5237502781222321 0.8872458783595923 0.5159666101905027 0.9126611362784598 0.5184871324109159 0.9194019533046615 0.48874465572971 0.9193740287235058 0.4728273280366895 0.9085119899554476 0.45516587040026185 0.8966616540654171 0.447806012158465 0.8836207482468559 0.4358373391276875 0.8641313869235538 0.4266562946352228 0.8374094888482315 0.41790035521144664 0.8135046011934781 0.41584476159210787
0 0.6276061877410612 0.45354282091309933 0.6121244067668591 0.45567093701405276 0.6056470551468957 0.45632850638327827 0.5969031765966942 0.4700759513748252 0.5937076020760299 0.4770466419440523 0.5896971071247292 0.5070992869224339 0.6105797969501542 0.5289059261255235 0.6510982717431282 0.5429693686186478 0.715405078195898 0.5643554365786948 0.7248164819984215 0.5582375469043562 0.7345178184872385 0.5596329803969575 0.7429712785841128 0.5452658465004373 0.7424207950937819 0.5254756250736783 0.7444840776833943 0.5112626037916788 0.7224979920421399 0.4843436930449041 0.6747469804971454 0.47070535562046806
0 0.7806188368623405 0.49321975075521673 0.7698434864399502 0.481948470626051 0.7469254386060685 0.4902721803979813 0.7382981160508248 0.4987525935419444 0.7448616702494228 0.5113788359419474 0.7438439912451944 0.5264440104294573 0.7437264637161698 0.5454983108009746 0.743174037157705 0.5532826264220817 0.7557501762975363 0.5656385240572953 0.78857134765976 0.580514296223544 0.8334176889044504 0.5948493788602137 0.8443095953217984 0.6008536271417956 0.8799492344056915 0.601748842326582 0.8890437524748327 0.55841303326835 0.8631950528276253 0.5239416235116272 0.8311868588279039 0.5135584339840903
0 0.920186034551941 0.4911071791993345 0.985131955908844 0.5110991090455361 0.9986963921706474 0.5131534072861189 1.0062472719571507 0.5292653188154244 1.0203920593585747 0.5394526291279204 1.0154804413980032 0.579303416746228 0.9978197933732982 0.5871243174528316 0.9734501390398147 0.5854559484379288 0.8999929653555923 0.5755710341500729 0.8886945702569933 0.5673204945491352 0.8910188894176767 0.5584907372649884 0.8757129139699777 0.5389310370706326 0.8780666150129173 0.5253377046936064 0.8815521222198752 0.5258803372913193 0.8876234709256209 0.5160828423407713 0.9124867880530569 0.5194940459203252
0 0.6050613605699068 0.5240254711929976 0.5966960461198009 0.52410187981088 0.5868487717537703 0.532737053258742 0.572092794029369 0.5398612087531119 0.5653216235868441 0.5881545290511302 0.5765622264549979 0.5921449503138932 0.5843168363491601 0.6024863732409101 0.6422917432921468 0.621393037891686 0.6846114925695954 0.6296474636288916 0.7133094991218287 0.624693838525373 0.7169419157400674 0.6014185956586895 0.7196159028856235 0.5767877428317908 0.7116580486508357 0.5653231742450959 0.6521438753285123 0.5438215218241583 0.6098535079333198 0.5308035209940735
0 0.7420118775773633 0.5576975050641553 0.7205454362430834 0.5760132936229185 0.7171432170125591 0.6301162783662339 0.7625116313993916 0.6552178889986086 0.819034446075743 0.6710261091245181 0.840673292567292 0.6792779441042117 0.8616157176912961 0.6777701645976095 0.8685607505921902 0.6353635650521485 0.8475335801906521 0.6029066300036224 0.8327496778850951 0.5941134578049718 0.789326532791817 0.5807467605240811 0.7558662465254604 0.5672651264716779
0 0.8862830769836085 0.5766537085879867 0.8990634319981324 0.5763454833589451 0.9729853723610848 0.5858431730423649 0.9946232473185668 0.6078822765459918 1.0093483858596115 0.6262025989304009 1.0080094492186995 0.6660925623917168 0.9837269689979176 0.6639207366221093 0.966734331992568 0.6724775583839547 0.8890942581997758 0.6660776655360234 0.867745830161554 0.6584455194613029 0.8685318544769676 0.633233505883061 0.8559562011041698 0.6139839739858811 0.8559860687534594 0.6023267646310352 0.8809076638783742 0.6031044522867973
0 0.5766200186854431 0.5964050686520679 0.5634322034556012 0.6082542710856869 0.5573319586346329 0.6159217068671476 0.5500671253981555 0.6624721926005147 0.5622950538542144 0.6699482829925802 0.575190993329629 0.6781602944398878 0.6426644781878406 0.6904456126616205 0.6641000803387639 0.6975743019816362 0.6804242205577246 0.6951751934265152 0.6974168575630741 0.6866183716646699 0.6942521222257663 0.6681445843551178 0.6956184976808004 0.6510655828487891 0.7007020350316074 0.6446760530309051 0.6970431511333135 0.6313530654186685 0.6839723776654625 0.6310416017427368 0.6431341025369053 0.6211220454375187 0.5850720214812171 0.6027188375414473
0 0.7124088618795914 0.6275983469033325 0.7017187425017688 0.6433981470673283 0.6959378122493501 0.6538153309228497 0.6933225888683063 0.66891903356399 0.6964584280903916 0.6852627617044545 0.7073204668584497 0.7029242193408822 0.7531541336910457 0.7207449711068544 0.7893447420323032 0.7345367734564334 0.8331459654586432 0.7411260686256261 0.8432268375816225 0.7150631972206297 0.84491301337224 0.693840309526395 0.8368101927943055 0.6786190793562303 0.8194120386417716 0.6711423412747868 0.7637315832101785 0.6550631286947097
0 0.8649283339739515 0.6586388079188321 0.8624580769360546 0.6774991721434421 0.8469762959618524 0.6796272882443956 0.8463073134084299 0.6926786357130869 0.8440691968263812 0.7147922047664622 0.85196877306369 0.7288902892769489 0.8911806077002091 0.7367183145667102 0.9295794649742259 0.7400537572177597 0.9649575817200149 0.7424593426666601 0.9865680178633746 0.7416874842153 0.9955743902857472 0.7126424004357057 0.977159528663052 0.7064435683178388 0.9675766912373265 0.6722065659297872 0.888919909974373 0.6670845790454326
0 0.555236865327597 0.6693664745518593 0.5479744609262871 0.6814487889753934 0.5427165753500771 0.6888452323026867 0.5455335857706461 0.6955455781071244 0.538792282977411 0.7321816890502969 0.5583972287616036 0.7498829702191104 0.6250572504902794 0.7645693400640979 0.6812034441346695 0.7664740595158057 0.6837892856334571 0.7561339319675447 0.6860278879825394 0.7271267286522028 0.6801338021043974 0.694555504521542 0.6644776729047924 0.6976905341319047 0.6413573522643521 0.6911038297202241 0.575307063557553 0.6797868968542705
0 0.6952957827430164 0.6965712746084947 0.6847496581742736 0.7299150048798936 0.6845733668807368 0.7584964554371694 0.7051078460223894 0.7754232873971111 0.7570118900266639 0.7972338127364683 0.7805680812306115 0.8013032333746258 0.8052859462478672 0.8078514096326764 0.8222780974861833 0.8061882221327975 0.8237022651716628 0.7933693389646436 0.832679741478813 0.7621941960159618 0.8197847735374653 0.7401949160447212 0.7884152086748433 0.7353112226653056 0.7523117744462872 0.7210159635610219 0.708482140671758 0.7054029749607755
0 0.8431685595841438 0.7176967131444215 0.8331459654586432 0.7411260686256261 0.8214112140295035 0.7422864470601782 0.8342483897404056 0.7600256086932443 0.8244574503037199 0.7936018032651807 0.8252699418991887 0.8049880201658591 0.8302937439514164 0.821912909057667 0.8896644082316936 0.8189769971092349 0.9294585370759672 0.8073634974230428 0.9561525105701338 0.8002021091537986 0.9715769850809242 0.7869202404527041 0.970533324563674 0.7584935501993272 0.9660031853053987 0.7433114958721707 0.8894958892106922 0.7372602994750452 0.8511264138189316 0.7291612817311165
0 0.5532852810626074 0.7472488066059405 0.5448896131961786 0.7658760588406356 0.5405029829799497 0.7751315688828487 0.5375380916140331 0.8060363670667409 0.5544998894360261 0.8229240231836742 0.6040512039314283 0.8445406123761247 0.6426528197790372 0.8558928349488187 0.6634497927928611 0.8575220281207132 0.6769275407089965 0.853186148854034 0.6860783937074826 0.8347913609198763 0.6767272109705719 0.8107011976225565 0.67498615755171 0.786302161406817 0.6790828550816452 0.7695333281976641 0.6266836909823176 0.7666608710795552
0 0.8107465903976692 0.8084717462270277 0.8161768811311481 0.8276429264381914 0.8053682626902339 0.8762842954976375 0.7904668328556523 0.8865454236705043 0.6866009526166578 0.8386642546536148 0.687095101177644 0.8335134549562996 0.6785279996880129 0.8117858151286041 0.6757413426837671 0.7865346257073543 0.6798664505618913 0.7787894859292551 0.6975270985865966 0.7709685852226515 0.7049334977969864 0.7764302009065204 0.756547123347934 0.7976210373409044 0.778970536853796 0.801341761528256 0.8102818237189392 0.8088589708314636
0 0.6856131412617192 0.8420722197862789 0.6692880295086916 0.8582585968653329 0.6662369355641404 0.8758795832799965 0.6637950888744325 0.9037636409356606 0.6873214124290905 0.9194902709286638 0.7184867614170201 0.9370380871723346 0.7582500510779371 0.9508690653649218 0.7745443236476082 0.9601271661646468 0.7973169193713094 0.9549404290712132 0.805508371363046 0.9489772997007734 0.8098969446474086 0.9121472526106938 0.8027246289610008 0.8823643047077239 0.7913091921004108 0.8862744312163368 0.6877337303147434 0.8390129511044208
0 0.6618811445312682 0.8596906154434306 0.6666145281301689 0.8759958154302652 0.6634165247743371 0.917434677309325 0.6035233015848848 0.9164976955240186 0.526900906796321 0.8950326281885772 0.51955278558341 0.8869374965809161 0.5176657942873344 0.87256906730564 0.5183058807255343 0.8573876606678613 0.5233316258458959 0.8467380125118028 0.5285606153068831 0.8372115100154222 0.5359101938208946 0.8246257388371833 0.5416911240733132 0.8142085549816621 0.5556615632493345 0.8254027788035674 0.6039929259339495 0.8471741282999167 0.6425656456663358 0.8563962917035234
0 0.528120858607108 0.8948778678846784 0.5189989017238448 0.9154027149879234 0.5174875599256636 0.928725054910782 0.5146387387876712 0.9612564555090568 0.5438583327150128 0.97396299266321 0.5907091927848035 0.9836122042036388 0.6497884670776867 0.9938438718741667 0.6570214895967406 0.9865251325435119 0.6620766165993582 0.9711119092945739 0.65167934451003 0.9530632270537103 0.6500832574343149 0.9324208524214407 0.6470341065578977 0.9224673017882378 0.6031457090188562 0.91638146337375
0 0.6374728787418927 0.9937648724987724 0.6242238709123712 1.049609396427983 0.49072802192851617 1.041924473033317 0.4852090997812354 1.043937652362758 0.48253851300491357 1.0203130653558905 0.4848633179326304 1.0045896738097768 0.49465328583524926 0.9848007477617738 0.5064183906807121 0.965089525710409 0.5132444387514813 0.9624181293223648 0.5449039363003969 0.9748151458687205 0.5924228073895431 0.9852002784643913
0 0.5154169908305493 1.0463425901222805 0.5098682010339788 1.0600129788065669 0.5130608609524424 1.0944040938091395 0.5699029901973437 1.1129620620091094 0.6509987035478042 1.1315617968095997 0.6556473418691707 1.1139022822413058 0.6577404921080727 1.0880320516044606 0.6496670534123943 1.0680472463414163 0.6364517993684302 1.0570854868200483 0.6218711414034986 1.049415460281076 0.5217782722225885 1.044058418338672
0 0.6599492268078653 1.0706820576439642 0.6591347921442625 1.0868703777911521 0.6563153528885262 1.1146382032965478 0.6762685093564913 1.1372192917085093 0.733894719848672 1.1581397833781042 0.7826330569815719 1.1752637899318426 0.793033243673101 1.1519506666009065 0.7773491898923401 1.1391683685182488 0.7665155614724712 1.1305306043128753 0.7696249334145011 1.1102761019744196 0.7713684156685303 1.1002069668803263 0.70831045714177 1.0807961977854676
0 0.6538890507438896 0.9219259645692811 0.6519697629633571 0.9536829159586836 0.6615246758079267 0.9720025906537146 0.6859217689555325 0.9964819216236043 0.7777051728486482 1.0337500275699316 0.7859852562541866 1.0066025386588873 0.7895589091079129 0.9928544459779625 0.7820961749681782 0.962451809170019 0.7739923828561767 0.9610178475237876 0.758714817756667 0.9504818407604857 0.717731576284963 0.9368056228717974 0.6865662272970334 0.9192578066281265 0.6649278665725181 0.9041123373864665 0.6644910244749439 0.9204168896839229
0 0.6610599091291969 0.9723898152581508 0.6576606045008733 0.9851309944296663 0.6447343116091357 0.9954698265991713 0.6362793942111611 1.0305178632815915 0.6366261475938331 1.056078573310639 0.6508870052231812 1.0678924860375176 0.6606755158246997 1.0687844627754142 0.7106631866506425 1.0809901339323746 0.7720947046853647 1.0983093720117763 0.780751894889898 1.0781717495129672 0.782554626675473 1.0516818299711488 0.7775308246232453 1.0347569410793407 0.6852826540513995 0.9978760597374499
0 1.0198974250305552 0.5514970630872024 1.0874007775380563 0.5521251719540892 1.1222558496076365 0.5575514979312177 1.1473219253086646 0.5689794814324162 1.1478435126837727 0.5866396436900879 1.1440661297223875 0.6061582249733015 1.1249225502476905 0.6363251590338178 1.0910832141142048 0.6434081956170457 1.0235504797244475 0.647543661843038 1.0098704590017533 0.636969126926106 1.0107426858958013 0.6250409251170927 0.9942456547525382 0.6077660443957231 0.9958735525456768 0.5891766726252804 1.016148452417359 0.5800393378014698
0 1.0105384700211089 0.6377050479813479 1.024683257422533 0.647892358293844 1.0921288176995891 0.6442603488225561 1.122189799337622 0.6704831620464752 1.1256733634764462 0.6986003316920543 1.1217799102871366 0.7164923105608855 1.0820734413225979 0.7207087192304059 0.9951091378399838 0.7199232593021083 0.9972591087752642 0.7121004155273708 0.978089062020512 0.7056691191089669 0.9666471578798665 0.6729810151386594 0.9837558651131403 0.6660507957911966 1.0077190307653723 0.6654728734867433
0 0.9948476155018794 0.7214336295662225 1.0476826501647145 0.7217888029108078 1.089625292643168 0.7230333622357782 1.110625024230584 0.7326793353293173 1.1078335095560035 0.776364488527733 1.0992644649982384 0.7822113857479042 1.0716992361440907 0.7875137073022286 1.017760319898393 0.7889398966759247 0.9728258330069339 0.7888955393178926 0.9711141614703281 0.7597329280092738 0.9672520332314084 0.7452867947373593 0.9883688065808156 0.7427721017213477
0 0.8250373156763069 0.8086284495990604 0.8173679368267124 0.8253581069652053 0.8059202034816653 0.8753936141384969 0.807168079873608 0.8911561815276187 0.8547457147272665 0.8920141639375307 0.8904142499263823 0.8950394382914045 0.9300918227756984 0.8886929704527966 0.9524001375877034 0.8769998237018325 0.9560031723236859 0.8584881559280281 0.9506600557029083 0.8388135189621596 0.9369814922813146 0.8075580812593279 0.8898676525723191 0.8201001427689127 0.8316586621053501 0.825514810337238
0 0.9727969368917111 0.7867654801488054 0.9550486289872708 0.8019834718720803 0.9425875885412969 0.8050414451751825 0.9397402247044048 0.8168919429875574 0.9522864961949464 0.8409050499776168 0.9572515344826621 0.8673570890551833 1.0150535505013463 0.8665897644294686 1.086072277865095 0.8561032965392226 1.0955419596650975 0.8473518909410921 1.0997855666063132 0.8067651822675425 1.0729480840701004 0.789489006167417 1.0179635642390186 0.7900630423356025
0 0.8070809057609065 0.8916596382823233 0.8114073149115226 0.9126121812117683 0.8061181043849226 0.9523467366798073 0.8010634631493383 0.9608663256667785 0.852068327212476 0.9649004565981957 0.9308127683551646 0.9626253524658791 0.9409793572897451 0.9567399270920776 0.9437111366657465 0.9363691926033536 0.9393264495176514 0.9180501655977004 0.9313974913980864 0.9087156561800928 0.9279423376074515 0.8896221799655676 0.8902399017009794 0.8960463518008139 0.8533514146910766 0.8931758377508391
0 0.9564091752379036 0.8676280815093506 1.015256794841972 0.8677129100891466 1.0589718156896772 0.8610183934891108 1.080638586762382 0.8851875561618249 1.0824090220634999 0.9048230172846852 1.0804319420525221 0.932319850335913 1.0013094225767716 0.9413723565799277 0.9439143810063721 0.9374923382630316 0.9400527385344859 0.9161525707291501 0.9308166544914324 0.9074762783701461 0.9297142302096698 0.888576738302528 0.952138615249599 0.8785101939659464
0 0.9432463699870165 0.9367564172077896 0.942024960875129 0.9575920802975881 0.9225635241329828 0.964328363498144 0.9202969972027448 0.9774182391204654 0.927266068548527 1.0060780413637576 0.975133636088479 1.0144493469406097 1.0105989269469693 1.0163514756348055 1.0562019106248173 1.0102381197861126 1.065584418312118 1.001990170942687 1.0683465511044425 0.9630685928371503 1.049090787538089 0.9364598503875512 1.0015126669173973 0.9424955022396055
0 0.9098703432311603 0.9641331319724812 0.9196289861833892 0.9766823180652237 0.9250298950346119 1.0006170733692665 0.9206133971690936 1.0215297927663256 0.896301049299022 1.0310151763515643 0.8496818439180461 1.031512803901867 0.7996643054428136 1.0309643420997527 0.7869716103080249 1.0238754763121232 0.7858691860262623 1.0049759362445048 0.7896749793358371 0.9944810483923451 0.7829385342129367 0.9621808167158515 0.7968521526925795 0.9553276536756492 0.8002211039045799 0.9611373181209459 0.8526491641191302 0.9661398344081421
0 0.9254074876006404 1.000733305519535 0.921165337960525 1.0206391114071849 0.9077453822748349 1.0292351090120386 0.9100971402496403 1.0432163136828787 0.9100658152992502 1.0755544258236245 0.9568006051411171 1.0835770349496707 0.9952572546455791 1.0911725959388947 1.0471916520661768 1.0944322776614397 1.051726163227753 1.047571623630897 1.0354627298414387 1.012869044952393 1.0092918010234806 1.017009692693409 0.9736521619395877 1.0161144775086226 0.9276436611145553 1.0061942735140263
0 0.7874941692172002 1.0277483700458616 0.783135463582127 1.0529212077810952 0.7804903725517937 1.0796821197770814 0.7839171159942393 1.0897519025605529 0.8467140379499288 1.1037794076575587 0.8940012543502602 1.1040177011624974 0.9134631768594401 1.0903877836999751 0.9163105406963321 1.0785372858876003 0.9091362819417905 1.0763288750324966 0.9108523253816974 1.043448777983416 0.9064382563513464 1.0298933260706422 0.8965042936396477 1.0321383220112421 0.8495946698053447 1.0320162606565717 0.7996932015580364 1.03309440126884
0 0.7795314573120775 1.0852201440788327 0.7727627157047202 1.099045293067018 0.7663994912445471 1.1289040018984926 0.7748803901555437 1.1373478299569593 0.7950372767311676 1.1541584297666325 0.8537086050416992 1.182824708903704 0.8863265320632974 1.196577335410275 0.8974226543553379 1.1899174608276013 0.9094213569577493 1.1527785408191022 0.8984711725429226 1.1494078084613124 0.8891214471071123 1.104636742378093 0.8469172822905543 1.1049025533172365 0.7843236046754906 1.0919981938799086
0 0.9182567815239535 1.0764849307151514 0.9125336435019802 1.0911622329088473 0.8885695063156809 1.1055274237372337 0.8982968243175198 1.150414721970722 0.9479656663419465 1.1529770107916548 1.0007424230073025 1.1559657000600325 1.0123028262110392 1.1558122351348896 1.018344793034529 1.1507783152772209 1.0407686923074242 1.147605405202606 1.036763540793492 1.101828073299355 1.0258716343761443 1.0958238250177732 0.9950829064201763 1.092179509448304 0.957381442047771 1.0848164127596172
0 1.0195936409605384 1.1527536141424095 1.0277836356511747 1.1674713875578695 1.023046365916006 1.2063152616667676 1.0026264997011771 1.2116959349071084 0.9536545648113288 1.2119996263105046 0.9001809010113945 1.2061449568177975 0.8924262911172323 1.1958035338907809 0.9002401505429404 1.1897241723700727 0.9097117754110764 1.1533982297240757 0.9462226698549507 1.1561525116237819 1.0012360858012552 1.1577085346246838 1.0136388482497505 1.1572840772453734
