0 0.42075722106360336 0.4144459649863373 0.3768448482454769 0.4194505580080934 0.3473677689891415 0.43242926004320514 0.32776554860474394 0.4475357099433339 0.32445959467726687 0.4894744439898475 0.34891557821700525 0.5048040039716513 0.4010191670940074 0.5091301669434243 0.44011094198631934 0.5086572867245779 0.4641277659545605 0.49416949486935713 0.46098914458833967 0.4773639570170228 0.46200329731653256 0.45742090863411344 0.47707491573366634 0.4431673352170245 0.4546522364107194 0.4303544060495967 0.4440498882622022 0.41622238519415644
0 0.45752236327363627 0.3868668052195216 0.4487544878045963 0.41316220691919486 0.4558718856901005 0.4290375360328758 0.48259317021347076 0.4439406577731595 0.5421323194036485 0.4530283086433913 0.5715530657217424 0.454919616398985 0.5921429386186805 0.4414393655380311 0.6026541223459613 0.42133943097260323 0.6111038353873297 0.4061578704881524 0.6112480002398707 0.3972513310648518 0.6047404269940572 0.3807175669428104 0.5769154915747259 0.3656597806912996 0.5061078366580989 0.35796855376469366
0 0.6220806789017599 0.39430604033766475 0.6035539429442024 0.4170021596443732 0.5946982355608631 0.4373340909766415 0.5987665102479145 0.4565015951321245 0.6230484962125225 0.47403845690585 0.670417652824541 0.47472556052120596 0.7120945573816249 0.4768466433723488 0.7377950241629282 0.4551558433886158 0.7377021934882231 0.40678964544101626 0.698376755575602 0.3960713521890269 0.6767975639126547 0.39379116148407434 0.6552780376948859 0.40490944604187945
0 0.7458884107866932 0.3737176738543508 0.7302351341989897 0.3811946773844473 0.722047250647051 0.40013240644438125 0.7392416714487442 0.4084931767358046 0.7387810104220003 0.442647799901059 0.7513586635955987 0.4600322188348489 0.8066572067770632 0.466293909868251 0.8476961202253357 0.4765084326231069 0.8746179025394887 0.46763500514938455 0.8774300302106954 0.4248831715832835 0.857562647829931 0.40796496785446595 0.8330486650984823 0.3933711751366363 0.786083836574966 0.37339945814673126
0 0.8539600329300291 0.3970455681139231 0.9079212621952237 0.3919614211652622 0.9273809839805488 0.3998957532151657 0.9312454283698804 0.4145713215311917 0.8684549919369986 0.41841815239003655 0.8468161348288726 0.40273948642232643
0 0.9611600009442446 0.4172757288063727 0.9306356037301898 0.41522975653955213 0.8734214209688227 0.419114142690558 0.8775476948475842 0.4375458795820672 0.8769992019065407 0.4657370323799168 0.8621314137871267 0.48448254163646265 0.8709341207391615 0.5072891051483629 0.875294057638232 0.536912015510708 0.8882197059620913 0.5498818308606542 0.9726473332496304 0.547579423442788 0.9890562655830342 0.544671688007762 1.0003231050560148 0.5291410215374047 1.0021774129372703 0.49146222656350763 0.9708658610014576 0.46401350604350605
0 0.967692408152242 0.39810600297959825 0.945650889209082 0.4158461929131687 0.9618278247756453 0.41588152653403837 0.9717955143222881 0.46637547234665483 1.0231451137070589 0.48026660975008895 1.0533795149625629 0.4859914183367792 1.0965942312266992 0.4756817899559788 1.1071949131217478 0.47567956828468744 1.1356545071429534 0.45437542957902194 1.1483431599395664 0.42788558640466934 1.1464225215992583 0.39562893600888255 1.0820909409523871 0.38363799304620755
0 0.3543178343133894 0.5070488610557341 0.3325083121370701 0.5218459819334088 0.32219929245404055 0.5323036098115621 0.3203748172953745 0.5766816424168381 0.3480539216086961 0.5865117255649178 0.40750523888457435 0.5896359060677447 0.44107875929708185 0.5883897032927631 0.45867750818727737 0.5774658602096375 0.4599799906205524 0.5397097329801269 0.47197265311664405 0.5220490969734614 0.4625319550557978 0.5073359733652744
0 0.4813818522014323 0.5159287404235381 0.4714208276686636 0.5219717647178479 0.4625352875627349 0.5356044584187375 0.4584736778895577 0.5729739243701805 0.5137158881327806 0.5941056251942879 0.5821140772132347 0.6111298297857145 0.5921331009377137 0.6043510382274309 0.5989240051282038 0.5606689959226764 0.5964233748707943 0.5357700181666288 0.5818439164564622 0.5367024485765737
0 0.478062568246207 0.44479353425619933 0.46293295063736306 0.45978287493726216 0.4620347962925904 0.4782543887922237 0.46256012152491865 0.49990096846992155 0.48358915399335406 0.516238069445992 0.5806822663687912 0.5372835513293206 0.5969453675961854 0.5291481127908636 0.5996133304148511 0.4953028186480631 0.6167464195178971 0.47613087114999725 0.5968492044145433 0.45251342978980097 0.5738183667053742 0.45449317815746504 0.5416384931473782 0.45221520912380386
0 0.6162525932616267 0.4753177716304098 0.600716981310812 0.4954574831592901 0.5961913781039538 0.5387130872225246 0.6203275329625522 0.5510222458928191 0.6979310908300749 0.5574341580948653 0.7365572059352374 0.5487131734610786 0.7396626620719318 0.5305509886285711 0.7363483768771122 0.5018185100414271 0.7276898347776184 0.4701054071062261 0.7137500337255662 0.47707864013918927
0 0.7359655502438565 0.45713114841369706 0.7365223744522424 0.4996112082495052 0.7407083137761825 0.531441420403772 0.7473020526828271 0.5398044123664867 0.8450348224205442 0.5668906968728334 0.8694593069842247 0.5613867766965269 0.8748582305736718 0.5353631487271466 0.8698304698432007 0.507134440637136 0.8526045500654497 0.4779401901876023
0 0.9925328845787045 0.47225716711586346 1.053815342027123 0.48754028512034053 1.09769788212266 0.4758364544672058 1.1082405648259985 0.4765700000598883 1.128252112059304 0.48458166436540523 1.1343851899392048 0.5270992794933744 1.1138533162339765 0.5398437630903544 1.067415479196257 0.5556528683048788 1.0174048599812249 0.567241811410239 0.9989327907084405 0.5609336783995104 0.989782088606145 0.5425417184714537 1.0011947591851353 0.5322387551045275 1.0024972416184101 0.4944826278750168
0 0.7260443559544882 0.5546788654997749 0.7290968116598782 0.5796551755114359 0.7300894629328244 0.6236841021308054 0.7106894065926779 0.6291482453436597 0.6118546522124686 0.6160415388528174 0.5916392746814433 0.6035379387078433 0.5976463566571125 0.562721633203371 0.6082453722986926 0.5485851690053484 0.6218670109230733 0.5527257771876074 0.6967694407424039 0.5580152608476122
0 0.7386766758128598 0.5430590321161278 0.731736608009423 0.5532448862639882 0.7304324593226795 0.5768667709667671 0.7307274540416357 0.6155906622270922 0.7407481440195831 0.62294611319554 0.8208506658910468 0.6401227606269022 0.8611620900627399 0.6383330103913348 0.8664748479913561 0.6204801545812813 0.8654838629718784 0.5905854704886434 0.8544738542279218 0.5674695779542891 0.844976823228834 0.5676264641368075 0.7473600518745372 0.5390686451025127
0 0.8735524156334598 0.5448507909031942 0.8893233568580521 0.5500364953718813 0.9714856831619594 0.5481605261955349 0.9960013321468764 0.5768885614400961 0.9944088537550508 0.6183235249894764 0.9573802158021196 0.6280122736540776 0.8671725045453461 0.6257851899403258 0.8654291962871054 0.6195897228060804 0.8644382112676277 0.5896950387134424 0.8555775051238826 0.5676242424655161 0.8705049586884754 0.5622772084717279
0 1.0972703863254423 0.5449588003173021 1.106623252471989 0.5537084535580844 1.126750798088715 0.5602485833356534 1.1303550792420853 0.5853022256029279 1.130212580643013 0.60834300755296 1.117522261592931 0.6206986082005811 1.0645785175628666 0.6341081918197956 1.001062258106874 0.6400849922149489 0.9942928553716306 0.6197950595174243 0.9958853337634561 0.5783600959680442 0.9847891593586686 0.5634149755930166 0.9973353135562093 0.559965914368696 1.0173468607895146 0.5679775786742128 1.0680253038359477 0.5549944332965183
0 1.0918781277498695 0.6275193983936086 1.121678368194282 0.6458295827234691 1.1231615132165615 0.6624031238089629 1.1246744909614304 0.6856759025258355 1.112042171103059 0.6972957359094828 1.0942975911068538 0.7029918758891774 1.0706867614805835 0.7123292968965806 0.9980512988983532 0.7207476175217874 0.9906439050542986 0.7085511247279762 0.9867214614732567 0.694611323675924 0.989391090545391 0.674900272059855 0.988139942289952 0.6553836619184658 0.9693762108051482 0.6386201227008751 0.9897920861269561 0.627347173631843 1.0014980851714341 0.6416338589985101 1.0645785175628666 0.6341081918197956
0 0.9663254213532269 0.6277780552159458 0.9699280362531288 0.6386974549564886 0.988139942289952 0.6553836619184658 0.989391090545391 0.674900272059855 0.985269815427035 0.6988712627485406 0.9639524532535175 0.7003472406190712 0.8932624629737792 0.705318721691249 0.8532410347606367 0.7034296356069466 0.8510320667152463 0.6889860640577611 0.8531780368085209 0.6617626752907259 0.8470184587129681 0.6408143075848409 0.8622657409587008 0.6384876749025619 0.8676663308016165 0.6265982894599132
0 0.7293338071871243 0.619114834035735 0.7162093273259509 0.6440558104265262 0.7203356012047123 0.6624875473180354 0.7199892723079202 0.6810363934286103 0.7261471841500045 0.6878505186077639 0.8069755290445789 0.7028971965028177 0.8488264311767931 0.7028109775620385 0.8498704166275753 0.689567166810508 0.8525102129771203 0.6631568775630602 0.8475122849692385 0.6416274071044284 0.8207346675076266 0.64159429515485
0 0.599452662867469 0.6105840606538372 0.5889133126710675 0.6381190001146179 0.5829062306953983 0.67893530561909 0.6088138602813584 0.6900049265282773 0.6504907648384421 0.6921260093794199 0.7100580804977408 0.693778655354299 0.7170859802154769 0.6895562715738436 0.7213812529089632 0.6633779790932363 0.7158894986448109 0.641035409115017 0.711851056680349 0.6285671425909127 0.6118546522124686 0.6160415388528174
0 0.47247314438678845 0.579399166599975 0.45362657974809106 0.5990748845951742 0.4510464488437248 0.6388836491053795 0.505156841721866 0.6672956903136128 0.5466895814264088 0.6783233125880562 0.5833420577599585 0.6804841724026515 0.589465138119048 0.6381963323702313 0.5830437305340652 0.6134917960888633 0.5148195390287414 0.5942602897055149
0 0.3411701867435009 0.5818275699220727 0.32159779908169267 0.6036332574535802 0.32166079703380845 0.6453002177698011 0.39267228224815515 0.6574833805358641 0.4450658670837079 0.6581307071877676 0.46205479133421284 0.6478652991130024 0.44944897169149356 0.6379158850745652 0.4524665959138886 0.6137902298746527 0.45545605366716274 0.597099579570093 0.4450575358163652 0.5874594945541097 0.4075632380762845 0.5889001388037708 0.3480539216086961 0.5865117255649178
0 1.0929619434440525 0.7057802804338461 1.102372808782309 0.7137941664106543 1.1136131480396378 0.7198327473623815 1.1202085531997508 0.7423299818518276 1.118032750383887 0.7628541329874841 1.0879458464878609 0.7764912700309563 0.9886504310809074 0.7975391867053685 0.9765069387184008 0.7675693920284085 0.9684548887516604 0.7069293690313839 0.9860254711727352 0.703440530843611 0.999096950602604 0.7216380492969884 1.0706287622888733 0.7130650641605548
0 0.33676391442700004 0.6518801245108224 0.3205886451139054 0.6659790334166844 0.3188801683386595 0.7088855314940125 0.39064730929870645 0.725637962355146 0.44251890140886807 0.7329071943828148 0.4557328794378094 0.7280639308861602 0.4625271161352365 0.7126503736348688 0.4491374742776963 0.7055666963967138 0.4435297216301239 0.6846956609464424 0.44567569172339844 0.6574722721794072 0.3920624576084646 0.6581418155442246
0 0.9569451590429141 0.7022079632548387 0.9725199127481127 0.7218980806630114 0.9727929463060838 0.769130439519984 0.9110688201045181 0.7772267756152959 0.8388230460758688 0.773953082409841 0.8374546318359647 0.762343387730521 0.8452106296799538 0.7581019396585895 0.848296726206297 0.7189522768685354 0.8498109529661824 0.7069853574594505 0.8920704732942355 0.7068180027468628
0 0.8329305430383 0.7038585589239928 0.8471080610003081 0.719546893638788 0.8442593565144527 0.7556850439065305 0.8284506207758646 0.7679323307032829 0.7567101573350268 0.7654906463085688 0.7078222513553021 0.7555947646121064 0.7118918525575313 0.7401799772707823 0.711532354489701 0.7157713543716366 0.7234461230493275 0.6877543288418609 0.8061541968949386 0.7031509294786603
0 0.7068641581756044 0.6953260854948203 0.7102538147667545 0.7102638154171029 0.7124565111554647 0.7402591079509451 0.7069303261999231 0.7524249907294691 0.6405397086878101 0.7545390037892714 0.5732571660203181 0.7534832429664364 0.5737607716045804 0.7398523059358704 0.5819881435224469 0.7006619411367018 0.5994908550548355 0.6886520463804372 0.6506068689194584 0.6920094169421859
0 0.3332147720155078 0.7130410372761457 0.3148270534876635 0.7270489475738282 0.3154997274065433 0.7690158035355847 0.36561233168171536 0.7865953614748037 0.4209260596345365 0.8000042480741717 0.44941827811848173 0.7999562062602075 0.45125681472514995 0.7806687287992867 0.45203234889592314 0.7591052344181216 0.44827502044940776 0.7375659424870324 0.3909107044256139 0.7271024183745393
0 0.5150700671460224 0.7385122494752574 0.46730958883755613 0.7192580211715328 0.452689632399057 0.7467109265736213 0.4505222955079138 0.7897762890256509 0.5117025045567787 0.7999865906050531 0.5682180469960592 0.8070883363639427 0.5793665713147482 0.798012977669088 0.584794994376091 0.7758617388257402 0.586262373926357 0.7572468270471999 0.5708957767742515 0.7575482219889427 0.5722355581027554 0.7405519981911451
0 0.46163535286515023 0.6484677596216813 0.45094869044854496 0.6582112248441584 0.44310346852787824 0.6822389305896225 0.4496892997256767 0.7056440286523271 0.5151365120413891 0.7372979006471385 0.5734808636743522 0.7395230569019186 0.58093720264566 0.7015548095473051 0.5873639259896487 0.6892306402426561 0.5831290237784729 0.680041042920171 0.5465733979037144 0.6782243757241448 0.5057828698177799 0.6672181112056337
0 0.5925607388147928 0.7554216949104801 0.5840438228979482 0.7753878290158815 0.578366866362848 0.7970744325093975 0.5828094690365206 0.8162117395837369 0.6516357448519805 0.8238732631339308 0.6992138801414334 0.8179772509275111 0.715813198645465 0.8150135409928034 0.7185205681490346 0.7869596209081232 0.7161180843253363 0.7733981355136584 0.716761779231685 0.7589410581242896 0.6421274381171442 0.7557555197296897
0 0.8315665092730578 0.7684172740515839 0.8384601883791161 0.7753345089048885 0.8495357337450802 0.7795315852915609 0.8565590405009247 0.791095667347915 0.8517334793346701 0.8082729032039165 0.8525362820948286 0.8295450931819014 0.831264585821575 0.8351602218004738 0.7872732144943666 0.8270115953141302 0.7211307524352298 0.8104688160544423 0.7183659036378076 0.7889216669453871 0.7252566205154773 0.7707113595289469 0.7294119687997482 0.7620363231677553 0.7563385469750499 0.7664710265657254
0 0.8615779333137797 0.7783702064756367 0.8589964804754164 0.7912402825382158 0.8540771318706533 0.807264790964333 0.8542447029081763 0.8448945512767585 0.91514794644704 0.8408940440338638 0.9826041317505649 0.8399010969836388 0.9868408666676236 0.7994064889244408 0.9686480634960151 0.7717861166527925 0.9133731508590086 0.7772717849878529
0 0.9879283688773584 0.7988624778367627 0.9851871444857927 0.8402630777545957 0.972462900662839 0.8426583904303673 0.9860062809110379 0.8696271973142929 1.0575115010721656 0.8503985393413861 1.0867933950099655 0.84335947348494 1.1117780173276066 0.8245755917496088 1.1067438349040999 0.7890494796337038 1.092631114890076 0.7759291368251832
0 0.9715382898000351 0.8411359913298632 0.9868765946581984 0.8718383998108578 1.0878808972197003 0.842815462397262 1.0993826759922425 0.8493021977160881 1.104525452647036 0.8834507030398718 1.0962613717911722 0.8955244214063459 1.037399729727965 0.9200070002143402 0.978944536083652 0.9327075251351115 0.9711923780842409 0.9051574691551693 0.9588450942770635 0.8762670443914441 0.9597929539555289 0.8443648997100781
0 0.9435331580282897 0.8386042057956512 0.9537581746347773 0.8546617925051355 0.9547944995225968 0.8812706984805901 0.9056940087376109 0.9078176076142809 0.8300559682001191 0.9264670963536571 0.8233385751916631 0.9122938895156336 0.8308936737504332 0.8827105016308764 0.8339917291358422 0.8699128217224888 0.8283602784402566 0.8419635469632513 0.8518230216230149 0.8292341034840837 0.8535109118985567 0.8475773687068101
0 1.0909324549737864 0.8968668700526145 1.0986566844669436 0.918145299313819 1.0990398840701765 0.939787789208466 1.092434205086736 0.9507010892453929 1.0267760641869037 0.9818917515597585 0.9775111221581233 0.9972730140480955 0.9677189225799196 0.9624729433365896 0.9634759480754044 0.9500393240616442 0.9806044978529396 0.9447791636391001 0.979406841515054 0.9334687246853637 1.0378077380437234 0.9214570031606532
0 1.0711464663234467 0.9623425105492043 1.0864552827784921 0.9735412354779257 1.093880098187178 0.9919920550006961 1.0919796991396549 1.0161001738628204 1.0404327183569824 1.0471791221521707 0.9738484066974818 1.0636153285324965 0.9660978085949349 1.04929732938609 0.9604105008868417 1.0088048011893773 0.9788437413366857 1.0002454160949126
0 0.9544687168287357 0.8854035188569543 0.9702134701057934 0.9043238734507258 0.9790546902118034 0.9445619751765261 0.9158151108034039 0.9649489716164948 0.8513251378383395 0.9879463893323236 0.850966746947632 0.9461114124893423 0.8503384303755711 0.9209525094602004 0.9067815109473455 0.9072735965266031
0 0.8464507269680348 0.9238897533611644 0.8505587386318735 0.9446614095430296 0.8458054011677694 0.9850836214480365 0.7790271498613562 0.9708504976307347 0.7421032520522962 0.9621939575486533 0.7199420797481182 0.9451600626888282 0.7174381728410597 0.9239167915734766 0.7247481544310019 0.8908169905542248 0.7452214364596382 0.8895076201913236 0.8238551777387086 0.9123662856698248 0.8310348761785666 0.9273006920581005
0 0.7205516775578092 0.811534283715539 0.6991817131726226 0.8175928816966737 0.6994035813257892 0.8545338386130386 0.7436173317028583 0.8899792351248103 0.8230391611071917 0.9094662797771994 0.8339374320201987 0.8706016251185495 0.8281694585870722 0.8377583304326958
0 0.7011752571200923 0.8916919839919778 0.7174381728410597 0.9239167915734766 0.712494015523771 0.9601337869479277 0.6480009227649782 0.9566670909966848 0.5810318516053807 0.9382287506488275 0.5818974856619489 0.9007437826447845 0.5929617677156146 0.8862768314650245 0.6542466509608473 0.8906867572832408
0 0.5868633318980346 0.8178701866549272 0.5835217194406619 0.840383510262356 0.5819765914901178 0.8798624923003896 0.6099553546524734 0.8893547079494001 0.6546546592766057 0.8921367602295535 0.7172163046878931 0.8869758346571115 0.718356544116407 0.8725109633398369 0.6982617820004111 0.8557666530967772 0.6985022192786465 0.8195868957306643 0.6511392361942534 0.8240920961904129
0 0.45572695067350555 0.7918323299794627 0.44980232548090526 0.8139836728159348 0.4443400057197069 0.8368962152026588 0.4431454691755494 0.852049889915994 0.513567866817535 0.8730614135313729 0.5794758043767876 0.8850833348521098 0.5835217194406619 0.840383510262356 0.5719082266431041 0.8088102680685795 0.5103782264290437 0.8008839291158681
0 0.33318355279243006 0.7760520482282317 0.3203243461287997 0.7867853978109229 0.31257998761370936 0.8253956259986603 0.36660762648777917 0.8489844926065319 0.4443989825259429 0.8759035823072058 0.4536683399696443 0.8577030295303768 0.44262886662850387 0.8519774937618028 0.44564469639201554 0.833596990530738 0.44795310375529723 0.8109388746149264 0.4379189070019941 0.7990865044359975 0.42146985111843477 0.802352650824551 0.36679064685664275 0.7870294249694078
0 0.332238812907693 0.8344183065766696 0.31369697822656195 0.8443552984632557 0.31429736629236893 0.86324257477366 0.30676863634298857 0.8858655325436186 0.3355913446431148 0.904529380803992 0.3901619546736198 0.9212302134512568 0.4362218069825685 0.9332562944969647 0.438694665589645 0.921763825226507 0.4414374498780748 0.8935952821422098 0.44320288608492125 0.8778252001870053 0.36764083158187016 0.8491292849149145
0 0.46098300125017894 0.8642993990117329 0.44189819541261266 0.881124424858926 0.4396456450618386 0.9163257942122129 0.44709682907991416 0.9278161836201849 0.5066426447276899 0.9410357612788077 0.5676839709009588 0.955161330796065 0.5787746215640143 0.9337339495015066 0.5811621347554651 0.8901945432413001 0.5140844693645805 0.8731338096855642
0 1.0620118765260929 1.0347080243936426 1.077842483195864 1.0532922041250872 1.0790671312356506 1.094378061688561 1.0109921033432734 1.108642743462107 0.9543297460298868 1.1126044618687263 0.9467765210798225 1.095180265971484 0.9387874690651978 1.0762072032906804 0.9564723836162243 1.057112588048228 0.9659395818927228 1.0502564642343308 0.9744506266327383 1.0626076215393692 1.041538002012575 1.0467167407266487
0 1.0618743766874261 1.1001515339238692 1.077240989823516 1.1246218517671054 1.072511556318938 1.1633855199908827 1.0004262529312198 1.1577469303449717 0.9466671877102764 1.1531887706063582 0.9558692239904079 1.1143079931635145 1.012647579687215 1.1088747402289474
0 0.9638366147099415 0.9495359029968081 0.9672652320347129 0.9626626045292728 0.9783929054155583 0.9984412050624107 0.9097097191369592 1.0274985643710484 0.8523513715230511 1.040289489945355 0.8439563251664555 1.0264667981123687 0.8401780464379549 1.0036204576370162 0.8519967113589161 0.9881671234222725 0.9157433013282805 0.965113011444492
0 0.9575412030291903 1.0081652873478815 0.9670432327886835 1.0504111287455578 0.9166001190160284 1.08871969012082 0.8550028316468756 1.1128188983850282 0.8427731736235379 1.0910198758673948 0.8416380237515191 1.0700317311980572 0.8353027818273675 1.0371564227573626 0.8457857990855273 1.0244914930872875 0.852293372331341 1.0410252572093288 0.9102035453932295 1.028311663890636
0 0.9382936428089275 1.075394103771093 0.955085401775587 1.117173729963797 0.946173361454006 1.1523756710867705 0.8240476061286663 1.1516267869148409 0.8263957402661921 1.114761091460531 0.8364412642063233 1.0864130524801634 0.843992822902919 1.0897030058506738 0.8550028316468756 1.1128188983850282 0.9170939452722988 1.089532789640407
0 0.7194111064841318 0.9502454364448703 0.7156079937934473 0.9631025859183334 0.7055028044081375 0.9780521496359437 0.7071897797281367 0.9991176265608944 0.7732945013558381 1.0240032742891938 0.8339091349728559 1.0406805945660054 0.8420671858022053 1.0150436278746924 0.8394207244387862 0.9849169470152139 0.7791839186946186 0.9705242607859379 0.7430534350864599 0.9617414955955773
0 0.8340251333562761 1.0392090600380575 0.8405923720472683 1.0691412994228564 0.8280213838875441 1.1082938505959927 0.7557587504177583 1.07659407768854 0.7130908608411968 1.0445783107447595 0.7099804059440967 1.0203377679970724 0.7224668946964588 1.0034902315099943 0.7732945013558381 1.0240032742891938
0 0.8256980837122021 1.1094560561014868 0.822769957657575 1.1536794241955357 0.7011926952732787 1.124739387225756 0.6952634476910979 1.086713707937244 0.7121082070890618 1.085354839285779 0.7190184421699091 1.06846974750654 0.7573562275699895 1.0775618417193547
0 0.6930991488096694 0.958460428910232 0.7037014969581865 0.9725924497656723 0.7008313700952697 1.0160800505957475 0.6315631931391636 1.0100923549639296 0.5745793408911686 0.9968994295323084 0.573006697701121 0.960228175552678 0.5824142305324409 0.9399735764760232 0.6484891194375529 0.9581599865729435
0 0.7037644949103022 1.0142594100818931 0.7137586846725974 1.0431841084724252 0.7182611201707404 1.0497662368847378 0.7178567920822381 1.069050850259287 0.7121082070890618 1.085354839285779 0.6485902813796006 1.0771973971542008 0.5864361698020618 1.0588165455826009 0.5848071936737728 1.0370153013936763 0.5896841245378287 1.0176135788000613 0.6107098244993272 1.0056821947226686 0.6343223203790659 1.010479016241997
0 0.6952054484993877 1.0874494752012178 0.7030238354458189 1.1368983247274065 0.6275977466476286 1.1240965039164352 0.5751444963668972 1.1100507020017742 0.5747931687096994 1.0861968205321546 0.579815930679765 1.0720228010419708 0.588033646954293 1.0597843096134154 0.6486482805713107 1.0764616298902268
0 0.5750980011096226 0.96200903910308 0.5730713619067054 1.0160293783956307 0.502147708606658 1.0098096859969719 0.44063325439139905 0.997469637048391 0.44271955903949495 0.9568477730185979 0.4535787379170364 0.9323332348693265 0.5075996326274097 0.9406475631834234 0.5699277417800789 0.9568211129631014
0 0.5696444108354024 1.0170369193898972 0.5767038095291965 1.033648015767552 0.5679955995053352 1.073341892729983 0.49826176276207973 1.0591060926832252 0.43625348229055044 1.0459529442150564 0.44147674205139864 1.008002375510866 0.45872749579133343 1.001493136011584 0.5019737110315277 1.012016987788894
0 0.5709287243203678 1.0715212522161286 0.5737475170054487 1.0853063887569536 0.5734608535538351 1.1172537101302866 0.5687860867340303 1.127013126036627 0.44102274603852887 1.0986939687830468 0.44232522847180383 1.0609378415535362 0.45263424815483333 1.0504802136753828 0.4977679365058094 1.0582929931636373
0 0.3280226990134567 0.9043234066382005 0.31295108059632293 0.9185769800552893 0.3074643250925764 0.9386371376572648 0.3074958240686342 0.959470617815375 0.3687501150479319 0.9821887407152049 0.4389777780474577 0.9972376402815503 0.44443303457514644 0.9563440025214645 0.4383894548630138 0.9339241002876317 0.38968298433472526 0.9218911586902129
0 0.3319799740774934 0.9673651729018262 0.30717932789443136 0.9847187015573292 0.30221789762301293 1.0264254388370022 0.34529011528807685 1.0391565924062338 0.4366031436942797 1.0556725831579443 0.4376421303846563 1.000026044826219 0.3686921158562218 0.9829245079791787
0 0.3272538730798526 1.0343973261790664 0.30643200341607385 1.0508206460959162 0.3037358741282874 1.0921009451340693 0.3537199931276672 1.1020812494507934 0.4299299041406784 1.1120173334614822 0.438991108075206 1.1103115804954025 0.44145857310308906 1.1002428355666083 0.4440387040074553 1.0604340710564026 0.4361093174380094 1.0548594836383567 0.3462777678006175 1.0407827914454086
