0 0.21878880144494772 0.307205320110474 0.2032963778536489 0.35328794176797373 0.2270449137802369 0.3848091788370797 0.3023750392565566 0.4131051984626956 0.3670096081323887 0.44197519688084946 0.3966363540814414 0.42690132385692275 0.3888875887868117 0.40869102986279354 0.39992139394619547 0.36821840608604806 0.3856691978723924 0.34750035094064485 0.29613299409002325 0.32556596972872115
0 0.40261706523070406 0.3609889557560219 0.3907837822395185 0.4090463533435944 0.41034019234479197 0.44364933035651216 0.46775898114719555 0.4492525189066521 0.5365395580765884 0.4479610838218984 0.5649517146886871 0.4352378069945137 0.5935124901953374 0.4302769657183562 0.5740585812168617 0.3763567306975702 0.5580434379956523 0.3540192231028949 0.4783161844444223 0.3674394594368273
0 0.5620409873474228 0.43703618625693424 0.6095589065948203 0.42971792247852086 0.6509940959305819 0.43150564491596444 0.662484068917398 0.4379278152199663 0.7391325544067737 0.42155335832199475 0.749790896154056 0.46624149909928797 0.7376254363307844 0.4844534715310018 0.7006470592498154 0.519361255383827 0.6211710617195811 0.5078836964975294 0.5778214463411248 0.48780705694586324 0.568147463505807 0.4945324503390373 0.5647225368300319 0.4844986634216961 0.5574212314018144 0.46263885707344915
0 0.7616678475914764 0.38393911704722555 0.7583040119846738 0.40977713198738774 0.7608294170642048 0.47087143688972505 0.7957983147683734 0.467178365517756 0.8139209056346892 0.47142813553651236 0.8984782930320281 0.4650738897627769 0.9098698301276478 0.46635470664973216 0.9159525600392835 0.4572487204338751 0.9357519777865864 0.44559016616109176 0.9427953203634387 0.42129546381774197 0.9434198979757508 0.3667681528674402 0.9123070153343673 0.37032997638448056 0.8645922243045769 0.3673655333288006 0.8273762480619 0.3680760757758635 0.7809377410605729 0.3773042441296653
0 0.9375476042484273 0.44678046257243326 0.9157658701017194 0.452944647242699 0.9076329334339681 0.4693508113677432 0.9120795638439319 0.5000676840150948 0.9231588121333955 0.5286121563772009 0.9538202426981115 0.5232581003465958 1.0159000454226292 0.5357449146930074 1.0439817449530238 0.5427147179268127 1.0578953045710835 0.5504448567039797 1.0726812228079918 0.5438235595795243 1.0934208895308535 0.5050190218934136 1.0900129439876454 0.4522975192497814 1.021497395166021 0.4522658120227087 1.0074276911448827 0.4581675009831172 0.971182509412251 0.4496679609456045 0.9482127452834476 0.44280225398051803
0 1.0873218492796441 0.4213621791141506 1.079264914474452 0.45034237092896195 1.0877726066208084 0.4509837971279913 1.0927120636854981 0.4719184291980902 1.0920567459342405 0.49847434823081604 1.1027425012197092 0.48523174671796104 1.1394892143364035 0.4959288770639092 1.2016605174925967 0.5094846422010327 1.2447027725708035 0.5146918007837804 1.2547862471102764 0.5003835278774115 1.2525059228339712 0.45422127856695343 1.206562112773932 0.4494232153805875 1.1677244605691184 0.4450039479943982 1.1363869118178087 0.4372260516320359
0 0.18716686632210955 0.3818023228076651 0.17496350076489486 0.4084742202283597 0.1742727383133998 0.43730343878248795 0.19281113625609347 0.4619093024129634 0.2391229140220021 0.47919689467090204 0.3012287379659031 0.5025747640105062 0.34861087649988 0.5208455952555027 0.3747133660037951 0.5460862107489953 0.38467644376685034 0.5072545138825512 0.3695202605711284 0.48954376763849455 0.37381726968158724 0.45434631750429283 0.35611586723721017 0.4385066276546934 0.2992716142333868 0.4153320459514198 0.2244925935154346 0.38410070919236466
0 0.37461693174886523 0.44119083459447245 0.3714089501219939 0.4883323520610802 0.3838487816262934 0.5039687542743493 0.4094907732711317 0.5001644191003703 0.46369024076827686 0.5150167357264677 0.5289169141161191 0.5366314147282861 0.5562235633998309 0.5448790129433853 0.5579131204346501 0.5232809544227037 0.5662488739898704 0.49431898085787807 0.5576393210565266 0.45905099809804356 0.5378065304337727 0.44672524444700223 0.47106143249387855 0.45065402439110996 0.4062765902895939 0.4471234677114147
0 0.5775001117525594 0.4878179942671073 0.5662488739898704 0.49431898085787807 0.5592261798302296 0.5219616727886178 0.5581931524932 0.5429000904922564 0.5730164041611473 0.5582004500584975 0.5819402219067465 0.5849179911507993 0.6154979033561003 0.5951196228630015 0.6319391458741227 0.59506984495495 0.6496032148874611 0.588987878113853 0.6999973032095963 0.5898217833767563 0.724407135001359 0.5865692229631487 0.7346969116117624 0.5947587330296277 0.7407581446191179 0.5818065377561377 0.7482040032067969 0.5612871398021729 0.7433002631904398 0.5298442469338988 0.7004515997140067 0.5186842651886644 0.6221752319528736 0.5094948956539903
0 0.7516609161416059 0.4672322814593137 0.7382876235583 0.4827276184213168 0.7237630706644221 0.49800722326997654 0.7229011757701597 0.5228910413988598 0.744946254113794 0.5309353519776284 0.7503447247429333 0.5632536177762889 0.7675140631434896 0.5562962780048057 0.7884794473612959 0.5578769354238422 0.8306435810666604 0.5532553154680971 0.8693632671980687 0.5534669133449962 0.9033161130021816 0.5543505965159511 0.9103823732732874 0.5040187410208001 0.9015207883546725 0.46557286470943543 0.8149708998653036 0.4736171335205241 0.7955612736705879 0.46841467384625785 0.7599717703008805 0.4719202998042475
0 0.1848425469823532 0.4651120849185195 0.16917606713566297 0.48565637182650995 0.16856620422667157 0.5137180835069235 0.19114334661412674 0.5445594237067749 0.23678926132448608 0.5570262426090823 0.25859164104060905 0.5673730738089949 0.3039948571234571 0.5821424133324461 0.3336040270283128 0.5908214757742317 0.3492362741212976 0.5984467666033267 0.3629175988364325 0.6190118082288986 0.3748066995813918 0.6008903524757366 0.38655266795686294 0.5952647388153522 0.37135915133010233 0.5556323358805989 0.37249174492515497 0.5448872396485941 0.3536297488124463 0.523351403512977 0.3017234685786853 0.5034501369408925 0.23830458523920484 0.48139154923537425
0 0.3872216630155055 0.5053834574880939 0.374318201649036 0.5554041592902427 0.3985693350331243 0.6037778470518461 0.4086070796582569 0.6087894635667948 0.4185452580253663 0.60360775861011 0.47653143798200204 0.6215176582540527 0.4920734521747235 0.624430041784188 0.533185891827539 0.6297860111867333 0.5594750798124073 0.6198416210230374 0.5792332035730838 0.5883240612926858 0.5687256277311148 0.5487870799375915 0.46426587092356286 0.5151246017831393 0.40973347189864295 0.49786189847922646
0 0.38557254008905817 0.5989944071272536 0.3703727907818712 0.6039728244476081 0.36105690935884605 0.6366644663243352 0.35902508743849243 0.6503717239945269 0.3871158327512961 0.684594245382239 0.41705793418392656 0.6956836945018403 0.4708435706107932 0.7088931313238366 0.5148434943977983 0.7202688451824143 0.5238917777973664 0.7235297158365904 0.5322399653876797 0.7501393908722206 0.5434818697926089 0.7381579901087757 0.5553709705375683 0.7200365343556138 0.5617371349994195 0.693053483241917 0.5695065917571135 0.6694640577930938 0.5562297647544974 0.6450614817989487 0.5299032433385903 0.6330842152719481 0.49018476262385796 0.6256414573616024 0.4752992781289263 0.6220694330144241 0.42035304803372797 0.6031638499064104 0.4088591116435278 0.6119673571183251 0.3997205953436963 0.6039935791651895
0 0.5736573678207508 0.5966712153238879 0.6136901133477386 0.595563531566701 0.6321009449591302 0.5935348312075207 0.6491084842746788 0.5881125051834667 0.7023807233732441 0.5894857407297284 0.7258913268397056 0.5891953417543075 0.7377368614731998 0.5937630495655567 0.7452667202807159 0.6225673791656591 0.744243026301446 0.6489862110419717 0.732596624183998 0.6648051461739899 0.724027505359026 0.7015500545326336 0.7052837422198598 0.7011683682139984 0.6619403481306443 0.6891330135383779 0.6008426521278272 0.6784667184048946 0.57832150988693 0.6805078632410879 0.569920422827392 0.6711069375971949 0.5554830021564442 0.6410082153170321 0.5452025589038003 0.6382991194232271 0.5499507325155765 0.6266662057838231 0.5606263401229793 0.6200573531363808
0 0.7532228755193632 0.5637929480596474 0.7651306429798418 0.5566323206518335 0.7874090865932277 0.5568936964367842 0.8309765125944351 0.5556657021459127 0.8710092581214228 0.5545580183887259 0.9218171775138365 0.5570348034557301 0.9287465067701208 0.6193812589089202 0.9102641089739852 0.6276578803144893 0.8617773769182346 0.6365733878195201 0.8117255534816337 0.6436302834071065 0.7691475887059909 0.6466090235587505 0.7475070080748754 0.6347271786114087 0.747236309374085 0.6205884567145303 0.7383933911709897 0.5931034087485139 0.7448497885331042 0.5708332649337765
0 0.5632835596647505 0.6839512668140131 0.5785735418722009 0.6836857567926181 0.5988730630344579 0.6804456408560235 0.6625159782859303 0.6892408795950494 0.705202842677356 0.7019358750877132 0.7252596652121017 0.7009982797722621 0.743384232084517 0.7239612635986369 0.7571277896266362 0.7327979700051458 0.7641535844636105 0.7552465125021879 0.7560511961781418 0.7764255512731956 0.7428397026798432 0.7903858744877693 0.7312026339201549 0.8116852237924613 0.7133674324640493 0.8138217902083137 0.6999910392034101 0.779225892742535 0.617218529815772 0.7848473303987952 0.5839844465364332 0.7715756711917345 0.570835185865119 0.7738076591872454 0.5615971033072645 0.7556405597624761 0.5597613132256238 0.7396432259481536 0.5552091714525609 0.7215715481030429
0 0.15719050081001384 0.54367574053582 0.19155717768440522 0.5462023035108758 0.23785962209255423 0.5580094815961403 0.2584298419556016 0.5689080875564241 0.3047322863637506 0.5807152656416885 0.3350882188666594 0.5934475945653909 0.3445409999787463 0.5928709308509936 0.3641684254050276 0.6294208618138755 0.3541244480994686 0.6690200655540344 0.35068933388327206 0.6793336975593527 0.3314508401313236 0.678076638310331 0.3254798400242316 0.6957417408827807 0.31920080778531057 0.677346464867655 0.2539741344374684 0.6557317858658366 0.23654343069388156 0.6540308179131156 0.19762461204642717 0.6334325770929493 0.1731867801813856 0.6202438949885344 0.16438119540932877 0.6146805037132145 0.15794036408540024 0.5978202414455184 0.14542896639635666 0.588431760278638 0.14236101646164018 0.5729862012246865
0 0.732596624183998 0.6648051461739899 0.7696423193187731 0.6474843964891369 0.8123011836369197 0.6437381494637782 0.8625957057010318 0.6343787332550478 0.9154447803715589 0.6286286748245344 0.9208432510006983 0.660946940623195 0.927203182782123 0.6785747097646059 0.9186682967108564 0.6871500403861642 0.9001236660877363 0.7071549970107963 0.8883154648852809 0.7245089458902436 0.8653991582896245 0.7358680392676843 0.7952998456760375 0.7493429443433955 0.7636588538508282 0.7543711395718016 0.7567139585563578 0.7311550902010451 0.7452729216353824 0.7227498480212226 0.7241084049015298 0.7007825476589189
0 0.7626787259830234 0.7581008078837032 0.7963702064441058 0.7503261833304536 0.8653991582896245 0.7358680392676843 0.9035525476235065 0.7414521852605859 0.9316775256900156 0.7475051289112127 0.9400163799225691 0.7686343897741686 0.9417090376347217 0.797127565681269 0.9317086264406278 0.8140376058570168 0.9071929957104157 0.8517076650540982 0.8876775705772505 0.880922704163306 0.8792298167289141 0.8441197076560423 0.8270186050406576 0.8382492969241643 0.8059007550956032 0.8436840674252313 0.7816433890310884 0.8399211999187354 0.7435708992397103 0.8335695470521193 0.7333433554562914 0.8136517017665775 0.7428490360376029 0.7958662886604434 0.7570406574037061 0.7781762971339682
0 0.1415271216406569 0.6143112618715921 0.11970917588634783 0.6430948367541132 0.11916154580434085 0.6594282132154639 0.14653352859237034 0.7060387106392817 0.18601864403735108 0.7212644033434455 0.23093646286517655 0.7406387841091847 0.2746221218399263 0.760564939635295 0.3094119631423558 0.7702147965871261 0.31765748379731273 0.7365399157233408 0.32285372123307265 0.6983803041509523 0.3206041000811535 0.6807400905325287 0.25520629429054414 0.6551800111054653 0.23556330282607685 0.6577604862250171 0.19631155265084776 0.6347518587270352
0 0.33252120089939174 0.679059877297389 0.3226110226055614 0.7006828247720964 0.3179095157825837 0.7397178092748712 0.3401537266422642 0.7681487627969069 0.39904846828196056 0.7885769151753369 0.4590042373319655 0.804507892368151 0.49313754893660533 0.8148173901370247 0.5047746176962937 0.7935180408323325 0.5146318965208994 0.7891038427493623 0.5364871757062472 0.7822419245575377 0.5310887050771078 0.7499236587588772 0.5220839877890048 0.7239736245402901 0.5165703848636563 0.7205924433524293 0.46952117785745406 0.7047319987852484 0.416644103113648 0.6940408146977394 0.3876914629065821 0.6847021114389107
0 0.5041989875410077 0.7934101747756608 0.5387896963273909 0.7826733887842247 0.5744600992396023 0.7784002559525202 0.5871955288406377 0.7745253881529085 0.6019192142505619 0.7796324262475159 0.6181364248565923 0.7928459973059566 0.6275798726109194 0.7867889194188854 0.7002337378309214 0.776923372121391 0.7127918023087634 0.8137139241516419 0.7074866652572207 0.8361998000797225 0.6893465323466195 0.8523672223357814 0.6627524129072553 0.8763424683396841 0.644008649768089 0.875960782021049 0.5683055013288901 0.8813415986099402 0.5410081854029379 0.8785744145675153 0.5259515684652392 0.871056989795092 0.5084928646483734 0.8529147793243488
0 0.6877120587199664 0.8500319440692792 0.704872063762763 0.8375941901251219 0.7458040376150517 0.833524344929748 0.7856843174147915 0.8394320890926646 0.8065781354478538 0.8472606675580899 0.8240710720184251 0.8372333002917481 0.8814629551042555 0.8440745055336709 0.8875272887889443 0.8812135446879626 0.8875739555777427 0.9086156155513333 0.8524076166360732 0.919244535486098 0.8385302600822253 0.9283840853450406 0.8177733417382249 0.9526704850419453 0.777893061938485 0.9467627408790289 0.719440151442346 0.9444187108227222 0.7100589365150032 0.9387474534907305 0.6903786116194973 0.9194062719195856 0.6868252644297584 0.9085657541079218 0.6792238394374982 0.8860093455542083
0 0.8400029346238709 0.932254377358972 0.8512448390288001 0.9202729765955272 0.8886327990491095 0.9108430277611638 0.8899987579139137 0.8923149967353409 0.9108645758736971 0.8837023326827439 1.001319409796099 0.8998697967064827 1.03791704110689 0.9090757449546137 1.0475876214505426 0.9398465525288322 1.041787753786218 0.9614570555265267 1.035412255966607 0.9829596924675492 1.027462333408386 0.9971233033184536 0.9304702025813658 1.0039934899831666 0.892739977675522 1.0055326379670402 0.864614999609013 0.9994796943164134 0.8526698987174955 0.9847186650335308 0.8462290673935671 0.9678584027658345 0.828851263119205 0.9489486854213763
0 0.9460086728049055 0.7931770609005234 0.9075259272381905 0.8541180517319139 0.8967880868038032 0.8724552395984192 0.9101271466334035 0.8851294803735014 0.9470483761142099 0.8912654011267742 1.004278460115033 0.8996416201161264 1.0381597397344016 0.90677322433347 1.0493145119164007 0.9401701506988474 1.0683632065100626 0.9265209811772758 1.0792628460294575 0.9066487795633411 1.0801527409969989 0.8982062039524802 1.0931931020525303 0.8803004803126614 1.1170988698737507 0.8706921327959934 1.1079416868584 0.8517575264975097 1.1141024861237785 0.8489986526956533 1.1121048969571303 0.8345363326287597 1.1002500289658763 0.8244882106448365 1.0816587315539579 0.8170910964060979 1.0641681897584923 0.8210984011982192 0.9895421093853961 0.8016959255933864
0 1.0903120845772372 1.333704868539958 1.182300591343913 1.3509423905719782 1.2518816413340912 1.363981029032096 1.2913353359503665 1.3890127987376342 1.2899392373192988 1.4593057048120581 1.2687302423744065 1.4665559807344255 1.249714181686044 1.4758206975083257 1.1858449634421584 1.4542313158942932 1.1204840365608861 1.446794012244365 1.0642072155127784 1.433041400164261 1.0554163564853947 1.413755471136063 1.0681851052124753 1.3953025255933171 1.0827247173919494 1.3591843898000693
0 1.0411948547621663 1.301805863314448 1.0704083707316312 1.3118937320194104 1.0818076482111936 1.3186434301284284 1.0851228793824428 1.3446395344082103 1.0658275480828023 1.3963871788757658 1.0406720943990693 1.421661837549833 0.9883298711791233 1.4176205605774557 0.9396192769998215 1.4119530001008254 0.8923668362055621 1.4088654861558603 0.866798703698703 1.40522773378006 0.8594941823515297 1.3842511012883214 0.862635175456506 1.3790726689957093 0.8665281846786986 1.3175183983737646 0.9292746590849092 1.3131286760450258 0.9656184583352744 1.3130186406693334
0 0.6523583983986999 1.2566243400059776 0.6919761655544295 1.2582812094098237 0.7601975923655298 1.2676048614915354 0.8090274069232581 1.2721413592069017 0.8359207180147714 1.2714138210422157 0.8478518946958864 1.3059448674398368 0.8687154147562621 1.3213884681712622 0.8586321308586203 1.3760157409503382 0.8443578098748584 1.3883351492782339 0.7615961124792199 1.3774402313801162 0.6751890316209754 1.3600951971528359 0.6697507730627429 1.2967923609806349 0.6454803102966146 1.2726365183975201
0 0.5966871895855431 1.218510558920403 0.5734117531127123 1.2095354137474221 0.5152667961331762 1.1990390143188792 0.4792920415033965 1.2161199972405303 0.4534992226616457 1.2228207702206721 0.44020617354921965 1.2422444761252878 0.446423957068592 1.2653242736349852 0.44185231942249664 1.2840754590627612 0.46030392307041734 1.305987515352631 0.4961983496509994 1.3265545306888218 0.55873389214428 1.3405797335494396 0.6655001027052705 1.3617398198863704 0.6734649286351568 1.3436244764768694 0.6689024759917951 1.296633400476066 0.6435452753978659 1.2745807229109096
0 0.27978174618636287 1.1556661419278853 0.22807688812443466 1.1701987506494327 0.20748388708406335 1.2424644853243032 0.2239867014112737 1.2582443462941482 0.24583149334298532 1.280792244602293 0.2954041390151965 1.294695165416906 0.43791804693441916 1.3214005301844625 0.45436584357378307 1.3048747918206496 0.44100402235154895 1.2839164985581926 0.44678161820387174 1.2619310853511945 0.437885968671268 1.2314290692556393
0 0.035499698597332874 1.1260383162789032 -0.012825725602765958 1.1331303671853115 -0.03184135287966827 1.2068450856305832 -0.00321018438037457 1.2306646679752784 0.05121380296066991 1.2477834773398315 0.15809923390008696 1.2678125009154988 0.17336858117714649 1.270673789997737 0.2019447319885937 1.2621877730087743 0.20831842973304948 1.2345470459954575 0.2266187347393923 1.1676187041177677 0.21727371253700545 1.1577937387340966 0.11150252826931262 1.1518143498072997
0 -0.0062319109426464125 1.0213324535540587 0.039787062801462214 1.0115013956114172 0.08315567937626267 1.0104009187497471 0.16204730697440378 1.0251842456746445 0.21804866807891715 1.0437520388095989 0.2679927293083697 1.0623381711738356 0.2557222153331644 1.113095374155414 0.2442449807410605 1.1317059383079036 0.21944718819260733 1.1535874086981794 0.10822856036394818 1.150047445027761 0.03477062190481173 1.1247482930130708 -0.021006052864810165 1.0958419745221746
0 0.27817229415974276 1.064245697228661 0.2665758391892122 1.083987324142414 0.26091746371531593 1.1048416745881486 0.25671724162646203 1.1282760715655482 0.2731145899972074 1.1532633951300713 0.32597495799674453 1.1770096205576381 0.4427235559181397 1.2265685579721652 0.4538568837969255 1.2194275819368812 0.47735700660464786 1.21806420175392 0.4936580740216619 1.1865167264845418 0.4811583839244823 1.1550795246402459 0.45420997551297726 1.142215732391096 0.45172928699071413 1.108302188782468 0.37001306415699176 1.0710749063661482 0.3046941896940146 1.0588349475143515
0 0.4931078509789195 1.0768403171005296 0.4628351060255767 1.085008413080355 0.45705751017325386 1.1069938262873533 0.45670331883544124 1.142911100148638 0.48248676120591133 1.1553284463094882 0.497289703062306 1.1848904429802898 0.5164041744590924 1.198529683770844 0.5865798331689391 1.2113185139651246 0.6458334020126664 1.195424668851735 0.6696911859556685 1.1906681003849826 0.6841764388523603 1.1599337668677305 0.6724974573500602 1.1312169947809967 0.6495796820125093 1.1188486613242248 0.638881972381545 1.0972361868142106 0.5630396263538766 1.0945582900247939
0 0.6843008048294864 1.1587438219361599 0.6725833774197875 1.1900566585183707 0.647758076027411 1.195785329241818 0.6045224342529987 1.2038311431756386 0.6095480139881051 1.2382215682979731 0.6356342912745556 1.2615642691289617 0.6500415870587058 1.2561901978732164 0.7628513430727955 1.2692555451474508 0.8108191061376144 1.2655566825248339 0.8318798036889584 1.2545089582334883 0.8352042198629415 1.214762801084691 0.8237499246955327 1.1757075036420153
0 0.8625051898361695 1.2062919704787158 0.8355887961610747 1.2079339959705582 0.8377816118683965 1.2584886183686113 0.8454675700522559 1.304501064590433 0.8692608422959892 1.3245599000999493 0.9298670293994161 1.3125163583500725 0.9675526381786229 1.311778047375068 1.0398627606338626 1.299699070504205 1.060798719453015 1.2913648606556931 1.0572104674593268 1.2461202744983138 1.0511901680922753 1.216020219438019 1.025310385504178 1.20782775007345 0.931231474821382 1.2202847412120617 0.8779745825195241 1.2181051839421846
0 1.0775572430597782 1.235447049335488 1.0588628381057652 1.2542300420919659 1.073362060553971 1.3148908682512206 1.0830813764007157 1.317826454056595 1.0922380853694986 1.3340282716834064 1.1867156857627723 1.3495036098641577 1.252278984805514 1.3617893708952369 1.285149236995812 1.3512342826243142 1.2865535469288867 1.282410536189928 1.2546667531441076 1.2519206353329397 1.2033944803473173 1.2467700571367029 1.1632502478540077 1.2470476520730418
0 0.12048648126972206 0.7039401915392798 0.10650332969314469 0.7293980790428626 0.09555040311985841 0.7602176257450615 0.13180964930750177 0.8060476550385962 0.2091797848092941 0.8321880365207854 0.26100399883083136 0.8521717581950004 0.3014941376238426 0.8481169518163373 0.30375115812590814 0.8218313969512376 0.3067868367245723 0.7881585884266347 0.3132475092651801 0.7804664085335956 0.3036613245574713 0.7690824105392493 0.27401520489052356 0.7628422568490736 0.2419841108055416 0.7499916897308688 0.21995575733837341 0.7397003471189189 0.15905720168304233 0.713222372651035 0.15099837950903866 0.7117122478576317 0.12860792385537678 0.699983385417093
0 0.3174021611754841 0.770287609099117 0.3095965337407513 0.7907395907676619 0.3041214270004415 0.8280642791809157 0.3251043073483273 0.85801987431255 0.372537008096369 0.8758110137614752 0.42327491555842534 0.8914821759499251 0.45897331854391554 0.9036502856362431 0.4807021902362411 0.9070371775040149 0.49075938457766627 0.8993341086935893 0.5074188256590808 0.8825957229611244 0.5186794006952494 0.8634759894041938 0.5097384665727974 0.8508432371804346 0.5050855918719913 0.8218931860921063 0.4874487516783185 0.8137944257054462 0.43318510951513567 0.7974625839198822 0.39799854960356046 0.7901842194342418 0.3365418638387428 0.7738741554834503
0 0.131133688686011 0.8044691419965316 0.09452921082447874 0.8008971092958176 0.08455804623974911 0.8253262279385659 0.07340745840586194 0.8667921325062276 0.12518102799753705 0.9077222584824204 0.17665076390208695 0.922297856704275 0.20092197496937458 0.9317767837483929 0.23606279594591945 0.9375399443822978 0.2555085137344525 0.9518672314316814 0.2803841364647904 0.9614594178353046 0.28817288790491036 0.9226507453397182 0.28684971998223796 0.9059668041941845 0.3007675325724896 0.8674848430762504 0.28892433284472335 0.8570475743526362 0.2611213963444107 0.8518376438153942 0.2070543247227541 0.8326663377090114
0 0.3231111640540545 0.8601665696153296 0.30248602301636385 0.8628760684908588 0.28670923101992296 0.9248418732729088 0.31801774858751763 0.9611152988085223 0.35239406888740205 0.9741313993990305 0.38590134393970166 0.9836974524009264 0.4333100872421576 0.9958684706714435 0.46663767322955163 1.0012918532268327 0.48950077185453783 0.9948927213428173 0.5025789392741478 0.9702240172801947 0.500151492596299 0.9640165449608658 0.4914250957290606 0.9590941256986852 0.4877496256225207 0.9296423951351146 0.48935377146982306 0.9085761981232 0.46207030211293176 0.9042854091628634 0.4243321454192802 0.8939265406444306
0 0.04983865925810116 0.9149708136346932 0.04281440849464163 0.9465265461736764 0.030879719932798644 0.9837365209353255 0.07503117141241167 1.009267758823133 0.14349957837635063 1.0204543020124268 0.16137709470897205 1.0262697294497858 0.22909080102189816 1.0504636474769908 0.24843197423950691 1.054087946981159 0.2551164469244507 1.0257557433117774 0.26008242916552016 1.0020323142277876 0.2656234229926969 0.9611588398593796 0.2557633472933393 0.9494495847794804 0.23951937688496322 0.93983126497413 0.19962820712364504 0.9323561472467828 0.17596140771940777 0.9229904795621701 0.12181919160376986 0.9103794905544955
0 0.2679561251252691 0.9624177595148008 0.26033726272440694 0.9996146675755865 0.25805356072007307 1.0271279223267042 0.2893522782620201 1.0576469129810098 0.329583226101854 1.0618985018387557 0.380968017486775 1.0772799822780108 0.42942549510172123 1.097043718583647 0.457643354174531 1.0924698031525792 0.47026739891905317 1.054567205533035 0.4724367563268152 1.0105965283553942 0.4641350820577216 1.001644698006212 0.4342640770093713 0.9985126360426553 0.4023152033873356 0.9917040077714759 0.38912269137115385 0.9999152894075755 0.3687131837897595 0.9771894021056724 0.31932131645889483 0.9662903701914402
0 0.4801895633755445 1.0013659124837473 0.5178885199666055 0.9887070414769489 0.5601777363288294 0.9851263268797016 0.6212037142456118 0.9850566524271174 0.6405840875658113 1.011698691456517 0.6737319844882997 1.012979403565399 0.6910148891835186 1.0244360065245603 0.6959841271357879 1.0533083735897413 0.6826217260803482 1.0631314196606416 0.6540738889546704 1.0766832988426185 0.6390681419493378 1.0845548024002023 0.6262252080373194 1.095296990048008 0.5683911774750462 1.094321196863318 0.4923104524246929 1.0734902004669469 0.47520723679437965 1.0661762679542923 0.4691435201125816 1.0535348045966242 0.4733907460940289 1.0132406937266059
0 0.6999138208603153 1.050338898322712 0.6842190862433828 1.0648572658116817 0.646180351573806 1.0807396656880819 0.6404302686047807 1.1002071649660594 0.6518585457600501 1.1204282796579832 0.674920933501237 1.1296806879830903 0.6907437540949091 1.1549893418866244 0.7224431582980566 1.1587586309771616 0.7792350466374974 1.1694007368325614 0.8023672774023898 1.1728050948166484 0.8249114321558617 1.1751689151665026 0.8606225800157886 1.1629438472213542 0.8627196887581554 1.1320153941062736 0.8635802345291494 1.1017855635778628 0.8610245089005559 1.0929335974411123 0.8410027966697043 1.0798783794801707 0.8215975168630962 1.065388107795459 0.8047800172207904 1.0594456957503653 0.7732408856961883 1.0541558741741672 0.7258680793378669 1.0468293548041343 0.7105904259798591 1.0461373011416644
0 0.6447300529001366 0.9544627617199347 0.6328112089975538 0.9699895388094474 0.6293713154391836 0.9871051675773276 0.6398421033523435 1.0052695737796395 0.6442073058831105 1.0126307993623973 0.6737938268316676 1.013501208991274 0.6925317481237273 1.0241788721412857 0.6949063474784188 1.0349060772850927 0.7111594218517008 1.0469876076234834 0.7276515696008286 1.0457158745890809 0.7750556529114553 1.0549104033606407 0.7979395284699002 1.0595101448461106 0.8181626622467293 1.0583143872874554 0.8266267499928031 1.0511761339325598 0.844926174756099 1.0349755025879726 0.8522902930598102 1.0161025627349287 0.8484812783918809 0.9702092858345504 0.8381219724356794 0.959855341385046 0.817529705078373 0.9556850192721079 0.7764455053721142 0.9486095080240925 0.7164809303567697 0.943292953718403 0.6877899931843322 0.949445188373638
0 0.5306982776853401 0.8761448527561368 0.5078080111917124 0.879929318966194 0.4912409941739219 0.8975861200912707 0.48881073083813836 0.9288493065305904 0.49092000380316014 0.9580796385895951 0.5027365526072154 0.96087061703419 0.5173112092466579 0.982632882434132 0.5615946102926002 0.985164034613106 0.6296830623033121 0.9875423496226675 0.633532500467867 0.9715393408457661 0.6433131409180755 0.9526108556841392 0.6930371083140032 0.9486643826900277 0.6946855619790331 0.9207149042822147 0.6862415698258264 0.9064451681057731 0.6802622270633073 0.8811032450735482 0.6783203149535778 0.8790092496702306 0.6625603317408503 0.8725958117996329 0.6451839962083828 0.8774135212893871 0.5703825322412639 0.8812743906960582
0 1.1036588618306622 0.4835103758058554 1.1402686106818039 0.4972910145744642 1.200862241065355 0.5092222220317643 1.271330508143232 0.5218504125303419 1.274691595081733 0.539204585596078 1.27280470065985 0.5694161895264184 1.2581199855625758 0.5897325174354444 1.245608746120903 0.6058425153085533 1.2174957224012006 0.6017278814190469 1.1173966680293657 0.5829705418799299 1.1079599342924755 0.5904294389243515 1.1062151996737142 0.5618441184982631 1.0899508261033573 0.5438021320058909 1.0751056273617712 0.5410203231759371 1.095336374765496 0.5050189074991472 1.092539288373838 0.49872775167455385
0 0.9269195895466908 0.5270929090207007 0.9204862816130217 0.5552991674146492 0.9245833224550246 0.577981563662925 0.9340750738797614 0.6028282659521614 0.9543745933932943 0.6072088494424442 0.9788628652833333 0.6169879667529099 1.018553997050238 0.6261557046095385 1.0381244398712495 0.6292462648339888 1.0626723219505019 0.6384598507638227 1.0800417802719884 0.6296039413573612 1.093394439573628 0.6096147040721137 1.1073042222111291 0.5966502841113016 1.10644217071822 0.5884149237733184 1.10542651279198 0.5611196266130626 1.0895862877570965 0.5431571203729746 1.0737804487771172 0.5453856137164229 1.0600426194962749 0.5526152396186323 1.0425195547414579 0.5424112122028214 1.0162819557312908 0.5369179051805572 0.952838505977849 0.5232992731960024
0 1.1166079811476313 0.5822460499947293 1.1094776978667311 0.5924439540753846 1.1079140785252237 0.5990713701383977 1.0937589779198884 0.61025971570503 1.0789550424441878 0.6317071063753197 1.0854571224876648 0.6438828471484438 1.1055709342225768 0.6459218248639147 1.1062885412027503 0.6760447789273297 1.1371848968921494 0.678374168808015 1.1794736528501295 0.683415056881011 1.215042519640722 0.690656929453532 1.2398288424768276 0.6976083898608384 1.248662597110604 0.691766606706028 1.2520947639506659 0.6797223175935496 1.277628510402621 0.6631690703858134 1.2711516544934534 0.6302367986485213 1.271541416974023 0.6101252793172695 1.2480940271445333 0.6068849282028915 1.215799128259305 0.6014099604099093
0 0.8639462267527229 1.1132925494042725 0.9282149178783021 1.1107961821219663 1.012852661755912 1.099473652833282 1.0645983414970552 1.112330929257583 1.0710722021629517 1.1318765083158178 1.0721578699733372 1.1845487045291285 1.058436088257929 1.1977812522890303 1.0232042869164262 1.212672468340368 0.9352315997986038 1.2151520721969353 0.8780600347956127 1.2132889710765264 0.8619759004313662 1.2039534640640701 0.8474448956208115 1.1708871547591337 0.8615084639896351 1.163408036749704
0 1.070825911372782 1.1432091226482923 1.0721578699733372 1.1845487045291285 1.0609643127962258 1.2007836253864403 1.0874453285101664 1.232928452307246 1.1858073584964153 1.248831679988791 1.23593206235246 1.2455813633734414 1.2537879675287287 1.2426058050101265 1.2793868797280794 1.2246451958938573 1.278738494434355 1.1948124735139654 1.2751547560107421 1.1568438576841917 1.2317703146613355 1.141128299405881 1.1583990083802806 1.14002248680949
0 1.0539375880014261 1.0515429422111031 1.1101642119448818 1.0443788214225689 1.171374404545488 1.0394128678566181 1.2249496585555621 1.034912681136911 1.2715735472819356 1.0423851207643922 1.2751422087430133 1.071500759853692 1.2819151295679514 1.11069914317111 1.2502721007380981 1.1275271586923268 1.20281384377797 1.1369665179793227 1.1371503565068903 1.1392015175089245 1.1048162158889387 1.1400961851589602 1.0773776865461588 1.130529464318869 1.0644601191394356 1.1091442596833467 1.044940511583694 1.109911599515721 1.0409144565553834 1.0851353262124228
0 1.0217743533609698 0.9968401118262961 1.042057953124253 1.0158126988373393 1.050102524699607 1.0609387570736988 1.0351241691963176 1.0770966066551324 1.0020938827022312 1.0980897427938814 0.9504512373056012 1.1067449988227642 0.8713776010474589 1.1102600223817929 0.8612571644130043 1.093824041621916 0.8429715152013415 1.0783866145220484 0.8293929899315895 1.0587740154962917 0.8317679151497319 1.049736742278992 0.846680928714845 1.0341988020955588 0.8529562591729826 1.015145804617663 0.8555925521438292 1.0036288938083622 0.8635542004252416 1.000063579972117 0.892176423136459 1.0028984200184397 0.930758244680709 1.0057031061396926
0 1.048495689051517 0.9419043206434594 1.0340993427063778 0.985614138386867 1.028945024318949 1.0001174544820195 1.042833997825744 1.0162556042149233 1.050302174670012 1.0485933940377359 1.1119367930017732 1.0451572075771347 1.2068688273246386 1.0353918474124535 1.2351214739749923 1.018449112849787 1.2272304993309464 0.9763638631528403 1.2156919070793049 0.9688841439677912 1.1855212912912787 0.9627471276293514 1.1263466032613494 0.9497248676840693 1.0758047204975751 0.9373534666760369
0 1.1326847787060719 0.8551970602485838 1.1154364623366684 0.864050227458744 1.1203255648629866 0.8727009717119735 1.1091040709611784 0.8725318474325254 1.099921624685659 0.8770955204902187 1.0982112048511414 0.8864432414484521 1.0915059830403613 0.8847033531849225 1.082840504572626 0.8946814276955096 1.0795138349115971 0.9090438111907363 1.0810647383349485 0.9252870155494183 1.0849487288505453 0.9400337653712943 1.1277687483508791 0.9499913602946698 1.1957319084613964 0.9656272957825595 1.2157418744437924 0.9684100956046146 1.2270748325165146 0.9744010465474832 1.2304091820227476 0.994362328364303 1.234804375625159 1.0111385179441863 1.2513416194497975 1.0021521044287258 1.2770055774644986 0.9856911045238617 1.2852213496518456 0.9799794652818647 1.2909426032115459 0.9704165022764295 1.2915672049417728 0.9197753231584255 1.2639237809829735 0.9068606971355861 1.2101148102403616 0.8842088510322186 1.19512078999387 0.8751148035943147
0 0.9877632891780359 0.8007488292619961 0.9471066707361766 0.793130275806002 0.9424300959296812 0.7970311872462169 0.9402559608386345 0.7690977535879187 0.931687823773172 0.7467907969673595 0.8936087024881274 0.7373803566903468 0.9085934634520134 0.6971931180910836 0.9266486555223152 0.6807497387054897 0.9437585992401943 0.6800886399746334 1.001478468979014 0.7034733407571528 1.0357771473841055 0.7186019034066984 1.0867860305911758 0.7368617542308012 1.0989415253795762 0.7488077781423904 1.092334303825273 0.8046122386919393 1.0607426191950577 0.8189740204511496
0 0.9314604307225909 0.6026945118245502 0.928029478865769 0.6091755543354896 0.9290288220822027 0.618522197420712 0.9172689132066021 0.6301593726473033 0.9223158033369314 0.6561407324182044 0.9279355980075147 0.6795834048560542 0.945829137556791 0.6792726841499017 0.9804008155191991 0.6930784968235004 1.0204531121875562 0.7113715200770402 1.0624911526660097 0.7282047717782478 1.0753256576836474 0.7324416768515757 1.0795212913444532 0.7230508002397099 1.0877749954376283 0.7113672303093616 1.1037564313662138 0.6929900732189456 1.1053291204589697 0.666963506551974 1.1043667729883113 0.6456241914950482 1.0634532916124235 0.6394688609856981 1.0383269919364406 0.6287150757937163 1.0173925803120174 0.6247922228821164 0.9773006535757145 0.6169238725929836 0.9568866799469415 0.6088015510759374
0 1.1088469292429717 0.6866924565270001 1.119482697819108 0.6775132895375874 1.1370865483110872 0.6786635398308096 1.179790192235672 0.6832280869861048 1.2157290369668998 0.6908219857669678 1.2412883573397577 0.6990490839205021 1.2800663680536288 0.7041671130826669 1.281554276530254 0.7297981836710016 1.2822427071750773 0.7630140280701632 1.254250786264548 0.7839803373517326 1.2413925436007527 0.7867272506004119 1.2272103839441355 0.7806320933316826 1.1807485201564027 0.7689178132121629 1.1529872224815545 0.7662938806774934 1.1072667508339262 0.7658907084321912 1.099188283040581 0.7660956992201494 1.1002884205252497 0.7495435814697573 1.0876761736863867 0.7377268174218963 1.0775580177422004 0.7328229040177258 1.0870424068694977 0.71010730637971 1.103800661761921 0.6917626369246634
0 1.099177799219646 0.7668079352999982 1.1535900745927217 0.7673662694438308 1.1813579463602513 0.7684391172837316 1.2285244629750802 0.7814080580987239 1.2415504015827228 0.7876352624736697 1.2653786071620767 0.7893467023458314 1.2864973512844051 0.7922714689161919 1.2860635592108376 0.8135311602231488 1.2859116569142683 0.8517099315421097 1.2632479667247418 0.8756881982585157 1.2367746116042424 0.8917241843313608 1.2137729291674062 0.8870697407994742 1.1956400679076467 0.8754108402003103 1.133564674370668 0.8544850180488467 1.1150883387153707 0.8534322438655687 1.1115824646007626 0.8328111445908726 1.0994542068484159 0.8229658519761808 1.085961638384931 0.8187164628661133 1.0928078202773293 0.8051983523745511
