0 0.41169513139361646 0.4320276794344258 0.36891056087736296 0.44612986901203905 0.3413191306134161 0.46509708985406184 0.3237306231465581 0.4841061714341155 0.32538586856661744 0.5262181235833007 0.35133931200289537 0.5362579396410199 0.4033089899824975 0.5296631109642213 0.44186399918375624 0.5210423181618993 0.4638853437189496 0.5017234830529457 0.45881363999725805 0.4857795006646162 0.457475471743688 0.46587045304822 0.47068922092887955 0.44864873735317806 0.44703931420677245 0.4406704630651766 0.43490944721570796 0.4289238610515891
0 0.4447718853665024 0.3971196177509921 0.43919708731737134 0.4249200766324097 0.44808944468718753 0.43911541232683987 0.4762302672642987 0.4482615454420531 0.5361026070801594 0.4448186789799589 0.5653830344778776 0.44055014331682885 0.5841378299984883 0.42294123571066194 0.592161361728462 0.4008963494892414 0.5987258553111505 0.38413926408754945 0.5978232779575962 0.37531230914199143 0.5894559858279875 0.36033944807839285 0.5602069539837925 0.3512707533454047 0.489368679070431 0.3584432283419723
0 0.6081770296348863 0.37014380744251857 0.5925412300019977 0.3964247932297937 0.5861800121726496 0.41835352187787667 0.5924470433414282 0.4364364844181487 0.6184876049577092 0.44869271901003543 0.6653541836620966 0.4394911383410259 0.7067668342110681 0.432893168117309 0.7296059940800016 0.40610883284557153 0.7238397010784738 0.35835746560972676 0.6837408917101155 0.35597360412343554 0.6621598503953154 0.35822245875487885 0.6422097274276177 0.3736923862091032
0 0.7280449353205116 0.32398518950803123 0.7134616223282269 0.3346350879827951 0.7075964303457521 0.35504748508365386 0.7255600937657682 0.35971892039250103 0.7291123243933172 0.39354912781862156 0.7435747674918868 0.4080960777799825 0.7989271520594092 0.4027465463126208 0.8406592359350588 0.40427544404751864 0.8662084840248441 0.3898959370382811 0.8639700945779085 0.3470838979021525 0.8423623700299627 0.33451790978136575 0.8164379659870192 0.32521689990170255 0.7677081537888542 0.31528695832348413
0 0.8375229814549463 0.32448437681748343 0.8902233565882853 0.3082076294437334 0.9103743991491349 0.3119853818100746 0.9159130893243651 0.3256742264731239 0.8543470400543554 0.34257048090467385 0.8311350803924527 0.3315982627133364
0 0.9457766607489595 0.3221057777969371 0.9153880240841575 0.3264517518422923 0.8593339817562327 0.34222200818466136 0.8655719735316767 0.3595661645468775 0.8683377843790087 0.38752464173966344 0.8558523761873653 0.40914047531192815 0.8672225066313586 0.42983018984441124 0.875004298573902 0.45817900049524063 0.8892925053124654 0.46829311338826635 0.9724105565039409 0.44840919814721714 0.9882763151233157 0.4421146983585635 0.9975822924803794 0.42442521082325313 0.9949930741532427 0.3868235341246282 0.9608465749473623 0.36624369407164586
0 0.9499795388308087 0.3018095382694158 0.9302907704031205 0.32392872132614303 0.9462726865958327 0.3205894462497128 0.9620419023944492 0.3683826742235885 1.0143890924873982 0.37139232586151644 1.0449229261188722 0.3707403827064408 1.086396011614701 0.3515439882646614 1.0968659208653286 0.34933071127741205 1.1224756039019717 0.32235278005011214 1.1319000949925617 0.2935424806528512 1.1262185640108484 0.2620835685253482 1.0612721643131073 0.26365848917328716
0 0.3569384371249832 0.5373483600860066 0.3371335111239575 0.5565123184305103 0.328178362647095 0.5689914435283169 0.3315830401477833 0.6132036566383322 0.36007469160509564 0.6171394273160419 0.4191606116407396 0.6078248306206132 0.4521745745065792 0.599591229729416 0.4682750044328178 0.5851311427910353 0.46513168147213896 0.5475681852835228 0.47490464528274157 0.5276235600229324 0.46385394816542647 0.515060713449064
0 0.48347992548606833 0.5196159911845736 0.4743505406491996 0.527662279214045 0.4671738636463003 0.5429804714507376 0.46754666343926965 0.5807370249138125 0.5245880451405633 0.5900861786253433 0.594141518266646 0.5926343415168397 0.6032418637101804 0.5838492473093125 0.6048241279113693 0.5392885614792846 0.5994329908629997 0.5152177111323405 0.5851424279642474 0.519179634813489
0 0.4718555089826322 0.45004891132706487 0.45867079919077497 0.4680094332001626 0.45995088865767625 0.4864408684604471 0.4630094495985408 0.5077113708596177 0.485696344020236 0.5194611144201235 0.584063258090498 0.5199958793737699 0.5991716363229903 0.5085684555298375 0.5978358242296091 0.47458337133926703 0.6125086115620857 0.45207385482449647 0.5900854278405887 0.4328973302923193 0.5675704136187109 0.439656460374323 0.5355194630532832 0.44411859199301557
0 0.6119254675352094 0.45137376783755306 0.5989440334966929 0.474505932957042 0.5995491484363372 0.518172935844564 0.6248323296657357 0.5252962463811721 0.7022327420015969 0.5154427225570869 0.7393601086090938 0.4987725001783751 0.7402964376763601 0.4801861881536406 0.7336518943942348 0.45249874529864215 0.7213791865966872 0.42298207582060093 0.7084291481116939 0.4327770105439715
0 0.7280307983593789 0.40844140895307673 0.7335647762142317 0.4502823267644744 0.7414336863367783 0.48084755594947143 0.7489274405061669 0.48773226824556776 0.8486348789901877 0.4941000442414361 0.8721129055124774 0.4835694448869281 0.8743921151536915 0.45674010733024134 0.8661142973642748 0.42990762822663625 0.8456752170302704 0.40466577750556204
0 0.9832140360423793 0.3698665696735371 1.0455351095390828 0.37217927587143995 1.0875042208817849 0.3514665498824363 1.0980031695257466 0.3499920790732429 1.1187083167201382 0.35373111224847165 1.1297543015170757 0.39444603197068856 1.1109704666031304 0.4113161333987995 1.066959173086267 0.4366165732205885 1.0189239501679381 0.45849401648988547 0.9999391956608414 0.456116438097431 0.9887433015768545 0.4398595606332833 0.9988066593208008 0.42730299715325176 0.9956633363601219 0.3897400396457393
0 0.7296766191386832 0.5068575073989589 0.7356218608205947 0.5308896385547904 0.7417680220956581 0.5741694495311875 0.7232478978819112 0.5836127699876272 0.6240922078712435 0.5912823113748206 0.602658719683304 0.5831491603223691 0.6038030368242886 0.5415824183956771 0.6126129883344792 0.5254092624075913 0.6265527223530302 0.5266577011639464 0.7011535721278475 0.5162589671173677
0 0.7407901073630445 0.4927458931805906 0.7351305472940991 0.5042538969536663 0.736613912514341 0.5278569754603419 0.74144858876898 0.5660425815725728 0.7522088919529513 0.5712173663658824 0.8333404835967453 0.5714748138879043 0.8729456232784192 0.5612989703472456 0.8760983708798531 0.542557781558061 0.8716121673452266 0.5132378495825008 0.8580256183670658 0.4927030118144678 0.8486639183835221 0.49483885041949205 0.7488984011128325 0.4869934620675119
0 0.8742155226334963 0.4663833068360803 0.8904007145795493 0.46821567500604133 0.9713313866301914 0.449225442707498 0.9989157484135719 0.4724863315879979 1.0022042683409227 0.5137433199857897 0.966768255027386 0.53103619096922 0.8774098559002776 0.5476519864222272 0.8749611222194349 0.5418964137622303 0.8704749186848085 0.5125764817866699 0.8591338276341497 0.49262557343224284 0.8732501541728956 0.484230812682759
0 1.0951918261637588 0.4198270517216209 1.105456103500857 0.42651816806215465 1.1261031719085794 0.42877958888127155 1.1326025182240331 0.45277300084599065 1.1351650533180244 0.47555983479238545 1.1240806044869975 0.4904102551888097 1.0733619765809623 0.5146977129478368 1.0113289408574138 0.533849105104667 1.0022623471275915 0.5152209323419016 0.9989738272002406 0.47396394394410984 0.9862608161822999 0.46151725494357887 0.9982478423668812 0.4554937894927127 1.0189529895612726 0.4592328226679414 1.0674842383264747 0.43583904785142
0 1.0995524474842928 0.5024959052816546 1.131134055435993 0.5143649479624163 1.1345434452570589 0.5304250879240833 1.1387682942516757 0.5530957642971405 1.1276548060273144 0.567207378515509 1.1107969957141932 0.576534541398611 1.0885723754256593 0.5906817332611736 1.017818862532112 0.6141466633660831 1.009071702128968 0.6036453585619324 1.003562051347072 0.590695320076939 1.0038861969941277 0.5706701148872052 1.0003606495997244 0.5516547502133148 0.9798611343188623 0.539011323710303 0.9987030480194761 0.5236188346383038 1.0119411242776244 0.5352879982696662 1.0733619765809623 0.5146977129478368
0 0.9755758503773877 0.5289390715553083 0.9804152389524043 0.5389726045191905 1.0003606495997244 0.5516547502133148 1.0038861969941277 0.5706701148872052 1.0026280784399944 0.5952055955274993 0.9817463387254081 0.6011097618581096 0.9125099427658148 0.6207645034994022 0.872759606117469 0.6272463161497815 0.8688832298428644 0.6134413139133948 0.8678087722894925 0.5861054853253272 0.8592672437998776 0.5666997871933933 0.874053832545503 0.5612215319650206 0.877992999927154 0.5483520734091707
0 0.740485576468568 0.5698140508450773 0.7304489019577673 0.5971854570773389 0.7366868937332114 0.6145296134395553 0.7385210878336547 0.6329223295087272 0.7454026585828326 0.6383681486398243 0.8270012366801653 0.6363704584365661 0.8683267690491336 0.6275560696786816 0.8678040599691149 0.6142575584736757 0.8673127464426194 0.5876218168725514 0.8598503878267538 0.5673998741803369 0.833398562383414 0.5729524262440161
0 0.6112026043331077 0.5884788218801286 0.6040235711700197 0.6178730506909955 0.6028792540290351 0.6594397926176874 0.6297666703723906 0.6649693332248462 0.671179320921362 0.6583713630011293 0.7302071621703372 0.6475791539495889 0.7366531420194995 0.6419428804098478 0.7378241423936297 0.6151909812353861 0.7297786397508879 0.5942689515562279 0.7243270677556608 0.5827965254273464 0.6240922078712435 0.5912823113748206
0 0.4821276202713656 0.5841631630132228 0.4658215584315976 0.6075276432793867 0.46794379030519573 0.6473844577032918 0.5247214613062912 0.6641603923864939 0.5670366892088171 0.6663893771083352 0.6034914374492458 0.6608786857826867 0.6045776758035616 0.617834331499883 0.5953368457137329 0.5947733216687824 0.5256962544076471 0.5900087402431183
0 0.352726134402379 0.6139487459102249 0.3359530861090722 0.6395683639016689 0.34090391993704866 0.6807091947261235 0.4124705358439583 0.6779308376067785 0.46429501685688856 0.6676419780397005 0.47987038154291967 0.6539594164704882 0.46625243701123564 0.6467618090985734 0.4664023462982851 0.6223037668405044 0.4673967541522202 0.6051950671718815 0.45599522815470384 0.5978425830355167 0.41913157224740516 0.6070860244425572 0.36007469160509564 0.6171394273160419
0 1.1098049440204472 0.5795672044930594 1.1200401819642107 0.5855195146555375 1.131850615628597 0.5891392487105104 1.1410043275384227 0.6099838400074434 1.1412633259182432 0.6307091321841206 1.113146830414089 0.6504538783953117 1.01754337103097 0.6919536272086256 1.002033153612174 0.6648856914114272 0.9869655955739601 0.6066717385625441 1.0039105240670843 0.5995609942136096 1.0189561111925305 0.614808031161914 1.0886014148189938 0.5914205394392296
0 0.3565930860362284 0.6840578944433086 0.34227112758395306 0.7013570485205755 0.34561772629797255 0.7440916492744792 0.4184667878319723 0.7456686908412445 0.47055262338491194 0.7420290868766696 0.4830356754163665 0.7344892898785793 0.4879378550984294 0.7178483620502248 0.47388196350654094 0.7136446985816463 0.465894539650468 0.6942002812585999 0.46482008209709613 0.6668644526705322 0.41194547060375075 0.6787083629759469
0 0.975043626797061 0.6044091523388255 0.9927367891768217 0.6206082807091523 0.9985480378314051 0.6672021817062174 0.9385337475530879 0.6880732126856532 0.8667933500537439 0.6999087960913922 0.8640796659815565 0.6887274588848555 0.8712425431266493 0.6829204895788656 0.869697377267369 0.643609128290683 0.8697889324061701 0.6314737051799786 0.9115085328796295 0.6224939502744443
0 0.852749494043797 0.6319063065854214 0.8685931104198114 0.6444443552825982 0.8700194173668392 0.6807317657024593 0.8558422367169692 0.6961256428998409 0.7846985447334989 0.708677594385243 0.7352514872817479 0.7091005519722388 0.7374624319314749 0.6930267117264624 0.734243597482215 0.668993583329558 0.7427235664805303 0.6388365285273246 0.826219785928964 0.6367923804123629
0 0.7272341158866613 0.6497737186970586 0.7323346220223425 0.6638205282222474 0.7380294227192852 0.692987092089045 0.733998646793875 0.7061558403787518 0.6686734363288231 0.7220915340753816 0.6020953853758985 0.7350825161785247 0.6009935294829527 0.7215143569084942 0.6045215659859022 0.6810904311664739 0.6203997189992032 0.66557769505684 0.6712803162618174 0.658231989103868
0 0.3602633954596475 0.7452060924744325 0.34374555022486264 0.7628768393665077 0.349333739407911 0.8041867078451749 0.4008919109237556 0.8110973809991457 0.4570978440990763 0.8128038840314632 0.48523363954675797 0.8068135470834893 0.4847866210529906 0.7873800498218184 0.48302265183025966 0.7659202774748856 0.476784466623911 0.745429870857222 0.41889875867326487 0.7470601782092178
0 0.5428681817262652 0.732432464039686 0.4934366954814043 0.723377133735941 0.4822176703948718 0.7535414684028692 0.48512969722005805 0.7965286863630796 0.5467546086719 0.7938523578222038 0.6034075693505697 0.7890786977755336 0.6133540626731219 0.7777897205555308 0.6161167399397998 0.754778943610067 0.61538204328844 0.7360871473052533 0.600239995864041 0.7395899854484315 0.5995691858780169 0.7225235627353407
0 0.4795267912479667 0.6546419458672794 0.47011485970649664 0.6664944692887905 0.46518529645689954 0.6918627048972114 0.4744360681400828 0.7136059793905335 0.5427913340677366 0.7312192068318558 0.6006784382614578 0.7212475444729421 0.6035883204793681 0.6821915113837781 0.6084899765702778 0.668678591683018 0.6032290357269302 0.6604854464353721 0.5669103282465485 0.6663158917976872 0.5253306799228191 0.6639531919123566
0 0.6213887296764852 0.7329707771178354 0.6153192147583636 0.7544675472274918 0.6122565501406156 0.7770712481899805 0.6188897577991626 0.795046308360838 0.6877675627021531 0.7882577703253557 0.7340681775582674 0.772510534290912 0.7501154111228967 0.7661210385298812 0.749497998429709 0.7378478075543121 0.7455339803839482 0.7249543949113519 0.7444735614622611 0.7105410467103591 0.6703843469394606 0.7229619052140056
0 0.8589766598461912 0.6959547059905624 0.866597036773425 0.7013488995335094 0.8780286493465819 0.7031841735927417 0.886322253284378 0.7131409662959362 0.8835714365601421 0.7311132339806442 0.8868601332307284 0.7519560799737337 0.8665091265681388 0.761938912277246 0.8221033175025609 0.763066297758097 0.7548342832906694 0.7605231351204839 0.7495754368119341 0.7398179573624609 0.7542447777561688 0.7203945882372539 0.7573311608033795 0.7109596363878584 0.7844465334595037 0.7097234147584083
0 0.8897863297003726 0.6995253398806563 0.8887466514280323 0.7127754015419662 0.8857679572201641 0.7296286959013206 0.8903484087481968 0.7667602195738116 0.9500324693881349 0.7501058101172488 1.01654165875799 0.7350551248774311 1.0159751681761955 0.694175377493368 0.99476576498046 0.6706896997467409 0.9408149889350113 0.6876370322530061
0 1.0169854548665143 0.6934112336497006 1.0191353400213778 0.7348738861105214 1.0068487848473358 0.7398937222131076 1.0233895617689734 0.7637056297401719 1.0917584153962328 0.7297992006370534 1.1198539362529139 0.7167392008105941 1.142327121542237 0.6929753051274998 1.1331867870002523 0.6589366045830595 1.1177084626320206 0.648921416040681
0 1.0057569407119078 0.7385829210460647 1.0245085917194379 0.765708079244118 1.1208642229432326 0.7159750569669269 1.1329854574600708 0.7199828969974664 1.1420714203719828 0.7526383008680998 1.1353256433201897 0.7662870878166109 1.080061125085051 0.8027455647696984 1.0238157117416153 0.8274822677488102 1.0129266619693578 0.8018883382607381 0.9973418001079657 0.7759289902162001 0.994535043858257 0.7442219099787906
0 0.9777995546973938 0.7419235964024948 0.9897826543720647 0.7556507609030637 0.9939281328595144 0.7817159111851005 0.9485467892402852 0.818177329160835 0.8760280455916059 0.8523737402910087 0.8677304713157505 0.8397761381905733 0.8717216579809226 0.8089811338330056 0.8732800725059406 0.7956948244183137 0.8644387819293566 0.7692642555798107 0.8861191670486525 0.7517976904356107 0.8899384157556651 0.7695630606748071
0 1.1302198382385236 0.7687245103611401 1.140345479422776 0.7881298525704636 1.1432631846996155 0.8094259600009407 1.138019244775782 0.8215827070154992 1.0768289354739138 0.8660842887151068 1.0299751463087468 0.891551828807151 1.016220557122737 0.8592226547169549 1.0105710357403423 0.8478271105234166 1.0268715518606224 0.8390590507092582 1.0243616338093293 0.8281376683323317 1.0806342329678014 0.8040926136901231
0 1.1183594330371234 0.8375209844723649 1.1347936724656007 0.8453887324972694 1.1442918341370296 0.8620637291123612 1.1452433376633049 0.8862714209039795 1.097977349738621 0.9277193682515653 1.034141193310277 0.9578413258897296 1.0248061465290668 0.9453162192960581 1.0144380387764718 0.906508475900058 1.0316400983269247 0.8942096788946188
0 0.994091247749733 0.7858658012065208 1.0118620036489663 0.8012691854305988 1.0253153431025899 0.8391677939694039 0.9652462695181712 0.8724942590184117 0.9042484666885432 0.908659812921797 0.8989861640176142 0.8674146469812675 0.8954137934129149 0.8426965456196557 0.949557075930604 0.8174131853171677
0 0.8919185687193543 0.8464085215778457 0.8984130561348639 0.8660675980608428 0.8984608104639811 0.9069835931982878 0.8308347969106467 0.9068542627796132 0.793349857642682 0.9060058593385941 0.7694630099714641 0.8938040415027126 0.7644975454989509 0.8733445734226666 0.7678340668362633 0.839127575133964 0.7879016658004685 0.833564022730649 0.8682492075684282 0.8397398904371914 0.8770927039119975 0.8529928931211485
0 0.7543873446835954 0.7616962681315204 0.7339913101719677 0.772137606646541 0.7385445758849639 0.8085774819821285 0.7863726428574724 0.8343644143276981 0.8671029918029274 0.8370457925963418 0.8733072583209771 0.7963864727552171 0.8637569307864604 0.7651506133117723
0 0.7446540503559929 0.8449086140575703 0.7644975454989509 0.8733445734226666 0.7638634486851719 0.9101469262920734 0.6997576398734491 0.9201748344066578 0.6314497751772186 0.9159318617199448 0.6279067961545409 0.8787278425406898 0.637137511209576 0.862131223477656 0.6981852741353064 0.8537040985571697
0 0.6230882895921359 0.7958387853724304 0.6224292127303057 0.8187719237503875 0.6255350129454151 0.8580871356937344 0.654282993362971 0.861626695952956 0.6987583820180567 0.8550511474775945 0.7599442797859546 0.836904698087079 0.7593733776701894 0.8223800830121082 0.7375614750096818 0.810033274162699 0.7335541313643994 0.7742487994106328 0.6873028416640043 0.7885774706054592
0 0.4905115011939641 0.7974738307788813 0.48725874306874617 0.8205882079237482 0.48455190701124223 0.8443579856521365 0.48514999494204386 0.8595742490640109 0.5571705708521265 0.8656384324877605 0.6236775544549965 0.8637653134024891 0.6224292127303057 0.8187719237503875 0.6072543438614455 0.7900097346048539 0.5455519156078555 0.7950148655942052
0 0.3676253809394614 0.8074478450042019 0.356183791798534 0.8207312133962468 0.3530647569815131 0.8604813983801766 0.4091948097638472 0.8725108005170895 0.4891867301693479 0.8828728059984341 0.4962065711384907 0.8629629362644108 0.4846312586893663 0.8596104968173927 0.48545345044141514 0.8408272484608558 0.48507505479789026 0.8179666055896623 0.47377380626611554 0.8083530833571319 0.4579104689534035 0.8150099504071983 0.4021066459515066 0.811280328313126
0 0.3735401431712648 0.8652925710304123 0.3563924552508845 0.8789746647096583 0.35920141726757837 0.8975041787925218 0.35441963619936434 0.9214189475344376 0.38507724097042645 0.9338411929132575 0.44093543560239623 0.9389541116811367 0.48783918486366573 0.9412250005719912 0.488933234766079 0.9293582355844882 0.48833735260226263 0.9009644060180677 0.4882308151091021 0.885020246515908 0.4102322822692022 0.8724383050103256
0 0.5042051014489451 0.8679524066589092 0.48732927167892925 0.8885509837071889 0.489234484498465 0.9237888011358794 0.4979420517668521 0.9335835621353192 0.5583057577827011 0.9342203611013408 0.620252858371619 0.9354400651441198 0.6286929790236122 0.911963210465434 0.6259428001709617 0.8684618607472849 0.557689307104804 0.8656021847343788
0 1.1178276505323699 0.9109008449821069 1.1356437608255252 0.925954285974849 1.1416737645272512 0.9662788722390223 1.0761104690889218 0.9945669728703107 1.0206105313945388 1.0102985100215671 1.011105990604512 0.9946642811621377 1.0009892663942745 0.9775911591377092 1.016216158360293 0.955042923431826 1.0247623991702857 0.9462965484154114 1.0346177688405136 0.9567204148373372 1.0990147762250904 0.9270321402321621
0 1.125370058847672 0.975567315931012 1.1434184842875024 0.9965312063482009 1.1432952582335987 1.0358040913585 1.0714358922331564 1.0452704232714607 1.0178039003529284 1.0519814095215965 1.0223309240818332 1.0116599648043414 1.0777727829895476 0.9944508152969731
0 1.0108681976663905 0.8472546598178924 1.0157947044214102 0.8595046113159425 1.0309831323533392 0.8925217157287003 0.9665547294152392 0.9355472207299936 0.9114032644408687 0.960144432017921 0.9014898159839718 0.9482429532398834 0.8950775878485215 0.9264659598093319 0.9049376698391272 0.9087377530829093 0.9651945902489012 0.8726712572130187
0 1.0115290352325146 0.9064753116357004 1.0258706084373692 0.9462191100331863 0.9805431175797037 0.9945774181391579 0.9225316550974318 1.0312278434226538 0.9078949756388559 1.0122480563929577 0.9043113494577837 0.9917550793629554 0.8941969814077351 0.9606059207643525 0.9030650117045944 0.9459103771323782 0.9114323038342032 0.9608832381959767 0.9671378734421154 0.9362473077169371
0 1.0004061223673981 0.9768910721507659 1.0218929770216287 1.0146539087076774 1.0172207563260522 1.0512813225346531 0.89651070823373 1.0760145613055199 0.8945046339334692 1.0391129715938383 0.9011005230696811 1.0090186557960283 0.9089451061192708 1.0106930056546208 0.9225316550974318 1.0312278434226538 0.98112626160658 0.9952775051261008
0 0.7695352196617491 0.8989375558937936 0.7672874055740582 0.912429663054362 0.7590605980907439 0.9293029060293915 0.7631983289053579 0.9497571638682811 0.8314089214574929 0.9605483522917296 0.8932339691073232 0.9643773900368569 0.8982837019162466 0.9373544565246076 0.8921351844809945 0.9081506821223848 0.8309513596447093 0.9064993437203128 0.7942352568642712 0.9053607794434585
0 0.8931758903206544 0.9628997776807452 0.9031741007973655 0.9910937115671246 0.8953514886605437 1.0323862776091104 0.8202593253592307 1.016149270054565 0.7743604712756329 0.9934273083027216 0.7684442689870556 0.9701339833249459 0.7788003768245346 0.9508894450512987 0.8314089214574929 0.9605483522917296
0 0.8931931489130449 1.0340187667296725 0.8954896171466492 1.0783084182219127 0.7720137582069949 1.0750831797999936 0.7616961144036056 1.0387623779549993 0.7781740564431912 1.0339067713313448 0.7830181573385853 1.0157882311468789 0.8219506786531909 1.0167719186592834
0 0.7445110368121712 0.9125395375338629 0.7566409038032356 0.9242861395474503 0.7589083326435058 0.9678369848616349 0.6897904504174386 0.9763709146409766 0.6319602927757393 0.9752260672702855 0.6261045254340196 0.9393343180744473 0.6330198478969095 0.9173668702352519 0.7004149812754932 0.9215475222473097
0 0.761591737631212 0.9654269703719046 0.774856497122506 0.9919109767554973 0.7800757539710581 0.9974729534599317 0.7819389874648357 1.0166044757071597 0.7781740564431912 1.0339067713313448 0.7144810629792057 1.0390982844873384 0.6509356226420809 1.0339077919594368 0.6467688524341326 1.0127147279424913 0.6493094166153559 0.9925346459883077 0.6686763955561773 0.9763646315471398 0.6925609735851481 0.9761773186854142
0 0.7617251537969401 1.0395011841330553 0.7752489116680545 1.0867104826933252 0.6992494586928095 1.08979859334157 0.6457940593327767 1.086866380085867 0.6426483802119092 1.063379459152529 0.645946324780015 1.0483323012536239 0.6526269759360411 1.0345304405641553 0.7144520235858713 1.0383594783092824
0 0.628379022754856 0.9406570536661091 0.6327153170024331 0.9944350278997387 0.5619351208757403 1.0030851152524176 0.4997302049523744 1.0037276337667385 0.4970248290518999 0.96317073235589 0.5048741244218674 0.9366930090661342 0.559205417902309 0.933637334515165 0.6226637400594306 0.9366114085088988
0 0.6294487679878502 0.9961449554025252 0.638370164751001 1.0110790972750112 0.6344262850489724 1.0521006289792099 0.5638807602291434 1.0525851291821617 0.5010927002789012 1.0525275607095395 0.5017990703596813 1.0139547626861833 0.5180737366459262 1.0039275128161378 0.5620222390557434 1.0053015337865856
0 0.6371096900366788 1.0496906144894795 0.641511131551491 1.0627180913566978 0.6449762439990367 1.094331880248651 0.6415040630709246 1.1049462010792206 0.511991131948978 1.103624486115651 0.5088478089882992 1.0660615286081383 0.5178029574651616 1.0535824035103316 0.563297616202267 1.0518850421952184
0 0.3775776118340885 0.9352164173381142 0.364363862648897 0.9524381330331563 0.36129823322746607 0.9733957403565082 0.36377365014145424 0.9939661557687355 0.4269392222050434 1.0036282045560847 0.4980678910517486 1.0038437913400762 0.49865810355919127 0.9623157686044966 0.4900584962829076 0.9414324581164509 0.4405399081443369 0.9397068228790723
0 0.3888825950108466 0.9966566292370084 0.3664233034154488 1.018969408249298 0.3664162349348824 1.0611975179718207 0.4104518555247028 1.0647879574764363 0.5025784216593319 1.0620546026420408 0.4970758393580023 1.0068764544345246 0.42696826159837775 1.0043670107341407
0 0.3920792844378166 1.0638492722489807 0.3734406464905434 1.0844134045673715 0.37562095715081034 1.125747831347388 0.42616063637646173 1.1251796096683744 0.5025980364119111 1.1190975551167934 0.5113475529752443 1.11552282334677 0.5126033153691887 1.1050633792806501 0.5104810834955905 1.065206564856745 0.5019952776324557 1.0613545156550972 0.4116181435784554 1.066188131450323
