0 0.26352057249512006 0.4002558674290552 0.2735791384376569 0.38607304515796104 0.3111292029465793 0.36111876204898624 0.37199154180421606 0.34833183424080927 0.43208323627268885 0.3510872174093104 0.4509080515194586 0.3569646103926587 0.4412442875234444 0.37109210552152544 0.4411150329882217 0.40996211212087813 0.4455598046171928 0.42583797543932506 0.39359058536640645 0.4400397190953132 0.3696321526985402 0.4449938825572837 0.31211555457625356 0.4546508531085955 0.2661335878490688 0.4435315345333139
0 0.4485298172668633 0.2609664877829148 0.44515915644611853 0.29922630632936104 0.46445938012014687 0.3263257845539303 0.48369914893362326 0.3374672034909132 0.5196450855710606 0.3478640902404296 0.5604744753732676 0.35438330856880723 0.5865843855954951 0.3493231082868262 0.5973795736793407 0.33643824062624006 0.6027420116202771 0.3234457466572399 0.5993998472338351 0.29623879312502277 0.6001918353594857 0.2759035316478461 0.5846297701347246 0.2658433762169056 0.5088728681079655 0.2466556793308751 0.47111771104829514 0.24875334227031098
0 0.48308967509554923 0.33922556461491915 0.460497587847101 0.3488005400471362 0.4519712483734457 0.35823548260288707 0.4416215504151001 0.3706726387694222 0.4409556122977375 0.41013518616234895 0.4465307124091585 0.4198828756963866 0.4897099932096992 0.4275652253721675 0.5284930290249129 0.4317436253197002 0.5738893036100086 0.4327063443859162 0.583451730968625 0.4277040222169421 0.5881182279979504 0.4128588323531753 0.594999668038331 0.40869000268197464 0.5959847816747422 0.39069846478395776 0.5903566565412715 0.3759226077672575 0.5864978394836915 0.3618143650581758 0.5823341039585799 0.3569044866852906 0.5611911238802239 0.35437406233128216 0.5198882265864234 0.3487176665273795
0 0.3067359281680968 0.45367115715215306 0.27666255660576466 0.4761680064106035 0.27571663662731294 0.4922239452544952 0.28291998198686785 0.5218817234212593 0.3118385360448469 0.5296242019886366 0.3522249379679202 0.525733757089918 0.39300284178785644 0.5211986927522473 0.41579795150703663 0.5185939640814574 0.43111118583212665 0.5052426425531515 0.43756178353411795 0.47485092425256575 0.4359301064192548 0.448540621515352 0.4327547518906572 0.43070321482936175 0.3685130274138834 0.4461932869792444
0 0.30680908064516776 0.528105113145449 0.28773922024930343 0.546647308450136 0.2867148798011391 0.5638508553278888 0.2899955447761845 0.5903697059560344 0.31700813694890095 0.6008669768942069 0.36462310118140384 0.6009389142752186 0.4089388236479307 0.6006797158075906 0.4272477175989748 0.5989074143035431 0.4336765145028355 0.5936423040193707 0.4420876831559514 0.5908765949694041 0.4475884929924502 0.5738392084616486 0.42643110602927964 0.5621246509228128 0.4240492725563839 0.5319091419489503 0.4293326634086483 0.5196631536699492 0.4176381637749373 0.5185248001345406 0.39288545080316806 0.5215968759785726 0.35244167312841546 0.5256776492922545
0 0.3161561491343776 0.6013831177106411 0.29031722990995323 0.6208739220175206 0.2852017483487472 0.6541238176398206 0.29054345033143614 0.6728156984994188 0.3264939591639569 0.6796799542333986 0.3805058987295586 0.6816326348037082 0.42494624147358356 0.6754048104849678 0.43865493442731174 0.6718967117811118 0.44468249227049883 0.6539920191191299 0.44011322417542825 0.652648631126774 0.4364940746127165 0.6067367538548012 0.42669003669004113 0.5993823112503168 0.4097289456579632 0.5993787565762507 0.36406542027247013 0.6014138112219923
0 0.32342715849907966 0.6785227561001927 0.30226621686184285 0.6969612492850507 0.2993372812542951 0.7088772866067679 0.3020593766518902 0.7434092968626106 0.3271364407629779 0.7482266490372943 0.3717614922519587 0.7518915426441938 0.4242250093682573 0.7493002882037129 0.45080542957805475 0.7467655675566233 0.45846007512893316 0.7230784389026789 0.4444120089190222 0.714731773643631 0.44093161308215645 0.6743548691456573 0.4267739487116118 0.6759421656819101 0.3811563783452285 0.6823349654792926
0 0.3276163450820398 0.7505398604123502 0.3036661102316179 0.7788911010120009 0.3080594710189811 0.8270749457893692 0.3250665170701688 0.8314362456150763 0.36845336380081717 0.8269430336047892 0.43698002911556044 0.8205137295031678 0.4546543542363156 0.8144661705868005 0.458823271939229 0.7956317135204234 0.4525190953128665 0.7949281979534836 0.4469476182346284 0.7544475913356807 0.44903958814451733 0.7470130307745864 0.37126567714751574 0.7531512580058733
0 0.32983729336409273 0.8315611621154133 0.31222305671079525 0.8534700648085333 0.3150830171657199 0.9010753105192987 0.3573854349807461 0.8979243016100118 0.40215101753260607 0.8920476426290637 0.4614772808527175 0.8821467441278251 0.46485607654559846 0.8646132462927879 0.4590344702438475 0.8436081540581336 0.4571148529675997 0.8343553085579094 0.4633898740287499 0.8195898895555495 0.45491772823965976 0.8140325175096871 0.4370728278222966 0.8216909571255261 0.4370728278222966 0.8216909571255261
0 0.33910747393194746 0.9000890123215122 0.32869713407567874 0.9114665095549315 0.33375777393260947 0.9492414955902252 0.35973366954584685 0.9503621894191921 0.4122431416812552 0.9521286801303518 0.44920119150804283 0.9529005784042374 0.4663328578367287 0.9512932523788319 0.4838993621338832 0.940103129895918 0.48734091229977144 0.9158161877948631 0.47936458161512424 0.9089991003873209 0.47337062267973223 0.9046814142139853 0.47605298373783345 0.8820878405517227 0.4633827646806175 0.8798959910029375 0.4577131568845439 0.8834677328483176 0.40244532443819564 0.8920063987594032
0 0.34447655414281564 0.9493263531122572 0.3264593010918114 0.9736721987894147 0.32501692212907585 0.9893473527070169 0.3263302374717305 1.0173321380451446 0.354923073664512 1.0252274905206373 0.38819477611299774 1.024532269193185 0.4254161999431295 1.024870514389957 0.47134309933196683 1.0224018066671023 0.4769517299920662 1.0105069837258933 0.4784241531885306 1.0027625016966673 0.4714076311420073 1.0005718370392374 0.4659581083357177 0.9767373926130927 0.46538807131546917 0.950632165572908 0.45005317932256617 0.9523844375878028 0.41283175549243434 0.9520461923910307
0 0.3499976328593611 1.0231405279830363 0.33535739816420473 1.0450294011870034 0.3382050025078146 1.0660545229108107 0.341997393372684 1.0877407314405414 0.34878147431810846 1.0907574583825372 0.4234267188457419 1.082677214603139 0.48110998367278096 1.0821316788305981 0.4886868526337877 1.061232658498484 0.48177904007938155 1.0566462947266768 0.4811922036052355 1.0416522571041507 0.4733104489643576 1.0209358719571202 0.4257414397509645 1.0252216797277496 0.38819477611299774 1.024532269193185
0 0.459533207097591 0.42338624609402137 0.44137808898925734 0.43465885631625617 0.4360328323325021 0.4461200261803518 0.4394054073457672 0.4813543671117791 0.46160037953693345 0.4949072390788971 0.5175478471641639 0.5025398384126958 0.5532199598764761 0.5058724112796004 0.5805127255064343 0.5048248397230006 0.5894515308347551 0.4936535618378841 0.5953235354981985 0.48132508581956185 0.5932801866129691 0.4705026034895267 0.5855203862440397 0.46643238053415415 0.5836485013239348 0.4464607548237239 0.581992258051031 0.43677425624638655 0.5769430856368987 0.43311765687897474 0.529529629603249 0.43182724800594424 0.49046547641822463 0.4269863116680417
0 0.45404208736685736 0.48961854463150584 0.4299371880052084 0.5160077391938928 0.4257841810876759 0.5312692695235345 0.4273140267460484 0.5620009193138312 0.44974144003831334 0.5747277289963834 0.4589727749351906 0.5785917326034532 0.5072532409002278 0.5833313366042375 0.54864180509624 0.5799116500964795 0.57666282693174 0.5767783008936344 0.5812816047199865 0.5523263833139371 0.5776597891517251 0.5290292940847348 0.5723649308566625 0.5071568956958539 0.5540719476909994 0.5053562704631659 0.5177802882652627 0.5017137761281297 0.4611354973347359 0.4965593636480293
0 0.45743937460275197 0.5780131335368502 0.4370208226194049 0.6058694477005746 0.4413523176022773 0.6532684740630373 0.45987774186903924 0.6542430370111593 0.5245474845088728 0.6479574940076719 0.5735570953479683 0.6430730576812873 0.586941437162378 0.6316755309587155 0.5851782617343904 0.6093082061339082 0.583259533126659 0.5925170979527606 0.582470299785143 0.5862797945031771 0.5836643268613988 0.575003629606876 0.5752222253060375 0.5773769294493899 0.5487036709007308 0.580696468511385 0.5069898668968837 0.5837649896813507
0 0.4518386567113847 0.6541793938696353 0.4402502005642412 0.6732601292626201 0.44483004743359333 0.7162601666037816 0.45881624783901354 0.7238220134479239 0.48146196878402947 0.7242191622207982 0.5363418069495354 0.7220827752379383 0.5768165175265334 0.7183944111317091 0.5932667713373039 0.7156923452232666 0.5928036664721394 0.7022679444305516 0.5902521463711523 0.6661250534752373 0.5858384314558254 0.6592054488392217 0.5886277246690106 0.6492927014244292 0.5830995366043327 0.6357846280010379 0.572968481536789 0.6431555454206084 0.5251979641245427 0.6486598246832563
0 0.4644390119474608 0.7234307891318265 0.4544148890350013 0.743482532798867 0.44685481952789224 0.7532703637133226 0.45225572130952235 0.7953618510305969 0.47236050092783266 0.8012727581969624 0.5775208649300453 0.7877259243505107 0.5985872305235126 0.7831867289051412 0.6035330254566273 0.7440094513013893 0.5928946878418425 0.718521697414757 0.5756702228064206 0.7189517958178041 0.536465538558517 0.7236524120677493 0.4811676618784399 0.7242604060904587
0 0.47078025690776765 0.8038746766596422 0.4642418618432732 0.8190737487391152 0.45764160097428797 0.8334880024036829 0.4581824824293242 0.8441242948745681 0.46541375745453223 0.864138349346014 0.47442856203569167 0.8652554885009147 0.48911297441292473 0.8628008858104353 0.5389277293789172 0.860580826196899 0.5618986901317681 0.8613291403075656 0.5899197119672679 0.8581957911047207 0.6065714739768919 0.8542752537042592 0.6080598079587372 0.8429578449382976 0.6044989695264501 0.8279838368049243 0.6068702242250641 0.8165426964299812 0.6090709036270703 0.8067124367545097 0.6130073802288849 0.7887040419726986 0.5988815374291022 0.7831454850354808 0.5781094787412243 0.7876434366111896 0.4903441550710418 0.7991492913551227
0 0.4834592774022321 0.86279970091908 0.4775722506219242 0.8711628409932141 0.4763782235456684 0.8824390058895152 0.47493495591441626 0.9056524224880409 0.4806036750419733 0.9096189433235843 0.4920498227892046 0.9151562858802945 0.5347844125671498 0.9250372685562698 0.5741738055600093 0.9302293702319645 0.6143992755820109 0.9384782578279602 0.6171258143221888 0.9353189546791856 0.6237110530743097 0.9169393650704297 0.6197790198150778 0.8972564464476234 0.6199663945655832 0.8845343763304928 0.6214405950990808 0.8617133689394197 0.6129525385246096 0.8597289236302926 0.6066333397813827 0.8550600721191647 0.5901521530683668 0.8573697288201544 0.5618986901317681 0.8613291403075656 0.5392529691867523 0.8609319915346912
0 0.4909035280690917 0.9157136705663893 0.48586760043479055 0.9310989325050126 0.4848750815573881 0.9411566259092948 0.4661004167356299 0.9521193146633978 0.4657566001368643 0.9779558641051116 0.4714076311420073 1.0005718370392374 0.5367578976312396 1.0029192965997107 0.6103956011646062 1.0009314102804066 0.6094375698635153 0.9812284621684476 0.6135136888596926 0.9612167774797123 0.6176366515434962 0.9380245752616944 0.5744681124655988 0.930188126362304 0.5339324247526266 0.9255534093727041
0 0.4846664640104023 1.0026811988487017 0.4771832824246484 1.0172191841222509 0.47681031026067044 1.0275867989946648 0.48106847199625397 1.04008262027434 0.4814228673693012 1.055902720181432 0.4903908282628343 1.0602003768656152 0.499157280957514 1.0657165050418171 0.5333737699272593 1.0656823705202887 0.5796099983385505 1.0671377548719614 0.6206733227267277 1.0633669030264115 0.6241139842240995 1.0466182236062795 0.6286859183247197 1.025346823555865 0.6256509392306042 1.0170437719491885 0.6177355856819313 1.018549765637476 0.6106899080701957 1.0008901664107461 0.5379660581558432 1.0031467303285213
0 0.6029010257487264 0.25527128594753307 0.5976243261844986 0.27226038314203993 0.6055600245183947 0.3022547091880431 0.6214004227653052 0.31767730290422264 0.6620036250557905 0.31152293651046187 0.7005766152351893 0.3061173569975069 0.7209138944919063 0.30791006167584567 0.7408343758964016 0.30883262592889765 0.7510050953872456 0.29208623582335247 0.7533455909817521 0.27318724013099727 0.7479830759153776 0.24933216116479517 0.7300204104677774 0.24674240550285628 0.7138893876728588 0.23646756489671036 0.6735230327803595 0.23237468917319828 0.6325754287918439 0.23857731966975326
0 0.7339174233773983 0.24758910716424107 0.7493441435658155 0.23567744678806202 0.7752104689951871 0.23251684134253447 0.8068219891285449 0.23597951057974073 0.8234432458611194 0.23922152491689705 0.8353152749754603 0.24405764122125362 0.8409684145898431 0.2627649670774222 0.8454083986558991 0.2704997026994138 0.8253969020930434 0.27283981839743926 0.7995305766636716 0.27600042384296686 0.7751318332535391 0.28452666414859723 0.7679169766678282 0.29018049705047516 0.7529442923399714 0.294600128893624 0.7532731948275608 0.27226883560291637 0.748436071844695 0.2506615038541223
0 0.8366204856133904 0.24294618028199566 0.8370745214739506 0.23545415174896553 0.8478792272795903 0.2223331156529498 0.8877036509468972 0.21071658619349773 0.9152733658622514 0.21149574471315732 0.9508356760552522 0.22090460461898773 0.9858177770834793 0.23178759952252792 0.9863607482399144 0.2386756334831349 0.984854888281094 0.2504935388037061 0.9856688250501255 0.26523627535579514 0.9821503320531453 0.28244325430037126 0.9742290929984472 0.2835533286646388 0.961502769313008 0.2988007584335818 0.8951056377473423 0.30903413480095104 0.8899778902164683 0.2925745561621906 0.8751158799823842 0.2807290523527462 0.8628084340116522 0.27920388010226144 0.8476919973066552 0.27296533166689113 0.8416572179859039 0.26266843887183366
0 0.9857453809292879 0.23086919499444702 1.024391807194121 0.21756064878721582 1.0471760964141459 0.21947470701003532 1.115257998461625 0.2173621790870116 1.1207828849093087 0.24769435385257443 1.1241524258729352 0.26393605074126564 1.1034324669786066 0.2793751503463953 1.067033441287434 0.2946901232570634 1.024724769648481 0.31454746813035156 1.0083744785285025 0.3191601563846775 1.0010344885698208 0.3099747245288778 0.985518833085529 0.30750632241141973 0.9742456321401309 0.29701498663019493 0.973993285531704 0.2849791995595543 0.9834193446139796 0.2808725910970729 0.9873184373860859 0.26407655031374305 0.986105281837759 0.2531039600795662 0.9870857497130708 0.23903830754158684
0 0.5986892097392009 0.3351482035965276 0.6137615549506659 0.323684154990272 0.6253444475082551 0.3173850274793119 0.6630733263535951 0.31157819500597445 0.7000719087705696 0.30639325139150747 0.7357105848944923 0.308672525726928 0.7413677638160181 0.3260638396126884 0.744447487819689 0.35524636436749185 0.7349733060706395 0.3685236213644831 0.7314630178644789 0.3783673750912177 0.7064315661726892 0.3870707158285212 0.6579924488663743 0.39541756192321637 0.6108113875568505 0.3999512842989918 0.5982366462518454 0.38872484917261874 0.5905506075331749 0.3752546786644128 0.5871039897164494 0.3611904000337158 0.5869836313330664 0.3497772579698944
0 0.753866145307372 0.2967763984861336 0.741551792588836 0.31356894931907825 0.7469010931564174 0.3616566148239699 0.766717455820806 0.37082912479284147 0.816028063491154 0.368594699271658 0.8487467176341954 0.3634899945794463 0.8665365479666016 0.3568405789996442 0.8700468361727621 0.3469968252729096 0.8946928859643751 0.33834749436492334 0.893804051245801 0.3072993030335085 0.8898910167849226 0.29226129583165733 0.8753082512350574 0.28027717145139963 0.8623064369253063 0.27846241141722244 0.8470535541387667 0.2728067469277459 0.8263842091974674 0.2725860526801516 0.7989801669129253 0.27590688136144875 0.7758757247220198 0.28434017295216546
0 0.6093102873281313 0.4006811928164969 0.5951916109572566 0.40941386593362167 0.5892277174143675 0.41284736920387827 0.5843170155431672 0.4296414716802645 0.5829976166221034 0.43761955883038767 0.5865437572699272 0.46777581215634517 0.6116133888685426 0.4793294095455056 0.6533583162036029 0.4750379555799375 0.7193835632498027 0.4673438823673755 0.7267883778297195 0.45747389954770307 0.7363019032181759 0.4545820462140617 0.7407866958172113 0.4373280843667571 0.7354339040518864 0.41885502225120774 0.7339142957360449 0.40452069447392386 0.7065530882886533 0.3886123234292285 0.6580734636103504 0.39644530032368785
0 0.7636747479913795 0.37177507262761605 0.7507342766059009 0.3657953491622354 0.7310972877840054 0.38361408675221 0.7250107083925712 0.39537751688487344 0.7342996976362217 0.4044666846446065 0.7370160190245816 0.419152852134174 0.741557499617565 0.43722006470812236 0.742935913997739 0.44482008305302384 0.7578439022560897 0.4510436265720536 0.7925092377197185 0.45086157456493 0.8384125712127477 0.4449482740763995 0.8501771650779925 0.4458973251980573 0.8840936960261334 0.43127292575501514 0.8821111622638829 0.3863502660172349 0.8492536416503362 0.3649775923508362 0.8164539727633189 0.36905455864257636
0 0.8951222864342834 0.3091927503464994 0.961411413264696 0.2999030597039128 0.9747384502829326 0.29595723887686204 0.9858120913592183 0.30791358252074025 1.0016737484581595 0.31140575055063907 1.0067603329741095 0.3512174990224411 0.9919715393665604 0.36627863203034705 0.9685222026474658 0.37527980265061694 0.89665342044176 0.3978205211972569 0.8839559932882096 0.39492401293329066 0.8839976643927789 0.3855663476704123 0.8647495686688038 0.37371647204172725 0.8636558696251272 0.3598420036353618 0.8670839793547305 0.35884204597126984 0.870432238072939 0.34694281544359223 0.8947739007083512 0.3393752327653948
0 0.6052039142337854 0.4771103516131689 0.5973130111900122 0.4808139040300123 0.5901107334700357 0.4932532328508636 0.5778982310477604 0.5063946894528407 0.5832880389873298 0.554996224157968 0.5948906033646224 0.5538897984786828 0.6047478595486864 0.5603016005786025 0.6641807669198923 0.5530118252641999 0.7062104095914499 0.5424459212371681 0.7321353509321386 0.5253046339788229 0.7298866099205127 0.5017206605972955 0.7264006484643803 0.47727097830324866 0.7160769756361635 0.4698854476321748 0.6545550292761214 0.4753897952922212 0.6113900164563179 0.4814388961757659
0 0.7429150784454543 0.4494989156844631 0.7270904375207579 0.4761352202441424 0.7370842327101645 0.5287674696289006 0.7861101250440152 0.5328074941691809 0.8434134860543968 0.5232184220001864 0.8658883183806163 0.5216274595004866 0.8853216066099905 0.5111109103724473 0.8815335854628197 0.46799990738196123 0.8537267969235598 0.4464389751346725 0.8376012600404061 0.44454242453479836 0.793280041520072 0.45075355490629526 0.7583508262722305 0.45253122434344345
0 0.8839548295556284 0.4047955473964047 0.8959636313853825 0.39895627925636307 0.9681773081192772 0.3758476816801701 0.9940177435182461 0.38729325941069564 1.0124140206978915 0.39822341629754393 1.0208882075714567 0.4365213379050184 0.9973983634803743 0.44500863932505247 0.9834208810451669 0.4604756218745593 0.908448048085762 0.48812725168717735 0.8863991250317074 0.4901780735577956 0.8809861540746907 0.46599844041033545 0.8643953642799654 0.45325662677619305 0.8615771925953448 0.44222155351759335 0.8853309164706401 0.4321386346675346
0 0.5959854661408801 0.5578927324219342 0.58640943409557 0.574821083649893 0.5825137439892326 0.5847188472059449 0.5870112260124843 0.6318867939689998 0.6003984422224122 0.6336475441738597 0.6145969696046819 0.6358141439203208 0.6813941841838166 0.61814051658601 0.7034025998658832 0.6155758255151559 0.7182515726651235 0.6062212635391607 0.7322290551003308 0.5907542809896541 0.724725881421897 0.5746607546509518 0.7218475305455849 0.5579191103604413 0.7250939389675328 0.5496709740637313 0.718381240909156 0.5386621298980694 0.7059465298072372 0.5440415386671926 0.6649110633482579 0.5523899364053294 0.6055186633490399 0.5601935809199677
0 0.7319929932638898 0.5284418590095548 0.7257432206519223 0.5480213468043892 0.7228208712058787 0.5603804367029853 0.7240360923655194 0.575796512710058 0.7309918346558243 0.5898885720771345 0.7455746002056896 0.6018726964573922 0.7932625855313542 0.5988265718530066 0.8308491067084455 0.5961569644104011 0.8738729255925817 0.5833735540944742 0.8770406467357158 0.5543546104710646 0.8734528349833227 0.5335560224079853 0.8620748067508361 0.5226814269938961 0.8437988879545737 0.5231644121708691 0.7872258233725575 0.532131595480993
0 0.8837823264744455 0.4915838807634887 0.886051903038356 0.5104890215135768 0.8719332266674813 0.5192216946307016 0.8744875185678891 0.531852385319326 0.8777709431640814 0.553732721612194 0.8886825547524151 0.5636335884551292 0.9276694895945463 0.554013632262872 0.9647907578600661 0.5404987617859983 0.9988288109241712 0.5274159699436635 1.0190734103258872 0.5173052703572252 1.0204969870083738 0.4859330200499062 1.0015717865277218 0.4880656324862212 0.9841511774735325 0.4598537330156888 0.908529062829738 0.48915499008764884
0 0.5935827301351937 0.6361613287022796 0.5896662044765717 0.6507379248897706 0.5865008107986 0.6600137995869523 0.5908004108922363 0.665126262496372 0.5933720471471852 0.7026927239428996 0.6162311176410002 0.7109192860769964 0.6828454671798981 0.6958690145731817 0.7363978232173536 0.673297412003279 0.7363179722059586 0.6623981391396936 0.7313517460733917 0.6339995327317126 0.7178256633929587 0.6057614041682423 0.70378800176606 0.6155218156858385 0.6803189932272621 0.6193302844744335 0.6151038936208227 0.6373017416917107
0 0.7326538006399145 0.6010856748236864 0.7308239865049662 0.637190767591762 0.7376362073944414 0.6642915864526845 0.761185066944634 0.6713823905276751 0.8155869140612566 0.6694735756258373 0.8388533857401143 0.6630957608360638 0.8638234945076314 0.6585573835299635 0.8794837784792133 0.6496086710955695 0.8777002903791591 0.6368699607483103 0.8785764356735171 0.6034962434693655 0.8610123052184979 0.5882931034926792 0.8301593176520681 0.5972927224695074 0.7925322891029886 0.5994484607118772 0.7472782372943488 0.6037121339410658
0 0.8776285854958328 0.5568699466429259 0.8738729255925817 0.5833735540944742 0.8630608368353461 0.5895646619467995 0.8795301045141074 0.6007648679802347 0.8784710941795129 0.6367619410896755 0.8820195622924991 0.6471751254894049 0.890902314083688 0.6609971357098946 0.946321500430336 0.6324489129614944 0.9811118492076727 0.6041938651657358 1.0046028570313363 0.5858350292825875 1.0159438690895786 0.5665811521070988 1.008015949871561 0.5401562319343641 1.0000255239966898 0.5277678096559472 0.926208896737815 0.5552574099806131 0.8879522583240496 0.5642554773139997
0 0.6107544762945487 0.7106476852869679 0.6073645464717711 0.7319045810775239 0.6054768806102938 0.7425600338874606 0.610219734330636 0.7730681269257018 0.6303809915232134 0.7816727578650203 0.6825109346107632 0.7806018711393227 0.7217814210568105 0.7745789993487158 0.7418431554182897 0.7670916555927736 0.7535278982721394 0.7571414338508458 0.7576886318952707 0.735776518401655 0.7429646724097381 0.7170580845890152 0.7353608121676247 0.6947441180181667 0.7351397672205625 0.6771105357221989 0.6848939987967464 0.6971405730273021
0 0.8691381063661308 0.6567735075190488 0.8789536914456255 0.6725429748818469 0.8806110024993907 0.7232262154808552 0.8690269462092204 0.7393968774549293 0.7591283891997174 0.7392115733153534 0.7583379135796604 0.7341268911423131 0.7449321892826102 0.7173019046426642 0.7361316159679785 0.694636098359532 0.7381408039454197 0.6855222531503026 0.7529295975529686 0.6704611201423968 0.76126608168861 0.6724101289281466 0.8152420195330679 0.6700414546553906 0.8373522855113951 0.6638256693535688 0.868793211837942 0.6573413865486021
0 0.7590265389034567 0.7428626675463209 0.7475431691769658 0.7652537697525416 0.7489609271965467 0.783239191760793 0.7534607366849608 0.8106640695976197 0.7795453800484391 0.8153213280664456 0.8132975540434657 0.8183845207486887 0.8542716775781725 0.8142010864417556 0.8719388220620334 0.8158815977243602 0.8922042570160339 0.8010920655064829 0.8984933732674081 0.7918979813749981 0.8936498329833864 0.7551694481046106 0.8795959907345279 0.7301225544011896 0.8697572426375861 0.738774988596059 0.7602845949002479 0.7390495438274013
0 0.7408894865776993 0.7698230310819044 0.7493463290967234 0.7831851819314757 0.7564409378575334 0.8237546196571625 0.6995819942064389 0.8488677874918645 0.6218928398586738 0.8618332498149149 0.6129684169629157 0.8573689048573035 0.607675804389282 0.8446024137736649 0.6045740811007453 0.8299702561134149 0.6067256267464353 0.8177191858734535 0.6093435890362782 0.8064418442046465 0.6132196073229121 0.7913513788169194 0.6161419567689558 0.7789922889183235 0.6320846286118729 0.7835121953486937 0.6830988733708802 0.7831172073111841 0.7218219284287986 0.7750928685489514
0 0.6230085381872164 0.8611573511267272 0.6193952359522139 0.8845237335475437 0.6212192314242561 0.8977763130950386 0.6264690091607392 0.9297720039046696 0.6571993108786239 0.9291023117902482 0.7038537763523034 0.9178882898114079 0.7622126564995362 0.9019167479223148 0.7672645523064041 0.8918569548783108 0.7682807278038482 0.8750890814948624 0.7540428567821718 0.8625370780850515 0.7474933519443282 0.8437121762572186 0.74217990381841 0.8356245178050191 0.6991965923062621 0.8489217973211819
0 0.750548749197971 0.9071881370328034 0.7516574651310262 0.9657414451233001 0.6235581854063306 1.016424536876739 0.6188315123079482 1.0207237490595154 0.6105378630094573 0.9995455405477731 0.6088967325776518 0.9836696051697817 0.6133213459849959 0.9607090722905666 0.6196324615212361 0.9369646210645285 0.6254343255761728 0.9314756409933289 0.6583960239511425 0.9294541515025317 0.7058618005971635 0.9186459790652927
0 0.6479808627857189 1.0098846925990135 0.6460723613719569 1.0252189780403893 0.6574885695112692 1.0563505115809424 0.7157652711819446 1.049222765754492 0.7969843855555736 1.0316062515363817 0.797067727764712 1.0128909210106252 0.79272994776425 0.9875215199747416 0.7802165493835175 0.972130121417165 0.7650446813409542 0.9675021953281601 0.7493855611019533 0.9665793732994401 0.6534378323124669 1.004963591557367
0 0.7905818933163036 0.9701579868253605 0.7937646313488163 0.9858178828860821 0.7978790389370536 1.0132967705522262 0.8222588814792915 1.0259861260004928 0.8818538183384494 1.0207518274870335 0.9321180948493877 1.015786026476719 0.9362591566528157 0.9892284091958533 0.9183084605650385 0.9839508135115983 0.9059559279396769 0.9804864262180791 0.9039502311599792 0.9599856680379663 0.9031400837202188 0.9497082840332512 0.8387779663906902 0.9587279255292511
0 0.7485291992614758 0.8321370047054453 0.7544687660543365 0.8629969374559701 0.7679763406476474 0.8761708297246513 0.7970215133639951 0.8887259364213452 0.8929044080314652 0.8841212849839643 0.8941046123017273 0.8548585213069056 0.8941266115865931 0.8403081542123524 0.8796468600655698 0.814801401138013 0.8716344349058326 0.8169633459541492 0.8546165721063612 0.8136332074122024 0.8125267502431119 0.8184925404073234 0.7787745762480854 0.8154293477250804 0.7546169423854913 0.8105020401096676 0.7581850823181808 0.8261079263410718
0 0.7676314461194587 0.8767387087542046 0.7675284320906167 0.8902613374482861 0.7578308779293425 0.905648081075538 0.7583944899394311 0.9424568532681806 0.7649636665969781 0.9664744569276884 0.7813322477120599 0.9714542227289772 0.7908052657285283 0.9680485001951001 0.8410498704197631 0.9578899973531109 0.9033634561324435 0.9475987974029906 0.9066318638392572 0.9248002940117276 0.9018681745666303 0.8989710336049255 0.8929854227754412 0.8851490233844356 0.7967576335797822 0.8903215538513699
0 1.0041470256145915 0.32300870283879196 1.0681260685091054 0.2943000022458813 1.1024071658051386 0.284300425604961 1.1288980466210785 0.2842248416130306 1.1337034069982743 0.30069643675695423 1.1348977926056305 0.32079134539546605 1.1241632273946274 0.35762479503760525 1.0938970148557334 0.37901128464940914 1.0310533421094652 0.41223678838580674 1.015536579538713 0.4081767413263549 1.013448704282458 0.3965197792088846 0.9936323416180692 0.38734726924001306 0.9906324686257931 0.3690640173487953 1.007571644146451 0.35162334856404226
0 1.0163478907110546 0.4085825908679559 1.0322095478099955 0.41207475889785466 1.0950937279282518 0.37936312436169267 1.1299199291472517 0.39110808361862626 1.140079245022354 0.4161812064149852 1.1407667066135692 0.43478851728210727 1.1042530489278697 0.45601142576251724 1.02183489401656 0.493019169194572 1.0219575798651053 0.48468924233216515 1.0022615755840996 0.4869298744271149 0.983461388417155 0.4609894910747951 0.9979457948685031 0.4470101062966782 1.020462298299292 0.43606147853409993
0 1.0219564161325239 0.4945607767952793 1.0719996476964 0.4719613934889972 1.111961086931406 0.45493122917616996 1.1341720394734125 0.4549358841064948 1.1421994815225285 0.49745277897448986 1.1355249633709774 0.5067008729352919 1.1107562277308192 0.523680130705685 1.0601042218545418 0.5484430104715449 1.01760699880625 0.5679067203905365 1.0088677684158909 0.541075950676201 1.001688653713361 0.5290933779393849 1.0210409271987593 0.5175490904108742
0 0.882688515796592 0.6507182000617378 0.879521958386039 0.6698656092220334 0.8809153896555916 0.7221444672510664 0.8859441224450124 0.7365065757647296 0.9311391587945419 0.7166647970405163 0.965603121130812 0.7040418645690997 1.0015693474283824 0.6808174891170641 1.0198070863178197 0.660077565813627 1.0186937154544393 0.6410103955755866 1.0088376230029565 0.624727059012553 0.98827245582308 0.6011122016077629 0.946787917074489 0.6334226415326485 0.8930723678165002 0.6638103017647222
0 1.017059567418121 0.5659052534189111 1.0039940827189346 0.5879985257421653 0.9929586215494746 0.5962991202247511 0.9931599946768335 0.608740000689044 1.0108861546198047 0.6259986174666734 1.0220396467074855 0.6488542339741371 1.076505164213543 0.6230373867148679 1.1410941451530399 0.5822936551992656 1.1479110209728398 0.5699083362077316 1.142013125284548 0.5296907381943284 1.1124193574474908 0.5250056989891227 1.0605706384986946 0.549416739042699
0 0.8859846298170004 0.7370204449649654 0.8951914405840937 0.754953408787341 0.8998926231998667 0.7948191670884607 0.8971936461660478 0.8050687703567964 0.9464047310052975 0.7867423701403524 1.0203035367407294 0.7504089737530437 1.028479155121 0.7404309712747364 1.0260880564411252 0.7199842229239412 1.017469184434149 0.7045665952734268 1.007692942994061 0.6991825315739787 0.9997638600434624 0.6826291458643582 0.9656841358747881 0.7050696029695714 0.9301044752099756 0.7183684341291757
0 1.02130935027912 0.6494761228330077 1.076971580857696 0.624011115286022 1.1166703040410706 0.5987050339401054 1.1430581708281684 0.6121520786422567 1.149526660922036 0.6299492420696183 1.154371364938639 0.6568062408768919 1.0817699588394047 0.6997119172086305 1.0265544730852785 0.7209579514950951 1.0176925568463737 0.7024571086431664 1.0068411244497315 0.6982628128321418 1.0011839455282057 0.6808714989463814 1.0199286084337835 0.6616191734143343
0 1.0257431619129367 0.7205521019534942 1.0296758681935183 0.7407828109870201 1.0129195577130972 0.7556001239412771 1.0139727493847859 0.7689607231474067 1.0275601749894916 0.7930338882796737 1.0748639221475607 0.7801702390414915 1.1088614678396778 0.7665735779989209 1.1504872005239366 0.7409974475064173 1.1573445837157244 0.7291259977151192 1.1504525118148545 0.6911259059906111 1.1257486102967125 0.6743255969404585 1.0822363754835578 0.7006856457797844
0 1.0008702485113552 0.7609255228810831 1.0131614382124443 0.7685548736058058 1.0241123934401846 0.7888411441120907 1.0250428992633283 0.8105316701806272 1.004371226856866 0.8300540448592612 0.9604134109518432 0.850761532495994 0.9129869779452289 0.8719551085965831 0.8992548672071122 0.8707622374212761 0.8935976882855864 0.8533709235355157 0.894633535602734 0.8417957519837423 0.8803771564939353 0.8141795122791424 0.891859362487845 0.801659944536036 0.8964633497376822 0.8056906592156667 0.9472565495496272 0.7876620888821891
0 1.0244977953403616 0.7887871342827734 1.0253472864195288 0.8094499219508383 1.014757406341937 0.8234030776360174 1.0203949134437593 0.835601689690103 1.028261489737504 0.866191573294041 1.074409031195043 0.8534899535438111 1.1126251622368204 0.8439780170101886 1.1625260361324479 0.8245158587346384 1.155371248179946 0.7782398499770408 1.1315203289387152 0.7524877252056107 1.1077862768831233 0.7677633458873445 1.0738697459349824 0.7823877453303866 1.0279455768896684 0.7929798784503563
0 0.9006946245115588 0.8741972923349742 0.90271999311096 0.8998907523467622 0.9067533859552213 0.9263419016124347 0.9124522359813162 0.9343755502353169 0.9752530738904341 0.9203792462249115 1.0200222009677986 0.9000776081297799 1.0350957099118452 0.8787420250604102 1.034894336784486 0.8663011445961173 1.0275717006811265 0.8673273313531472 1.0211657172441129 0.8354936700314682 1.0136822153853826 0.8245928455244411 1.0048376435010191 0.8310277734304155 0.9604539183238312 0.8512754016962297 0.9135344093333577 0.8739565755682087
0 0.9071989670470895 0.9319944628150281 0.9041747673047851 0.9480046469445916 0.9054490039235361 0.9789988284466892 0.9155296325198248 0.9833011439163483 0.9386930901698407 0.9904459578206565 1.001167541637892 0.9920817691345934 1.035366460457368 0.9909259885563154 1.0442318678940161 0.9798122280189019 1.0465084268534137 0.9394881619903058 1.035331771748286 0.9410544470405093 1.015559407653629 0.9027812028825313 0.9757194905345868 0.9213529747960657 0.9133850692696219 0.9363230073776251
0 1.0362334075252533 0.8635157592776691 1.0344059208554675 0.8798777831195165 1.0152550204974282 0.9038629511123201 1.035412786492262 0.9420821854409809 1.0830012489868286 0.9229440861413347 1.1336324193108216 0.9028600390069141 1.1445255228120328 0.8976966695550602 1.1490091516784875 0.8903142421708697 1.1694366161204397 0.8775801867539355 1.1544719398681416 0.8360354688136526 1.1427073460028967 0.8350864176919948 1.1127061769807964 0.8450057554106601 1.0752608497393723 0.8544096722856477
0 1.1506722813951584 0.8916398104543077 1.1620098022556573 0.9020005366681612 1.167015372027631 0.9407845467394917 1.1490218411027033 0.9547361507812293 1.1027921211686078 0.9762815665941021 1.0508022082841442 0.9939582972152959 1.0409449521000802 0.9875464951153764 1.046848666451278 0.9784064208132092 1.0469343361255785 0.9399480213612241 1.0821285948902144 0.9267032000309371 1.1345247452271392 0.9042936269489866 1.1461481451567161 0.8985083686382623
