0 0.37271390433200324 0.39218193468702484 0.41282480238791136 0.387839248262339 0.46728595458511013 0.39879592518176654 0.5006564527013138 0.4190248363975046 0.5270531541286528 0.4437627703662949 0.5052444454451668 0.4633763166974238 0.4916567576744937 0.48617327710406294 0.46872733362495517 0.49181072661979225 0.4076719113125795 0.46651209249290576 0.38193088836459393 0.4535242474006593 0.36314228452721997 0.43075813258051876
0 0.5326924596689364 0.37258518104942556 0.5245997042256405 0.4010172488229659 0.5275591895602365 0.4186281304189465 0.5457348700747625 0.4401826503122266 0.5986957803322212 0.4560142103767659 0.6385750382505904 0.469508090900596 0.6570874901822985 0.46167313688368133 0.6652397155741778 0.41891431759097225 0.66819613964881 0.4119285410209477 0.6470135860843096 0.38662790220424287 0.5996183168640643 0.368314956261149 0.5684512730179891 0.3649746125919049
0 0.6659226952826904 0.4186606611073182 0.658939074554201 0.45991737924797566 0.6733603567892589 0.4739910024077039 0.7206083918975268 0.4866671195278518 0.7704155942229476 0.5017291731723585 0.7900317634070708 0.4934624955350418 0.7937047114542118 0.4638370778471963 0.7916637990877509 0.45124945394591226 0.7808476577579962 0.4368181879792639 0.7379045153955422 0.4123377792514586 0.7059072577289772 0.40361426324292243 0.6845096629106614 0.4019445704841969
0 0.779291182091591 0.43174923234543167 0.7888792742329691 0.406599755142041 0.8238440176265244 0.3982914673045956 0.8690329106741794 0.40921368600134916 0.8995610609832725 0.4313377885237644 0.9161567727925155 0.44748230086547175 0.9140814574447753 0.4698415567486682 0.9033200842975231 0.4867913906174987 0.8946981592327696 0.49718970952765806 0.869845333207487 0.4970649572813833 0.8499061434012078 0.4997928024784402 0.8208051701195911 0.4922505942348547 0.8071105944576538 0.488701319767285 0.7925273827201081 0.4628141669947718 0.7949995752839416 0.45398022275911104
0 0.8682254639405592 0.49917579858709776 0.8702661574164084 0.5097246692434633 0.8729965057817075 0.5204522803406414 0.8898550902625325 0.5324558506225766 0.899625731971143 0.5464395461271901 0.9034672794541231 0.5593637178111943 0.9309573800122187 0.5598084458142888 0.9630642926823494 0.5604954468300666 0.9776237621443068 0.5661774460127433 0.9967322198908928 0.5553841792447567 0.9972490629769296 0.5469295801305429 0.9992986494088779 0.542689361749168 1.0016728888870479 0.5165847649947394 0.9879177514087483 0.5053855266964621 0.9658003493553411 0.4877247333309171 0.9357156565698811 0.47663290712244 0.9230594023947876 0.4684539024178241 0.9186491007894134 0.46768770156311845 0.9155702195196932 0.46898070159516475 0.9046899710176051 0.4871550632830191 0.8962614749392943 0.4983305870316985
0 0.9300565750654648 0.46310754877375837 0.9610345595471455 0.46774472725947397 0.9916802486811441 0.48435445651430936 0.9926413888661141 0.4932707300340436 0.982497370104603 0.5008161720399317 0.9666636610334501 0.48729165207406916 0.9371908585725433 0.47814574134452004 0.9233317377062467 0.4685244845805315
0 0.9938366033560112 0.4928268311876491 1.0148587301732688 0.4843323738785206 1.0566166016679408 0.49063291546398696 1.090507357935528 0.5024311779540089 1.1276132013185927 0.5154395401451312 1.1288925900228604 0.5357433012621761 1.1290297008592614 0.5561278474770036 1.1128643252275412 0.5681420483692434 1.0860549158450017 0.571745092198595 1.0532464774090582 0.5719091775426176 1.0142502200355081 0.575745212113061 1.002448604014209 0.5636425383364206 1.000246336131504 0.5438532582284777 1.0030743049159259 0.5167005121803624 0.9873541212901406 0.5043359156230433
0 0.3812900339944781 0.4590180747824369 0.36972238720052797 0.45860404579295944 0.3560022940336709 0.46409216260731073 0.3530378431999621 0.4844265325295812 0.3515085961528064 0.5059942033784354 0.36674260146251103 0.5211397968071305 0.3950312109764035 0.5353621319754535 0.4214436329816556 0.5469448741357635 0.45956219051991365 0.5624228730733344 0.47727665469047664 0.5605539937099256 0.48249777775830677 0.5446804960183682 0.48653443839893074 0.5280693498703063 0.49940682699945466 0.5128868586463381 0.4907606227884502 0.4968646489461859 0.46784983444113193 0.4900654403318226 0.4079962056098401 0.4663702802012302
0 0.3806260260894123 0.5282509326848077 0.36893233120222624 0.5344961362888836 0.35233179492534167 0.5362230496239114 0.34817066213055914 0.5504498320583127 0.34324653233669555 0.5746823582402563 0.35670089967810015 0.5897642549013394 0.3772404039549587 0.6015806867706787 0.402593342574193 0.6113980686399092 0.43473390858274785 0.6271487813609176 0.45137211723529475 0.634707534023513 0.4709987089022559 0.6360838703748031 0.47944263582089053 0.6211118952733745 0.4799819202414968 0.6054826297147975 0.4788735493348714 0.596383261883931 0.48909621100372275 0.5906843953215717 0.487754709424707 0.5736400891802648 0.47967267092594856 0.562269534684209 0.46085616672764634 0.5624945370824056 0.4216210456897221 0.5476878726537354 0.3952531432111852 0.5352884632227949
0 0.3631235628805896 0.5947072094807684 0.34263417162521337 0.602316903990389 0.33542532704229694 0.6340405783790463 0.33859020283935787 0.6477808378781055 0.3663948203803999 0.6653230701765951 0.39188226669071424 0.6788194173856424 0.4361046333548221 0.696740697181923 0.4561450141290344 0.7010733039431192 0.4623260943834887 0.6919086053434743 0.4630943719796824 0.66669837604922 0.4676069978340801 0.6601159261232376 0.4619172176977078 0.637107939853061 0.45277024938185473 0.6355986196001592 0.43495155935007734 0.6271044809290259 0.40267732420540064 0.611418509344923
0 0.35605464426441896 0.6609205004320261 0.33658570919227326 0.6748240068922889 0.3270502293918625 0.6848420007689328 0.32752691321948135 0.7103748913784208 0.33327647373861496 0.717463696119918 0.3474900228650891 0.7263154775979711 0.38268641920655655 0.741897462858808 0.43886566276301714 0.7642096519024287 0.45387444421829476 0.769822201579124 0.45831782570316465 0.7614991377592496 0.4551791860248686 0.7542256813656779 0.45576596663124336 0.7302604134952361 0.45733019517008555 0.7173151467870321 0.46293180296339675 0.7032629283181747 0.4560845151324281 0.7014882910843898 0.43666661507012206 0.6973170149808107 0.3923837494094079 0.6798107223258009
0 0.34506059901407043 0.7252551678262331 0.3292310677250694 0.7319192412328173 0.32290347197248265 0.7509513053969247 0.320316585743839 0.7777302904570286 0.35054151621721935 0.7892630730827471 0.41877289583788746 0.8119672988402481 0.4379856400830671 0.8174752054689224 0.4465573871628895 0.8144120998553053 0.45178174428259366 0.804404059626612 0.4498180443264214 0.7811710072912489 0.4563263479101991 0.7773088774276031 0.4586120639414314 0.7670676863222724 0.45480895663447596 0.7700455288143649 0.43956389238230464 0.7645090051885074
0 0.3367552615865995 0.7859542717039748 0.32059832173823516 0.790750768684244 0.31365576355550745 0.809825915645736 0.31193800339500244 0.8284055559867456 0.332450791165171 0.844027052973476 0.37322101824345266 0.8593498350998581 0.4367208769975383 0.8818847103543588 0.44454936414663687 0.8648888100148145 0.44725367861842213 0.8449794554268398 0.43921100489296894 0.8185854894678172 0.3506582386230442 0.7898217922068423
0 0.32618622286446824 0.8421392074724402 0.3112336259806368 0.8522682820691371 0.3069801670138158 0.8664914616660678 0.3044882755083114 0.891740548119766 0.32253960228473266 0.9024963571133681 0.37019512859912573 0.9222459667367376 0.42864505248846674 0.9413581604937583 0.44050472606919866 0.9211792959126427 0.4493568864358619 0.9025990677016086 0.43721951984015023 0.8825424132285455 0.37352333518069925 0.8586354861013298 0.3733748595555618 0.8596539405994287
0 0.3214363255676276 0.9032673522362383 0.30444711362261057 0.919210202571254 0.300564843718633 0.9308872459229373 0.2990702378983525 0.9574517381250089 0.3201290778888426 0.9666089107485298 0.362188176215651 0.9798876296294182 0.3992344585839993 0.989489053388302 0.42466392084965365 0.9944942991471981 0.4220638337996758 0.9742671184310859 0.4304920300388141 0.9640324937050263 0.4414237309624374 0.9502189697370289 0.435699408292566 0.931031706266903 0.4287617748942916 0.9419168796178535 0.3703489699112349 0.9225500722363082
0 0.3151216276173542 0.9642541756241946 0.3017074438546148 0.9774243052165966 0.29787302423086515 0.9914918549390942 0.29959254800144397 1.010962349030928 0.3100958009156076 1.0231969357666573 0.3442884113819963 1.034701101395193 0.3953490275056422 1.04740620478337 0.42310176561133167 1.0514281794206213 0.4334655106642277 1.0292762062169454 0.4276405626494467 1.0134979036157326 0.42175254909855936 1.0103864818671189 0.42130624041811027 0.9944167781449939 0.3617691368725796 0.9800432595038515
0 0.5405880711784152 0.4342425871050013 0.5276499800460542 0.442793448193602 0.5072759949156722 0.46443892924161984 0.5059169826629868 0.48250968158324364 0.5072438265741385 0.5069451442921088 0.5514422691703661 0.5172664988127215 0.5896775212563102 0.5203737439482125 0.6089261050398462 0.5239453197619534 0.6203454486697714 0.5243540406874633 0.6386375126903966 0.5140730549747732 0.6430292103139125 0.49707172540794914 0.6393978724569411 0.46948812523722144 0.5991593845513704 0.45679192282665976 0.5452426301508552 0.4416843942494924
0 0.5103220830257693 0.5091600992876748 0.4998304816495685 0.5155107228070782 0.4864203590714874 0.528757561658429 0.48296744177147244 0.5451519073931114 0.4848627418578843 0.5583974850874007 0.4853865728201402 0.5664692980713827 0.4923509083063391 0.5682742709843774 0.5016710643209954 0.5757915569963045 0.5185014629236596 0.5784529723510983 0.5691917366264682 0.5850716624377937 0.6041155942888399 0.5890212631672456 0.6154150182479777 0.580045702569705 0.6178552795684027 0.5662232064745423 0.6244833509834867 0.5557535235932621 0.6248863164071592 0.5340338248348694 0.6092163250962628 0.5248708282258 0.5895580745194209 0.521193077534824 0.5513626380124399 0.5178127212037958
0 0.50605795231047 0.577778814232501 0.48957532878259513 0.5902293415045893 0.48243493740892995 0.5954644982344948 0.48050699604708624 0.6145215204810323 0.4805362464901707 0.631818352672212 0.4923144032646619 0.639972687947549 0.5294007590625128 0.6524188011699227 0.5657929835124789 0.6652518744675184 0.599954589672714 0.6729719444958736 0.6086142014827133 0.6689808208615199 0.6149285579001336 0.6417074407415168 0.6208677805352719 0.6228397462420999 0.6298454440430781 0.6064601179337864 0.623478342241326 0.6005584770877335 0.6144364223455135 0.5809257975973839 0.6051397612721044 0.589286700360333 0.5688674564929258 0.5858379085857879
0 0.4826814781201379 0.6360589349162232 0.46799725701523687 0.6580453320247646 0.4628030193767232 0.6688866269763674 0.4628212317500311 0.6935497874446019 0.48252552634157136 0.7085766854660065 0.5271451467347795 0.7218415016964611 0.5827173618801319 0.7314260449218172 0.5904895199492679 0.7306060807566747 0.5975435787953736 0.7040912727822161 0.6033173106789241 0.6746937645389827 0.5669821683134332 0.6658435102947605 0.5293609434835498 0.6526919123654599
0 0.4661872632935271 0.7666969132553455 0.4566517087463393 0.7766964831915179 0.4493462995549843 0.7816054412872685 0.45255070411313786 0.8048269363318505 0.446639786053288 0.8205842328031231 0.4944969252139795 0.8349715592469948 0.5412670598050943 0.8436919860281021 0.568697468451072 0.8465497725539359 0.5742783508755422 0.8301400788143538 0.5843487744547625 0.8208459935851083 0.5833068680320881 0.8061210110334484 0.5741632408387962 0.801767210488283 0.5697758799154236 0.7895763381424244 0.5086391029833168 0.7802501886862369
0 0.46013048565709147 0.8271984017800219 0.4466522429247586 0.8438287498550542 0.44428633019432057 0.865889995252501 0.4434847360471188 0.8801371908566038 0.45844908500645565 0.886849860708288 0.5031881521365531 0.8992953433521311 0.5711467958106202 0.9055712256427109 0.580568186188858 0.8876060175997917 0.5833667877199511 0.8713255207447937 0.5773868036380536 0.8700590962204239 0.5678560587249072 0.8610700793535756 0.5671043723586491 0.8472706052657623 0.5416369110194369 0.8440712721008743 0.49413282950147414 0.8360109165905261
0 0.4589043228805619 0.8881015678062892 0.45009167719044557 0.9048073947487576 0.4460242597004719 0.9210424781675876 0.44678745707040446 0.9376792390880079 0.45075364019679665 0.9469266497240246 0.5193382950644971 0.9561990811630641 0.572497607596917 0.9560884922361145 0.5755926576201618 0.9523557623709289 0.575990340475895 0.9394210353058948 0.5812757202760096 0.9308708047958248 0.5833633968876037 0.9209249528768005 0.5792379514453592 0.912769987022933 0.5718807427374684 0.9049111543719519 0.5031085209786269 0.8998415657432054
0 0.4471290037094587 0.9411689231889246 0.44139414153707524 0.9498860900172966 0.43089150209109794 0.9636030418137551 0.42213546555155856 0.9740880726999349 0.4247138589160788 0.994313018596057 0.42159097725144346 1.0113597615990493 0.4275311457543778 1.0128992973189568 0.5038308766067391 1.0173689455394803 0.5522732655143048 1.0146187021080246 0.5538596602370943 0.9920719957605706 0.5584110931103607 0.9841818365212598 0.5662106098869892 0.9598442441086491 0.5202031997319091 0.9575569631383004 0.45091865801448655 0.9472528483581794
0 0.4428936505033459 1.0168808552152688 0.43463794998481525 1.0195595103105537 0.4343937739430972 1.0299831491771356 0.43179953287475903 1.0361131183610885 0.4325118765959518 1.0603893187541018 0.4852677507708013 1.0717948134758826 0.5615506880515486 1.0822121465571577 0.5641156786768023 1.0587853451820246 0.5656622578206287 1.036511750030108 0.5493892773234482 1.0300267779377932 0.5501112403127237 1.016325804724765 0.5040016499262661 1.0191137875899383
0 0.6783502778981195 0.4778829839627048 0.6528089409028184 0.47664851660519486 0.6448151558654156 0.48336307819247115 0.6440989483779774 0.4984826948218029 0.6388821616660125 0.5138530312178534 0.644373793664474 0.5359667334753871 0.6591961468134703 0.5480277783581308 0.7253290293570711 0.568285419059726 0.7565601303778532 0.5698608024777594 0.7734241161237453 0.5606268481110505 0.7770578989452679 0.5182037859304472 0.7683805476958588 0.5077353642062283 0.7565966354195304 0.49816238551458786 0.711408085917164 0.485883839189047
0 0.6461947451608989 0.5409735618673924 0.6308101642723776 0.5517246605251902 0.6252297547818053 0.578337969374434 0.6235977889782154 0.5997391435011217 0.6318141468516809 0.6075372147110358 0.6475297092433778 0.6178457435408714 0.7084280656356038 0.6390141752799444 0.739847206481425 0.6465903309973468 0.754361600134595 0.6432663220576711 0.7609263610294685 0.617191561597052 0.7540584502728098 0.6088926814322312 0.752407799162014 0.5954270799810222 0.7522653304177755 0.5905718399024197 0.7378579266300243 0.5698319982035523 0.7240602133981905 0.5682400056235583 0.6589116822588912 0.5485209133105878
0 0.6300104618607678 0.6067863165679412 0.6211181850127253 0.6240383659014839 0.6180461569968296 0.6334456694318834 0.6139897775766325 0.6423144245736584 0.6088761169638411 0.6730167273535107 0.625416768443987 0.6849562493541198 0.66774340589505 0.6979102149553192 0.7175121657798693 0.7093918191230669 0.7390024059229128 0.7107100699289934 0.7443496774415437 0.6871540716692763 0.7415386190389799 0.6801900514723428 0.7445650759740752 0.6696372157211767 0.7388863500183708 0.6619299713835983 0.7403024443555312 0.6478420380953481 0.7089231190886731 0.6399927711824086 0.6474500780854515 0.6183919659319459
0 0.6085177767531731 0.6754747281133455 0.5972308096655059 0.7076948057628174 0.5940167858392696 0.7224504843242765 0.599036386392011 0.7492601643445603 0.6517524449878972 0.7609387702618785 0.6938795316102466 0.765054676731102 0.7175202859511967 0.7618285380876809 0.7251154422650701 0.7476414733461146 0.72588203046735 0.7146788021345287 0.7183314993664809 0.709604168877537 0.6680336259514665 0.6988357234191659 0.6251778749702082 0.6865949165273432
0 0.5947003520512761 0.7396334676357715 0.5856660793928928 0.7622338920003737 0.5731726609987594 0.7896064035736927 0.5752272234010238 0.8017595364858332 0.6136222107367185 0.8139779519488375 0.6638231864882949 0.8210366895493723 0.7022575164690545 0.8227783787071772 0.706393527047178 0.8133634011743278 0.7083617569218827 0.8042368828419152 0.7085939490260281 0.7807723420330642 0.7102033657561669 0.7639002093508246 0.694374585063316 0.766033272633566 0.6523727006796932 0.7625166759940344 0.5996110710030065 0.7496925378559499
0 0.46935910687131027 0.7011962703411134 0.4597554321698708 0.7145793495009672 0.455966723732639 0.7289026545510366 0.45516560251933524 0.7533534652648015 0.4595356969371959 0.7612884073617493 0.46679600798164855 0.7654375321548944 0.5093332343312018 0.7798632286110148 0.5700205288910396 0.7893563143855046 0.5734571255533387 0.7891132686212358 0.5848467458062813 0.7620215422459037 0.5945809053143867 0.7404528012223831 0.5902165663983633 0.7339365025417388 0.5826036706450799 0.7336640219247322 0.5273159200543066 0.7235863437469193 0.48257109742237186 0.7097222176867728
0 0.5847385573842423 0.8063650767033684 0.5853237567511063 0.821075386806624 0.5735689179764332 0.8309698561391962 0.569429322860883 0.8468820638582252 0.5684395907336088 0.8619930065000717 0.5782875247281551 0.8714202466183479 0.5850013451754479 0.8711382590282524 0.5992407507745643 0.8691670450812939 0.6125547716023527 0.8693824359956847 0.6623365559617891 0.8774316869094801 0.6960439146204759 0.8813148687073783 0.7012143024556761 0.8604125280847659 0.6994196681504912 0.849837238079314 0.7002553944145198 0.8399436684746453 0.6934108548675518 0.8223978815831581 0.6634543080050278 0.8219132520257791 0.6139647859310596 0.8139397478231817
0 0.6000607275975702 0.8697839682621792 0.59283561684969 0.8735731032778928 0.5904981933618723 0.8875259462691671 0.5910998169656865 0.9062845802677278 0.6152200050332499 0.921837254229656 0.6807360296889718 0.9509494892239535 0.7075023277667714 0.9566733908011109 0.7171873689836693 0.9547350253280532 0.7189970779339494 0.9402410058670919 0.7247362408990632 0.9300006514524296 0.7222270377191944 0.9160049102238581 0.7084742860652399 0.9083964909022405 0.7062977309672875 0.8900384894422709 0.709373684889287 0.8710197668362151 0.7009548886441086 0.8684334291641783 0.6962793668725454 0.8817802984658675 0.66251519818046 0.87828679971526 0.6121488892500873 0.8700860553790682
0 0.587081379239481 0.9088827671589684 0.5814482990186169 0.9308784102122553 0.575879566153699 0.9399497154850449 0.5758802409496265 0.9545085321659043 0.5737214596804798 0.9693164879629582 0.5972571231771067 0.9847176685024902 0.6376625528420635 0.9988293554958467 0.6775320558510075 1.0103757040718637 0.6987939684198353 1.0122465731413133 0.7059047843049906 0.9946779875393221 0.7085748558747248 0.9763628843166497 0.7004394350006118 0.9572693147272995 0.6804519795219789 0.952897904460408 0.6145786704289149 0.9220754438545508 0.5892894332194789 0.9062197830478299
0 0.5693128890430316 0.9621078014520285 0.5591336565584242 0.9861604549268689 0.5531508292227656 0.9939112176353891 0.5521289234175184 1.0154843291674847 0.550554666719308 1.0304437783869351 0.5699089997120812 1.0370775402263737 0.6294004616438411 1.0492609115100693 0.6766004833489873 1.0542145970281382 0.6747894248068521 1.0395909831273809 0.6786442949594816 1.0110683739639472 0.6372566704897982 0.9995329748792305 0.5979066698999168 0.9865036408252482 0.5747200787221566 0.9707885239496236
0 0.5736515993897688 1.0384519305192401 0.5661184769153977 1.0526758116093098 0.5614196683802644 1.0890678284297597 0.5930976152776243 1.096469107144576 0.6631187316047136 1.1134035219790575 0.6892758687561513 1.1129034442908603 0.6940725479170592 1.086242554161383 0.6925051537454687 1.0741085319667674 0.6853929882684581 1.06255948420704 0.6759509366261771 1.05242862470538 0.6281746024685698 1.0493476077125674
0 0.7915290907347937 0.48224388062388757 0.8037390845725833 0.48379076359384743 0.8069217960347601 0.4910861463072757 0.8211776258708268 0.49316325625562246 0.8484716384861641 0.499428334302467 0.8623297980884406 0.5042332255818501 0.8694823493618996 0.5113442663989813 0.8726814850610267 0.5226879730077149 0.8892514516213409 0.533857387483548 0.8996435243903753 0.5478741279668167 0.9031917324083693 0.5589038982394574 0.8964874736714068 0.5903276811389241 0.8705657887720387 0.5912931885856098 0.8398371882055047 0.5732189741715428 0.8018266668576917 0.5593235778204803 0.7858008390718656 0.5527436637096393 0.7773977922677099 0.5396468332520487 0.777486101183154 0.5182361646336497 0.7785244312253514 0.5007113769968595 0.7898815997662343 0.49354468899532367
0 0.7841690975443288 0.5535339792955215 0.7755634469620043 0.5480683668700522 0.7733964535743822 0.5608521607194537 0.7552200566378846 0.5711043643533196 0.752241298545732 0.5852953969694884 0.7533781740096315 0.5920605527045297 0.7543206578138375 0.6084810884193451 0.7608968966348351 0.6174647977617327 0.7647777527347455 0.6241323078029754 0.8337194784272615 0.6484707005359835 0.8670941890040318 0.6567161425652798 0.8790687305897518 0.6577975957767506 0.883135091434953 0.6382267472097073 0.8870878322133571 0.6194352647372459 0.8804301470035352 0.6047687525991913 0.8686417849590339 0.5920077574602938 0.8410062373473773 0.5735219610163352 0.8022975713618308 0.5602544373374583
0 0.7634300613742019 0.6229742081524029 0.7546389060465865 0.6437469543352196 0.7429730509832849 0.6467895717302522 0.7407492475622645 0.6599630486269447 0.7458641749559212 0.6685680244133415 0.7424145123596294 0.6818281975125323 0.7447690348803251 0.6864824950974225 0.7539188242371379 0.6965376078878842 0.8098709650653064 0.7142741875274511 0.8530607611627224 0.7238502218844132 0.8683959816333626 0.7185233539342328 0.8716587898925082 0.7023839060816095 0.873021555898147 0.6784726962657687 0.8654056374430965 0.6578961411984529 0.8340685507461283 0.6481567641998907
0 0.7537483941369421 0.697706657029757 0.7472371774678181 0.6903574265877311 0.7432837618934864 0.6945900923793333 0.7384460221402025 0.7111301727705478 0.7281846684708434 0.714941206768862 0.725775360304532 0.7543530422738401 0.7372954216230632 0.7585519598636384 0.7405835410335619 0.7630438145348322 0.8023159054192204 0.7806608494979997 0.8373141454050522 0.7860918139937615 0.8549874641594378 0.7813709197331663 0.8591510208344859 0.756972381176236 0.8605466353140253 0.7411578191510056 0.8505522327787812 0.7244132973367007 0.8092296304609716 0.7145123771523458
0 0.7218623305266486 0.7541477011228462 0.7162935976617304 0.7632190063956359 0.7090609495913027 0.7795427961445561 0.7094031593835497 0.8063223312225292 0.7264358183295277 0.8163984432676878 0.7708761099576406 0.8319602672651095 0.8036176980485511 0.8424680608669529 0.8353442428608344 0.8474554945868259 0.8414400154673626 0.8243665491028643 0.8427137977616298 0.8073071912245632 0.835625593844117 0.7872718126269344 0.8028436199567581 0.7812020259676871 0.7415253500418403 0.7649055335687881 0.7361913946330642 0.7598834519192074
0 0.7104017784252264 0.8077943672091945 0.7069842895069077 0.8145923714181365 0.702000081212926 0.8238151701133222 0.6992075026619918 0.8263266608020644 0.7010185612041272 0.8409502747028214 0.7020993014305559 0.862663930166013 0.7190669382246602 0.8711055633108099 0.7588878433186808 0.8850657568817705 0.8204415654856682 0.9018276790391582 0.8272354827299299 0.878110860883011 0.8279329525717358 0.8629241715299663 0.8229638189228492 0.8470776607587388 0.803333647881558 0.8444164761034073 0.7708843220761157 0.833984429212762 0.726265388229332 0.8175674924095606
0 0.7140416693383027 0.8702075522677326 0.705883636496547 0.888717946878002 0.7095865251737139 0.909089160794324 0.7221702276857958 0.9163945932711489 0.7271311492162071 0.930216942094724 0.7410461188518823 0.9346321503268161 0.7836520651742895 0.958615507942241 0.7930612683426697 0.9606497196532904 0.829082763725604 0.9736252059786751 0.8352031726875576 0.9566087463376712 0.8310704400986273 0.9454274826426343 0.8283093604297386 0.9269179877602683 0.8217242346943381 0.901351299789369 0.759009675503953 0.8863105527348413
0 0.7401125219620792 0.9347945932405125 0.7260757201411318 0.9291345891553496 0.7206856294948847 0.9390610072339189 0.7175364413025361 0.9544210889919604 0.7075591378001699 0.9562837077538201 0.7031348177216992 0.9595855140284443 0.7097439050165976 0.9766658711614423 0.7130730850194722 0.9912785355708994 0.7596406590346864 1.0130533893423745 0.8179637466205012 1.039492590462137 0.8247419144237401 1.026286265091544 0.8273147901636275 1.0127988518587587 0.8248706091356325 1.0004375895305488 0.8188535837342179 0.9709740710867404 0.7936540050320812 0.9628253750233391 0.7830107305699545 0.9588536975671356
0 0.7148834687656799 0.9913433327907972 0.7066029289427243 0.9940501148671365 0.6986803483530382 1.0130259392358951 0.6809823932432271 1.0116743476535321 0.6753739493777884 1.0397424765497771 0.678232224876524 1.053424281442256 0.6879097287708744 1.0640205707024049 0.7083845129905968 1.0733711643815793 0.7356299276910109 1.0820500874233676 0.7994403017529195 1.0937351804746733 0.8031740145162044 1.0785265921390284 0.8064607843348479 1.0539008134485035 0.8004197973739355 1.0329236258425964 0.7598193012533573 1.0139085021481546
0 0.8066407761453742 1.0838735596160018 0.8140527412304005 1.0829636993537208 0.8180314679560854 1.099362336085936 0.8209383413697444 1.1106302959834713 0.8193319109935608 1.1320519140931704 0.8142101210732842 1.1505404097208392 0.7765733083997636 1.1424035628766418 0.7258250786766234 1.1264201070859323 0.6931806864155595 1.1110846234942018 0.6916132922439691 1.0989506012995864 0.6943648102025274 1.086318300872581 0.6958172347154654 1.0701140558000597 0.7079786306383316 1.074074783764963 0.7353376654055426 1.0819743407121694 0.8000248263238559 1.0938866738970696
0 0.9024935877706357 0.5595317709116429 0.8964306636380083 0.590717364186215 0.873366579441448 0.5908058598445204 0.8780920487197899 0.6041627789096062 0.8875505245990212 0.6183419623065713 0.8837846381577632 0.6400127195324654 0.8954265316615666 0.6454564329753342 0.9511911433566616 0.6457549211806092 0.995703319663268 0.6358577526643265 1.0063294950925168 0.6212222895443656 1.0071070617312916 0.5826007696252693 0.9902366207670339 0.5693314464905852 0.9774989123917066 0.5672433870509382 0.9643306853086885 0.559786461151717 0.930461108668281 0.5590964904433441
0 1.0030639876496605 0.5791264706735518 1.0133253413190197 0.5753154366752378 1.0540059342365669 0.5708957298036281 1.0871773662392408 0.5722135731841865 1.1073352518180695 0.5754159343092051 1.1237265761597128 0.5857302359792584 1.1272343983812583 0.6011980131944953 1.1249380354858165 0.6252716659240326 1.1118601417060252 0.6400805214489901 1.0682165401373482 0.6481807681512147 1.0146360208627532 0.6537056266727027 1.000437001060085 0.6512388336770649 0.9956547217483447 0.63827159765927 1.0057531826400554 0.6230949580696219 1.0078620164024237 0.5815832139057928
0 0.8834437779573716 0.6423508178162107 0.8794178029086185 0.6574836594406578 0.8664528543996969 0.6569543321901744 0.8731433880834194 0.6797174921188396 0.8718374321111793 0.7032390188873894 0.8713911639624656 0.7083806452133693 0.9071361465009544 0.7107698920420017 0.9505771442914627 0.7103008633718989 0.9723503471608778 0.7086645850157302 0.9875555233277703 0.7000687592648264 0.9947881713981981 0.683744969515906 0.9953884454101571 0.6733859701527484 0.9909470262988083 0.658080635851208 0.9766337116334154 0.6418343922692927 0.9514265956087312 0.6462203509390981 0.8948420070906303 0.6453049395529379
0 0.9993815719850097 0.6501564807376906 0.9917019809699406 0.6570630801317315 0.99527482534336 0.6741653362473302 0.9959572205400709 0.6840479563606986 0.986970998756834 0.6999172658424301 0.9792263855898913 0.7051893863361091 0.9773756160472353 0.7095625960588073 0.981346130654445 0.7239370708433697 0.992614990279884 0.7381810514602328 1.0003274297688538 0.7393710998568025 1.0172457938521067 0.7356677613156836 1.0382394056949644 0.7289765528360334 1.0517074323859983 0.723974570713246 1.0710775148197942 0.7200978397671306 1.0838473968730948 0.7157237303165288 1.0996939076443222 0.7068897149407305 1.110620557477514 0.6943541604796204 1.1020539430997824 0.6553329077498363 1.0925879298980037 0.6536883790860779 1.0839740671972038 0.6461986047129559 1.0686874446414873 0.6491116276681927 1.014522400795956 0.6544849927672844
0 0.9640047851860483 0.7097368881917077 0.9818656330735077 0.7224540853654043 0.9933781570694913 0.7391876576884089 0.9966423149204922 0.7521658431975041 0.9931933271201279 0.7799848329775542 0.9770381298264821 0.784694777746849 0.9525127342025809 0.7844045398491638 0.9202098769378362 0.7812897746545472 0.8782055542192434 0.7760650510376829 0.864810087002631 0.7701668573276251 0.8607259523286239 0.7565717486376449 0.8611879699183603 0.7409196295261111 0.8535316656668617 0.7247810814013912 0.8686964560373059 0.7206232625930836 0.8722193529039467 0.7110217303419072 0.9066166440818919 0.7122528775199672 0.9509344287288046 0.7120110889834587
0 1.0793662667612254 0.719415219638444 1.0907891322499095 0.7284418272181289 1.1013434230006645 0.7392653566118722 1.1046322172070908 0.7583160279639253 1.1004844099730655 0.7722040737353018 1.095760290286579 0.7879647880319341 1.04055691639885 0.8108629407678162 0.99456767922388 0.8308918685136621 0.980383734066307 0.8033557660516113 0.9762831751553497 0.7857123334663255 0.9944191862953993 0.7798981367750558 0.9978599619772883 0.7500549850473531 0.996300779924173 0.7399451248003901 1.0027873602378714 0.7412218693994582 1.0516506223525997 0.724364253760537
0 1.066957043124905 0.7982936381049018 1.091539923578132 0.8127530096361554 1.0934728143055397 0.8286214193899833 1.0942695043649755 0.8522834900896296 1.0796488527690191 0.8610308092629295 1.03228728787808 0.8738291515152451 0.9686158450343217 0.8819959948931745 0.9611867809164174 0.8642987145792911 0.952791271434809 0.8386672293884937 0.9684755642243159 0.8330264251022207 0.9748238881157918 0.8290100499529126 0.9758293696840886 0.8033886145255119 0.9802133039661112 0.804524815193484 0.9956148961804804 0.8299500595053839 1.040905988717717 0.8105490044317234
0 0.9612723906481508 0.784652779237455 0.9719320893472279 0.7926727805889641 0.9756507274654176 0.8025335017197319 0.9748238881157918 0.8290100499529126 0.9680046597201769 0.8320955655852428 0.9439179949224419 0.8391983560947841 0.8980903009332649 0.8414752560702455 0.8576123117938868 0.8382637449097339 0.8431935891801717 0.8248210293700531 0.8428842278618256 0.8061381420826906 0.843354457570037 0.7925101849188093 0.8539402472028375 0.7823127287414446 0.8576739599661224 0.7671041404057993 0.8652727793882948 0.7690735548969507 0.8780269120005724 0.775209938231903 0.9202098769378362 0.7812897746545472
0 0.8410909431484959 0.824680485438957 0.8367973421697001 0.8458100661951639 0.8243765324352667 0.849870239309673 0.8274134501526733 0.8644071570079318 0.8260746457065323 0.8798320359858711 0.8332764696908422 0.8990880484889181 0.9034269555257515 0.9047326044432635 0.9595646010992112 0.8962308254745445 0.9634844934037146 0.8693426952114723 0.9577686172021709 0.8565379021073739 0.9482369070525908 0.8387000778623944 0.895987654901589 0.8413347121391497 0.8572632394750199 0.8385776812458268
0 0.9638903757559798 0.8686390758280886 0.9592723388137427 0.8961550787633463 0.9418262601929518 0.8993172408347778 0.9428255540305563 0.9153480935023023 0.953266224714514 0.9269509889906274 0.9533237095438403 0.9411201226241958 1.0091287070353836 0.9369806038868745 1.0416341680782968 0.9324641510493699 1.0698611027875096 0.9240079695016586 1.079586529800856 0.9176315970860047 1.0787330297080218 0.8943592094336497 1.0748111130157354 0.877570889654144 1.0616914838476408 0.8677001187599792 1.0329936446342889 0.8752254407907123 0.9691435595718594 0.8825371713628618
0 0.8304510426660074 0.8935028913870499 0.8231287360882803 0.9021197163926504 0.82825255039634 0.9273076708075593 0.8320040369884304 0.9452650397289379 0.8388725380948964 0.9543244957825235 0.869145983598314 0.9609573578940586 0.8980313519447397 0.9708701272976173 0.9132125665521345 0.9707606323846149 0.9519205577417533 0.9694693393826327 0.9532100894770431 0.9418994887187776 0.9538507492854504 0.9271024824130237 0.9416565048886836 0.9150451066575097 0.9387900172714729 0.8993391398173783 0.9029642631400876 0.9058259068739382 0.8335119219429119 0.8995534782474074
0 0.9533319216623155 0.9431442845718484 0.9522778421790951 0.9711795649941926 0.936219840715296 0.9710618197736004 0.9430479560253137 0.9845592827697823 0.9502333557726732 0.999766971377524 0.9866682708304204 0.9995041835863185 1.0188410837914175 0.9993499909802118 1.0458017735289107 0.9954185125775951 1.0728110611813273 0.9890731891800347 1.0732238060602128 0.9612760983825853 1.0685633589337447 0.9495536582178611 1.0541199999646043 0.9300384568352227 1.0418045981784927 0.9312951019074971 1.0089582769351877 0.9381496530287473
0 0.8338390570900636 0.9514023227917937 0.8352113848060329 0.958632908285324 0.8291963837924011 0.9728458398840932 0.8202580851281602 0.971742487690022 0.8247569890688353 1.0012169556251307 0.8272011700968303 1.0135782179533406 0.8631576433278907 1.0249192253783634 0.9247757128508243 1.0287568097552537 0.9458993689974292 1.0253345590763272 0.950046501435527 0.9968876966240915 0.9369179853530296 0.970433947101415 0.9130989464853372 0.9715399984791967 0.897682279625873 0.9711840636337099 0.8694382458837822 0.9610331046052568 0.8383448235573585 0.9537833193128363
0 0.9503551879579457 1.001011767230595 0.9464270835349671 1.0258757355460144 0.926115192092893 1.0278907474581738 0.9291438976918243 1.04040350320878 0.9338857912071163 1.0578087461691708 0.935306716838009 1.0626254866677578 0.9917044510189637 1.0606616233004855 1.0374589107377918 1.0547260824770097 1.057340283472175 1.047342204105276 1.0628843799816676 1.0321984129895287 1.0625585944263711 1.009467201806861 1.051987879438666 0.9945953485178123 1.0186624415727463 0.9984948781744318 0.9869605331158886 0.9995799302975167
0 0.9354203369048062 1.0618461205731762 0.9298194303619151 1.0773795947362144 0.9173904085090063 1.0794156059030706 0.9213294242341705 1.114811066258741 0.9264443516278276 1.1234160420451378 0.9606061905537029 1.124181759464709 1.0063688623910063 1.1202703805888856 1.0524237965137777 1.1164347484242605 1.0544196850052763 1.0902611870358727 1.0518536717920086 1.0766551288545918 1.0379866252753294 1.055267258946697 0.9920535233378306 1.0603476869643929
0 0.9231089838942603 1.1504556657306062 0.9403599960594302 1.1423900669580893 0.960427548335032 1.123326646658929 1.0066611246764743 1.1203461273000836 1.0355540303454478 1.1177242419704359 1.0385012895555552 1.1245541949253752 1.0405642245867102 1.1436915624799264 1.0360837692707685 1.1619418684827008 1.0283473682223008 1.1692381509240326 0.9910603026635746 1.1753461844246018 0.9596506564921848 1.1765069832588846 0.9209098168286655 1.1697016284702564 0.9098113873034224 1.1542885987115208
0 0.9596075715120262 1.1227097234780439 0.939605041388298 1.1434076226775658 0.9086991481949482 1.1535959288194373 0.8894591100648999 1.1607416175662761 0.862213695364486 1.1520626945244883 0.8356014031499318 1.1411214199101527 0.820265507883364 1.1318894711794738 0.8212874136886112 1.1103163596473784 0.817333323318352 1.0999902087581213 0.8210102260482381 1.085171303469767 0.8542302559658355 1.084075301855382 0.8851121875996874 1.0823733265514117 0.9164568116192033 1.0795780488167672 0.921272614200772 1.1152007493060319 0.9263875415944289 1.123805725092429
0 0.8270875500300331 1.0143575840479224 0.825561891246746 1.0269031882724293 0.8178501265537039 1.040271956556719 0.8075559244104441 1.0359863427644225 0.8036921673434116 1.0479259732993442 0.8066312144350438 1.0527317643066307 0.8030603944494072 1.0793059582336102 0.8062834917080323 1.082163334004442 0.8143450035158688 1.083039446064919 0.8223497052903066 1.0843052411726868 0.8548715905701705 1.0838371122304873 0.8855180699519527 1.0816697071680281 0.9171549562569369 1.0789501761445817 0.9292917158243774 1.0768384182665272 0.9363539337946092 1.0616836776594796 0.9265860965970321 1.028821606975152 0.8637421678988271 1.0250707188007597
