0 0.2957253703465608 0.3124276871743865 0.3084544167394611 0.3027857068791414 0.34983566673559097 0.29355990909094404 0.4108425127552653 0.30505761023412187 0.46770428891373916 0.33111807779789365 0.4844177617099504 0.3440771144269183 0.47207839836434096 0.3538200903370942 0.46343142406855004 0.3909412753539616 0.46420074039973513 0.40785613956143213 0.41138818786446996 0.4011782289286721 0.3873902818461307 0.3965762286070542 0.33026931680806526 0.38338960101631453 0.28873477393373215 0.3548310424483297
0 0.5031937960515941 0.2513465486748158 0.4915808507998723 0.2866206139794607 0.5040954060062856 0.32005975961920735 0.5200514116905154 0.33821457021211065 0.5521468652273686 0.362169928821273 0.5897626786461921 0.3843207660462091 0.6158413045064871 0.3896600710661988 0.6289901722548735 0.38154648756626136 0.6369672753690849 0.371212137288234 0.6397370552095152 0.3438911258312725 0.6449535285187896 0.3247531584581188 0.6322774301265836 0.3090660405887567 0.5640381991575719 0.2611845220138993 0.5274727899321254 0.24847247421714194
0 0.5190829976810223 0.3396585087776692 0.4953784882808526 0.34000805390562955 0.48515582661200124 0.34570692046798895 0.47253115681891983 0.3535660202801056 0.4632410178396301 0.3910446400842273 0.46643505113652106 0.4025397373100467 0.5060430264719034 0.4267189380904415 0.5422151936359219 0.44583351156007195 0.5854167630637337 0.46445094596642506 0.5956582609204162 0.46339491240287717 0.603376089323799 0.45101752232171277 0.6108709790405402 0.4497134351544149 0.6157582103505745 0.4328920676997497 0.6136160393968153 0.4165678393083618 0.6130194725208825 0.4015717811456025 0.6101143045680424 0.39525329650175695 0.5904500405254189 0.38459129415284354 0.5521922109711349 0.36308099128826005
0 0.32533958102131183 0.38035557905547196 0.2916471911419724 0.3901459524482591 0.28722187670978416 0.4051315761439494 0.2876071487652916 0.43630152293942887 0.3135643383033685 0.4549789812804175 0.35303913854401436 0.46700231855811625 0.3930296852737967 0.4785618219698761 0.4153999188323122 0.4849571010045912 0.4329716991232213 0.478158710627941 0.44580469525118643 0.4516095955373511 0.4500136057133346 0.4258128529394201 0.45088836382622977 0.4075170110027273 0.3860570530772695 0.3972869573370669
0 0.30908775013078243 0.4515656421295719 0.2867852420007663 0.46186364822842174 0.2820332876125168 0.4779161643763214 0.2793555819567952 0.5045551655031947 0.3028860235731064 0.5251240457893578 0.348404665982619 0.5437545308662428 0.390840838864678 0.5607822092369894 0.4087383493355001 0.5662246855944078 0.4160407653417851 0.5636957666691144 0.42469086723024635 0.5643298229081173 0.43368725514150785 0.5501812640272407 0.41602309923315406 0.5307308152136483 0.42037096045592687 0.5009070726609849 0.4281087776074186 0.49125579448189916 0.4171748887618862 0.48560832719030395 0.39283011058532746 0.4788968440798726 0.35325870665811876 0.4670331520421605
0 0.30195808484627173 0.525285504200547 0.27297428374179533 0.5338518945743098 0.26079132789706405 0.5636547651404865 0.2618008901045004 0.5836122497241475 0.2946753470673838 0.6041911188660506 0.3458990403424164 0.6271138937105496 0.3897631811747428 0.638482327383947 0.4036421210432165 0.640471561146931 0.41333242241258883 0.6256989348827914 0.40925738608007456 0.6226330136202097 0.41586387650948264 0.5773164177934356 0.4081009016075551 0.5664614316458181 0.39188170905184433 0.5598461081620946 0.34776721825467394 0.5439912769176533
0 0.29199629999915155 0.6018889571364278 0.26771682060707425 0.6112726284218765 0.26230293144669914 0.6215262077227317 0.2573339471921016 0.6556104849257754 0.2802589197664532 0.6699931070330413 0.32213043534685337 0.6908939987223155 0.3728697533883182 0.7088677670236967 0.39884454609788256 0.7168056186391607 0.4113588046818043 0.6971375072106304 0.3997548187160862 0.6836792087725053 0.40528029792428233 0.6437098239514487 0.39139319570774844 0.6397086958889796 0.3463670908798638 0.6280391116546975
0 0.2802106163843474 0.672392322664379 0.25109006748161405 0.6901682542316402 0.24472576466898982 0.7379593533299734 0.2600333431939863 0.7487599238238563 0.3025096571100908 0.7613764922637801 0.369451843011146 0.7819417954499149 0.3876799855149032 0.7830484495167315 0.3957967380814357 0.7666621334157062 0.38992229002541806 0.7635318076436506 0.3934707979715531 0.7226480880091929 0.3971016001045451 0.7163538927978337 0.3213800561585765 0.6919053874374316
0 0.2645682677158877 0.7507391687311006 0.242919532009937 0.7648242173775102 0.23521570566319666 0.8114642356110319 0.2763606583932452 0.8249416174856292 0.3204588244942953 0.8367726601311007 0.3793638691906537 0.850431478128367 0.38643975157001986 0.8349812631022365 0.38547849274468915 0.8126245628872376 0.38567170627311204 0.8030277003618863 0.3949102818011573 0.7913536447525686 0.3880269422439587 0.7827364158250999 0.3692824458206483 0.7831037594454732 0.3692824458206483 0.7831037594454732
0 0.25840668219225726 0.8198864624600638 0.2459563809803062 0.8267085654279785 0.2425126421464428 0.8648057480992456 0.2671077702878456 0.876003628780721 0.31693547429859614 0.8981626440922611 0.35210937220841565 0.9133081314574785 0.3688449186836795 0.9184494572540123 0.38809760667848275 0.914596221646964 0.396714388468448 0.8927121192597789 0.3905814280995262 0.8830835016171941 0.38579615361278063 0.8766178591389059 0.3933155994854136 0.8560571791584682 0.38167963483371015 0.8490218849506511 0.3754745547447574 0.8502273814691971 0.32074931549318486 0.8368479477713219
0 0.25274445518580413 0.8690653884746188 0.23017594310107892 0.8853237898317027 0.22535936063460338 0.89975173301197 0.2204788207961571 0.9270256846528534 0.24609100278680102 0.9457223627892271 0.27806133736077504 0.9580277918125262 0.31358219199965004 0.9728612454861115 0.35804363952587587 0.9884040430389215 0.3660154819460913 0.9792153738319098 0.3691217678114701 0.9723832820082553 0.36289220067833683 0.9675530956283461 0.3629071839619465 0.9426357213708202 0.3680863771473425 0.9174489516696432 0.3530373109352503 0.9131466730462893 0.31751645629637537 0.8983132193727036
0 0.24183840691572894 0.9418065112227186 0.2230381154685081 0.9570317576031924 0.22115093003510888 0.9782482600841269 0.22002228613804659 1.0004652681494306 0.22584843081195843 1.005994809552824 0.2990038591500266 1.0273665105198977 0.3542862640614531 1.0493314180280082 0.36611477153532407 1.032299268282226 0.3605144897820757 1.0252204415514214 0.3632411695261583 1.0106528062214586 0.3602464737086006 0.9877690925249114 0.3138162172683737 0.9733238544581857 0.27806133736077504 0.9580277918125262
0 0.47810118386487943 0.41095877580014534 0.458267513872297 0.41466143612675116 0.4506426281811371 0.42353807164213125 0.44614169446398694 0.45854756678932307 0.4643949947181801 0.4801604851828429 0.5162241570351723 0.5092695182062394 0.5496068055695487 0.5263624953614675 0.5759367173562288 0.5360002075847848 0.5869345635737319 0.5288016664157643 0.5952533627230027 0.519300963517121 0.5956724391720891 0.5081548156643587 0.5891442186920061 0.5012374473447433 0.5917334799315764 0.4814087717800308 0.5922736501890546 0.47149987556304795 0.5882469172386462 0.46603473866912876 0.5431881630185207 0.4463175772369065 0.5068924421471884 0.4264598293799817
0 0.45832666242748427 0.47215644050789035 0.42948844217558024 0.48799576541588774 0.4221703721794302 0.5009714771704591 0.4168945722298228 0.5309566781343118 0.4355512949432372 0.5518702415043473 0.4435319704177681 0.5591640480250685 0.48866351506417965 0.5825176767244079 0.5289934605277254 0.595381874346489 0.5564771739619037 0.6033088428312061 0.5662559197474272 0.5817258910049057 0.5679009175640426 0.5580348852524123 0.5676335721968229 0.5350541176541502 0.5505347442963833 0.5262010369502781 0.5166275794943936 0.508570163182755 0.4635881497997374 0.48155919522981167
0 0.442192446883652 0.5580129671602571 0.4165577899675935 0.5766923504101723 0.4103064186153011 0.6237088068448 0.42780866897496206 0.631862532525188 0.4910309376206186 0.6510617750565945 0.5389701147854592 0.6654961299925732 0.5542688602561402 0.6598142247587232 0.5574874068755954 0.6377369088431152 0.5593344512749491 0.6209315162930037 0.5599474119587136 0.6146590873431381 0.5635618893955853 0.6043411035328087 0.5549682532372899 0.603319725961953 0.5288805290673937 0.5961565170101946 0.4883165583351243 0.5828297104160395
0 0.42013480919544105 0.6286678022436578 0.40486871311700084 0.6423972846754481 0.39981944679431225 0.6853037817401376 0.41153636422036216 0.6979874375145569 0.4331054885644772 0.7071951901580412 0.48605580313672686 0.7265459022448972 0.5255707413337697 0.7387969156144619 0.541894703001752 0.742625702134995 0.5443955198251711 0.7296073521324432 0.5498808579993217 0.6940490772422093 0.547177323886909 0.6857112326141314 0.5520183933975651 0.6773189723323191 0.5496937947001932 0.6622460897823017 0.53838913278768 0.6653455547121309 0.49149898815806603 0.6519869930007424
0 0.41699922746909823 0.6998052240106122 0.40301618919460824 0.7150731086390666 0.39364019516205073 0.7214861240136345 0.3895753332963626 0.7638438413352823 0.4075054931594254 0.7773338948906406 0.5110413825725074 0.8053735464451584 0.5321825974132205 0.8092449712136718 0.5455030302093297 0.7737075683099247 0.5409184608928117 0.745186376177522 0.5243523116080456 0.7388830863854302 0.48582994021606335 0.7280951875723084 0.4328149975655876 0.70711990251782
0 0.40542375278509263 0.7792060970404302 0.3958382205279919 0.7911921863413794 0.3863656197312229 0.8024036329786232 0.38455055401785454 0.8127860212984267 0.3870771992979649 0.8347445170508259 0.39545313488365696 0.8393270742485779 0.4100341505583017 0.842704134927784 0.4581590496097603 0.8600003144671744 0.4799621992225991 0.8696706760827325 0.5074459126567773 0.8775976445674498 0.5242297625141469 0.8803397547326455 0.5281347309499081 0.8700970585625374 0.5280129664352609 0.8543892254985099 0.5327894078676908 0.8443723922490651 0.5370494953805678 0.8358295566868105 0.5447628254878789 0.8201425956092696 0.5324730884121102 0.8093202588538929 0.5116223645702864 0.8055241217256007 0.4251689783615238 0.7823137622759851
0 0.4046277530397315 0.840499027099876 0.39716410219100906 0.8462018043202129 0.39354962475413735 0.8565197881305423 0.38707921141673085 0.8781562613355699 0.3916304606347527 0.8841592948417842 0.40136224445068125 0.8939167215033178 0.4400628460874766 0.9200251320486142 0.47659259222753264 0.9403454888776128 0.5132515945240407 0.9639149916418761 0.5165517646240976 0.9619566187211185 0.5268795137214151 0.9469472464055683 0.5274353379687584 0.9265915573593074 0.5304042053296248 0.9144984253009034 0.5368181529368654 0.8932492734277284 0.5291361308092842 0.8880426488467134 0.5241168310538151 0.8811143973963511 0.5078493351159987 0.8768982895439654 0.4799621992225991 0.8696706760827325 0.4583930748784841 0.8604629234392484
0 0.4001438147249571 0.8940028922742856 0.39195427173213837 0.9067527411081938 0.38879968248465385 0.9159840485631859 0.36844149622445815 0.9191488122774967 0.3624472957725593 0.9437223977261574 0.36289220067833683 0.9675530956283461 0.424872223260344 0.9952734074605137 0.495728210651476 1.0220784902042732 0.4991324791575491 1.002862998892077 0.5074186289145792 0.9853147187954935 0.5164469955118262 0.964743155684309 0.47688308322642214 0.940420776517834 0.439134907360642 0.9201865904598033
0 0.3751091473278194 0.9747389651166053 0.3647650735343817 0.9857245488331859 0.3621350005545105 0.9954937529004732 0.3634670324468218 1.0091035208940475 0.3603369302435178 1.024370511247495 0.3679706489889933 1.0319763514598477 0.37514447954508146 1.0406688680275378 0.4078733556553925 1.0539748026352058 0.4517701458799595 1.0733908135065435 0.4918660660747815 1.0857924021565506 0.49882901699381593 1.0711168297941258 0.5078655459391229 1.0525571609824262 0.5067838640116555 1.0434337905598958 0.4988841413114711 1.041788345605777 0.49601870165036555 1.0221537778444942 0.42597772152573643 0.995961879353251
0 0.652068553808574 0.30607856458540594 0.6432970724381712 0.3202683088361604 0.6443088993182045 0.35204559035258803 0.6560752999860392 0.37296933572457114 0.6962538573892836 0.3829121891667737 0.734326720222471 0.39277967562980426 0.753382255006865 0.40242210764734826 0.7722300073525212 0.41106994037306316 0.7856284427405139 0.3990201286643111 0.7920108184999424 0.3818593221166029 0.792113532415778 0.3569561330852736 0.7755036284767374 0.3474771706046072 0.7623305091572385 0.33136295215489214 0.7246254527820258 0.3117129423104479 0.6841069591034851 0.3016819863105397
0 0.7790446967501591 0.3498060438405544 0.7964093169729496 0.34442864834442216 0.821838460701894 0.3514895885394062 0.8513094178678157 0.36712404097296264 0.8664934997873919 0.3767038415898683 0.8767863200162611 0.38595670313301866 0.8780903247520895 0.4060503652420799 0.8806402392513231 0.4151779639839534 0.860990012202416 0.4096147672699651 0.8355608684734714 0.4025538270749811 0.8103586105510654 0.40119617495785503 0.8022192433117541 0.4037904023589487 0.7869316626073202 0.4021801316552098 0.7921429723365008 0.3809528253824794 0.7922552379362366 0.3584039807441646
0 0.8782782189540048 0.3854026166297177 0.8803552584723613 0.37841495042984646 0.8935650147894165 0.37007922821529404 0.9341965589367154 0.37449499869504993 0.9603907555023321 0.3859875844244122 0.9923359985653077 0.4088485395738896 1.023403138322853 0.43289303470914087 1.0224119845486648 0.43969176021506723 1.0183805076646097 0.45040625148767166 1.0159261100043784 0.46482209667594215 1.008788233092178 0.47990560208228655 1.000969698760363 0.477879243255057 0.9854560171184128 0.48749934359162267 0.9197161621496655 0.4714020466885596 0.9184217090977372 0.4536627289725128 0.9068065656342613 0.43654117565243494 0.8953713344268448 0.4302848475633057 0.8822833953934255 0.4184260695325576 0.8787701973026822 0.40622657035749116
0 1.0235352921594114 0.4319865379750174 1.0634113351539383 0.43432500731340934 1.084780346947127 0.44503740560195465 1.1503506262127374 0.4695574807852461 1.1489828991656965 0.5007180443977343 1.1486437477594222 0.5175636009581912 1.1254436856222154 0.5242508457334039 1.0872768756880704 0.5247072335765545 1.042462597452358 0.5272037623174978 1.0258152716467388 0.5252410813829362 1.0208101746182516 0.5135956687111707 1.0065137476880062 0.5051866725015054 0.9980336593043765 0.49075913822673095 1.000431531730229 0.47915088579853665 1.0103462089482012 0.47889826721192374 1.0177579452174186 0.46435611273034677 1.0190038549808234 0.4533900493631591 1.0230257801809781 0.44032121369754024
0 0.630525461191648 0.38082335305589576 0.6474530391764151 0.37573586520266966 0.6599110794035303 0.3742273263290978 0.697264700812434 0.3833820336514841 0.7337835692442668 0.39284676556500325 0.7673652082255671 0.4089194337753273 0.768961649267445 0.42775616201700345 0.7655076955962025 0.45686411477373595 0.7535360698340391 0.46586790856100535 0.7480206382342196 0.4739131251372061 0.722174484006591 0.4724781870066385 0.6740216395355875 0.46157734588813776 0.6279080171090974 0.4475204230573832 0.6183444511760089 0.43188253168446655 0.6139479783306209 0.4160047032401793 0.6137359591597136 0.4012113753276494 0.6161235197163462 0.3902500141105654
0 0.7873360252463203 0.4046206735815612 0.7718775011397245 0.4158789787453567 0.766448458158727 0.46395075413886827 0.7833876032384312 0.4804474606910069 0.8310335339720407 0.49753337083891225 0.8634418919474669 0.5054063957146763 0.8819124670284799 0.505982518666022 0.8874278986282993 0.49793730208982107 0.9128936479764298 0.4992736492629562 0.9188518605788849 0.4692356227328256 0.9184073229646281 0.45332929085086776 0.9070896190701971 0.4361840316787933 0.8950538605732752 0.4293800845415375 0.8817076234234569 0.41802553056913766 0.8619898241184953 0.4097569707892295 0.8350550208921934 0.40224980630552515 0.8111108910620561 0.4013078229621199
0 0.6263124543730301 0.44763326573365086 0.6108958071171295 0.45048049392918604 0.6044396129547855 0.45143907114025456 0.5960608951225079 0.4655850175072627 0.5930497224539011 0.4727001603100654 0.5898282872260083 0.5029211170362259 0.6112690364307436 0.523742745070973 0.6521309337623322 0.5359121879916748 0.7169583385023113 0.5542928612306238 0.7262038756790389 0.5477407607347455 0.7359358273207185 0.5486839151525648 0.7440080834915721 0.5339321713221266 0.7429399337653411 0.5141796210258875 0.7446299389919252 0.4998792479005201 0.7219526543523679 0.47399980652463153 0.6738737530994388 0.4625917589001331
0 0.7802704209843707 0.4801659395375446 0.769206613111542 0.4694029313097397 0.7465203962944794 0.4787880082823179 0.7381203008839491 0.4876647076744843 0.7450103438714234 0.49997783885795255 0.7443876100652598 0.5150811913616152 0.7447688932505686 0.5341293532369915 0.7444205547384496 0.5419346327418216 0.7573124437906953 0.5536978022627866 0.7905029891033708 0.5670372560282574 0.8356972265455891 0.5792767864687214 0.8467396568401651 0.5847705477216846 0.8823810171384212 0.5840068102766528 0.8903356966288843 0.5402742080845848 0.863600467172742 0.5070266061901018 0.8313399956334646 0.4981391683023424
0 0.9196973023450822 0.4715602216291137 0.9851269416187826 0.48851786630750205 0.998736885273519 0.48993972379364853 1.00670488847054 0.5056904578428328 1.0211077082516526 0.515213367706107 1.0172421616393432 0.5552684299610883 0.9997969811280553 0.5639063633562981 0.9753985032003452 0.563372995561458 0.9017273437413897 0.5569122607506617 0.8902198765601148 0.5491924915588428 0.89231166424445 0.5402599563657496 0.876503045014114 0.5214243991984876 0.878499511902122 0.5077298235365503 0.8819970990356807 0.5081099356474451 0.8878083035077977 0.49803589304725354 0.9127457615402812 0.5002880622749516
0 0.6056262176672176 0.519122050716067 0.5972679991073824 0.519587673139973 0.5876527458402829 0.5286758061658396 0.573092229139706 0.5364822567450839 0.5675892429406341 0.5850612386445931 0.5789274461075075 0.5885261738735655 0.5869480149443501 0.5985004544419105 0.6453824799509331 0.6146978748985094 0.6878925056584106 0.6209780216621041 0.7164433708932223 0.6146920195264389 0.719464354045145 0.5912619292931133 0.7214920089947217 0.5665216531754949 0.7132389217145294 0.555434368637722 0.6531982051827527 0.53671516736997 0.6105928586789479 0.5256729801375312
0 0.743374660896282 0.5464009003383682 0.7224007051898669 0.5657044220783645 0.7204166837026065 0.6199327630636103 0.766414486060327 0.6429079693686227 0.8233166427597904 0.6560764025080709 0.8451582961164663 0.6633162975571483 0.8660484981214912 0.6608349297536725 0.8718793235602398 0.6181309922924353 0.8500154143195007 0.5866722793505722 0.835010360004667 0.5785723980478588 0.7912637988623673 0.5672344379431223 0.7574710190159704 0.5553180127382121
0 0.8880541456577052 0.5586322332579337 0.9008186475462445 0.5577294918477921 0.9749441551027727 0.5637816111100232 0.9971457140665045 0.5848004210596353 1.0123414099739927 0.602424383300037 1.0120473937133163 0.6423523511599154 0.9877228590036804 0.6413117768590776 0.9709645450333149 0.6506540986751501 0.8932042526962056 0.6478709038014404 0.8716690610009539 0.6412368062157929 0.871794691553039 0.6160035753110119 0.8587228496972654 0.5973509483397798 0.8584475760974103 0.5856994504206684 0.8833743453407672 0.5853169961609456
0 0.579096710121909 0.5927810078364119 0.5662270769537268 0.6052366562082325 0.5603312404744091 0.6131832818270008 0.5542892741705637 0.6600434622936521 0.5667054375469839 0.6669460003883403 0.5798084674643262 0.6745529269038916 0.6475624128657113 0.6836910403586146 0.6691715477790376 0.6898179314382641 0.6854229480120091 0.6866606786515964 0.7021812619823746 0.6773183568355239 0.6985349101068566 0.6590030868186806 0.6994534167853178 0.6418709082910273 0.704366613851416 0.6352487202753871 0.7003612346746525 0.6221041062759533 0.6872902711246893 0.6224010502226647 0.646217232928004 0.6143878503073766 0.5877088247033466 0.5986976363567754
0 0.7156193067052778 0.6176366676049925 0.7053492532646355 0.633924282672259 0.6998445104539424 0.6446041227358807 0.6976262139117113 0.6598203179158111 0.7011879337800286 0.676008170951231 0.7125056376744597 0.6931534301233054 0.7587778353262249 0.7088305634294855 0.7953073925471839 0.7209299188304255 0.8392544057654538 0.7254770124423272 0.8486469510725196 0.6989609280165098 0.8497765986160775 0.6776725064834425 0.8412803041034094 0.6628375944888211 0.8236970476392889 0.6561749934655033 0.7676296439168961 0.6426965357349225
0 0.8688583404083172 0.6415610825257609 0.8668832510985621 0.6605249051625398 0.8514666038426616 0.6633721333580751 0.8511396429087954 0.676446659837747 0.8494817040495906 0.6986509034253771 0.857745480118909 0.7123728114505706 0.8971383235723264 0.7183714370607032 0.9356010932523455 0.7199180467931247 0.9710206238963787 0.7206759288660859 0.9925976924423257 0.7188989494834729 1.0008383343217704 0.6894524686979372 0.9822724384444301 0.6841143052777475 0.9717992980103858 0.6503440740840173 0.893056366260057 0.6488853168134358
0 0.5596363200617922 0.6666929826725486 0.5526945897403069 0.6791058758878634 0.5476335062380602 0.6867424769154992 0.5506241796342246 0.6933076580557985 0.5448459198352975 0.7302351420361965 0.5649022471690621 0.7470133697417972 0.631906071600577 0.7585889247690761 0.6880679178134863 0.7578798520505572 0.6903815351520444 0.747425697339471 0.6918595212077213 0.7183319963015736 0.6851164863505852 0.686054881188166 0.6695519526585358 0.6899165223956967 0.6462733117910677 0.6844096804983124 0.5799670426896013 0.6761731373793172
0 0.7003219927413891 0.6873638959980449 0.6906550521402786 0.7211780534226948 0.6912269769182418 0.7497502962357592 0.7121920004471516 0.7657112928442297 0.7646353081780897 0.7850932984507527 0.7882836651359295 0.7880641078181486 0.8131578687394652 0.7934581070392651 0.8300961355133587 0.7910052426734598 0.8311839062062213 0.7781278981086531 0.8393399160784653 0.7465540003416941 0.8258769805540669 0.7251681589256084 0.7943986963520387 0.721747149927556 0.757943082349154 0.7091405880206182 0.7137314843201552 0.6955766199770261
0 0.8486576398616461 0.7015955515039306 0.8392544057654538 0.7254770124423272 0.8275571752973351 0.727182733230764 0.8408508468073319 0.7443137406840031 0.8319447159652178 0.7783250800235181 0.833054742542144 0.7896665533514967 0.8385184868079524 0.8063473611740791 0.8977761376966693 0.8006505626341807 0.9372420460623503 0.7871924108203717 0.9637323116743954 0.7787932434221184 0.9787997421123665 0.7648017238134696 0.9770126594778341 0.7364409146341054 0.9720878953167991 0.721478908244381 0.8954688176181846 0.7189914862429688 0.8569107271418384 0.7126828360417035
0 0.5597244652922353 0.7446186833257471 0.5518214731357832 0.7636252611190318 0.547679774617808 0.7730792545369578 0.5455256108103355 0.8041031906414134 0.5629191039876122 0.8201912816449868 0.6130060392234864 0.8394889480129129 0.651881280150383 0.8490380191650292 0.67270822772646 0.849698481354972 0.6860642753595941 0.8447380878968488 0.6947280772750427 0.8259286920184291 0.6847520400950766 0.8022883392258174 0.6823734117159493 0.7779851820944345 0.6860286957689727 0.7610359337628111 0.6335862663438452 0.7606034990742317
0 0.8186314234885894 0.7938239674313246 0.8245602046410969 0.8127307831927628 0.8150313399928193 0.8618454750359401 0.8004075688632944 0.872793755608603 0.6953516893870169 0.8297749104327105 0.6957107166882623 0.8246042544153012 0.6865801212744935 0.8032885005189775 0.6831342214749458 0.7781823640092996 0.6870540903386979 0.7702499901093663 0.7044992708499856 0.7616120567141568 0.712044114011003 0.766725705856225 0.764180960080517 0.7855019139993179 0.7866881023998622 0.7881769504944162 0.8181770753910167 0.7942325829798899
0 0.6944536819809981 0.8332267650172615 0.6785621873550827 0.850162932704464 0.6759741747224798 0.8679151604143827 0.6742636702234533 0.8958958574828522 0.6981873007811485 0.9105181647693593 0.7297929721468832 0.9266050846985187 0.7698940597194753 0.9385773457043557 0.786420733552302 0.9470715908367993 0.8090436959404167 0.9408283438576396 0.8170740752605752 0.9344876769954616 0.8204959625644384 0.8974758537764664 0.8125484586398595 0.86804479578418 0.8012423218403655 0.8724837310174703 0.6964929040255117 0.8300706833050078
0 0.6711972969975933 0.8519387410126629 0.6763545796019779 0.8680137513718152 0.674243170951011 0.9095761814259541 0.6143619079503201 0.9114267615515715 0.5372243494193745 0.893540214174199 0.529668817469231 0.88579194154471 0.5274068874646837 0.8715200718570127 0.527649216391349 0.8563181283959177 0.5323931494430455 0.8454411064174311 0.5373696009380916 0.8356770884083723 0.5443852744776513 0.8227569886870597 0.5498900172883443 0.812077148623438 0.5641449506333078 0.8226144714987075 0.6130167280126129 0.8421235715003337 0.6518073369323087 0.8495452256710267
0 0.5384395072759437 0.8933287805404989 0.529860337367696 0.914265593400342 0.5286986234567588 0.9276501444711465 0.5267030348745615 0.9602942910510275 0.5562374178284032 0.971633422230178 0.60331230208986 0.9790966604829627 0.662623396924209 0.9865729793801686 0.6696604480420214 0.9789221266336977 0.6743090602973907 0.963283064186367 0.6634457045005322 0.9457291894657273 0.6613102833538809 0.9251736597911933 0.6580024595071661 0.9153680577000428 0.6139815030708218 0.911328170594139
0 0.6503132431332423 0.9870671052417451 0.6385340155753545 1.0434941218025902 0.50491833868676 1.0420257971108293 0.49945547272676205 1.0442945602061913 0.49616814815248944 1.0208086341719387 0.4980799830332966 1.004986641528578 0.5073460194824666 0.9847542170895979 0.5185880235472022 0.9645075409317823 0.5253399905818436 0.9615201376967231 0.5573046892488237 0.9724364016084731 0.6050664400512025 0.9806040282821206
0 0.5297079102830947 1.045292379350523 0.5245203179229518 1.0592126403649955 0.5286112074127267 1.0934342422637966 0.5859044577808148 1.1093358898480978 0.6674376108513379 1.1241506947518138 0.6716211862200081 1.1062856243656274 0.673035917846737 1.0803337533211488 0.6644443025377418 1.060736800857683 0.6509501789517746 1.0503966598972785 0.6361776430802906 1.043409782563993 0.5360055292201635 1.0427135916640289
0 0.674789177502269 1.0628915502023626 0.6743989621394548 1.0791079066754528 0.6723080527609302 1.10699001278649 0.6928401057705204 1.1286288719183675 0.7509787979048058 1.146855118398957 0.8001356593672818 1.1617007688891714 0.8099192983429724 1.1379178989082075 0.7939102270366662 1.1258732082337801 0.782857107952964 1.1177448234933964 0.7854344317964405 1.0973579722960567 0.7869132961579278 1.0872138421761033 0.7233856812817188 1.0707491522848775
0 0.6648390585490083 0.914508071446407 0.6637521661619562 0.9463349869291576 0.6737807689817437 0.96419888624093 0.6988037373272387 0.9875280433679948 0.7915067078560439 1.0205025204557805 0.7990711719836929 0.9929862747368029 0.80228279672827 0.9790802654411656 0.7940288311422672 0.9490434099854491 0.785892442236655 0.947987412891362 0.7703484078170479 0.9381687301557905 0.7290321623878866 0.9264079027836537 0.6974264910221519 0.9103209828544943 0.6754048848619482 0.8961916303551497 0.6753950743786323 0.9125065777856726
0 0.6733264208841712 0.9646075017894952 0.6702626825757427 0.9774990980731371 0.6576148790617836 0.9884331269269649 0.650082481301514 1.0238532431082048 0.6510980653879235 1.0493822468852831 0.6656594603943108 1.0605253672239827 0.6754653552540647 1.0609613151358044 0.7257420537767827 1.0708334915234745 0.7875894739097236 1.085283607109545 0.7957142957203988 1.0647554097982672 0.7968225656857038 1.0381977412903582 0.7913588214198952 1.0215169334677758 0.6982015027935171 0.9889510719285554
0 1.0209286337539352 0.5272734811737836 1.088407305555465 0.5247600967093952 1.1233831768910518 0.5285612178183426 1.1487331061704127 0.5388158484657356 1.149716623889443 0.5564409817805513 1.1464524335050443 0.5761234445570284 1.1281101238935483 0.6071628034547332 1.094476797578237 0.6158161596431924 1.0270934465730344 0.6230915845764247 1.0131449748894945 0.6131600591645854 1.0137044542667104 0.6011985366543414 0.9967653091870061 0.5847018301022028 0.9979056455196903 0.5660480320565565 1.0179290281802653 0.5559728183819509
0 1.013831841430417 0.6138644475854481 1.0282346612115292 0.6233873574487222 1.0955440689986575 0.6166191390214875 1.126273110536626 0.6414271605100398 1.130490508884297 0.6693651024220036 1.127067743274623 0.687427354723055 1.0874958253234883 0.693488842580599 1.000563939027726 0.6967505416967695 1.0025078402759122 0.6888324195156718 0.9831811346395756 0.6832970741806171 0.9708906018152405 0.6511613051811478 0.9878074910108813 0.6434391938405009 1.0117409320518922 0.6417465536964851
0 1.0003421093735025 0.6982721612147627 1.053154254889002 0.6961685633733535 1.0951039229134536 0.6954606617292486 1.1163433417364077 0.7041235853388867 1.1146969699721399 0.7479120233318813 1.1062861857724835 0.754154099236627 1.0788765351761664 0.7607358742445897 1.0250078070293733 0.7646711161951245 0.9800995319761365 0.7667177071611926 0.9776255828006819 0.7376525095609657 0.973387685180569 0.723394891592104 0.9944257736217426 0.719899110776633
0 0.8329175448951216 0.7933155898509128 0.8256907304904653 0.8103919325776395 0.8155596313084663 0.8609296529813774 0.8172193267792922 0.8766245512296349 0.8647904359890166 0.875268096965594 0.9005164282944738 0.8766317765019855 0.9400037142384076 0.8684428716630186 0.9619923757254217 0.8557187827821569 0.9651086796736716 0.8370507330176752 0.9592538417392382 0.8176367107502394 0.9447655116451146 0.7870368129875983 0.8980086561400189 0.8017635666036084 0.8399768518969974 0.8098835549972275
0 0.9800148999689355 0.7645902901797695 0.9626757290431014 0.7806248875312441 0.950302320823187 0.7842608433862394 0.9477668738304056 0.7962366176153187 0.9609340364825063 0.8196512850553949 0.9665884223409695 0.8458561738156655 1.0243351425008198 0.8423996349334578 1.0950361278360528 0.8286148646608531 1.104270976223654 0.819428140677554 1.1074496562950413 0.77866869000171 1.0801763250399365 0.7626518575923127 1.0252403254727227 0.7657841201645524
0 0.8171453835612178 0.8771317577356325 0.8220175820824314 0.8978702176061963 0.8177716305906237 0.9378266889037451 0.8129430655317265 0.9465762939008086 0.8640224506641361 0.9482345752350835 0.9426593728290112 0.9422966685494002 0.9526657197647355 0.935941749968387 0.9548626387287136 0.915456307813615 0.9500011289966264 0.8973524714304718 0.941832673723635 0.8883926038741224 0.9378798601866931 0.8694715363938491 0.9003685418583249 0.8776461895139809 0.8634273916962989 0.8764939436112898
0 0.9657536693638986 0.8461661984067982 1.0245676609441694 0.8435126389028857 1.0680808253373089 0.8347880241202507 1.0903670163082415 0.8579342510512857 1.0926503238910414 0.8774753677138246 1.0913941674895877 0.9050474492337289 1.0125567932487423 0.9177762224122469 0.9550951571720633 0.9165693117830429 0.9506773067484222 0.8954222363639137 0.9412197504007873 0.887181008947262 0.9396233093589093 0.868344280705586 0.9617705460711987 0.85724040230015
0 0.9544082906311411 0.9158649233621802 0.9537329911851559 0.9367447293466822 0.9344597294944511 0.9443825014487318 0.9325372058245176 0.9575698706046715 0.940252191305747 0.98588792462753 0.9883097149804234 0.9920267252771868 1.0238031888425307 0.9922774008441504 1.0692183776331614 0.9840457408486776 1.0783792828026884 0.9753662233713762 1.0801209753632834 0.9363398258472255 1.0601804680982885 0.9106433146673666 1.0127893116920919 0.9188892263816747
0 0.9217691708239862 0.944778036352876 0.9318503392835953 0.9568654821838088 0.93787444123243 0.980534338414091 0.9340080163143102 1.0016398297511284 0.9099587552045296 1.012250753369402 0.8633809741971512 1.0149173935177356 0.8133795492742883 1.0166967150491768 0.8005090378002957 1.0102027925030537 0.7989125967584176 0.9913660642613774 0.802441371953545 0.9807004759165912 0.794863584119338 0.9487333853943163 0.8085893478428441 0.9412369594062048 0.8121083125546555 0.9468863184919413 0.8646353739869839 0.9494461701619438
0 0.9382548461119283 0.9806329293715234 0.9345363076299571 1.0007240076965656 0.9213495240112246 1.0099392351175351 0.9240658021133444 1.0238024892566668 0.9248809341237836 1.05612235952658 0.9717972431599654 1.0619653873039392 1.0104292768543859 1.067766830999207 1.062417358181941 1.0686078812363515 1.065722547111224 1.0215647705736703 1.0485606940714862 0.9876401126215811 1.022514087767887 0.9929960409838481 0.9868727274696312 0.99375977842888 0.9406325961852451 0.9859865155849626
0 0.8011326499122698 1.0140490109173348 0.7974354890085514 1.0394093362172188 0.7954924660661756 1.0662770293162602 0.7991806947923886 1.0761812223648433 0.8623065272108467 1.0872780743237949 0.9095711747591473 1.085315822596324 0.9286644836463241 1.070788593044007 0.9311999306391053 1.0588128188149277 0.9239722379286384 1.0569395906237105 0.9248266118723409 1.0239996711715318 0.920060422936581 1.010657875257233 0.9101912736478792 1.01336375733883 0.8633070309790768 1.0154246000237335 0.8134641812814892 1.0188241320306
0 0.7946790906673575 1.0718563008822348 0.7882763404506457 1.0859879955304075 0.7826985327276889 1.1161246130179707 0.7913952793163272 1.1241686585197572 0.8119798979657389 1.1400310641707956 0.8713658143239726 1.1659497474799476 0.9043238411932988 1.1781761972759903 0.9152388843241683 1.1710040475978467 0.9262581804288702 1.1333294200400805 0.9152264389234208 1.1304702822745383 0.9047105433328706 1.086161557131125 0.8625390456541961 1.0883910782932225 0.7996457316790877 1.078407230303699
0 0.9330912662474703 1.0566711501146695 0.9277557874511788 1.0716058241411375 0.9041822520172238 1.0870773791856878 0.915078552487272 1.1314846952865338 0.9647842045378374 1.131734199779083 1.017607038842463 1.1322652254250951 1.029156382874433 1.1315739176486534 1.0350629081428773 1.1262619155173061 1.0573900976586943 1.1220474945621373 1.0521891815919937 1.0764844193353575 1.0411467512974177 1.0709906580823947 1.0102813904182373 1.0687812440112021 0.972410166482813 1.0631769822307995
0 1.0363626980066472 1.1281778988650293 1.0449329357373895 1.142505604353653 1.0412152755612292 1.181546253596639 1.0209486856681782 1.1878738398143958 0.972014532165736 1.1904561407241323 0.9184201993129872 1.1870933096758343 0.9103996304761446 1.1771190291074896 0.918049604916805 1.170679771287879 0.9265646420902942 1.1339352175035107 0.9631253873728222 1.1349888724487696 1.0181460189472364 1.133984026857953 1.0305301159562774 1.132982694490379
