0 0.22135517960684814 0.3006909341648453 0.2052619261045549 0.3464060304515752 0.22859425393354055 0.37847509215197395 0.30354253104058293 0.4085197247791252 0.3677893675488326 0.4388893645112444 0.39760890771992513 0.4245071979934805 0.39009968268887774 0.40611936471358484 0.4016615658560936 0.36590966038306255 0.38768272540002535 0.34486311387313634 0.29844726421706624 0.32084857708136433
0 0.4044514550559171 0.3587440390678431 0.3919909364047845 0.4065187582619923 0.41109143905999834 0.44157154029738965 0.4684281408598118 0.4485100035071952 0.537215146161682 0.44881928055901027 0.5657895143135154 0.4367590888882517 0.5944108738393856 0.43246360885532376 0.5756657061780569 0.3780988961124516 0.5599453845867348 0.35539212024351335 0.4800546123181502 0.3669550693663104
0 0.5628556907557616 0.4384894619866828 0.6104621637793065 0.4322780488683025 0.6518676422911049 0.4350296907137512 0.6632718035546161 0.441718253128135 0.7401229453661264 0.4271298908346776 0.750194727099507 0.4720592436745066 0.7377927380760139 0.4899853536021645 0.7003630743572649 0.5240273386088184 0.6210494146733487 0.510702131262457 0.577969190906296 0.48961980933825827 0.5682086507412097 0.49611906604769773 0.5649155809938964 0.4860071097082191 0.5579015172586327 0.4639807322478846
0 0.763147150586443 0.3900457718521669 0.759445625654395 0.41580157550257363 0.7611709641223812 0.4769453413075131 0.7961828756309929 0.4740665542953977 0.8142470798037169 0.4787373874822567 0.8988747613612764 0.4743517493471077 0.910247798467958 0.47589745080656476 0.9164487929797045 0.4669343958427357 0.9363977975505137 0.45573834720523426 0.9437580681568531 0.4316112427658297 0.9450962752374471 0.37710677043221685 0.9139415094450307 0.3799440585685597 0.8662727881078268 0.37586974977708637 0.8290531795319085 0.3757141728806297 0.7825009550315409 0.3838603174749898
0 0.9381775703771835 0.45697024633242905 0.9163184688019232 0.46262663393119635 0.9079720255365289 0.4788410468963069 0.9120159161937007 0.5096567137500952 0.9227198497600853 0.5384546513763587 0.953446691311865 0.5338148984586387 1.015353595262427 0.5477444002676705 1.043339787934848 0.5553665996115563 1.0571500463075694 0.5634193278477374 1.0720203807539317 0.5571431056517303 1.0932648131475784 0.5188270875420248 1.0905474744700738 0.4660343121709593 1.0220427759239576 0.4644082614993061 1.0078979657810878 0.4699816513465282 0.9717695574356398 0.4606399849728103 0.9488931590444951 0.4532408201423568
0 1.0882617117258233 0.4350410621993294 1.0798266734661897 0.46382935632274686 1.0883246740267802 0.4646686577643679 1.0929893590076076 0.4857150419383 1.0919865425452115 0.5122516672136099 1.1028440067863097 0.49925973880554914 1.139445105200727 0.5108103313567953 1.20142950382426 0.5258107503537862 1.2443970452725615 0.5320187037671965 1.2546662693956547 0.5179472512747121 1.2529905241765509 0.47173896983697733 1.207116514892948 0.4658725306902811 1.1683426229886134 0.46055018905812223 1.1371116543541726 0.45204425645697427
0 0.18876163775033755 0.374540736891744 0.176211014229126 0.40092460125913026 0.17514300255449106 0.4297333550275617 0.19335650335977078 0.45476685727328103 0.23943494505280388 0.4731294858383896 0.30122530992088753 0.497948989390715 0.3483610794460391 0.5173196143523664 0.3741292113041329 0.5431637872523268 0.38459905155945945 0.5045698442180503 0.369676998080168 0.48650911291420434 0.3744340628892999 0.45141701438808807 0.3569426869830755 0.4351678275733484 0.30041043079849056 0.4106740167950547 0.22605159577461809 0.37770733823645813
0 0.3754057992901374 0.4382821431585824 0.37158125656223295 0.4853418314114842 0.3838145237849585 0.5012653254521922 0.4095024061330295 0.4980582556436164 0.4634992122890334 0.5141695250372121 0.5284330301763789 0.5372987285704834 0.555627565198006 0.5461804929587458 0.5575995684767748 0.5246250397084172 0.5663131445567628 0.4958614491377882 0.5581665362770428 0.4603984946398376 0.538498101831136 0.4476131116971333 0.4717117444946548 0.449988143166435 0.40698298186822324 0.44495058901145673
0 0.5776477620966131 0.48962326757790603 0.5663131445567628 0.4958614491377882 0.5589296963665108 0.5233365137356448 0.5576227570326101 0.5442477039995873 0.5722434799771904 0.5598906684640658 0.5808162245425128 0.5868117964711412 0.6142352627272178 0.5977927574864169 0.6306746527225819 0.5981255728221264 0.6484156401305885 0.5924555729763807 0.6987911379487992 0.5944620153800525 0.7232398257596734 0.5917779640878108 0.7334208401936075 0.6002056686703112 0.7396506852779439 0.5873964902148373 0.7473639944800009 0.5670534816650313 0.7428725669364259 0.5355012682832003 0.7001765059219203 0.5233459032035269 0.6220323424897534 0.5123364519415405
0 0.7520514936216265 0.4730933902654047 0.7384774146666483 0.48827517236244367 0.7237550745270125 0.5032144655193781 0.7225675990227447 0.5280744375355652 0.7445040253608732 0.5366305091497956 0.7494786501442378 0.5690694744581172 0.7667364403124547 0.5625127226858809 0.7876779416939104 0.564581001238447 0.8298961473898845 0.5609412393091425 0.8686071666564403 0.5620538072246458 0.902543274479287 0.5637274342926079 0.9102672675238603 0.5135676755778273 0.9019102620619683 0.4749214467840708 0.8152682616532436 0.4809504853060322 0.7959296882191418 0.4752971584113784 0.7602997190964021 0.47797408714194245
0 0.18534720554426076 0.4577837239012324 0.16941420134452168 0.4779603247831837 0.16843712302242597 0.5060035710951767 0.19060713509856186 0.5373655812963833 0.23608291572217255 0.5508926761827565 0.25774654200268343 0.5617452701663024 0.30294952256867647 0.5775688874219909 0.33244057995961906 0.5869356296904621 0.3479706364295912 0.5949235195905563 0.36138069531406813 0.6158037917800515 0.37350518254967746 0.5979617539035406 0.3853229973293172 0.5926103242701491 0.37065055535180796 0.5526304063058175 0.3719236222873567 0.5419133019156793 0.3533463880719203 0.5199418294957135 0.3017085071606772 0.49883574131720576 0.23858801440285743 0.4753047637376526
0 0.38716837398639237 0.502758299728944 0.3736121416659913 0.5524711211996404 0.39722640354023797 0.6014017622628064 0.40719702079200015 0.6066461925495007 0.4172015104421143 0.601696536962391 0.4749444306868025 0.6209530400156676 0.490445956679681 0.6242266407070788 0.5314820287926456 0.6305384757114741 0.5578973779610301 0.6212073462513911 0.5780650354105014 0.5901543558731244 0.568076571524162 0.5503788862127725 0.46407334288136226 0.5142907695072644 0.4097752061906471 0.4957617332743011
0 0.38429419997429237 0.5963166170822891 0.3690316016406796 0.600940579895367 0.3592892282056666 0.6334104632781358 0.3570782972676323 0.6470683530239755 0.3847168152094389 0.6819393302950201 0.41450920313509276 0.693723839402859 0.4681137454038462 0.7081828494135255 0.5119580676030095 0.7205807034333035 0.5209622903751925 0.7240516298670165 0.528960904348186 0.7508515134040397 0.5403579247634817 0.7391335351790361 0.5524824119990911 0.7212914973025252 0.5592007962444752 0.6944606956910547 0.5672778388566888 0.6710556573154949 0.5543224467349078 0.6463478478438074 0.5281567090683055 0.633759790643405 0.488541698197616 0.625393922209799 0.4737052361496056 0.6214760585320017 0.41901483557163993 0.6012947629161094 0.4074074179741722 0.6098294668453069 0.39837466472489563 0.6016442512029109
0 0.5723807904414003 0.5983704895899676 0.6124219375976921 0.5981945315326985 0.6308565194276603 0.5965945579092496 0.6479324428907988 0.5915688210498901 0.7011785936706538 0.5941814858038231 0.7246894174790423 0.5944382198672827 0.7364733598603301 0.5992808761076956 0.7436250431833773 0.6282560375439818 0.742255700974031 0.6546470244730458 0.7304040137960395 0.6701925399802415 0.7213552347829881 0.7067324495853073 0.7026193224183087 0.7059146563693885 0.6594400641640134 0.6928725393632243 0.5984912880246179 0.6807861329941232 0.5759468586958087 0.6823029027836448 0.5676701027439394 0.6727079166984241 0.5536288523129462 0.6422778216215107 0.5433854350035664 0.6393299137041314 0.5482851521981666 0.62780926122143 0.559045639145688 0.6214498351914957
0 0.7523493031058819 0.5696756968083786 0.7643489845906002 0.5627932522621102 0.7866206138617917 0.563573004841904 0.8301974779245958 0.56335900614851 0.8702386250808876 0.563183048091241 0.9210063867863488 0.5668417498778419 0.9271185889118545 0.6293399542912425 0.9085306708539018 0.6371852320362512 0.8599346257668646 0.6449711014601022 0.8097980556079196 0.6508622225609195 0.7671875860246948 0.6528497251072948 0.7457058264492624 0.6404661162108721 0.7456202350179814 0.6263232485848234 0.7371384238051983 0.5986366131213096 0.743885338527676 0.576520100718522
0 0.5608661270672743 0.6853958506838457 0.5761572558779807 0.6854861770794507 0.5964960961900138 0.6827189219532818 0.6600141947563422 0.6929937838332766 0.7025283890657695 0.7066801638258271 0.722594429320185 0.7062094310689733 0.7404156662382142 0.7295906739317636 0.7540414642261214 0.7387458453345777 0.7607723531848245 0.7613544581792518 0.7523939800378995 0.7823417297154442 0.7390017677879996 0.7959924968996063 0.7270876777345625 0.8170178090719232 0.709227226496923 0.8187390271654246 0.696305706773494 0.7838371318199329 0.6134722233288991 0.787531607336454 0.5804169185543507 0.7734886164954246 0.5672404454078812 0.7754142828929053 0.5582415645569565 0.7570349813767051 0.5566154480537675 0.7409973654276228 0.5523005452940126 0.722822512215402
0 0.1566710272757152 0.5356919542284212 0.19099939898581236 0.5390178406793125 0.23714024355429109 0.5519006725792995 0.2575646752976051 0.5632762850791793 0.30370551986608374 0.5761591169791662 0.33389017167898793 0.5895958854699345 0.3433490612138669 0.5892392746214551 0.36249508410037395 0.6262403665939603 0.3519343104925081 0.6655998170846753 0.34836472118764406 0.6758319435946044 0.329145611583175 0.6741273984521952 0.3229442969759324 0.6916508661163521 0.3169070024391911 0.6731122794939745 0.2519731845518457 0.6499830759607029 0.2345674000769023 0.6478767567720122 0.1959241256070503 0.6263760171089001 0.1716626464225129 0.6126206784057776 0.16293122370794755 0.6068532296027492 0.1567120624661278 0.5898456578932488 0.14432545901541743 0.5801674679741007 0.14146014797503148 0.5646528705413522
0 0.7304040137960395 0.6701925399802415 0.7676707832644845 0.6537364770337856 0.8103721862002484 0.6509834670309718 0.8607815564168111 0.6427958235608391 0.9136978461848612 0.6382764322667215 0.9186724709682257 0.6707153975750432 0.9248006988575064 0.6884884767409822 0.9161548675742219 0.6968638955640026 0.8973512104128387 0.7164342740956927 0.8853176565297687 0.7335108045157653 0.8622561575628179 0.7443349082526005 0.7919911442740117 0.7561765587753927 0.7602891559450348 0.760467706252761 0.7536492003388711 0.7370935859516486 0.7423199247202791 0.7284233924290434 0.7214461681355273 0.7059669421288688
0 0.75926035859001 0.7641739990649011 0.7930484721061303 0.7571845551719357 0.8622561575628179 0.7443349082526005 0.9003306433615992 0.750806028363173 0.9283721090331729 0.7575125148521722 0.9364331258816119 0.778832601724074 0.9377525699288316 0.807360825916276 0.9275323411752872 0.8240355822900671 0.9025273694066613 0.8611294284859138 0.8826325120148077 0.8898858964948652 0.8746677704401662 0.8528919270840376 0.8225413503678752 0.8458074620615262 0.8013555794058957 0.8507499950869585 0.7771511611755455 0.8464232348012019 0.7391676087293033 0.839186607234191 0.7292023333987994 0.8190338018650093 0.7389393649125541 0.8014722935647276 0.7533603745174787 0.7841152335684255
0 0.1400854638444271 0.6059522325529033 0.11789408408325819 0.6342237226816455 0.11713274486459269 0.6505418682069574 0.14389045975810105 0.6977822092510694 0.18317026769572736 0.7139243967191121 0.22782764814648532 0.7343410587134312 0.27124583406004626 0.7552807392240845 0.30590406678194837 0.7657386817230263 0.31458911238484283 0.7322608019437143 0.32028404119646037 0.6942279180618965 0.3182656608060208 0.6765380427298849 0.2532123790890426 0.6494600574443691 0.2335386027218775 0.651583049584152 0.19459399771731434 0.6276645430816725
0 0.33020293941529344 0.6751353948487381 0.3200112411388428 0.696524440431212 0.31479950956701486 0.7354440762395204 0.3366681911084396 0.7643883196013594 0.39528657248016785 0.786183833964056 0.4550246845594601 0.8035075480581743 0.48901785333649417 0.8146097535435022 0.5009319433899314 0.793584441371185 0.5108454996875063 0.7894002932405138 0.532787267946893 0.7830479897722569 0.5278126431635284 0.7506090244639352 0.5191489652456668 0.7244534039132983 0.5136804593799961 0.7209444368434603 0.4668460203895557 0.7039915787211765 0.41411693924784226 0.6920715800199299 0.3852909458017678 0.6820605747650723
0 0.5003578127976025 0.7934631969011328 0.5350837903162082 0.7835329676524659 0.570804692791487 0.7800905314654635 0.5835889020507061 0.7765126056850535 0.5982434973936382 0.7819614842757275 0.6142852815804936 0.7955504153109952 0.6238065739908181 0.7897140077973948 0.6965785068311117 0.7815406094506173 0.7086530959045942 0.8186177826953723 0.7030544423667742 0.8409767840382644 0.684705451968087 0.856719625287762 0.6578015636386545 0.8800723779038417 0.6390656512739752 0.8792545846879231 0.5633036016424045 0.8828729789321946 0.5360466637453318 0.8794710112090535 0.5210907378676884 0.8716043657790119 0.5038721620190818 0.8530586565949569
0 0.6831017944487725 0.8543466686980598 0.7004219874924349 0.8423101202607021 0.7414009986512122 0.8391933768477314 0.7811978762269801 0.8460282303684608 0.8019860413804509 0.8543418130425865 0.8196075649588247 0.8447230314445964 0.8769011603620751 0.8528986966975781 0.8824784462148623 0.8901731956846349 0.8821664318376345 0.9175721790102419 0.8468663237266999 0.9273811637888564 0.8328714504073775 0.9361963972942832 0.8117998013537727 0.9599960871544472 0.7720029237780048 0.9531612336337179 0.7135895976671902 0.9494573686493147 0.7042840443602962 0.943568675376234 0.6848598794949132 0.9237724808555313 0.6814489683392922 0.9128509281614136 0.6741439487882603 0.890121070846687
0 0.8342932412216136 0.9401003687968624 0.8456902616369093 0.9283823905718588 0.8831959587646201 0.9198238911298917 0.884804228633232 0.9013304677053169 0.9057796024130396 0.8932046603840789 0.9960090387612054 0.9114745347258455 1.0324805966126331 0.9215307031785055 1.0417469355999172 0.9525218574078776 1.0356650848223075 0.9739941068242791 1.029009103452369 0.9953451117706281 1.0208749998859679 1.0093215717288222 0.923807715462785 1.0139337172462812 0.8860630906758085 1.0145946531837593 0.858021625004235 1.0078881666947601 0.8462715550212989 0.992851424580543 0.840052393779479 0.9758438528710424 0.8229247512834116 0.9565326362305487
0 0.9421032596050527 0.8035109747905728 0.9028286999413726 0.8635471953252815 0.891852473890421 0.881631722141897 0.9050236051156322 0.8946144308269033 0.9418588963772168 0.9016085694538097 0.9989706250753888 0.9113152496196683 1.0327533966702507 0.9192341808091903 1.0434693273769038 0.9528855908180346 1.0626937789026312 0.9396817608779567 1.073851871658661 0.9200662191484642 1.0748521385365921 0.9116456371276414 1.0881248869568592 0.8940460881912348 1.1121527804033893 0.8849954883073808 1.1032448329050037 0.8658506793347422 1.109440805590988 0.8632355867530727 1.1076328223827205 0.8487289857168671 1.095911282876878 0.8384065328113328 1.0774196400927227 0.830577928017416 1.0598793093575272 0.8341776197519772 0.9855185598155402 0.8130415596575001
0 1.0793095600266391 1.3473143798168483 1.1710584293178223 1.3666898375676393 1.2404582150637173 1.381345632532981 1.2795782522271455 1.4072916723306097 1.27726228095381 1.4775413854139858 1.2559616151699409 1.4842970264176731 1.2368271820177297 1.4931178307703752 1.173250281362133 1.4700455085829016 1.1079966584011798 1.4610883970556099 1.0519084207171976 1.4460283249596977 1.043371339984164 1.4265407710789997 1.0563796801981495 1.4083877631992126 1.07138983921348 1.3726134633345837
0 1.0306173468066793 1.3142772811539327 1.0596943702276196 1.3250434082998443 1.0710035626859624 1.3320573381620335 1.073978017998189 1.3581266281249977 1.0540082847783996 1.4094173912234114 1.0285258346802983 1.4341028361754713 0.9762444809406596 1.4288441777045302 0.9276154900474959 1.422043990974921 0.880410659440028 1.4178573888707573 0.8548940367333272 1.4136252232884612 0.8478651974370839 1.3924818103389456 0.8510734942324055 1.387377257264367 0.855771613142071 1.3259229514949296 0.9185659893699811 1.3229940003739553 0.9549056935702596 1.32372969743184
0 0.642431506850065 1.2600544633781858 0.6820215527592768 1.2626329809321823 0.7501105489924285 1.2735427170677738 0.7988735469314393 1.2792147875457898 0.8257722850102243 1.2791131641828415 0.8372496571230137 1.3139165883277932 0.8579078535706146 1.329843328433099 0.8471110723806243 1.384227644455532 0.8326776729541834 1.3962130148093026 0.7500711874673676 1.383393901886101 0.6639043012663124 1.3640408273992826 0.6592954611003314 1.3006210849574191 0.6353448780301858 1.2759041507853106
0 0.5872676599304354 1.2206510251219962 0.5641132468303609 1.211135630403992 0.5061145361811203 1.1992878037326087 0.4699216824884957 1.2155290570854533 0.4440450835578648 1.2216286138286285 0.4304998162337307 1.2407400338142194 0.4364145542495844 1.2639610032057924 0.431598172904096 1.2826029512994925 0.44976015269922315 1.3049410367921004 0.4853799044516417 1.3263401785009268 0.5477223423233862 1.3418184395277077 0.6541953210531244 1.3654597394816372 0.6623960511533933 1.3475324956324553 0.6584493739116364 1.3004424088962894 0.633384689561101 1.2778030311662383
0 0.2712330724960014 1.150441829504727 0.21934586758889235 1.1637690592426706 0.19781009473254785 1.2355445909308964 0.21410384819082579 1.2517060669821476 0.2356501767407334 1.2747588567192738 0.2850332926903567 1.2898132093322972 0.42717594039113715 1.3198307876020783 0.4438375423783573 1.3036903043641928 0.4307520857154009 1.282424275238363 0.4368165753871261 1.260576654451012 0.4283215308915753 1.2298722833053592
0 0.027376037887335225 1.115134103543956 -0.021034856132757906 1.1211005477041343 -0.04101246165755934 1.1943615477662128 -0.012697435598090778 1.2188437459923764 0.04149418939200883 1.2372263874753646 0.1481011751675942 1.2597395711777004 0.16333074456410634 1.262955740278034 0.19201361915251713 1.255135979215061 0.19874814405347851 1.227647777169742 0.2179217073031966 1.1611554746172241 0.20870671035978583 1.1511145481225138 0.10302990160011893 1.142674787622689
0 -0.012978688771899338 1.0094730986811937 0.03316195777380282 1.0007143938344394 0.07653837357533677 1.000623266878174 0.15522448212398315 1.0172401405632314 0.21097427444562566 1.0371082504200724 0.2606674494005551 1.0568537441005994 0.2477344277820212 1.1073176831848628 0.2360153418811246 1.1256583390411197 0.210934912920565 1.1469594352383992 0.0997795598911857 1.1408319671265768 0.026663957744487266 1.1138273112312327 -0.028725858353225275 1.083627479048921
0 0.2708204956648966 1.0589978568341551 0.25896740271815266 1.0784666289420055 0.2530369200922747 1.0991861334777633 0.24853059775209252 1.1225192226389673 0.26459838203228764 1.147884304764096 0.3171398775586086 1.1728569676955158 0.4332220020642872 1.2251250823530402 0.4444471046954065 1.2182442650738479 0.46796149401941106 1.217427937466381 0.48467301322525497 1.1862645908355207 0.47258671800929897 1.154541310800114 0.4458107920689153 1.1410523916669169 0.44377438607761927 1.1070862879427978 0.3625578882678998 1.0679631491106862 0.29740917473837536 1.0542050924037032
0 0.4855584619390108 1.0765920820783235 0.45518341297320974 1.0840544910190375 0.4491189233014845 1.1059021118063888 0.44829465376256844 1.1418056733046498 0.4739116347608269 1.1548211057310038 0.4883253760717299 1.1847230625768526 0.5072584080616098 1.1988050174098388 0.5772559817819257 1.2132248786270812 0.6367085654036946 1.1987122773783796 0.6606249758652407 1.194511601016132 0.6755103136478472 1.164119018514606 0.6642089934945167 1.1351348516887516 0.6414566015319838 1.122235108215967 0.6310434134809602 1.1003769910219328 0.5552476704173169 1.0959346601584585
0 0.6756502362353703 1.1629321487981852 0.6635247301835678 1.1939675532096463 0.6386282254874792 1.1991176697623576 0.5952938545995569 1.2061561702893138 0.5998685221569382 1.2406583021968216 0.6256452866503215 1.264604472239596 0.6401207309903741 1.2595664754565157 0.7527422892190608 1.2752549017644752 0.8007511621016121 1.2726728063590773 0.821953259037614 1.2621168444943438 0.8257974184535721 1.222454099627442 0.8148560745241716 1.1831382104761163
0 0.8532051076407858 1.2146198493354705 0.8262713204906222 1.2156352836158857 0.82780207735846 1.2662332328480355 0.8348845939991827 1.3124175224395445 0.8584116861998299 1.3330269693681494 0.9191662842765808 1.322395560321273 0.9568558173324456 1.3225343012096074 1.029313032016066 1.3121398115542526 1.050354891200492 1.304294048196223 1.0473594058949918 1.2589728548322048 1.0417340122447165 1.2287372925408513 1.0159654050016653 1.2199438516167331 0.9217377696383953 1.23020974098004 0.8685175175086859 1.2267912344272407
0 1.067842787680621 1.2487747221832248 1.0489053736572598 1.2671198377277808 1.0626083797589438 1.3281088200469817 1.0722877905293533 1.3312701260156852 1.0812310343573244 1.3476825515025983 1.1754916839356822 1.3653540146894318 1.2408841852992372 1.379163554329283 1.27388758995878 1.3693749603173233 1.2761925410051322 1.300594374189829 1.244709695339985 1.2693671153789372 1.1935126490467352 1.2630242222489567 1.153370897189737 1.2623676236241275
0 0.11787484768310896 0.6950778982238693 0.10356059975843523 0.7202065221750925 0.09220593492747303 0.7507665016760711 0.1278597754325989 0.7974332989695969 0.2048759676664641 0.8253700925462525 0.2564307155845986 0.8465567135980586 0.29696776213006204 0.8434447252646038 0.2995684985171744 0.817215694402346 0.30304446842247645 0.7836186542718685 0.3096048422587749 0.7760779849791343 0.3001691261933377 0.764472651500553 0.2706092010478335 0.7575435867097213 0.23875119044384918 0.7439496172316624 0.21686089852214752 0.7331472450039019 0.15631819629084864 0.7052562014667915 0.148280367998245 0.7035587788860598 0.12604684517519932 0.6913106796982361
0 0.31389209480405 0.7659974140567704 0.30581995398178746 0.7862646448127938 0.29985712690250366 0.8234562434443903 0.3204447135400986 0.8538955452018678 0.3676373164105872 0.8727877280032453 0.4181623716246894 0.8896371681748624 0.4536960654736315 0.902634121983224 0.4753772956934756 0.9065261261445569 0.48553378609125986 0.8990582602065089 0.5024097836922862 0.8827100869269596 0.513918907709091 0.86385529757439 0.5051446892788851 0.8510164149583371 0.5008714592769129 0.8219625012891719 0.4833433124028572 0.8134545673118403 0.42930170731074097 0.7958625047611531 0.3942157752140718 0.7877664619460684 0.3329819369989837 0.770028792686008
0 0.12720457940156737 0.7958392968233786 0.09065243200418627 0.7914160265271275 0.08036302589552596 0.8156093967408006 0.06867137648532168 0.8568095130624965 0.1199013138160277 0.898938169687884 0.17117242618232437 0.9147092423091655 0.19531586806108364 0.9247515137204777 0.23037590115407575 0.9313315191173999 0.24963112303805501 0.9461091234786506 0.2743774020387596 0.9562787015835174 0.28267294575857294 0.9176571831110888 0.2815683605521697 0.9009449930581072 0.2959877555116019 0.8627927586919668 0.2842829761524127 0.8520814898347107 0.2565524685429301 0.8462253819311863 0.20274457066773782 0.8257988616958287
0 0.3184237750620127 0.8559955333567423 0.29776630987648944 0.8582246751035143 0.28118083145418393 0.9198139182117601 0.31200978665891677 0.9568103644270215 0.34621049957041344 0.9706244152872873 0.3795874583186842 0.9809687214434017 0.42682967087169627 0.9942410815512783 0.4600811925988525 1.000439166867536 0.4830245692510424 0.994573031055127 0.49642364098959524 0.9702124114799678 0.49407781552103197 0.9639493982073707 0.4854171787725175 0.9588246664870063 0.48212777113693495 0.9292918938337897 0.48400741453930973 0.9082662335794653 0.4567842640316062 0.9033412151987563 0.41918744542971853 0.8921057621877577
0 0.04447554153632938 0.9044324133285135 0.03703931799801147 0.9358198863375989 0.024619394444747422 0.9727464751258831 0.06842993528909896 0.9993012232505215 0.1367414901092473 1.0120793139637014 0.15454016370710705 1.018309863258129 0.2219268753265422 1.0440757859330299 0.24121766322879096 1.0481496001267858 0.24827196668644425 1.019977258434742 0.25354771577921004 0.9963730003311504 0.25962287105157456 0.9556346894259815 0.2499175630985535 0.9436977749908694 0.23380196384541507 0.93370292493725 0.19401471379702695 0.9253006831626281 0.17047410904021287 0.9153857184448709 0.1165052081256367 0.9015167675371512
0 0.2619387395191895 0.9569476990294614 0.2538341558397085 0.9939616518433695 0.25119067227600445 1.0214175747317766 0.28208515049995514 1.0526602344486606 0.3222543206290079 1.0578473449062409 0.37342995297513837 1.074422200356783 0.42162135671249085 1.0953105260086673 0.4498947874420221 1.0913939332675124 0.46301302813739764 1.0537908683435226 0.46575760073858896 1.0098773687892433 0.45757436409090524 1.000733722922577 0.42774890505508834 0.9969070434261692 0.3958940176121549 0.9893560058385004 0.3825960349110894 0.9972590487477877 0.36248710186293587 0.974061696013269 0.3132454179037557 0.9620149814832484
0 0.47363004934214703 1.0008285656379623 0.5114889600209059 0.989048872655451 0.5538186045955108 0.9864527682075376 0.6148361999504192 0.9878031712598251 0.6338648957757966 1.014892131447091 0.6669909804818385 1.0169439959234918 0.6841212939385352 1.028801025022742 0.6887118558381744 1.0577846282338077 0.6752229130967765 1.0672952368016155 0.6465020392673628 1.0801807473581897 0.6313955452004615 1.0877018701868122 0.6184139595608428 1.0981435682774354 0.5606015098559931 1.0958221330344016 0.4848050355302725 1.0732239203188494 0.4678001590946903 1.065513112059456 0.4619028339136732 1.0527324721271525 0.46667683492198103 1.0125433306641343
0 0.6926798194182628 1.0549070487149839 0.6767974398477641 1.0690579904696504 0.6385566090883406 1.0840528147692032 0.632552585852515 1.1033835453393832 0.6437144420916556 1.1238675148413182 0.6666522097265244 1.1336551728655204 0.6821413477422517 1.159328167199793 0.7137865865987087 1.1638345233906422 0.7704305274909251 1.1757965485586286 0.7935146744256312 1.1797386721666518 0.8160244548300213 1.1826267321639405 0.8518901813500349 1.1712345201115781 0.8543918026432634 1.1403595770085324 0.8556479048156522 1.1101543754224703 0.8532084345195418 1.101244286066488 0.8333606554199264 1.0877251537325787 0.8141479987145457 1.072785530546144 0.7974108425015645 1.0664526824404992 0.765945754626553 1.0604297548736872 0.7186760624214577 1.0520019920738541 0.7034097944254007 1.05095453472676
0 0.6387594081909542 0.9577613951159553 0.6266391448677076 0.9730084573913776 0.6229757435395226 0.9900414334721196 0.633207177251166 1.008446727075891 0.6374753616148842 1.0159084092266684 0.6670459833360377 1.0174671609394887 0.6856412875641047 1.0285792269205893 0.6878751135977335 1.039360054889846 0.7039675737156774 1.0518179521657387 0.7204738557321686 1.050930183043159 0.7677503691814598 1.0612263985484176 0.7905705519963835 1.0663579444004547 0.810806257327171 1.0656329587616125 0.8193624907257858 1.0586927508632316 0.8378711834001298 1.0429204122846507 0.8454812137756906 1.0242217089860113 0.8422734903300478 0.9782467865578469 0.8320512880813912 0.9676533593069584 0.8115167436435111 0.9630044928617641 0.7705314147834025 0.954974035046484 0.7106455626632193 0.9482629222977575 0.6818784667847053 0.9537465854090557
0 0.525770127551764 0.8768019091652824 0.5028338113247601 0.880053145337066 0.4860382022916928 0.8973217448265448 0.48319909571958886 0.9285236178064956 0.4849254427055787 0.957798580463111 0.4967036598243868 0.9608641034447228 0.5109912437474622 0.9829622047880436 0.5552347691944972 0.9865234406782531 0.623281720514037 0.9904858032431539 0.6273400406505598 0.9745748077478726 0.6373669521740661 0.9558767997693565 0.6871350029569313 0.9530879983604214 0.689149044797146 0.9251811361046861 0.6808931196314716 0.9107170826341667 0.6752463957073125 0.8852398807394067 0.6733321883043455 0.8831010162091925 0.6576585528566798 0.8763218222929486 0.6402218033561943 0.880734452862075 0.5653811959177816 0.8828541135046243
0 1.1037827593796938 0.4975599536636717 1.1402065534071957 0.5121903978629373 1.2006347838759734 0.525529794359504 1.270927024060592 0.5397958493074682 1.274060445027978 0.5572255913223517 1.271778389096069 0.5873886860812738 1.2568299839430448 0.6073602082267638 1.2441097813508 0.6231766174881392 1.2160548970780134 0.6184084237224542 1.1162166088119894 0.5973246485091556 1.1066836805582603 0.6045628179106072 1.1053133736436944 0.5759412514103533 1.089287634277111 0.5575235428559152 1.0744811084749462 0.5543967117861464 1.0951800081418832 0.5188715462676341 1.092465694616339 0.512516260765148
0 0.9264999402805232 0.5370231482298389 0.9196984118566383 0.5650754084009545 0.9234979319007541 0.5878496876397032 0.932663011625541 0.6129134775273883 0.9529021006313003 0.6177657611202968 0.9772586409914938 0.628113228055792 1.016823728291394 0.6382031773062758 1.0363507371543053 0.641748668586461 1.0607742810374223 0.6515320773961596 1.0782570116040258 0.6430817019158913 1.0918692824510834 0.6234062238045036 1.1059466418061006 0.6107674572943713 1.1051925167496406 0.6025132914109576 1.104534289977923 0.575198517223427 1.088931594205687 0.5568701466995537 1.073098993102862 0.5587305007313906 1.0592686253827337 0.5656393479529908 1.0418817931008721 0.5550291151291422 1.015720093774247 0.5489260991083263 0.9524645651908836 0.5338332201462124
0 1.1154375251462179 0.5965819143222292 1.1081748443668795 0.6066123444102566 1.106524714903101 0.6132023658586879 1.0922253225225074 0.6240596199608651 1.0771429103236363 0.6451592583579486 1.0834846280863435 0.6574844472982538 1.1035686875894495 0.6599911603574102 1.1038918967465496 0.6901262251739245 1.1347530566771158 0.6931742146198113 1.1769693901321423 0.6991983890167454 1.212438048534414 0.7072668417099873 1.2371296065092254 0.714794018016499 1.2460384805998361 0.709158684961873 1.2496277760758936 0.6971960963471685 1.2753743041131833 0.6812395373737544 1.2693294952039884 0.6481615657519423 1.2699824441289247 0.6280621792267967 1.2465810393939618 0.6242767037973249 1.2143627227006233 0.6180510716001949
0 0.8558632228517045 1.121668125272588 0.9201548012566536 1.120667662624065 1.004927858433202 1.111316367552882 1.0564973642463096 1.1253758012639958 1.0627144008695377 1.1450690493659483 1.0631104608952626 1.1977584867031628 1.0492175642223929 1.210669714933226 1.0137962131887284 1.2247388233581924 0.9258044684465281 1.2251709361044687 0.8686659976482939 1.2219777435579342 0.852706508272626 1.2122693825882578 0.8386105316065144 1.1788699747731943 0.8527698544812269 1.1717192533511716
0 1.0623198115471526 1.1563942065304071 1.0631104608952626 1.1977584867031628 1.0517061047231673 1.2137304622242804 1.0777623338119424 1.2464866032643982 1.1759012205897252 1.2646762809744267 1.2260608345955537 1.2625928550036996 1.243952968221428 1.2600332545182586 1.2697830734700781 1.242671064383159 1.2695252765256528 1.212827797826485 1.266439066709252 1.1747815716547623 1.2232669387532467 1.1580588563941179 1.149921281595677 1.155245871074273
0 1.0466339069274038 1.0643489981184653 1.102945740644519 1.0584943549851038 1.1642116115162997 1.0549535113037614 1.2178376100714479 1.051700699461575 1.2643565887136476 1.0602569330746263 1.2675436031749987 1.0894511800180762 1.273802412863285 1.1288011982545252 1.241943936395182 1.1448903214540762 1.19436935290637 1.1532238953619014 1.1286866119123167 1.1539305733329905 1.0963456853630043 1.154072693302323 1.0690365567664246 1.1438689383653113 1.0564008742300675 1.1221864006179523 1.03687419566013 1.1224994047480081 1.033173058013268 1.0976332191928835
0 1.0151915929252286 1.0089060647819745 1.0352237654232594 1.0283477590122267 1.0426764430394577 1.0736541405083397 1.0274888737937249 1.0894609847070125 0.9941888324140423 1.1096823128432654 0.942440761157917 1.1171345327187876 0.863333158982737 1.1188089872714346 0.8534293993021137 1.1021400084930808 0.835348600272464 1.0862794278121177 0.8220288583649964 1.0663538452910863 0.8245217134944798 1.0573732127078241 0.8396358365708537 1.0421846629931981 0.8461596017576418 1.023280593536015 0.8489462415645592 1.011826783016567 0.8569533447279851 1.0084472787571788 0.8855341020505441 1.011947722595491 0.9240733360049098 1.0156497757237044
0 1.0426279301436798 0.954600442734247 1.0276616453034015 0.9979686020771962 1.0223182736182426 1.012349768901186 1.0359938946058864 1.0288086553965685 1.0430376548221947 1.0613153035608682 1.1047078631950784 1.0593138703277523 1.1997532606852532 1.0517590540706179 1.2282233729379874 1.0354763355315173 1.220884466789645 0.9932138736263783 1.2094455362459322 0.9854667920365371 1.1793598448664133 0.9786286439298166 1.1203646217580627 0.9642313797294016 1.0699923698067817 0.9506857596388666
0 1.1279391351542074 0.8698654578887538 1.1105775639826243 0.8783159105484831 1.1153526896464276 0.8870791060573323 1.1041351185517407 0.886648884773121 1.094894335499478 0.8909981883819843 1.093061821001117 0.9003046843808652 1.086380394355944 0.898409031435687 1.077585629623686 0.908183941634273 1.0740714730149348 0.9224667264809184 1.0754095279749492 0.9387435462500866 1.0790999022363374 0.9535784300453063 1.1217830620449925 0.9645309248907074 1.1895312075111666 0.9817459732072354 1.209501700963677 0.9849939786075604 1.220754515588892 0.9912477336201451 1.2238270779550877 1.0112835651341086 1.228002013488962 1.0281594752258878 1.24465436451708 1.019559249985506 1.2705298768321969 1.0036979542720739 1.2788191591047517 0.998178364934278 1.2846647138276601 0.9887499912710339 1.2859520782583411 0.9381310594542388 1.2584819080036567 0.9245751413645 1.2049776295464816 0.9006746172105147 1.1901049277209337 0.8912330458594561
0 0.9837524073636963 0.8120532146491516 0.9432017026902841 0.803489747096533 0.9384747799298354 0.8072812410966979 0.9366666051981389 0.7793014699833 0.9283917556564428 0.7567985313396445 0.8904416101273616 0.7465034279163447 0.9059501118557922 0.706671003546448 0.9242177864380693 0.6906502706342653 0.9413337775514559 0.6903874188477923 0.9987387667976886 0.7151116921953683 1.0328341989798009 0.731036076659262 1.0835963045333417 0.7504801167684962 1.095593582832549 0.7627071780901065 1.0882569259951977 0.8183493901287028 1.0564820671922508 0.831973849958715
0 0.930050517439736 0.6127189013510888 0.9265352557924714 0.6191191189461662 0.9274121057436322 0.6284875930843531 0.9155016654252366 0.6398493443003082 0.9202077089518674 0.6659441874880044 0.9255197994149813 0.6895140614142085 0.943414680809554 0.6896197684654118 0.9778003848474743 0.7042279570802289 1.0176071383994607 0.7234502061646598 1.0594184407179703 0.7412591140377757 1.0721955328362966 0.7457940311405912 1.0765134475283484 0.7365022166765997 1.0849188243507095 0.7250124888751385 1.1011383704402231 0.7070100167351286 1.103051489669542 0.681024010319318 1.1023686055686648 0.6596655516378456 1.0615419245115132 0.6525591070074976 1.0365602112651051 0.6412222738101409 1.0156803354705257 0.6368128772211138 0.9756975061642819 0.6280127911861668 0.9553929572248171 0.6194166761183365
0 1.1063105244340685 0.7008318144512594 1.1170648220459265 0.6919015385013911 1.1346509354094931 0.6934612530107853 1.1772883286131508 0.6990188134302731 1.2131223008282772 0.7074478480570843 1.2385700413972618 0.7162684553802648 1.277275154588454 0.7222880645135422 1.2784273435534135 0.7479498548103134 1.2786808970344563 0.7811766599707116 1.2504188050157596 0.801488407474237 1.2375265655397545 0.8039356926520066 1.2234263472662104 0.7975114466192709 1.1771248916287005 0.7847177888671432 1.1494021675867472 0.781448254036444 1.1036939366328196 0.7799812335246296 1.095614016042338 0.7799982081537378 1.096930641685522 0.7634742114330768 1.0844749889796441 0.7513657617250571 1.0744225628970137 0.7462271469840723 1.0842028388877416 0.7237357095934144 1.1011986603872397 0.7057837966211298
0 1.095594211142981 0.7807100917993766 1.1499908910571612 0.7825345077661989 1.1777404908109135 0.7842533471181579 1.2247300693171828 0.798317871658238 1.237672514234993 0.8048472395662055 1.2614746891050408 0.8071128981490413 1.2825519335791586 0.8105286498044437 1.2818399329941599 0.8317750088700048 1.2811883202572951 0.8699444306296796 1.258214223015261 0.8933916640965149 1.2315350000050491 0.9088091761399136 1.2085977442660525 0.9036201952214826 1.1906202516327926 0.8915411209099163 1.1288282169438348 0.8691739991988405 1.1103684754061498 0.8676914433323993 1.1071330511074446 0.8469919034977152 1.0951355085836525 0.8368658873238819 1.0817006166530916 0.8323031750314148 1.0887226985077494 0.8189464332121297
