0 0.2886427393597013 0.32693929261556615 0.30097587434279227 0.31642227723250177 0.3419382820619782 0.3043214866941001 0.4033128277073923 0.31154629513905135 0.46111960139541397 0.33360316049917943 0.47831883663850305 0.3453781497776496 0.46637881493219274 0.35596882978478245 0.4592007705501991 0.39364253839888635 0.46063297425485267 0.4104805374983682 0.4076306783583565 0.4074971059614609 0.3834850230705818 0.40457601700040735 0.3259247392564504 0.3953934349935344 0.2833261384259295 0.36977234829544886
0 0.4934292819539456 0.2514644524274721 0.48321682829380924 0.28750054197761316 0.49702678498450253 0.3200205788121801 0.5136735355470782 0.33703707844772585 0.5466652983302878 0.3587199454012697 0.5850990245199541 0.3782155462534582 0.6113514887552794 0.38172773417894934 0.6241638623241303 0.3727077253070494 0.631724389517802 0.361830885470871 0.63341797002613 0.3343540377418727 0.6378760914727652 0.3148782861293964 0.6246016149970617 0.30009722121758947 0.5545764597267331 0.2570431431412323 0.5175621892408778 0.246900097640483
0 0.5127631261445167 0.338546615309965 0.48910482328453125 0.34054981228744596 0.4791198631414943 0.3469542191162933 0.46682098014750617 0.35568351385975355 0.45901468253539857 0.39375904826080177 0.46265554369972756 0.40501550813956094 0.5031583188769951 0.4263976771469251 0.5400311979535953 0.4429619148140563 0.5839043320562937 0.45853917407732925 0.5940903429013227 0.4567699229928255 0.6013117573798413 0.44387093578844966 0.608745187624014 0.4420456328669436 0.6129654493901011 0.42490628127976743 0.6101854561300901 0.40875390809644935 0.6090010820454603 0.39382003070744026 0.6058518825724502 0.3877129316510139 0.5857960631539777 0.37843773862241226 0.5467463429233433 0.35962659500499394
0 0.3208826681708248 0.39270757430290937 0.2876207439559656 0.40483562825248237 0.2837897094729149 0.42010951875502905 0.2853979352551475 0.451209863446472 0.3120526783489411 0.46805039919879204 0.3519453193880319 0.4773026570198264 0.3923347937119365 0.48605572719553103 0.4149253969256197 0.4908812183030437 0.43220624550638376 0.48286596365157536 0.4439795494649083 0.4554577303687551 0.4471701188676851 0.4294026381716299 0.4473255303677185 0.411070828314021 0.3821815189461984 0.4053788061047419
0 0.30744824490853295 0.46495411994091435 0.2855805185882291 0.476794310433109 0.2814651694253457 0.49315642460143555 0.27983676667016155 0.5199457716177974 0.30414232964799537 0.538844478751313 0.3503298735288932 0.5542730824927181 0.39337625898346623 0.5683161747726161 0.4114628694415797 0.5725022813055262 0.4186560126978584 0.569467256276298 0.42731914787699715 0.5694968284246865 0.43574784778242415 0.5547398802332711 0.4173444316073222 0.5365487149047032 0.4205156936734695 0.5064624454550896 0.42786407476112787 0.49628443927084714 0.4167234962294633 0.49140769234114634 0.3921486428105086 0.4864042167455865 0.35216579686657074 0.4773181265047029
0 0.30322200018919304 0.5390704686368328 0.27461416805063155 0.5496476456654537 0.26361772982087117 0.580259814625305 0.26540927898830646 0.6001194996319407 0.2990464437466649 0.6183761446274013 0.3510997007362431 0.6376930499791885 0.3953499606734996 0.6459850079356949 0.4092879612756226 0.6470030254034019 0.4183851277824354 0.631574442925543 0.4141953327048067 0.6287970846324128 0.41901400363648506 0.583081584299883 0.4108355880618321 0.5727831848198969 0.3943789588855451 0.5673087233429505 0.3497025921491456 0.5545539860070889
0 0.29628070384267124 0.6162640852505993 0.27240282619062284 0.6273291495687637 0.26739882973540197 0.6379464647838147 0.26377453023123354 0.6723307727262302 0.2872326311383681 0.6850939501343972 0.32986716437655833 0.7030443501350242 0.3812424517095771 0.7174528317065324 0.40749322315958336 0.7235672506193443 0.41921831932271486 0.703052832734422 0.4071019715278495 0.6904227193622298 0.41105100127753735 0.6501225362098696 0.3970258787045511 0.6470959512529469 0.3516034264510759 0.6385843387810364
0 0.2872785678875931 0.6874932483956856 0.25889566796756996 0.7072768876973875 0.25441598186417125 0.7554465999200568 0.27012652552338257 0.7651641862609543 0.31303985225786723 0.7747994127903483 0.3806975248254464 0.7906652208603718 0.3989441246425263 0.7904983752716289 0.406406558339926 0.7735681187044449 0.4004172895663308 0.7708520094102815 0.4023561679842742 0.7297767000838911 0.4057349346852553 0.7232377688462382 0.3291575125535341 0.7041067151935408
0 0.2747329243449808 0.7668242658667167 0.25366672334615115 0.7824006878229718 0.2478041672907556 0.8295143703572401 0.28942174604410675 0.8401021346874485 0.3339238688387796 0.8488397370448789 0.39328432169437777 0.8583693669844966 0.3997440554896986 0.8424465618469782 0.3979065695730383 0.8201875785790541 0.3977228225761383 0.8105903855339 0.40649050730984493 0.7982876492326243 0.3992783579432193 0.790162558128407 0.3805739691605316 0.7918374131765905 0.3805739691605316 0.7918374131765905
0 0.27129395036435494 0.8363067589266114 0.2591284928193202 0.8439883103320948 0.25718486287379005 0.8822735906251239 0.28218582309188783 0.8917398456000388 0.3328150249078309 0.9103914520354978 0.3685352083860369 0.9230617035941199 0.38544962652793174 0.9270281556116258 0.40452468230536387 0.9218367236147861 0.41227066102664467 0.8993813226097305 0.4057681634830433 0.8901938664469963 0.40073565786230203 0.884071007461879 0.4074377514598657 0.8630137886585617 0.39554158435595194 0.8568001085260892 0.38939232622339043 0.8584369513535789 0.3342169169178343 0.8488946506737299
0 0.26756985283320545 0.8858134043520526 0.2456704443464367 0.903624383683043 0.24142678799105183 0.9183686611342269 0.23762349301757013 0.94594580506485 0.26393445579956154 0.9628296093390348 0.2963439884373028 0.9728872434910797 0.3323984052162018 0.9852216779064796 0.37740900525329424 0.9976405980991195 0.38500924919836893 0.987908236315801 0.387843104962879 0.9808687470483731 0.3814324809177275 0.976479887408216 0.3804693877106446 0.9515956159934834 0.38465285273404426 0.9260819531809269 0.36945553784483925 0.9228357137086002 0.3334011210659403 0.9105012792931998
0 0.2595339830861547 0.9592158758729078 0.2413570776562335 0.9757321648897458 0.24030526800398527 0.997051281097087 0.24005023214562454 1.019316599735127 0.24608543766844465 1.0244320072905788 0.3199794903394487 1.0406695400223283 0.37604829846492915 1.0587466686888145 0.38719204999753803 1.0409124525795515 0.381321585361271 1.034234121935808 0.3834727199416349 1.0194961798547395 0.3795838974715918 0.996852801184858 0.3326502680736182 0.9856673223074038 0.2963439884373028 0.9728872434910797
0 0.4746361522211523 0.4126089310140147 0.4549750002856108 0.41769053575315235 0.44770898964122907 0.42708708039324894 0.44458841585189346 0.4623626771375125 0.46366505015596804 0.48267223721299807 0.5165657692162454 0.508124672290134 0.5505736009693485 0.5228647403369383 0.577245727690911 0.5306519095957439 0.5879459448406723 0.5226957900460055 0.5958804220864399 0.5126276111194651 0.595861415976093 0.5014674949860196 0.5890706218810235 0.4950151542277959 0.590878020105521 0.4750329712232267 0.5910285064093138 0.465099961034851 0.5867927745824602 0.4599233044804325 0.5410218344455316 0.4433774220516597 0.5039963999310186 0.4260796502271295
0 0.45729085980486817 0.4751026177674067 0.4291138859930364 0.49293260320874405 0.42231516736943586 0.5064011964561229 0.4182235758444863 0.5367134557912564 0.43767562867089205 0.5562964679514472 0.4459316631612348 0.563023376853926 0.491918032461528 0.583195663489057 0.5326976521993534 0.5932279561606394 0.5604548492662713 0.5992262124456337 0.5693730203037708 0.5769904659559821 0.5700858451277395 0.5532171378585017 0.568916825812465 0.5302865203041337 0.5514939304281508 0.5226387504514185 0.5169411877385768 0.5073981243748392 0.46291421311130554 0.48412533304358757
0 0.444548793209238 0.561967347165525 0.419682470237871 0.5824099500134392 0.4152851545777488 0.6297982006919628 0.4330834684843944 0.6367194226293833 0.4969727012459011 0.6514806227522704 0.5454127562607863 0.6625499390019068 0.5604675093747297 0.6558082546570069 0.5628150670081115 0.6335366006488513 0.5639999353804479 0.6166253501920144 0.5643658508476057 0.6103187442099968 0.5675703736068601 0.5997626779939127 0.5589484236493597 0.5993423750734514 0.5326152817560769 0.5940094177047853 0.4915837991608351 0.5835314806322789
0 0.42529472601483287 0.6340645623341865 0.41058846078434286 0.6488405166359488 0.4072302787203511 0.6920405560793724 0.419428996958493 0.7038892079074187 0.4413299839719041 0.7115792206487536 0.49496728549408375 0.7272084727952159 0.5349089462163833 0.7366852938081724 0.5513608238650837 0.7393697262517577 0.5533472175588945 0.7261947072589807 0.5574293060286706 0.6903023898571244 0.5544022002120871 0.6821646280126759 0.5589072224800619 0.6734460530291386 0.5559941692732197 0.6585560408017486 0.544826660102677 0.6624401117442048 0.4974764269607339 0.6523719115541183
0 0.4249557252388936 0.7053232976276614 0.4115911447387621 0.7215460123898976 0.40247972364918905 0.7286045077676725 0.4000830562656379 0.7711878265535034 0.41851815460720454 0.7834082030432756 0.52301276316481 0.8041845608593142 0.5442769657433 0.8065754190482973 0.5561842303766893 0.7701572021362034 0.5504864311555063 0.7419950143985657 0.5336955686785264 0.7368563700648413 0.49480254460753065 0.7287713958835077 0.4410369358928494 0.7115243070199027
0 0.41651275480304684 0.7854231059026069 0.4074108367686472 0.7980616593471046 0.39839128917752414 0.8099187512474563 0.396986240114236 0.8204135684645738 0.40037133686944626 0.8421656583326073 0.40891566791125694 0.8461574518305759 0.42360925708562913 0.8485124025010548 0.47234711170715576 0.8624266614129038 0.4944999615779833 0.8705623185551626 0.5222571586449012 0.8765605748401567 0.5391256400375711 0.8781277285963741 0.5426232108758803 0.867626576009141 0.5418850498873357 0.8519487668674897 0.5462617649628088 0.8416123551668097 0.5501806910726742 0.8327839529255702 0.5572677062477427 0.816580244273681 0.5445700138223547 0.8066303326771482 0.5235988593229194 0.8042943881170164 0.4363529022079017 0.7871486651752617
0 0.41812371402686677 0.8466875820087393 0.4108941370765366 0.8529033668434017 0.4076896143172821 0.8634594330594858 0.40207734259266054 0.8855177679223528 0.4068579853559855 0.8911949825065464 0.4169594302915196 0.9002599406713471 0.45663180057269814 0.9236319932222593 0.4939090979446277 0.9413754094477134 0.5314430097015602 0.962354499107453 0.5346617870435749 0.9601685199914529 0.5443862349301355 0.9444590339992232 0.5441422966012502 0.9240924555926967 0.5466324160098937 0.9118087254017677 0.552203502512877 0.8901411213109736 0.5443276380724522 0.8854776935265614 0.5390432695942945 0.87890919014052 0.5226325771672325 0.875834026924862 0.4944999615779833 0.8705623185551626 0.4725989745645722 0.8628723058138276
0 0.4157460527536626 0.9004310169280156 0.4080681898928981 0.9137348692888416 0.4052802708776131 0.9231736568175579 0.3850742080056005 0.9277547035269206 0.3800527839666751 0.9527128946808512 0.3814324809177275 0.976479887408216 0.4444156388031922 0.9998371645167069 0.5162266727543487 1.021661090685295 0.5188720299943719 1.0022343793393518 0.5264580193566862 0.9841319304559489 0.5346665385711618 0.9629585490248141 0.4942021460236823 0.9414303230765645 0.45571147111389587 0.9238579831077791
0 0.39391474417975064 0.9828033947983905 0.3840160523514635 0.9944957458121895 0.3817730442726496 1.0044350913706808 0.38363746082818795 1.017933256766448 0.38111090772549283 1.0333977467628113 0.38903270891514263 1.0404604728085118 0.3965379063608229 1.04864047754158 0.4297442127924517 1.0596443141243241 0.47434296061316134 1.0759705420376926 0.5148707174935703 1.0855571903083514 0.5212480808456145 1.0704158467149787 0.5295437220309531 1.0512510327730595 0.5281054122745578 1.0422156467566472 0.5201519289184432 1.0411237095497423 0.5165197208334034 1.021716004314146 0.4455466458977726 1.000447549804184
0 0.6442483513218369 0.2957327896022471 0.6360458663374576 0.31051517245524735 0.6383036273551399 0.3421782977420041 0.6508752007464657 0.36225229340749904 0.6913889713901884 0.3693778095517377 0.7297969749428868 0.3765750000564692 0.7492048792042352 0.3848744979431693 0.7683662458066942 0.39219525892529844 0.7812733402909008 0.379227001160454 0.7869733738107368 0.36164434258374084 0.7860984478021305 0.33676811499947307 0.7691392392349558 0.3284612033817866 0.755351658443903 0.3132883059701319 0.7169269739964852 0.2962963326887062 0.6760702747496133 0.28910655591496115
0 0.772766867453206 0.33053978471895484 0.7898966167159412 0.3239580334175873 0.8155680664799931 0.32923481876810917 0.8456123177372032 0.3427913237617431 0.8611516164196518 0.3512984309989356 0.8717935237137532 0.3598203656981009 0.8738844571220866 0.37979549502852833 0.8767891532583885 0.3887326484286784 0.856947489747871 0.38454829377976746 0.831276039983819 0.3792715084292455 0.8060550303636556 0.3796743626176286 0.7980286463730765 0.38283301014380616 0.7826988104738669 0.3822917331331794 0.7870697647549967 0.3607298663086766 0.78629678998889 0.338204090041576
0 0.8732616290706094 0.3591629319410627 0.8750615424341351 0.3520399036290683 0.8879260017444517 0.3427938115939873 0.9286751894505841 0.34436820945833396 0.9552845943780635 0.354017180564671 0.9880833950569459 0.3746176257788201 1.0200517521131403 0.3964612641465523 1.0193288200311916 0.4033198362095341 1.0157234330059004 0.4143009652412915 1.0138382492945948 0.42886832501281286 1.0073022118538313 0.44442924915087795 0.9994148539814021 0.4429512546722277 0.9843000411636714 0.453640735480398 0.9180184298116367 0.44215291026070164 0.916029447645803 0.4245282322474413 0.9037581676837363 0.4082406629412163 0.8920930348784274 0.40279087394576285 0.8785575520445036 0.3918616410309103 0.874570314328385 0.37992401628754147
0 1.0201481430574 0.39554678787148806 1.0600613268426047 0.39509945129718654 1.0818215358538668 0.4043060117279645 1.1482644145170107 0.4242169053117586 1.148121675312649 0.45543020619196956 1.1484442099348673 0.4722763429201651 1.1255384301889673 0.480573352974621 1.0874418406620077 0.4836924440136223 1.042786972501325 0.48931274882176307 1.026085422189519 0.48851442929311023 1.0206300791165441 0.47723423830677936 1.0060231752992832 0.46983438923317083 0.9969883994801878 0.4560183787721397 0.9989273389618634 0.4442587084553175 1.0088185126828173 0.44331457725630763 1.0156492832546 0.42827515188528126 1.0164630459825683 0.4172371759550038 1.01996648176536 0.4039055956060793
0 0.625668662748706 0.3718784474079109 0.642373348169901 0.3656167038056944 0.6547551019675005 0.36324089440128793 0.6924168718078534 0.3697764721880277 0.7292572017461559 0.37667989981501515 0.76342370210347 0.39038717140776685 0.7657573339171462 0.40908668287670064 0.7634506581757179 0.4383957654867523 0.7518488557288461 0.4482226151969532 0.7466567734133704 0.45664167993260313 0.7207897162974293 0.4570122859304802 0.6722749841683997 0.44948655091748857 0.6256727969851503 0.43866675997828647 0.6155085195878267 0.4237176576162756 0.6104948359546559 0.4081683806646568 0.6097024401269154 0.3934101214619636 0.6116564736240184 0.38229717538971114
0 0.7831984150195237 0.3847007134411327 0.7682029869077782 0.39702230501060987 0.7646682959916387 0.4454070452478514 0.7822317547459229 0.46069910849608403 0.8304830439717796 0.4744368092032405 0.8631560191329875 0.4800375478321591 0.8816238948919681 0.47932398094806034 0.8868159772074437 0.4709049162124103 0.9122992808865278 0.47046239951008545 0.9170702763341072 0.4400497673792912 0.9160019931261814 0.42419625497386404 0.9040268146012428 0.40786425659132813 0.8917404823833022 0.40190950460054964 0.8779668472077616 0.3915018290943874 0.8579515132243389 0.3846205342637963 0.8307589522358052 0.3790032029988604 0.8068106623041504 0.3797333625189763
0 0.6240838502093853 0.4388907884096384 0.6088000902404412 0.4428099078794827 0.602390370109045 0.4442176928540336 0.5945783912409168 0.4589289303063048 0.5918506286315927 0.46624444552121225 0.5898198402703502 0.496648781333998 0.6120484955337645 0.5159457112349103 0.6533320676293473 0.5252470810627002 0.718792106246941 0.5390788252707007 0.727767789902654 0.5318905388286718 0.7375234249090945 0.532153292692437 0.745005583368701 0.5168584732865751 0.7431635710485539 0.49720753002380286 0.7442899424051 0.48280882434334854 0.7206279172124217 0.4585472996779096 0.672167118111728 0.45050989341577474
0 0.7791077942227286 0.4606354941096447 0.7676366796683318 0.45065928283016926 0.7453499362562974 0.4616145710151385 0.7373097807978131 0.4710652745670833 0.7446736958419574 0.48288073504779633 0.7446446517676473 0.49800684409073703 0.7457730902424157 0.5170022946954705 0.7457316016910926 0.5248211848415125 0.75906755040144 0.53566862089237 0.7927362090267187 0.5466737148305106 0.8383489349844035 0.5557427599089403 0.849591872948444 0.5604584372880893 0.8851544098039834 0.5572086469546711 0.8913815970166308 0.5129808910970134 0.8633779734848372 0.48164447228403623 0.8308128643803012 0.47502039115683137
0 0.9180058045313358 0.4423121844892069 0.9840113956707945 0.4546808256542259 0.997658498074144 0.4551510153133261 1.0062338286957022 0.4703241461066889 1.020990702858301 0.47882895802517433 1.0187026938323922 0.5190988689805741 1.001620477212846 0.5289423113267923 0.977234500815998 0.5301122313916036 0.903410708569905 0.5288012182304064 0.8916159958454934 0.5218950344457893 0.8933542972292532 0.5128287733701093 0.8768280104903627 0.4951221752850569 0.8782842022554304 0.4813070515581934 0.881791916215482 0.48144257664908047 0.8871997306443009 0.4709768269168581 0.912191414829856 0.4714857420083716
0 0.6062320387140625 0.5117251124688871 0.5979035513983796 0.5127733439211991 0.5886582026009876 0.5225199866089435 0.5744240591244503 0.5313317901388669 0.5708354351799748 0.5802282016252516 0.5822941052573586 0.5828971940078281 0.5906951923168966 0.5922981196517213 0.6496853555362517 0.6043957106349664 0.6923836308455792 0.607700846881935 0.7206486301623233 0.5994311437155596 0.7227457960289145 0.5758223555505297 0.7237995676416055 0.5509744927738703 0.7151225932018819 0.540478313927243 0.6544293949115834 0.5259744844251867 0.6114490099835639 0.5179204855270348
0 0.7448624509992128 0.5293543153793526 0.7246749405719918 0.5500949716844796 0.7248222071779242 0.6043874421620777 0.7716587931900364 0.6241213764500557 0.8289998543667843 0.6333010576653465 0.851095754619501 0.6390068922707473 0.8718599287611191 0.6350711801648857 0.8760065497044722 0.5920188845324185 0.8529377878234881 0.5621289761264054 0.8376353611390248 0.5550872672509015 0.7935037159004333 0.5468175362394062 0.7592895047532898 0.5372755453442472
0 0.8898237614333978 0.5314729667706125 0.9025353356395187 0.529680739319797 0.976796814350805 0.5305519919362989 0.9997929764879341 0.5499927432461067 1.0156596224097814 0.5665321774239773 1.0169332603722605 0.6064259422211212 0.9926012170037481 0.6070841910367893 0.9762325742295809 0.6175831260410461 0.8984696037967493 0.6202299577821067 0.876703523952554 0.6151077051302967 0.8758385283809583 0.5899002888313982 0.8620524487284049 0.5721853944283372 0.8613202081675069 0.5605690734249503 0.8861978040578837 0.5584477215663007
0 0.5826301479043864 0.5871343854098684 0.5702670608223064 0.6004710231596232 0.5646912250699735 0.6088181771908253 0.5604968933367909 0.6560357535208852 0.5731669789915889 0.6620624162161114 0.5865506384917656 0.6687445715693765 0.6545704183951696 0.6731422048614495 0.6763904312677008 0.6777527862641163 0.6924956311386953 0.6734658169540245 0.7088642739128623 0.6629668819497678 0.7045040088582281 0.6449311594568812 0.7047487850458815 0.6277583654173681 0.7093953148394923 0.6208024037246996 0.7048794729383567 0.6079553044276919 0.6918380783237144 0.6091639499249164 0.6505067954383023 0.6040278607947189 0.5914626991906111 0.5924419410606169
0 0.7199412785554509 0.6024292605059703 0.7103246207982143 0.6194112113861658 0.7052466267779168 0.6304605430719791 0.7036286359278416 0.6458106805462719 0.7078208796589621 0.6617278073381382 0.7197960581839006 0.678059805720674 0.7666201997189999 0.6904865211117532 0.8035746179524803 0.7000202156889038 0.847639885685723 0.7014943990526435 0.8559787503601967 0.6743592302120426 0.8562712373376795 0.6530211554749369 0.847204287222592 0.6387994564754126 0.8293836078036415 0.6333729683697943 0.7728639865289442 0.623825437314256
0 0.873909383837881 0.6156276726974484 0.8726813686631696 0.6347033303246382 0.8573976086942257 0.6386224497944827 0.857584296733259 0.651701873840851 0.8568001902622472 0.6739913803717951 0.865591252997149 0.6871178261685853 0.9051655677832819 0.6903593480291148 0.9436363330486726 0.6892198570787084 0.9790370708192047 0.6875050804927195 1.0005148188062014 0.6842248610448967 1.007588334874925 0.6542436931407891 0.9888383494972524 0.6502083973737045 0.9770540141316314 0.6172152762007985 0.8983617377400777 0.6212533002803928
0 0.5660976180431496 0.6623030372834807 0.5596526315989369 0.6751833218525228 0.5548982357486545 0.6831626260434774 0.5581425068055335 0.6895101168285294 0.5538216423001598 0.7267902073115272 0.5745090615776385 0.7421458849461988 0.6418754229025059 0.7490299637795395 0.6979324687579843 0.7444028175859754 0.6998325692267515 0.733801542762866 0.7001665447555573 0.7046445778797185 0.6921658107301738 0.6728822350004334 0.6767741847045581 0.6778246969685641 0.6533112920279258 0.6739498152463922 0.5867725928436153 0.6703514960212535
0 0.7074018599092884 0.6731283962281817 0.6990754397118276 0.7075707839656816 0.7007680974239802 0.7360639598727818 0.7223308896318451 0.7505401164180631 0.7754631074801753 0.7662359987813266 0.7991956652984866 0.7675525242577832 0.8242475047508839 0.771203377548603 0.8410662784672572 0.7675719008965499 0.8416470973019385 0.754636298259077 0.8485525920471482 0.7225365346539494 0.8342686706625593 0.7021194625962773 0.802699245022094 0.7008997367782945 0.7657987598169493 0.6908543709520009 0.7211153398179865 0.6803941335350377
0 0.8560928386553748 0.6769894971622056 0.847639885685723 0.7014943990526435 0.8360256387618383 0.7040140298659455 0.8499735174993992 0.7201939105215772 0.8424146041756533 0.7547801196679726 0.8439682846386019 0.7660285908311121 0.8500792955540087 0.7823052711452173 0.9090321253423254 0.7724812054377659 0.9479156881188833 0.7562875161488664 0.9740399658994909 0.746051335008375 0.9885375522792009 0.731027565784287 0.9856397012281406 0.7028303290129864 0.9801343981014407 0.6882324838552059 0.9035226879791811 0.6910950477096098 0.8647698130950985 0.6874856760088329
0 0.5692443795183078 0.7401157925856436 0.562098263705729 0.7596478033935461 0.558333329081011 0.7693778534452734 0.5573998680020046 0.8005095926205456 0.575401013221482 0.8153618953240827 0.6261767774203324 0.831137984709803 0.6653735610081146 0.837961205314334 0.6861978904165751 0.8371674314077788 0.6993409288493826 0.8312818339638185 0.7072545515356758 0.8118936445648117 0.6963642558159606 0.7889818306478634 0.6930349405382137 0.7648779638697075 0.6960199238122042 0.7476968735121859 0.6436323910017849 0.7509245310492078
0 0.8297279189235581 0.7711867849125857 0.8363907045993364 0.7896539716321591 0.8288027472012802 0.8393662898214952 0.8146287589915853 0.8513200315507249 0.7080282806478969 0.8156910754221567 0.7081838574943982 0.8105024522262779 0.6982290899719115 0.7898530554192454 0.6938024474119283 0.7650217852786031 0.6974055829516388 0.756826748974305 0.7144877995711848 0.7469833066280871 0.7222230235751734 0.751563458916349 0.7750254210149821 0.7666757593260222 0.7976067185227216 0.767776552689135 0.8292902324583649 0.771626545457281
0 0.7072669960126888 0.8192008634617105 0.6920620580261065 0.8372227494762093 0.6901744020343521 0.8551312431962176 0.6895645391253606 0.8831929548766312 0.7140293375045702 0.8961258013564745 0.746223137649262 0.9099851906761302 0.7867392028711301 0.9191427390950248 0.8035766433030227 0.9264720907883198 0.8259235419818994 0.9186587408026569 0.8336940322987045 0.9117663934964275 0.8356584431545984 0.8745665100358861 0.8265666040854851 0.8457303732425642 0.8154501988936358 0.8509521817104773 0.7091795409584689 0.8159068075355002
0 0.6847769649643238 0.8395100555401509 0.6905581554712094 0.8552031539006654 0.6900810475729154 0.8968559608765903 0.630354488672378 0.9028825957266969 0.5526205623138564 0.8904033184248167 0.5447712500146897 0.8831928991863913 0.5419522209459909 0.8690984289597452 0.5415975115834437 0.8539004092123568 0.5459079987300265 0.842707256117648 0.5504943732567951 0.8326093562256731 0.5569932927293436 0.8192174004074878 0.5620712867496411 0.8081680687216747 0.576720294855568 0.8176962231384461 0.6262908657155106 0.8337682516599664 0.6653196279797788 0.8384728765634772
0 0.5538257556527643 0.890107379289017 0.5460801542899849 0.9116141643890439 0.5454454024269677 0.9250614382756597 0.5447338956998111 0.957800101902809 0.5746728860131882 0.9670627462981854 0.6219762025648035 0.9712308109985276 0.6814994738290108 0.9745580800418923 0.6882265698919156 0.9664266581240334 0.6922549474198063 0.9504846423781412 0.680717455360061 0.9337128834509101 0.6777781157576777 0.9133345368256514 0.6740899359970991 0.9037731971368453 0.6299707352355206 0.9028106850222491
0 0.6692255860880829 0.9759105469480126 0.6596773729544173 1.0330822017611516 0.5261871770746289 1.0409397616493667 0.520820851197133 1.0435866212355478 0.5166161629889995 1.0203622755467825 0.5179043334305532 1.0044285561188988 0.5263635086387114 0.9835772636769105 0.536795384059492 0.9625738535080179 0.5434208363042315 0.9591193835368949 0.5757702132954244 0.9677901496606719 0.6237871036924184 0.9726137070190527
0 0.5510709952035122 1.042472019239167 0.5464369098869143 1.0567351998287342 0.5518654581494749 1.090624434727048 0.609704361058258 1.1025062935969494 0.6917072860120395 1.111611307950163 0.695183888779559 1.0934787857988029 0.6955780195752068 1.0674637591149618 0.6862289598414274 1.0484931974642537 0.6723474586092153 1.039108864456378 0.6573209193049376 1.033162408783608 0.5572587609830587 1.0394573098127389
0 0.6966442356649107 1.0499231152352009 0.6968910789707863 1.0661444774808757 0.6958974626249377 1.0941342784568415 0.7172507449579657 1.1143107294471444 0.7760251760639776 1.128455005426962 0.8256973907420855 1.139850082001746 0.8345340971485944 1.1154170908157564 0.8180741879150527 1.1045060403784597 0.8067171616558343 1.0971600960491477 0.8084907293524106 1.0766213353789762 0.8095693899191274 1.0663879103961145 0.7454825659639552 1.0543788227533344
0 0.6808834095653528 0.9024373228667425 0.6810472757685824 0.934296465404501 0.6917633279262771 0.9514360741719795 0.7176677184732574 0.9729871248647989 0.8115379558953055 0.9994474800988346 0.8180119864138282 0.9714410864868515 0.8206733715178036 0.9573300236241883 0.811251712040169 0.9279103048772755 0.8030850238094936 0.9274235225821582 0.7871768893363232 0.9187029785503295 0.7454556307755473 0.9098413692672347 0.7132618306308556 0.8959819799475787 0.6907157994359326 0.8834086869899745 0.6913463961786657 0.8997019599400969
0 0.6913256414610841 0.951875834716675 0.6887721224137804 0.9649635550810519 0.6765708344167078 0.9767651790833775 0.6704390687837193 1.01266237354585 0.6724553246658869 1.0380855219580916 0.6874341531803352 1.048197258328454 0.6972437212151115 1.0479483409430765 0.747839019613435 1.0542986157308778 0.810168875469328 1.0644131361039897 0.8174767903669142 1.0433461115486582 0.8175411007540409 1.0167475029112258 0.8114300898386337 1.0004708225971206 0.7171221659513924 0.9744502279077806
0 1.021285256954006 0.49088503957325647 1.0885727962965117 0.48366635186194257 1.1236499358970287 0.4850216027708123 1.1493676384049754 0.4934932294172633 1.1510416294016086 0.5110255769790153 1.1485544878596534 0.530908844991148 1.1314556716428106 0.5631856152772057 1.098208099885428 0.5741740887342093 1.031202670161614 0.5861416390967066 1.0168834824642086 0.5771970666335259 1.016972681805361 0.5652128957898915 0.9994092230510767 0.5499208325416589 0.9998157983237375 0.5312130247547165 1.019416267677771 0.5197543616386129
0 1.0175970563095875 0.5778525592915645 1.0323539304721858 0.5863573712100499 1.0993054271676639 0.5749014920966957 1.1309661192675036 0.5975312033562319 1.1362743569963796 0.6251365618559329 1.1335652611025746 0.6434129054161887 1.0942855004121466 0.6522274651037415 1.007600779351938 0.6615509120376879 1.009231214679026 0.653507993460294 0.9897137224276388 0.6493288762843138 0.976178641201245 0.6180947972901892 0.992769238327262 0.6092027867378096 1.0166034399637387 0.6058423602675304
0 1.0074389802669304 0.6630859257851172 1.0600961782190288 0.6572999120023799 1.101960569149293 0.6536656791926971 1.1235109168801447 0.6608346168410795 1.1235855837422224 0.7046779302224723 1.11543133998856 0.7114983668242539 1.0883176009823878 0.7199838021039726 1.0346771640432315 0.7276726794743867 0.9899107669416227 0.7328502223495073 0.9862993420451837 0.7039974929201681 0.9815076127638624 0.6900551404204264 1.0023796529621523 0.6850960858162787
0 0.8439745068771082 0.7696822002795614 0.8374278766147303 0.7872394367953394 0.8292943666948093 0.8384148580276568 0.8315678432416431 0.8539724312972843 0.879020514401253 0.849298263353298 0.9147510725803065 0.8481670687209002 0.9538628119472207 0.8372339133323273 0.9753218932186984 0.8229928655391562 0.9777011687039817 0.8041329400253096 0.971092316056539 0.7851540820565931 0.9554227355325156 0.755607134536802 0.909308012722511 0.7735764586404997 0.8516744645682803 0.7857348521623146
0 0.9897427456181087 0.7307316266484873 0.9730567269124328 0.747954198596052 0.9608429944383475 0.7524486037014784 0.9587810948845727 0.764584892272017 0.9728492841558181 0.7870486493262615 0.9795245143086095 0.8128230549427334 1.0370564186446747 0.8053416133676542 1.1071194313863342 0.7866421297438403 1.1159810267468688 0.7768235763516481 1.1175554619273989 0.7358981727382096 1.0896908156448095 0.7218064586691931 1.0349530514234169 0.7287679326771208
0 0.8315139102133072 0.8544841025464273 0.8371934569020276 0.8748541528536773 0.8345216944392614 0.9150521531046296 0.8300431859691646 0.9241267104983182 0.8811176593840043 0.9222183345953822 0.9594137378616878 0.9108011809144415 0.9691569283911154 0.9037567158813079 0.9705467426508345 0.8831460445066889 0.964981284257292 0.865406261149602 0.9564723311410823 0.857028678003995 0.9517822456779266 0.8384093735575177 0.9146432065236348 0.8491904112191865 0.8777074550056736 0.8506175449873842
0 0.978703074406559 0.8131909047829811 1.0373323060248607 0.8064368665703882 1.0804433788453554 0.7946878044788638 1.1036075623059984 0.8162471514896917 1.1066547679650531 0.8356021556166643 1.1064825915212548 0.8632241067523826 1.02825289054892 0.8814368080810792 0.9708226300310201 0.8842412977094227 0.9655807698074927 0.8634314868574774 0.9558126903240395 0.8558615140968131 0.9534790585103633 0.8371620026278794 0.9751600941336909 0.8245278792865854
0 0.9701090561856414 0.8835858050513842 0.9702542556733516 0.9044841192437945 0.9513072048978548 0.9134563368186304 0.949904946161123 0.9267597892963507 0.9587208978500508 0.9545006728869389 1.006953520360388 0.957277545248747 1.042408191159256 0.9550510974136154 1.0874380311640373 0.9436615888443297 1.0962456934962361 0.9343547067012806 1.0964531362528511 0.895260255971071 1.0755313181465096 0.8709904349876233 1.028528777929106 0.882532061283813
0 0.9386495637200698 0.9147368930203029 0.9491913723157441 0.9261042966383121 0.9561362676102145 0.9493203460090687 0.9531035735463946 0.9706667170641831 0.9295037707387808 0.982941286883238 0.883094493833071 0.9888545294388537 0.8332314359956456 0.9941205756544393 0.8201236638756546 0.9885336735039084 0.8177900320619784 0.9698341620349744 0.8208953258696535 0.9589369480760656 0.8120731519422194 0.9275424550370279 0.8254858555167062 0.9190985013473524 0.8292217460671141 0.9244945603385656 0.8817773002010474 0.9233854985025639
0 0.9565200210470719 0.9493922567135163 0.9535951930399236 0.9697152852703445 0.9407881972541441 0.979838074116345 0.9440449127880359 0.9934927837982958 0.9461275461755521 1.0257114798582931 0.9932089083753177 1.0282726201067582 1.0320157162877361 1.0313703205583922 1.0839655626329623 1.0285824235660657 1.0854196872798076 0.9813731435540142 1.0669497444026048 0.9486925541529253 1.041149064792012 0.9558587077985581 1.0055865279364729 0.9591084981319761 0.9591046512869079 0.9545725835913866
0 0.8208973929878757 0.9923311043612532 0.8182007415710837 1.0179146668184078 0.8173149912819067 1.0448811252960872 0.8213869244793425 1.0545143756893411 0.8848618184073009 1.061191018727347 0.9319846691583894 1.0559332688297698 0.9504815889916802 1.0400935929027304 0.9525434885454549 1.027957304332192 0.9452521732451659 1.0265910009476837 0.9448124196617506 0.9936366052071914 0.9395290708869004 0.980645684501288 0.9297796581189663 0.9840365400859721 0.8830405608047351 0.9893662006879967 0.8333994573191597 0.9962391713554594
0 0.8167217279702124 1.0505095090366614 0.8108824493147068 1.0650686287620283 0.8064952073039846 1.0955531715972704 0.8154957799137232 1.1029793229490388 0.8366748186847308 1.1173835687898725 0.8969967080151848 1.1391227064843799 0.930389479260278 1.1490325472197864 0.941008042720092 1.1411085610972622 0.9505334340179539 1.1027166247755134 0.9394045843490917 1.1006312143465278 0.9271638958027582 1.057117025372969 0.8851377057874865 1.0622862719300807 0.8219386992397139 1.056704882094809
0 0.9543481674345635 1.0256865909042674 0.9496062160612939 1.040973113992121 0.9266722763092292 1.0580684571668073 0.9392967182924199 1.101654556844814 0.9889440440165023 1.0984351956258005 1.0417153302637787 1.0952794487932267 1.0532217111309916 1.0937831604782107 1.0589116351785028 1.0880662733971718 1.081042801744036 1.0822996084080814 1.074060573018527 1.037161902346628 1.062817635054487 1.0324462249674793 1.0319078502310643 1.0323936630566781 0.9938685491923607 1.0294397840139398
0 1.0602848498409245 1.0898889299623924 1.0694057329843478 1.1035989577127736 1.0672255900151106 1.1428455261698873 1.0472351449857134 1.150578669133094 0.9984694144305243 1.156572118711166 0.944816533014355 1.156953777184681 0.9364154459548168 1.147552851540788 0.9438021828347649 1.1405885935301108 0.9508632544264755 1.1033002067291042 0.9874152525075794 1.101801162256459 1.0423210380524859 1.0969582839495515 1.0546488588217493 1.0950941457942882
