0 0.17838797982283464 0.17729863845144359 0.17685008612204725 0.20241756889763782 0.1795414000984252 0.21523334973753283 0.20799243356299213 0.2208722933070866 0.23875030757874016 0.22292281824146984 0.2595118725393701 0.22599860564304464 0.27912001722440943 0.21677124343832022 0.29411448080708663 0.2142080872703412 0.28834737942913385 0.20446809383202103 0.2745063361220472 0.17934916338582677 0.2329832062007874 0.17576074475065617 0.20722348671259844 0.17217232611548558 0.20722348671259844 0.17217232611548558 
0 0.28142685777559057 0.15320497047244094 0.2756597563976378 0.18345021325459318 0.295652374507874 0.21113229986876644 0.32064314714566927 0.22241018700787404 0.35370786171259844 0.23266281167979005 0.37677626722440943 0.23471333661417323 0.38446573572834647 0.21472071850393704 0.37446942667322836 0.1988291502624672 0.3241034079724409 0.1701218011811024 
0 0.3810054749015748 0.16550812007874016 0.3779296875 0.17986179461942256 0.37562284694881887 0.1998544127296588 0.38523468257874016 0.2142080872703412 0.4209907111220472 0.23163754921259846 0.4536709522637795 0.23625123031496065 0.4771238312007874 0.22958702427821523 0.48442882627952755 0.217283874671916 0.4855822465551181 0.1983165190288714 0.47135672982283466 0.1880638943569554 0.44598148375984253 0.18139968832021 0.4236820250984252 0.1701218011811024 0.4040738804133858 0.16345759514435695 
0 0.49980776328740156 0.16191970144356954 0.4813530388779528 0.16345759514435695 0.4778927780511811 0.17781126968503938 0.4794306717519685 0.191652312992126 0.4971164493110236 0.21215756233595803 0.5244140625 0.21625861220472442 0.555171936515748 0.2203596620734908 0.5797782357283464 0.21574598097112863 0.5824695497047244 0.1952407316272966 0.5801627091535433 0.18293758202099739 0.5301811638779528 0.16704601377952757 
0 0.49519408218503935 0.2106196686351706 0.48519777312992124 0.2101070374015748 0.48519777312992124 0.21574598097112863 0.48519777312992124 0.22651123687664043 0.48212198572834647 0.23522596784776906 0.4848132997047244 0.23881438648293965 0.48942698080708663 0.25368069225721784 0.521722748523622 0.25368069225721784 0.5559408833661418 0.25521858595800523 0.5732421875 0.25419332349081364 0.5836229699803149 0.2598322670603675 0.5874677042322834 0.25778174212598426 0.5851608636811023 0.22753649934383202 0.5540185162401575 0.2203596620734908 
0 0.5828540231299213 0.1962659940944882 0.5793937623031497 0.21472071850393704 0.5740111343503937 0.22394808070866143 0.5866987573818898 0.22856176181102364 0.588621124507874 0.25111753608923887 0.6074603223425197 0.24804174868766404 0.6370647760826772 0.24804174868766404 0.6562884473425197 0.24547859251968507 0.6774344857283464 0.22753649934383202 0.6735897514763779 0.20190493766404202 0.6251460999015748 0.1957533628608924 0.5993863804133858 0.1921649442257218 
0 0.17569666584645668 0.217283874671916 0.17338982529527558 0.23163754921259846 0.17531219242125984 0.25111753608923887 0.1780035063976378 0.2603448982939633 0.19453586368110237 0.26854699803149606 0.2260626845472441 0.27521120406824146 0.2525913508858268 0.2767490977690289 0.2637410802165354 0.27572383530183725 0.2641255536417323 0.2670091043307087 0.269892655019685 0.25265542979002625 0.2748908095472441 0.2500922736220473 0.28911632627952755 0.25265542979002625 0.2787355437992126 0.23881438648293965 0.26758581446850394 0.22958702427821523 0.26066529281496065 0.22651123687664043 0.24028820127952755 0.22189755577427825 0.20607006643700787 0.22189755577427825 
0 0.2964213213582677 0.21472071850393704 0.2798889640748031 0.21574598097112863 0.26758581446850394 0.22394808070866143 0.2691237081692913 0.23061228674540682 0.2806579109251969 0.24035228018372704 0.2910386934055118 0.25419332349081364 0.33256182332677164 0.26342068569553806 0.35947496309055116 0.2705975229658793 0.3779296875 0.26803436679790027 0.37600732037401574 0.2562438484251969 0.3748539000984252 0.23676386154855644 0.35447680856299213 0.23317544291338585 0.32064314714566927 0.22446071194225722 0.303341843011811 0.21369545603674542 
0 0.38523468257874016 0.21933439960629922 0.3775452140748031 0.23061228674540682 0.3771607406496063 0.2506049048556431 0.3779296875 0.2598322670603675 0.3902328371062992 0.2726480479002625 0.4098409817913386 0.27367331036745407 0.42329755167322836 0.2772617290026247 0.44021438238188976 0.27469857283464566 0.449826218011811 0.27367331036745407 0.46712752214566927 0.2716227854330709 0.4725101500984252 0.2787996227034121 0.47904619832677164 0.26803436679790027 0.48365987942913385 0.25675647965879267 0.48827356053149606 0.25419332349081364 0.4848132997047244 0.24035228018372704 0.4809685654527559 0.23625123031496065 0.4536709522637795 0.23676386154855644 0.41945281742125984 0.23112491797900261 0.3898483636811024 0.21830913713910763 
0 0.48942698080708663 0.25470595472440943 0.48289093257874016 0.25829437335958005 0.4794306717519685 0.26905962926509186 0.4748169906496063 0.2813627788713911 0.47673935777559057 0.30033013451443574 0.4763548843503937 0.31775959645669294 0.4801996186023622 0.33160063976377957 0.48404435285433073 0.32134801509186356 0.4871201402559055 0.3136585465879265 0.4925027682086614 0.2972543471128609 0.49519408218503935 0.2941785597112861 0.5028835506889764 0.2946911909448819 0.521722748523622 0.2987922408136483 0.5340258981299213 0.3023806594488189 0.5436377337598425 0.30084276574803154 0.5586321973425197 0.2987922408136483 0.568244032972441 0.2972543471128609 0.5786248154527559 0.29622908464566927 0.5847763902559056 0.2864890912073491 0.5870832308070866 0.2762364665354331 0.5859298105314961 0.26444594816272965 0.5720887672244095 0.25521858595800523 0.555171936515748 0.25521858595800523 0.5221072219488189 0.25419332349081364 
0 0.5893900713582677 0.25163016732283466 0.5878521776574803 0.25726911089238846 0.5859298105314961 0.26547121062992124 0.5866987573818898 0.2772617290026247 0.6101516363188977 0.2716227854330709 0.6355268823818897 0.2731606791338583 0.6551350270669292 0.2731606791338583 0.668207123523622 0.27367331036745407 0.6651313361220472 0.2562438484251969 0.6647468626968503 0.24599122375328086 0.6578263410433071 0.24394069881889766 0.6382181963582677 0.24855437992125984 0.6078447957677166 0.24855437992125984 
0 0.5870832308070866 0.2777743602362205 0.5847763902559056 0.2875143536745407 0.5793937623031497 0.2982796095800525 0.5932348056102362 0.2982796095800525 0.5955416461614174 0.3044311843832021 0.599001906988189 0.32339854002624674 0.6224547859251969 0.32134801509186356 0.6532126599409449 0.3157090715223097 0.6701294906496063 0.31160802165354334 0.6801257997047244 0.3039185531496063 0.6782034325787402 0.27521120406824146 0.6351424089566929 0.27367331036745407 0.6105361097440944 0.2711101541994751 
0 0.49480960875984253 0.2972543471128609 0.4813530388779528 0.33160063976377957 0.4871201402559055 0.3597953576115485 0.4903624487704918 0.3489796789617486 0.49516521516393436 0.3389472336065574 0.5082661786417323 0.33313853346456695 0.5509427288385826 0.3367269520997376 0.5786248154527559 0.3362143208661417 0.5951571727362205 0.3382648458005249 0.5982329601377953 0.32391117125984253 0.5936192790354331 0.2977669783464567 0.5778558686023622 0.2987922408136483 0.5674750861220472 0.2987922408136483 0.5597856176181102 0.2998175032808399 0.5332569512795275 0.3044311843832021 0.5213382750984252 0.2987922408136483 0.5032680241141733 0.2957164534120735 
0 0.16839167076771652 0.2721354166666667 0.16570035679133857 0.3044311843832021 0.1810792937992126 0.3146838090551181 0.21222164124015747 0.32237327755905515 0.23721241387795275 0.33262590223097116 0.2541292445866142 0.3362143208661417 0.2641255536417323 0.32852485236220474 0.2798889640748031 0.3254490649606299 0.29065421998031493 0.3141711778215223 0.2871939591535433 0.2911027723097113 0.2787355437992126 0.2864890912073491 0.26527897391732286 0.2772617290026247 0.22452479084645668 0.27572383530183725 0.1933824434055118 0.26854699803149606 
0 0.5997708538385826 0.3249364337270341 0.6228392593503937 0.32134801509186356 0.6724363312007874 0.31314591535433073 0.6905065821850394 0.3172469652230971 0.6951202632874016 0.32903748359580054 0.696658156988189 0.34595431430446194 0.688968688484252 0.3582574639107612 0.6728208046259843 0.36338377624671914 0.6535971333661418 0.3608206200787402 0.6236082062007874 0.3608206200787402 0.6063069020669292 0.36645956364829396 0.6047690083661418 0.35415641404199477 0.5955416461614174 0.3367269520997376 
0 0.5074972317913385 0.33365116469816275 0.49564549180327866 0.34150870901639346 0.4878890871062992 0.3608206200787402 0.4855822465551181 0.37927534448818895 0.506343811515748 0.38132586942257224 0.5413308932086615 0.3849142880577428 0.5763179749015748 0.3833763943569554 0.5863142839566929 0.3854269192913386 0.6043845349409449 0.369022719816273 0.6047690083661418 0.35569430774278216 0.5951571727362205 0.33877747703412076 0.5797782357283464 0.3362143208661417 0.5509427288385826 0.3372395833333333 
0 0.6043845349409449 0.36748482611548555 0.6236082062007874 0.36030798884514437 0.6551350270669292 0.3608206200787402 0.6720518577755905 0.36338377624671914 0.6885842150590551 0.3597953576115485 0.6958892101377953 0.3710732447506562 0.6947357898622047 0.3849142880577428 0.6755121186023622 0.39004060039370075 0.6382181963582677 0.3915784940944882 0.6216858390748031 0.3915784940944882 0.6116895300196851 0.3915784940944882 0.5951571727362205 0.39209112532808404 0.5874677042322834 0.38901533792650916 0.5874677042322834 0.3854269192913386 
0 0.2745063361220472 0.2506049048556431 0.2921921136811024 0.25368069225721784 0.33409971702755903 0.26290805446194226 0.35870601624015747 0.2700848917322835 0.3771607406496063 0.28495119750656167 0.3783141609251969 0.2967417158792651 0.38292784202755903 0.3044311843832021 0.38138994832677164 0.31058275918635175 0.37446942667322836 0.3192974901574803 0.36524206446850394 0.3259616961942257 0.34947865403543305 0.32852485236220474 0.32641024852362205 0.32134801509186356 0.2902697465551181 0.31212065288713914 0.28911632627952755 0.2931532972440945 0.27912001722440943 0.28546382874015747 0.26643239419291337 0.2777743602362205 0.26220318651574803 0.26854699803149606 0.2691237081692913 0.25265542979002625 
0 0.362550750492126 0.2695722604986877 0.37908310777559057 0.26905962926509186 0.38831046998031493 0.2700848917322835 0.4102254552165354 0.27469857283464566 0.4229130782480315 0.2777743602362205 0.4655896284448819 0.2716227854330709 0.4740480437992126 0.2818754101049869 0.4755859375 0.2982796095800525 0.47673935777559057 0.3172469652230971 0.4644362081692913 0.3259616961942257 0.43944543553149606 0.31878485892388453 0.41176334891732286 0.31058275918635175 0.39830677903543305 0.31058275918635175 0.38292784202755903 0.3069943405511811 0.3786986343503937 0.2972543471128609 0.37677626722440943 0.2844385662729659 
0 0.16915457589285712 0.30924479166666663 0.16252790178571427 0.3269159226190476 0.16531808035714285 0.34737723214285715 0.18066406249999997 0.3622581845238095 0.20507812499999997 0.37388392857142855 0.2256556919642857 0.3878348214285714 0.2427455357142857 0.38922991071428564 0.2598353794642857 0.3948102678571428 0.27239118303571425 0.39620535714285715 0.2741350446428571 0.38690476190476186 0.2828543526785714 0.36923363095238093 0.28215680803571425 0.36411830357142855 0.2755301339285714 0.353422619047619 0.2647181919642857 0.35016741071428564 0.26297433035714285 0.3413318452380952 0.23716517857142855 0.33342633928571425 0.2144949776785714 0.3227306547619047 0.18066406249999997 0.31668526785714285 
0 0.29052734375 0.31668526785714285 0.2804129464285714 0.32366071428571425 0.2643694196428571 0.3273809523809524 0.26157924107142855 0.34040178571428564 0.26541573660714285 0.34970238095238093 0.2779715401785714 0.353422619047619 0.2818080357142857 0.363188244047619 0.3009905133928571 0.36737351190476186 0.3536551339285714 0.37388392857142855 0.3683035714285714 0.3715587797619047 0.3731863839285714 0.3655133928571428 0.37876674107142855 0.353422619047619 0.37737165178571425 0.3464471726190476 0.37283761160714285 0.34086681547619047 0.36900111607142855 0.32831101190476186 0.35051618303571425 0.32970610119047616 0.32610212053571425 0.32040550595238093 0.2985491071428571 0.314360119047619 
0 0.3853934151785714 0.30924479166666663 0.3742327008928571 0.3194754464285714 0.37109374999999994 0.3255208333333333 0.3731863839285714 0.3422619047619047 0.38120814732142855 0.353422619047619 0.4021344866071428 0.3552827380952381 0.4244559151785714 0.361328125 0.4415457589285714 0.36690848214285715 0.4635184151785714 0.36923363095238093 0.4830496651785714 0.3687686011904761 0.4846496099921011 0.356369717614534 0.4827008928571428 0.3329613095238095 0.46282087053571425 0.3255208333333333 0.4404994419642857 0.32040550595238093 0.4143415178571428 0.3097098214285714 0.39794921874999994 0.3129650297619047 
0 0.5067661830357142 0.3831845238095238 0.4865373883928571 0.37992931547619047 0.47851562499999994 0.38597470238095233 0.46909877232142855 0.4008556547619047 0.4767717633928571 0.40829613095238093 0.4875837053571428 0.41806175595238093 0.51025390625 0.4194568452380952 0.5315290178571428 0.41806175595238093 0.5451311383928571 0.4138764880952381 0.5562918526785714 0.41899181547619047 0.5684988839285714 0.4138764880952381 0.5911690848214285 0.40922619047619047 0.5873325892857142 0.40318080357142855 0.5880301339285714 0.3915550595238095 0.5841936383928571 0.3841145833333333 0.5423409598214285 0.3850446428571428 
0 0.5946568080357142 0.39202008928571425 0.5880301339285714 0.39202008928571425 0.5873325892857142 0.402250744047619 0.5918666294642857 0.40922619047619047 0.5957031249999999 0.42550223214285715 0.6462751116071428 0.42317708333333326 0.6727818080357142 0.4222470238095238 0.6912667410714285 0.41852678571428564 0.6905691964285714 0.3980654761904761 0.6884765624999999 0.38876488095238093 0.6773158482142857 0.392485119047619 0.6382533482142857 0.3915550595238095 0.6110491071428571 0.39202008928571425 
0 0.16934511325503354 0.3582127376957494 0.16246329697986578 0.3656407298657718 0.1614801803691275 0.3839922399328859 0.1720787432553957 0.4018660071942446 0.1913013842281879 0.4071500978747204 0.20932518875838926 0.412830327181208 0.2280044043624161 0.4176366750559284 0.24340656459731544 0.4176366750559284 0.26306889681208057 0.4211322007829978 0.27322776845637586 0.4206952600671141 0.2722446518456376 0.3962265799776286 0.2601195469798658 0.394478817114094 0.24340656459731544 0.3892355285234899 0.22505505453020133 0.3892355285234899 0.20539272231543623 0.3735056627516778 0.18081480704697986 0.3625821448545861 
0 0.28338664010067116 0.3634560262863535 0.27453859060402686 0.3853030620805369 0.27388317953020136 0.3949157578299776 0.28699140100671144 0.39142023210290827 0.3069814387583893 0.395789639261745 0.34532298657718125 0.4032176314317673 0.37579960151006714 0.4058392757270693 0.3774381291946309 0.3962265799776286 0.37973206795302017 0.38705082494407156 0.3761273070469799 0.3809336549217002 0.37219484060402686 0.3739426034675615 0.3538433305369128 0.3748164848993289 
0 0.3787489513422819 0.3555910934004474 0.3735056627516779 0.3638929670022371 0.37022860738255037 0.3726317813199105 0.37711042365771813 0.3809336549217002 0.38661388422818793 0.3866138842281879 0.4016883389261745 0.3887985878076063 0.4282324874161074 0.3949157578299776 0.4462562919463087 0.4001590464205817 0.4688679739932886 0.4032176314317673 0.4783714345637584 0.3826814177852349 0.4859086619127517 0.3791858920581655 0.48361472315436244 0.3678254334451902 0.44166841442953025 0.36738849272930646 0.4016883389261745 0.3551541526845638 
0 0.28765034847122306 0.3920301258992805 0.27500421537769787 0.3948403776978417 0.2743016524280576 0.4234112709832134 0.2760580598021583 0.4309052757793765 0.3224272144784173 0.4435514088729016 0.3761732801258993 0.4524505395683453 0.37863225044964033 0.44870353717026373 0.3814425022482015 0.4398044064748201 0.39268350944244607 0.4309052757793765 0.3867117243705036 0.4163856414868105 0.3772271245503597 0.4107651378896882 0.3758219986510792 0.4070181354916067 
0 0.38706300584532377 0.38781474820143885 0.38038865782374104 0.3873463729016786 0.3761732801258993 0.3948403776978417 0.3768758430755396 0.40889163669064743 0.3881168502697842 0.4159172661870503 0.39408863534172667 0.43043690047961625 0.41340911645683454 0.42903177458033565 0.4450244491906475 0.434652278177458 0.48507053732014394 0.43512065347721823 0.4878807891187051 0.4196642685851319 0.47628850044964033 0.40748651079136683 0.47031671537769787 0.4032711330935252 0.4474834195143885 0.3995241306954436 0.4281629383992806 0.3943720023980815 0.40216810926258995 0.3887514988009592 
0 0.5915088241906475 0.40936001199040767 0.5953729204136691 0.42668989808153474 0.5957242018884892 0.4435514088729016 0.5732421875 0.4571342925659472 0.5240627810251799 0.45900779376498796 0.49666282598920863 0.4585394184652278 0.49069104091726623 0.45338729016786566 0.48682694469424465 0.43558902877697836 0.48858335206834536 0.41779076738609106 0.5107140849820144 0.42060101918465226 0.5307371290467626 0.41919589328537166 0.5451396695143885 0.41404376498800954 0.5570832396582734 0.42060101918465226 0.5686755283273381 0.4135753896882494 
0 0.5953729204136691 0.42668989808153474 0.5967780463129496 0.44167790767386084 0.5886985723920863 0.44870353717026373 0.5957242018884892 0.46650179856115104 0.6396343862410072 0.46509667266187044 0.7021624887589928 0.4576026678657074 0.6975958295863309 0.42434802158273377 0.6723035633992805 0.42434802158273377 0.64630873426259 0.4234112709832134 
0 0.595021638938849 0.4674385491606714 0.5809703799460432 0.490857314148681 0.5876447279676259 0.5011615707434053 0.5992370166366907 0.5067820743405275 0.6326087567446044 0.5053769484412469 0.6698445930755396 0.5020983213429256 0.6845984150179856 0.4997564448441247 0.6898676371402878 0.4922624400479616 0.697947111061151 0.48992056354916064 0.69513685926259 0.4599445443645083 0.653685645233813 0.4636915467625899 0.6076677720323741 0.4669701738609113 
0 0.4970141074640288 0.4599445443645083 0.49104232239208634 0.4636915467625899 0.4882320705935252 0.4739958033573141 0.4819090040467626 0.4796163069544364 0.4840166928956835 0.4889838129496402 0.49104232239208634 0.5002248201438849 0.5152807441546763 0.4974145683453237 0.5563806767086331 0.49319919064748197 0.5735934689748201 0.49319919064748197 0.5806190984712231 0.4885154376498801 0.5953729204136691 0.46790692446043164 0.5890498538669064 0.44870353717026373 0.5718370616007195 0.4580710431654676 0.5244140625 0.4585394184652278 
0 0.1674262152777778 0.40210262345679015 0.16417100694444445 0.414158950617284 0.16308593750000003 0.42910879629629634 0.17863859953703706 0.44261188271604945 0.20033998842592593 0.44839891975308643 0.2267433449074074 0.44839891975308643 0.2564019097222222 0.447434413580247 0.2679759837962963 0.43586033950617287 0.27448640046296297 0.4329668209876543 0.27231626157407407 0.42283950617283955 0.24265769675925927 0.418016975308642 0.2289134837962963 0.41849922839506176 0.21336082175925927 0.418016975308642 0.21046730324074076 0.41078317901234573 
0 0.2770182291666667 0.4329668209876543 0.26689091435185186 0.43778935185185186 0.2603804976851852 0.4459876543209877 0.2629123263888889 0.46286651234567905 0.2795500578703704 0.47058256172839513 0.28099681712962965 0.4792631172839506 0.3066767939814815 0.4840856481481482 0.35261140046296297 0.49662422839506176 0.3706958912037037 0.4913194444444445 0.38154658564814814 0.4754050925925926 0.37612123842592593 0.4643132716049383 0.3728660300925926 0.4527391975308643 0.31788917824074076 0.44309413580246915 
0 0.39565248842592593 0.43152006172839513 0.3822699652777778 0.43923611111111116 0.3790147569444444 0.44646990740740744 0.3753978587962963 0.45418595679012347 0.3800998263888889 0.47010030864197533 0.38371672453703703 0.47636959876543217 0.4256727430555556 0.4826388888888889 0.4571397569444444 0.4826388888888889 0.48137297453703703 0.4811921296296297 0.48933015046296297 0.4710648148148149 0.4907769097222222 0.4503279320987655 0.4878833912037037 0.4363425925925926 0.4466507523148148 0.4368248456790124 0.41409866898148145 0.42959104938271614 
0 0.1771918402777778 0.4421296296296297 0.16344762731481483 0.44454089506172845 0.16344762731481483 0.46141975308641975 0.15874565972222224 0.4787808641975309 0.17140480324074076 0.4898726851851852 0.19853153935185186 0.49469521604938277 0.22529658564814817 0.49758873456790126 0.24735966435185186 0.498070987654321 0.2618272569444445 0.4913194444444445 0.27340133101851855 0.49373070987654327 0.28099681712962965 0.48167438271604945 0.2802734375 0.47058256172839513 0.2632740162037037 0.46334876543209885 0.26146556712962965 0.44646990740740744 0.2267433449074074 0.4488811728395062 0.20033998842592593 0.449363425925926 
0 0.2893156828703704 0.4807098765432099 0.2824435763888889 0.48167438271604945 0.27412471064814814 0.49324845679012347 0.26363570601851855 0.4913194444444445 0.2535083912037037 0.49662422839506176 0.2585720486111111 0.5048225308641976 0.2828052662037037 0.5139853395061729 0.2813585069444445 0.5323109567901235 0.2947410300925926 0.5231481481481483 0.31029369212962965 0.5207368827160495 0.36961082175925924 0.5284529320987655 0.3706958912037037 0.5192901234567902 0.37720630787037035 0.5115740740740741 0.3681640625 0.5048225308641976 0.3659939236111111 0.49662422839506176 0.35478153935185186 0.49710648148148157 
0 0.38190827546296297 0.4758873456790124 0.3714192708333333 0.4908371913580247 0.3659939236111111 0.49469521604938277 0.3681640625 0.5019290123456791 0.37937644675925924 0.5120563271604939 0.4376085069444444 0.5202546296296297 0.4636501736111111 0.5236304012345679 0.4784794560185185 0.5202546296296297 0.48245804398148145 0.5014467592592593 0.47920283564814814 0.48697916666666674 0.4766710069444444 0.4826388888888889 0.45677806712962965 0.48167438271604945 0.42494936342592593 0.48167438271604945 
0 0.48716001157407407 0.498070987654321 0.4810112847222222 0.5096450617283951 0.48173466435185186 0.5245949074074074 0.4864366319444444 0.5385802469135803 0.5298394097222223 0.5385802469135803 0.5707103587962964 0.5395447530864198 0.5909649884259259 0.5356867283950618 0.5916883680555556 0.5028935185185185 0.5833695023148149 0.49565972222222227 0.5584129050925927 0.49228395061728397 0.5175419560185186 0.49855324074074076 0.4925853587962963 0.5000000000000001 
0 0.5978370949074074 0.5077160493827161 0.5913266782407408 0.5188078703703703 0.5913266782407408 0.5337577160493828 0.5855396412037037 0.5385802469135803 0.5887948495370371 0.5506365740740741 0.6076027199074074 0.5458140432098766 0.6376229745370371 0.5405092592592593 0.6593243634259259 0.5419560185185185 0.6727068865740741 0.5414737654320988 0.6842809606481481 0.5400270061728395 0.7009186921296297 0.5327932098765432 0.6962167245370371 0.49758873456790126 0.6839192708333334 0.5009645061728395 0.6701750578703705 0.5028935185185185 0.6329210069444445 0.5057870370370371 
0 0.7030888310185186 0.5327932098765432 0.7056206597222222 0.5670331790123457 0.6922381365740741 0.5718557098765432 0.6763237847222222 0.5786072530864198 0.6542607060185186 0.5805362654320988 0.6184534143518519 0.5810185185185185 0.6090494791666667 0.5795717592592593 0.5862630208333334 0.5800540123456791 0.5826461226851852 0.5651041666666666 0.5866247106481481 0.5636574074074074 0.5898799189814815 0.5540123456790124 0.6083260995370371 0.5472608024691358 0.6379846643518519 0.5414737654320988 0.6596860532407408 0.5419560185185185 0.6741536458333334 0.5405092592592593 0.6842809606481481 0.5419560185185185 
0 0.16270045230263164 0.4894234283625731 0.15927391721491233 0.5231176900584794 0.17169510690789477 0.5345394736842105 0.2179533305921053 0.5419636330409356 0.25264699835526316 0.5488167032163742 0.2642115542763158 0.5419636330409356 0.27234957510964913 0.5442479897660818 0.2809159128289474 0.5311129385964911 0.28305749725877194 0.5139802631578947 0.2607850191885965 0.505985014619883 0.2496487801535088 0.4979897660818713 0.22394976699561409 0.4991319444444444 
0 0.3108980948464912 0.5214044225146198 0.2959070038377193 0.5231176900584794 0.28262918037280704 0.5322551169590642 0.27192125822368424 0.5442479897660818 0.2629266036184211 0.5431058114035087 0.2629266036184211 0.5493877923976608 0.26678145559210525 0.5579541301169589 0.27663274396929827 0.5636650219298245 0.32074938322368424 0.5665204678362573 0.38157038103070173 0.5716602704678362 0.38799513432017546 0.5573830409356725 0.3875668174342105 0.5442479897660818 0.3832836485745614 0.5385370979532164 0.3708624588815789 0.5282574926900584 
0 0.1584172834429825 0.5333972953216374 0.15884560032894743 0.5705180921052632 0.17041015625000006 0.5762289839181286 0.19953570449561409 0.5785133406432748 0.23123115405701758 0.581939875730994 0.26635313870614036 0.5830820540935672 0.2749194764254386 0.5836531432748537 0.2783460115131579 0.5636650219298245 0.2676380893640351 0.5585252192982456 0.26335492050438597 0.5493877923976608 0.21880996436403513 0.5419636330409356 
0 0.2787743283991228 0.56937591374269 0.2783460115131579 0.5773711622807017 0.27963096217105265 0.592219480994152 0.3160378974780702 0.5950749269005847 0.3494466145833333 0.6013569078947368 0.3631527549342105 0.604783442982456 0.37514562774122806 0.5979303728070174 0.3897084018640351 0.5939327485380116 0.3961331551535088 0.5830820540935672 0.3927066200657895 0.575657894736842 0.38885176809210525 0.5630939327485379 0.3828553316885965 0.5710891812865496 0.32160601699561403 0.5665204678362573 0.28305749725877194 0.5648072002923976 
0 0.3794287966008772 0.5116959064327485 0.3708624588815789 0.5185489766081871 0.3734323601973684 0.5316840277777778 0.3897084018640351 0.5442479897660818 0.42440206962719296 0.5499588815789473 0.4800832648026316 0.5522432383040935 0.4805115816885965 0.5202622441520467 0.4642355400219298 0.5242598684210525 0.4385365268640351 0.5208333333333333 
0 0.4809398985745614 0.5282574926900584 0.4813682154605263 0.5522432383040935 0.48350979989035087 0.5613806652046783 0.49764425712719296 0.5636650219298245 0.5057822779605263 0.5728024488304093 0.5177751507675439 0.56937591374269 0.5409042626096492 0.5648072002923976 0.5558953536184211 0.5636650219298245 0.580737733004386 0.5630939327485379 0.5875908031798246 0.5608095760233918 0.58544921875 0.5373949195906432 0.5730280290570176 0.5391081871345028 0.5306246573464912 0.5385370979532164 0.4852230674342105 0.5385370979532164 
0 0.38885176809210525 0.5465323464912281 0.38885176809210525 0.5653782894736842 0.39870305646929827 0.5865085891812865 0.4261153371710526 0.587079678362573 0.4612373218201754 0.5899351242690057 0.4719452439692982 0.5899351242690057 0.47879831414473684 0.5842242324561403 0.49464603892543857 0.5802266081871345 0.4989292077850877 0.5716602704678362 0.4985008908991228 0.5648072002923976 0.4822248492324561 0.5625228435672515 0.4805115816885965 0.5522432383040935 0.42697197094298245 0.5493877923976608 
0 0.5824510005482456 0.5648072002923976 0.5833076343201755 0.5859374999999999 0.580737733004386 0.5927905701754385 0.5760262472587719 0.5893640350877193 0.5653183251096492 0.5950749269005847 0.5216300027412281 0.6076388888888888 0.5019274259868421 0.6104943347953216 0.4989292077850877 0.6156341374269005 0.48350979989035087 0.6144919590643274 0.47323019462719296 0.5927905701754385 0.47879831414473684 0.5830820540935672 0.4959309895833333 0.580797697368421 0.49978584155701755 0.5710891812865496 0.5040690104166667 0.5716602704678362 0.5182034676535088 0.56937591374269 0.541760896381579 0.564236111111111 
0 0.15869140625 0.5816195618872548 0.15653722426470587 0.5911937040441176 0.15797334558823528 0.6127355238970588 0.17018037683823528 0.6165651807598039 0.22618910845588233 0.6223096660539215 0.26711856617647056 0.6208735447303921 0.27322208180147056 0.610341988357843 0.2843520220588235 0.5993317248774509 0.27860753676470584 0.5931085324754902 0.275735294117647 0.5844918045343137 0.23085650275735292 0.582098268995098 0.20069795496323528 0.5777899050245098 0.16982134650735292 0.5777899050245098 
0 0.29368681066176466 0.5940659466911764 0.28471105238970584 0.5993317248774509 0.2728630514705882 0.60986328125 0.2699908088235294 0.6208735447303921 0.27429917279411764 0.6333199295343137 0.2900965073529412 0.6424153645833333 0.3105612362132353 0.6500746783088235 0.3324620863970588 0.6529469209558824 0.355080997242647 0.6543830422794118 0.37016027113970584 0.6515107996323529 0.38021312040441174 0.6572552849264706 0.3881117876838235 0.6548617493872548 0.39313821231617646 0.644808900122549 0.39313821231617646 0.6299689797794118 0.3888298483455882 0.6156077665441176 0.37016027113970584 0.6079484528186274 0.3500545726102941 0.6007678462009803 0.3155876608455882 0.5935872395833334 
0 0.39636948529411764 0.5849705116421569 0.3899069393382353 0.5950233609068627 0.3726734834558823 0.5983743106617646 0.3651338465073529 0.6036400888480392 0.37016027113970584 0.6084271599264706 0.38847081801470584 0.6141716452205882 0.39529239430147056 0.6290115655637255 0.4132439108455882 0.6275754442401961 0.4688936121323529 0.6294902726715687 0.483254825367647 0.6294902726715687 0.4843319163602941 0.6141716452205882 0.47248391544117646 0.5902362898284313 
0 0.4836138556985294 0.620394837622549 0.49833409926470584 0.6165651807598039 0.5353142233455882 0.6060336243872548 0.5762436810661764 0.5897575827205882 0.5855784696691176 0.6108206954656862 0.5762436810661764 0.6266180300245098 0.5622414981617647 0.6266180300245098 0.5367503446691176 0.6376282935049019 0.4986931295955882 0.6476811427696078 0.4875631893382353 0.6452876072303921 0.4818187040441176 0.6337986366421569 
0 0.3938562729779411 0.6318838082107843 0.4143210018382353 0.6266180300245098 0.46961167279411764 0.6299689797794118 0.483254825367647 0.6280541513480392 0.4818187040441176 0.6323625153186274 0.4875631893382353 0.6443301930147058 0.48684512867647056 0.6515107996323529 0.4796645220588235 0.6625210631127451 0.4749971277573529 0.6711377910539215 0.446633731617647 0.6764035692401961 0.39744657628676466 0.6725739123774509 0.38021312040441174 0.673052619485294 0.3690831801470588 0.6582126991421569 0.3698012408088235 0.6505533854166666 0.3798540900735294 0.6572552849264706 0.3881117876838235 0.655340456495098 0.3934972426470588 0.644808900122549 
0 0.1669491038602941 0.6180013020833334 0.16299977022058823 0.6280541513480392 0.1662310431985294 0.6424153645833333 0.177001953125 0.6524682138480392 0.19495346966911764 0.6510320925245098 0.21829044117647056 0.6543830422794118 0.23767807904411764 0.6572552849264706 0.2534754136029412 0.6610849417892156 0.27106789981617646 0.6534256280637255 0.2850700827205882 0.6534256280637255 0.28937844669117646 0.6419366574754902 0.27322208180147056 0.6333199295343137 0.2717859604779412 0.6218309589460784 0.2660414751838235 0.6213522518382353 0.22618910845588233 0.624224494485294 
0 0.28866038602941174 0.6414579503676471 0.28542911305147056 0.6539043351715687 0.2707088694852941 0.6519895067401961 0.26424632352941174 0.6582126991421569 0.269631778492647 0.6764035692401961 0.300149356617647 0.6821480545343137 0.3385656020220588 0.6907647824754902 0.367288028492647 0.6936370251225489 0.373391544117647 0.6931583180147057 0.38847081801470584 0.6826267616421569 0.3881117876838235 0.6759248621323529 0.3805721507352941 0.673052619485294 0.37016027113970584 0.6582126991421569 0.3694422104779411 0.6534256280637255 0.3561580882352941 0.6539043351715687 0.3317440257352941 0.6529469209558824 0.31199735753676466 0.6500746783088235 
0 0.4997702205882353 0.6481598498774509 0.48504997702205876 0.6519895067401961 0.4782284007352941 0.6644358915441176 0.47607421874999994 0.6735313265931372 0.4864860983455882 0.6874138327205882 0.49905215992647056 0.6907647824754902 0.5306468290441176 0.6854990042892156 0.5450080422794117 0.6783183976715685 0.5669088924632353 0.6735313265931372 0.5830652573529411 0.6658720128676471 0.592041015625 0.6577339920343137 0.5916819852941176 0.6438514859068627 0.5841423483455882 0.6270967371323529 0.5769617417279411 0.6256606158088235 0.5611644071691176 0.6275754442401961 0.537109375 0.6381070006127451 
0 0.5877326516544117 0.5816195618872548 0.6189682904411764 0.582098268995098 0.6548713235294117 0.582098268995098 0.6756950827205882 0.5801834405637255 0.6936465992647058 0.5701305912990196 0.6947236902573529 0.6050762101715687 0.67138671875 0.6122568167892156 0.6458955652573529 0.6199161305147058 0.624712775735294 0.6194374234068627 0.6132238051470588 0.620394837622549 0.5952722886029411 0.6170438878676471 0.5855784696691176 0.6156077665441176 0.5848604090073529 0.6132142310049019 0.575884650735294 0.5897575827205882 0.5812701056985293 0.5935872395833334 0.5834242876838235 0.5868853400735293 
0 0.5916819852941176 0.6146503523284313 0.587014590992647 0.6251819087009803 0.5895278033088235 0.6371495863970588 0.5985035615808824 0.6462450214460784 0.6135828354779411 0.6500746783088235 0.6318933823529411 0.6467237285539215 0.655230353860294 0.6438514859068627 0.68359375 0.6409792432598039 0.6918497131642513 0.6383856682769726 0.6944444444444445 0.6289502818035426 0.6936465992647058 0.6050762101715687 0.6721047794117646 0.6127355238970588 0.6466136259191176 0.620394837622549 0.6261488970588235 0.6208735447303921 0.6128647748161764 0.620394837622549 
0 0.6875430836397058 0.6400218290441176 0.6900562959558822 0.6515107996323529 0.6922104779411764 0.6701803768382352 0.6767721737132353 0.679754518995098 0.6512810202205882 0.6826267616421569 0.636919806985294 0.6864564185049019 0.6160960477941176 0.6878925398284313 0.606402228860294 0.6898073682598039 0.5906048943014706 0.6859777113970588 0.588091681985294 0.673052619485294 0.588091681985294 0.6615636488970588 0.593118106617647 0.6567765778186274 0.593118106617647 0.648638556985294 0.5977855009191176 0.6467237285539215 0.612505744485294 0.6505533854166666 0.6333295036764706 0.6462450214460784 0.6559484145220588 0.6438514859068627 
0 0.15905043658088233 0.6376282935049019 0.15294692095588233 0.6716164981617646 0.1633588005514706 0.6792758118872548 0.20249310661764705 0.6931583180147057 0.24414062499999997 0.7065621170343137 0.26640050551470584 0.7132640165441176 0.2678366268382353 0.6969879748774509 0.27250402113970584 0.6778396905637254 0.2678366268382353 0.6735313265931372 0.25634765625 0.6606062346813725 0.23839613970588233 0.6577339920343137 0.21757238051470587 0.655340456495098 0.19387637867647056 0.6515107996323529 0.17736098345588233 0.6534256280637255 
0 0.5924000459558824 0.6888499540441176 0.6067612591911764 0.6917221966911765 0.6157370174632353 0.6874138327205882 0.6376378676470588 0.6854990042892156 0.6523581112132353 0.68310546875 0.677490234375 0.6792758118872548 0.6839527803308822 0.7127853094362745 0.6376378676470588 0.7242742800245098 0.5967084099264706 0.7328910079656863 0.5830652573529411 0.7233168658088235 0.5783978630514706 0.7103917738970588 0.592041015625 0.7027324601715685 
0 0.59814453125 0.7324123008578431 0.594195197610294 0.7395929074754902 0.5823471966911764 0.746294806985294 0.5855784696691176 0.75634765625 0.5977855009191176 0.7664005055147057 0.6376378676470588 0.7616134344362745 0.6825166590073529 0.7501244638480391 0.6929285386029411 0.7324123008578431 0.6922104779411764 0.7180510876225489 0.6839527803308822 0.7123066023284313 0.636919806985294 0.7242742800245098 
0 0.16407686121323528 0.6802332261029411 0.15581916360294115 0.6907647824754902 0.1540240119485294 0.7190085018382352 0.1716164981617647 0.7266678155637254 0.19710765165441174 0.7314548866421569 0.21900850183823528 0.7352845435049019 0.24449965533088233 0.7439012714460783 0.269631778492647 0.7482096354166666 0.275735294117647 0.7237955729166666 0.2739401424632353 0.7161362591911765 0.2660414751838235 0.7137427236519608 0.20105698529411764 0.6926796109068628 
0 0.2717859604779412 0.6764035692401961 0.2674775965073529 0.697466681985294 0.2678366268382353 0.7127853094362745 0.274658203125 0.7147001378676471 0.2789665670955882 0.7237955729166666 0.32205020680147056 0.7300187653186274 0.34431008731617646 0.7343271292892156 0.3812902113970588 0.7415077359068628 0.385598575367647 0.7175723805147057 0.379495059742647 0.7166149662990197 0.3705193014705882 0.6960305606617646 0.3378475413602941 0.6902860753676471 
0 0.3888298483455882 0.6835841758578431 0.37087833180147056 0.6955518535539215 0.3787769990808823 0.7161362591911765 0.3873937270220588 0.7180510876225489 0.41503906249999994 0.7194872089460783 0.4836138556985294 0.7079982383578431 0.4904354319852941 0.6888499540441176 0.47607421874999994 0.673052619485294 0.4477108226102941 0.6764035692401961 0.397805606617647 0.6716164981617646 
0 0.385598575367647 0.7166149662990197 0.3816492417279411 0.7434225643382352 0.38631663602941174 0.7625708486519608 0.4078584558823529 0.7630495557598039 0.44232536764705876 0.7606560202205882 0.4620720358455882 0.7625708486519608 0.48002355238970584 0.7573050704656863 0.49833409926470584 0.7544328278186274 0.4986931295955882 0.7357632506127451 0.48828124999999994 0.7304974724264706 0.48397288602941174 0.721880744485294 0.4749971277573529 0.7099130667892156 0.4153980928308823 0.7194872089460783 
0 0.49007640165441174 0.6893286611519608 0.48397288602941174 0.7079982383578431 0.47463809742647056 0.7108704810049019 0.4886402803308823 0.7300187653186274 0.5001292509191176 0.7357632506127451 0.5292107077205882 0.728582643995098 0.5791159237132353 0.7089556525735294 0.5924000459558824 0.7022537530637254 0.5902458639705882 0.6840628829656863 0.5862965303308824 0.6639571844362745 0.5651137408088235 0.6740100337009803 0.544289981617647 0.6778396905637254 0.5299287683823529 0.6859777113970588 0.5012063419117647 0.6912434895833334 
0 0.49905215992647056 0.7362419577205882 0.5292107077205882 0.7295400582107843 0.5791159237132353 0.7089556525735294 0.5834242876838235 0.7228381587009803 0.5977855009191176 0.7338484221813725 0.5952722886029411 0.7386354932598039 0.581988166360294 0.7443799785539215 0.5776798023897058 0.7568263633578431 0.49725700827205876 0.7903358609068626 0.48289579503676466 0.7697514552696078 0.483254825367647 0.7577837775735294 0.4986931295955882 0.7539541207107843 
0 0.1662310431985294 0.7237955729166666 0.152587890625 0.7324123008578431 0.14971564797794115 0.7697514552696078 0.16443589154411764 0.7769320618872548 0.23983226102941174 0.7898571537990197 0.26640050551470584 0.7884210324754902 0.2699908088235294 0.7731024050245098 0.27645335477941174 0.7620921415441176 0.2717859604779412 0.7606560202205882 0.269631778492647 0.7472522212009803 0.24378159466911764 0.7443799785539215 0.21829044117647056 0.7352845435049019 0.19710765165441174 0.73193359375 
0 0.15993325541338582 0.7765645505249344 0.15416615403543307 0.782716125328084 0.1530127337598425 0.7996329560367453 0.15493510088582677 0.8150118930446194 0.1803103469488189 0.81860031167979 0.2260626845472441 0.823726624015748 0.25682055856299213 0.826289780183727 0.27258396899606296 0.8257771489501312 0.27835107037401574 0.8047592683727034 0.264894500492126 0.8027087434383202 0.2629721333661417 0.7919434875328083 0.24067267470472442 0.790405593832021 0.24067267470472442 0.790405593832021 
0 0.2810423843503937 0.7627235072178479 0.2702771284448819 0.7729761318897638 0.26681686761811024 0.7878424376640419 0.2656634473425197 0.8042466371391076 0.2779665969488189 0.8027087434383202 0.3025728961614173 0.8098855807086615 0.37677626722440943 0.8257771489501312 0.3836967888779528 0.8021961122047244 0.38292784202755903 0.7924561187664042 0.3710091658464567 0.7868171751968505 0.36524206446850394 0.7729761318897638 
0 0.15801088828740156 0.8155245242782153 0.15416615403543307 0.8293655675853019 0.15724194143700787 0.84423187335958 0.17531219242125984 0.8432066108923885 0.2129905880905512 0.8452571358267716 0.2691237081692913 0.8519213418635171 0.27681317667322836 0.8406434547244094 0.28142685777559057 0.81860031167979 0.2806579109251969 0.8037340059055119 0.27143054872047245 0.8273150426509187 0.25720503198818895 0.8268024114173228 
0 0.1641624630905512 0.8452571358267716 0.16031772883858267 0.8662750164041996 0.16531588336614172 0.88575500328084 0.21721979576771652 0.8898560531496064 0.2798889640748031 0.8847297408136483 0.2848871186023622 0.867300278871391 0.2818113312007874 0.8519213418635171 0.2771976500984252 0.8493581856955381 0.2702771284448819 0.8534592355643045 0.2129905880905512 0.8452571358267716 
0 0.3021884227362205 0.8119361056430446 0.28911632627952755 0.8139866305774278 0.28373369832677164 0.8170624179790026 0.27604422982283466 0.8503834481627296 0.2841181717519685 0.8534592355643045 0.31948972687007876 0.8590981791338583 0.3890794168307087 0.8678129101049868 0.39138625738188976 0.8549971292650919 0.39215520423228345 0.8437192421259843 0.39292415108267714 0.8355171423884514 0.3786986343503937 0.8324413549868767 0.3779296875 0.8268024114173228 
0 0.28757843257874016 0.8544844980314962 0.28373369832677164 0.8683255413385828 0.287962906003937 0.8878055282152232 0.3344841904527559 0.8883181594488189 0.3994601993110236 0.8867802657480315 0.39599993848425197 0.8796034284776902 0.3879259965551181 0.8693508038057742 
0 0.38600362942913385 0.7642614009186351 0.35909048966535434 0.7683624507874015 0.27296844242125984 0.7606729822834645 0.2702771284448819 0.749395095144357 0.27604422982283466 0.726326689632546 0.3221810408464567 0.7294024770341206 0.3448649729330709 0.7345287893700787 0.3817744217519685 0.7422182578740157 
0 0.3660110113188976 0.7678498195538057 0.38754152312992124 0.7632361384514436 0.40868756151574803 0.7632361384514436 0.4429056963582677 0.7611856135170604 0.46289831446850394 0.7632361384514436 0.4825064591535433 0.7616982447506562 0.4809685654527559 0.7939940124671917 0.3836967888779528 0.7919434875328083 0.3710091658464567 0.7868171751968505 
0 0.38523468257874016 0.7939940124671917 0.3783141609251969 0.8283403051181102 0.38062100147637795 0.8324413549868767 0.3944620447834646 0.8360297736220472 0.48904250738188976 0.8375676673228347 0.4921182947834646 0.8129613681102362 0.48827356053149606 0.8047592683727034 0.48058409202755903 0.7950192749343832 
0 0.39292415108267714 0.8432066108923885 0.3886949434055118 0.8708886975065617 0.3956154650590551 0.8790907972440944 0.411378875492126 0.8842171095800525 0.4975009227362205 0.8908813156167978 0.49903881643700787 0.8662750164041996 0.4940406619094488 0.8508960793963255 0.46712752214566927 0.8396181922572179 0.40138256643700787 0.8370550360892389 
0 0.4878890871062992 0.7801529691601049 0.4801996186023622 0.7863045439632547 0.4801996186023622 0.7924561187664042 0.49365618848425197 0.8139866305774278 0.5117264394685039 0.810910843175853 0.5513272022637795 0.7970697998687664 0.5701664000984252 0.7847666502624672 0.5870832308070866 0.7678498195538057 0.5855453371062992 0.7575971948818898 0.5824695497047244 0.7458066765091864 0.5767024483267716 0.7586224573490813 0.4975009227362205 0.7924561187664042 
0 0.4925027682086614 0.8150118930446194 0.48904250738188976 0.8370550360892389 0.47289462352362205 0.8401308234908136 0.4940406619094488 0.8519213418635171 0.529412217027559 0.8396181922572179 0.5628614050196851 0.8252645177165355 0.5832384965551181 0.8073224245406824 0.5805471825787402 0.7980950623359581 0.5747800812007874 0.7811782316272966 0.5717042937992126 0.7847666502624672 0.5497893085629921 0.7980950623359581 0.5140332800196851 0.8103982119422573 
0 0.4940406619094488 0.8508960793963255 0.5001922367125984 0.8688381725721785 0.501345656988189 0.8893434219160105 0.5413308932086615 0.8816539534120734 0.578240342027559 0.8678129101049868 0.6043845349409449 0.8539718667979003 0.6024621678149606 0.8396181922572179 0.59765625 0.8354532061989607 0.5909138363028953 0.8292182860059393 0.5817006028543307 0.8165497867454068 0.5632458784448818 0.8252645177165355 
0 0.5874677042322834 0.7683624507874015 0.5978484867125984 0.7683624507874015 0.6828171136811023 0.751958251312336 0.686277374507874 0.782716125328084 0.6397560900590551 0.7960445374015749 0.5832384965551181 0.8037340059055119 0.5790092888779528 0.7975824311023622 0.5751645546259843 0.7822034940944883 
0 0.5836229699803149 0.8042466371391076 0.5813161294291338 0.816037155511811 0.5924658587598425 0.8303908300524935 0.6047690083661418 0.8406434547244094 0.6459076648622047 0.8324413549868767 0.6962736835629921 0.8216760990813649 0.6946803291062802 0.8000452898550724 0.6870463213582677 0.7832287565616798 0.640140563484252 0.7950192749343832 
0 0.6028466412401575 0.8401308234908136 0.6036155880905512 0.8534592355643045 0.5774713951771654 0.8678129101049868 0.5786248154527559 0.8785781660104988 0.5920813853346457 0.8908813156167978 0.6359113558070866 0.88575500328084 0.6908910556102362 0.8565350229658794 0.6855084276574803 0.8257771489501312 
0 0.6735715100364964 0.20244069343065693 0.7131329835766423 0.21099452554744524 0.7797815921532847 0.22287484793187348 0.7797815921532847 0.2513876216545012 0.7683764826642335 0.26374315693430656 0.739507299270073 0.25946624087591236 0.6921048129562044 0.24425942822384428 0.6792740647810219 0.2708713503649635 0.6682253649635037 0.2708713503649635 0.6657304972627738 0.24330900243309003 0.6792740647810219 0.22715176399026762 
0 0.6917484032846716 0.24283378953771287 0.6789176551094891 0.2737226277372263 0.6803432937956204 0.3031858272506082 0.6892535355839416 0.2894046532846715 0.7131329835766423 0.2979584854014598 0.7391508895985401 0.3036610401459854 0.7648123859489051 0.3031858272506082 0.7769303147810219 0.3017601885644769 0.7826328695255474 0.2974832725060827 0.7822764598540146 0.2675448600973236 0.739507299270073 0.25946624087591236 
0 0.690679174270073 0.2889294403892944 0.6792740647810219 0.3027106143552311 0.6885407162408759 0.31744221411192214 0.7063611998175182 0.320768704379562 0.7288150091240876 0.33930200729927007 0.7562585538321168 0.3469054136253041 0.7640995666058394 0.3497566909975669 0.7833456888686131 0.3326490267639903 0.7829892791970803 0.3036610401459854 0.7779995437956204 0.30128497566909973 0.7644559762773723 0.3027106143552311 0.739507299270073 0.3041362530413625 0.7117073448905109 0.2974832725060827 
0 0.7060047901459854 0.3198182785888078 0.7020842837591241 0.3188678527980535 0.6938868613138687 0.3283721107055961 0.6978073677007299 0.346430200729927 0.6888971259124088 0.36021137469586373 0.6960253193430657 0.3735173357664234 0.6985201870437956 0.37826946472019457 0.7263201414233577 0.3849224452554744 0.7423585766423357 0.3887241484184914 0.7648123859489051 0.3891993613138686 0.7844149178832117 0.383496806569343 0.7876226049270073 0.3564096715328467 0.7648123859489051 0.3511823296836983 0.7569713731751825 0.3469054136253041 0.7291714187956204 0.34072764598540145 
0 0.6955385561342593 0.37370997299382713 0.6950864438657408 0.38456066743827155 0.689208984375 0.3887803819444444 0.6905653211805556 0.3939043209876543 0.7332899305555556 0.40324797453703703 0.7755624276620371 0.41018036265432095 0.7753363715277778 0.38968460648148145 0.7427842881944445 0.3884789737654321 0.7260561342592593 0.3851634837962963 0.6982512297453705 0.37883391203703703 
0 0.6907913773148149 0.3933015046296296 0.6923737702546297 0.41831838348765427 0.6860441984953705 0.42193528163580246 0.6853660300925927 0.42434654706790126 0.6977991174768519 0.42374373070987653 0.7280906394675927 0.43218315972222215 0.7708152488425927 0.44755497685185186 0.7823441116898149 0.44001977237654316 0.7827962239583334 0.411988811728395 0.7748842592592593 0.4098789544753086 0.7337420428240741 0.40324797453703703 
0 0.6975730613425927 0.42253809799382713 0.7025462962962963 0.4584056712962963 0.6971209490740741 0.459912712191358 0.6971209490740741 0.4665436921296296 0.7457230179398149 0.4749831211419753 0.767650462962963 0.48221691743827155 0.7931948061342593 0.4801070601851852 0.7916124131944444 0.4508704668209876 0.7852828414351852 0.452076099537037 0.7705891927083334 0.44695216049382713 
0 0.6966688368055556 0.4665436921296296 0.6977991174768519 0.48975212191358025 0.689208984375 0.4924647955246913 0.6853660300925927 0.5015070408950617 0.6966688368055556 0.49849295910493824 0.7009639033564815 0.5183858989197531 0.7396195023148149 0.5238112461419753 0.7846046730324074 0.5226056134259259 0.7882215711805556 0.493971836419753 0.7800835503472222 0.4861352237654321 0.7678765190972222 0.4828197337962963 0.7454969618055556 0.4755859375 
0 0.6998336226851852 0.5183858989197531 0.7009639033564815 0.5325520833333334 0.7034505208333334 0.5325520833333334 0.7034505208333334 0.5400872878086419 0.7339680989583334 0.5391830632716049 0.7520525896990741 0.5397858796296297 0.7809877748842593 0.5394844714506173 0.7870912905092593 0.5391830632716049 0.7877694589120371 0.5337577160493827 0.7837004484953703 0.5229070216049382 0.771945529513889 0.5277295524691358 0.7513744212962963 0.527126736111111 
0 0.7041286892361112 0.5406901041666666 0.7063892505787037 0.5660083912037036 0.6937301070601852 0.5732421875 0.6980251736111112 0.5910252700617283 0.7063892505787037 0.5783661265432098 0.7529568142361112 0.5822844328703703 0.792064525462963 0.5795717592592592 0.796359592013889 0.575954861111111 0.7983940972222222 0.5669126157407407 0.7950032552083334 0.540991512345679 0.7825701678240741 0.5421971450617283 0.7753363715277778 0.5431013695987654 0.7674244068287037 0.5406901041666666 0.7610948350694445 0.5427999614197531 0.7520525896990741 0.5397858796296297 
0 0.7063892505787037 0.5792703510802469 0.6982512297453705 0.5919294945987654 0.6953125 0.6057942708333334 0.6975730613425927 0.6112196180555555 0.7081976996527778 0.6178505979938271 0.7416540075231481 0.6214674961419753 0.774658203125 0.6250843942901234 0.7959074797453703 0.6172477816358024 0.7979419849537037 0.59765625 0.7952293113425927 0.5807773919753086 0.7760145399305556 0.5825858410493827 0.7543131510416667 0.5855999228395061 0.7534089265046297 0.5822844328703703 
0 0.694916213768116 0.6125956119162641 0.6946803291062802 0.6292647946859903 0.6918497131642513 0.639014694041868 0.698690368357488 0.6478210547504025 0.7498773399758455 0.6594580314009661 0.7911571557971016 0.6701514694041867 0.795403079710145 0.6544258252818035 0.7975260416666667 0.6387001811594203 0.7885624245169083 0.6327244363929146 0.7741734601449276 0.6264341787439613 0.7420931461352658 0.622030998389694 0.7078898701690822 0.6188858695652174 0.6979827143719808 0.6116520732689211 
0 0.6998697916666667 0.6487645933977456 0.691142059178744 0.6547403381642513 0.6923214824879228 0.6701514694041867 0.682650211352657 0.6770707528180354 0.6901985205314011 0.6874496779388083 0.7156740640096619 0.6927963969404186 0.7425649154589372 0.6994011674718196 0.7666251509661837 0.7034898349436393 0.792572463768116 0.7056914251207728 0.7951671950483092 0.6720385466988726 0.7918648097826088 0.6698369565217391 0.749405570652174 0.6591435185185185 
0 0.6850090579710145 0.6808449074074073 0.6791119414251209 0.6852480877616746 0.6843014039855073 0.7122961956521738 0.6925573671497585 0.7166993760064412 0.696803291062802 0.7255057367149758 0.7229864885265701 0.7248767109500803 0.7444519927536233 0.7292798913043477 0.7607280344202899 0.735570148953301 0.7767681914251209 0.7387152777777777 0.7814858846618358 0.7330540458937197 0.7838447312801933 0.7063204508856682 0.7420931461352658 0.6990866545893719 0.7149664100241546 0.6934254227053139 0.6906702898550725 0.6887077294685989 
0 0.6960956370772947 0.7261347624798712 0.6927932518115942 0.7333685587761675 0.6833578653381643 0.7487796900161029 0.6857167119565218 0.7579005636070852 0.7114281400966184 0.7685940016103059 0.7604921497584541 0.7723681561996778 0.791628925120773 0.7720536433172303 0.792572463768116 0.7399733293075683 0.7838447312801933 0.7321105072463768 0.7758246527777778 0.7387152777777777 0.7607280344202899 0.7349411231884058 0.7227506038647343 0.7258202495974234 
0 0.6845372886473431 0.760102153784219 0.6868961352657006 0.7833761070853461 0.6923214824879228 0.7943840579710143 0.7081257548309179 0.7978436996779387 0.7357242602657006 0.801303341384863 0.7564821105072465 0.8028759057971014 0.7873830012077295 0.805077495974235 0.7885624245169083 0.7729971819645732 0.7609639190821257 0.7733116948470209 0.7107204861111112 0.7695375402576489 0.6871320199275363 0.760102153784219 
0 0.7076539855072465 0.7978436996779387 0.6963315217391305 0.8006743156199677 0.6965674064009663 0.8214321658615136 0.6887832125603865 0.8236337560386473 0.6906702898550725 0.8352707326892109 0.7019927536231885 0.8447061191626409 0.7338371829710145 0.8487947866344605 0.7652098429951691 0.8487947866344605 0.788798309178744 0.8462786835748791 0.7911571557971016 0.8135693438003221 0.7854959239130436 0.8066500603864734 0.7607280344202899 0.8066500603864734 0.736196029589372 0.802246880032206 
0 0.6958597524154589 0.8409319645732688 0.689254981884058 0.8418755032206118 0.692085597826087 0.856657608695652 0.6751019021739131 0.8654639694041867 0.6798195954106281 0.8818186392914652 0.7383189915458938 0.8808751006441223 0.779362922705314 0.8827621779388083 0.7795988073671498 0.8635768921095007 0.779362922705314 0.8491092995169082 0.7343089522946861 0.8491092995169082 0.7024645229468599 0.8450206320450885 
