0 0.2804497123194946 0.16284502858002411 0.29402287342057765 0.1706011206377858 0.3008975913808664 0.19198913206979543 0.29754836981046934 0.20562105144404333 0.2665240015794224 0.20985164711191337 0.17521364508122744 0.18916873495788208 0.17556619472021662 0.17342151774969916 0.1756352963654892 0.15962727864583337 0.1780340421931408 0.1532086717809868 0.1826171875 0.15861443291215407 0.1942513255866426 0.1557940358002407 0.24731004625451264 0.15790933363417572 
0 0.17410065406976744 0.18949349967700257 0.16785519622093023 0.21573703972868216 0.17296511627906977 0.2275971010981912 0.18148164970930233 0.23693374515503876 0.261726320251938 0.2619155765503876 0.2764883115310077 0.26469133559431524 0.2840585634689922 0.25888747577519383 0.29200732800387597 0.23415798611111113 0.28860071463178294 0.22406431686046513 0.2666469840116279 0.21321362241602068 0.2021105862403101 0.1960543846899225 0.19567587209302326 0.19883014373385013 
0 0.28121971899224807 0.20993317990956073 0.2727031855620155 0.2122042554909561 0.2730816981589147 0.2180081153100775 0.2942784035852713 0.22986817667958656 0.33477925145348836 0.24500868055555555 0.35919331395348836 0.25813045058139533 0.37168422965116277 0.25888747577519383 0.37755117490310075 0.2513172238372093 0.38322886385658916 0.24778443959948318 0.39004209060077516 0.24601804748062014 0.38682473352713176 0.22103621608527133 0.3654387718023256 0.21094254683462532 0.3431065285852713 0.2018582445090439 0.31206849563953487 0.19731609334625322 0.29844204215116277 0.20665273740310078 
0 0.3031734496124031 0.14861413921188632 0.2959817102713178 0.15593204941860467 0.29408914728682173 0.17082021156330748 0.29938832364341084 0.17712875484496124 0.3016593992248062 0.19252160045219638 0.30374121850775193 0.20009185239018087 0.3122577519379845 0.1975684350775194 0.34348504118217055 0.20084887758397932 0.36676356589147285 0.21144723029715762 0.3877710150193798 0.22103621608527133 0.3898528343023256 0.23037286014211886 0.3978015988372093 0.21725109011627908 0.4025330062984496 0.2159893814599483 0.40310077519379844 0.2028676114341085 0.3945842417635659 0.19554970122739015 0.33742883963178294 0.1642593265503876 
0 0.29304814532520324 0.2323636517615176 0.2840585634689922 0.2578781088501292 0.2819767441860465 0.26721475290697677 0.2884114583333333 0.270999878875969 0.29522468507751937 0.287906774870801 0.3137718023255814 0.2866450662144703 0.3366718144379845 0.29900981104651164 0.38190406976744184 0.3176830991602067 0.38966357800387597 0.31415031492248063 0.39496275436046513 0.28588804102067183 0.3762263808139535 0.2745326631136951 0.3582470324612403 0.25712108365633074 0.3338329699612403 0.24500868055555555 0.3143395712209302 0.23996184593023254 
0 0.18132527669270834 0.23668077256944445 0.17115275065104169 0.23532443576388892 0.16682942708333334 0.2655029296875 0.16682942708333334 0.2743191189236111 0.17140706380208334 0.2763536241319445 0.17191569010416669 0.28076171875 0.18564860026041669 0.2882215711805556 0.23447672526041669 0.3017849392361111 0.26677449544270837 0.3089057074652778 0.274658203125 0.3072102864583333 0.28508504231770837 0.3061930338541667 0.2924601236979167 0.2916124131944445 0.287628173828125 0.2719455295138889 0.276947021484375 0.2661810980902778 0.263214111328125 0.26482476128472227 0.21820068359375 0.2519395616319445 0.19861857096354169 0.24617513020833334 
0 0.2939860026041667 0.29229058159722227 0.2863566080729167 0.3061930338541667 0.2764383951822917 0.3085666232638889 0.2756754557291667 0.3143310546875 0.289154052734375 0.3190782335069445 0.2947489420572917 0.32958984375 0.30339558919270837 0.3309461805555556 0.3145853678385417 0.3299289279513889 0.33849080403645837 0.3360324435763889 0.37689208984375 0.35061306423611116 0.38604736328125 0.35400390625 0.39037068684895837 0.35027398003472227 0.39215087890625 0.32958984375 0.390625 0.31975640190972227 0.38274129231770837 0.3187391493055556 0.3367106119791667 0.3000895182291667 0.3206888834635417 0.2905951605902778 0.30411078986220474 0.28988527312992124 
0 0.18422103102189782 0.287503801703163 0.16925182481751827 0.2860781630170316 0.16604413777372265 0.3198182785888078 0.1717466925182482 0.3288473236009732 0.2344747947080292 0.34595498783454987 0.27189781021897813 0.3530831812652068 0.2776003649635037 0.3521327554744525 0.2847285583941606 0.3454797749391727 0.2918567518248176 0.3326490267639903 0.2900747034671533 0.31934306569343063 0.27581831660583944 0.3145909367396594 0.2565721943430657 0.3069875304136253 0.2473055428832117 0.30651231751824815 0.237326072080292 0.3036610401459854 
0 0.17100991723744294 0.32906440258751907 0.1649900114155251 0.35879233257229837 0.16922624143835616 0.37306173896499245 0.1792594178082192 0.37989916286149167 0.21649365011415525 0.38941210045662106 0.257072274543379 0.3947631278538813 0.2851651683789954 0.3935740106544902 0.2885095605022831 0.38941210045662106 0.2905161957762557 0.36384608066971086 0.2865029252283105 0.3584950532724506 0.2764697488584475 0.3540358637747337 0.2561804366438356 0.35076579147640796 0.23789775970319635 0.34719843987823445 0.23343857020547945 0.3489821156773212 0.2305400970319635 0.34690116057838666 
0 0.16967216038812785 0.37514269406392703 0.1669966466894977 0.38465563165905636 0.16320633561643835 0.40427606544901074 0.16655072773972604 0.41051893074581436 0.1703410388127854 0.42270738203957386 0.1908533105022831 0.42508561643835624 0.2267497859589041 0.42716657153729076 0.2517212471461187 0.4286529680365297 0.2648758561643836 0.4292475266362253 0.2644299372146119 0.42270738203957386 0.2704498430365297 0.4173563546423136 0.2735712756849315 0.41230260654490114 0.2891784389269407 0.4134917237442923 0.290070276826484 0.40605974124809746 0.2842733304794521 0.39446584855403355 0.2577411529680365 0.39506040715372914 0.2345533675799087 0.3935740106544902 0.21582477168949774 0.39030393835616445 0.1788134988584475 0.37989916286149167 
0 0.17100991723744294 0.4221128234398783 0.16409817351598174 0.44500332952815835 0.16900328196347034 0.45362442922374435 0.17257063356164384 0.459867294520548 0.211142622716895 0.45659722222222227 0.2280875428082192 0.4539217085235921 0.2626462614155251 0.4545162671232877 0.2744631135844749 0.45897545662100464 0.2791452625570776 0.46640743911719945 0.2815978167808219 0.45748906012176566 0.2847192494292238 0.4551108257229833 0.2865029252283105 0.4521380327245054 0.2662136130136986 0.44024686073059366 0.2655447345890411 0.4307339231354643 0.2514982876712329 0.42954480593607314 0.22652682648401826 0.4280584094368342 0.19954873002283105 0.42657201293759517 0.1953125 0.4280584094368342 
0 0.17257063356164384 0.461353691019787 0.15874714611872145 0.461353691019787 0.15607163242009134 0.49940544140030446 0.16521297089041095 0.5038646308980214 0.1977650542237443 0.5077292617960426 0.22853346175799089 0.5095129375951294 0.2517212471461187 0.5089183789954338 0.2595248287671233 0.5092156582952817 0.2798141409817352 0.49732448630136994 0.2849422089041096 0.4866224315068494 0.2804830194063927 0.47829861111111116 0.2789223030821918 0.46640743911719945 0.2746860730593607 0.45897545662100464 0.2622003424657534 0.4545162671232877 0.2280875428082192 0.45421898782343995 0.21091966324200914 0.45719178082191786 
0 0.3935463408119658 0.3316417378917379 0.390625 0.3500044515669516 0.3851996527777778 0.35668180199430205 0.4073183760683761 0.37059294871794873 0.46991853632478636 0.3945201210826211 0.49078525641025644 0.40175391737891736 0.4966279380341881 0.390625 0.4945412660256411 0.3733751780626781 0.48619457799145305 0.35890758547008544 
0 0.29672475961538464 0.36391559829059833 0.2892127403846154 0.38839921652421655 0.28643940770348836 0.39628754844961245 0.29041378997093026 0.4068859011627907 0.29211709665697677 0.4135098716085271 0.3115631813226744 0.4135098716085271 0.332996457122093 0.4163487160852713 0.35471361736918605 0.42316194282945735 0.3667787063953488 0.42770409399224807 0.3767146620639535 0.4212693798449612 0.39573492005813954 0.4157809471899225 0.40183843568313954 0.41464540939922484 0.4033998001453488 0.4085892078488372 0.3999931867732558 0.39288093507751937 0.39247024890988375 0.3890958091085271 0.368907839752907 0.39553052325581395 0.35925576853197677 0.3936379602713178 0.33441587936046513 0.38303960755813954 
0 0.29169126998546513 0.332508175872093 0.28431027434593026 0.34632388565891475 0.2772131631540698 0.35238008720930236 0.2865813499273256 0.35824703246124034 0.2911235010901163 0.3641139777131783 0.2958075944767442 0.3671420784883721 0.29665924781976744 0.3641139777131783 0.3170989280523256 0.3733875363372093 0.33469976380813954 0.38209332606589147 0.35939771075581395 0.39307019137596905 0.3690497819767442 0.3949627543604651 0.3923283066860465 0.3887172965116279 0.39914153343023256 0.39174539728682173 0.40070289789244184 0.3667635658914729 0.38523119549418605 0.35711149467054265 0.3767146620639535 0.3508660368217054 0.33810637718023256 0.3368610707364341 0.3145439680232558 0.3308048691860465 
0 0.2751343639184397 0.41227098108747046 0.27028618129432624 0.41804262706855794 0.26526484929078015 0.4224290780141844 0.26578429742907805 0.42935505319148937 0.2675157912234043 0.4406674793144208 0.2876011192375887 0.45128730791962174 0.33123476285460995 0.46606272163120566 0.3582460660460993 0.47183436761229314 0.37192486702127664 0.4739121601654846 0.38196753102836883 0.46906397754137114 0.38733516179078015 0.46537012411347517 0.38941295434397166 0.4519799054373523 0.3854305186170213 0.43974401595744683 0.3720980164007092 0.4314328457446808 0.36690353501773054 0.42773899231678486 0.3553025265957447 0.4231216755319149 0.3326199578900709 0.4166574320330969 0.3113225842198582 0.41365617612293143 0.29019835992907805 0.4141179078014184 
0 0.287112819664903 0.45228450176366847 0.2820319389329806 0.4591738315696649 0.2796206735008818 0.46652245002939446 0.28074018959435626 0.47915288800705463 0.285132137345679 0.48673115079365076 0.3067474096119929 0.4910943930041152 0.33974358974358976 0.4984642094017094 0.39082532051282054 0.5114850427350427 0.3930789262820513 0.49512553418803423 0.39733573717948717 0.4817708333333333 0.3903245192307693 0.47609508547008544 0.3722956730769231 0.4747596153846154 0.3575220352564103 0.47242254273504275 0.33097956730769235 0.4667467948717949 
0 0.40297397347383723 0.21668332122093023 0.4139035247093023 0.21384447674418605 0.47621616097383723 0.222171753875969 0.4952364189680233 0.23106679990310078 0.49949468568313954 0.2401511022286822 0.49921080123546513 0.25339904312015504 0.4912620367005814 0.2564271438953489 0.4810421965843023 0.265132933624031 0.460460574127907 0.2647544210271318 0.42965911155523256 0.25074945494186046 0.4042514534883721 0.24469325339147288 0.3934638444767442 0.24620730377906977 0.3894894622093023 0.2388263081395349 0.3887797510901163 0.23049903100775193 0.3984318223110465 0.2176296027131783 
0 0.2965494791666667 0.4890046296296296 0.2867838541666667 0.492139274691358 0.2795500578703704 0.4974440586419753 0.26869936342592593 0.5039544753086419 0.26851851851851855 0.5131172839506173 0.2813585069444445 0.5157696759259259 0.2875072337962963 0.5287905092592592 0.31101707175925924 0.5309606481481481 0.3692491319444444 0.5483217592592592 0.37919560185185186 0.5459104938271605 0.3848017939814815 0.5495273919753086 0.39113136574074076 0.5328896604938271 0.3838975694444444 0.5107060185185185 0.33796296296296297 0.49937307098765427 
0 0.1611942518625828 0.5046348992825608 0.1621643470612583 0.5145514279801325 0.15747555360099338 0.5223121895695365 0.15844564879966888 0.5406362099889626 0.17089520384933776 0.54214524696468 0.19821955194536425 0.5434387072295807 0.27421034250827814 0.5455944743377484 0.28083932636589404 0.5348156387969095 0.2845580246274835 0.5248991100993378 0.2814860564983444 0.5160604649558499 0.2688748189155629 0.5128268142935982 0.25852713679635764 0.5100243170529802 0.1975728218129139 0.5089464334988963 
0 0.15600039936102236 0.5443041134185304 0.1539723941693291 0.5617761581469649 0.15319239217252398 0.5790402023429181 0.1792444588658147 0.5861122204472844 0.2711286940894569 0.5921442358892439 0.2776807108626198 0.5881922257720981 0.28329672523961663 0.5752961927582535 0.2770567092651757 0.5628161608093717 0.2770567092651757 0.5563681443024494 0.2670726837060703 0.5501281283280085 0.2266685802715655 0.5457601171459 0.19905650958466453 0.5455521166134186 0.17113243809904155 0.5426401091586796 
0 0.39444508272058826 0.5596788194444444 0.38582835477941174 0.5507429534313725 0.3781690410539216 0.5449984681372549 0.36715877757352944 0.5520195057189542 0.31115004595588236 0.5309563929738562 0.2872146905637255 0.5303181168300654 0.2809914981617647 0.5354243259803921 0.2739463787220843 0.5458733974358975 0.27758122673697266 0.5571818134822167 0.2772177419354839 0.5633206679073613 0.290787841191067 0.5781831575682382 0.3130815756823821 0.5828680727874276 0.3375562189826303 0.587552988006617 0.3533072270471464 0.5914301592224979 0.388444091191067 0.5946611352357319 0.3943810096153846 0.5856144023986766 
0 0.15618934394409936 0.580672554347826 0.15497622282608695 0.5887600284679089 0.1519434200310559 0.6158530667701863 0.16468119177018634 0.6239405408902691 0.22503396739130432 0.6287930253623187 0.27659161490683226 0.6312192675983436 0.2811408190993789 0.6247492883022774 0.28023097826086957 0.5976562499999999 0.2714358501552795 0.5928037655279502 0.22503396739130432 0.5911862707039337 0.19258297748447203 0.5871425336438924 0.1795419254658385 0.5887600284679089 
0 0.28508346273291924 0.580672554347826 0.27901785714285715 0.591995018115942 0.2808375388198758 0.5976562499999999 0.28690314440993786 0.6118093297101449 0.36666585791925466 0.6259624094202898 0.3809200310559006 0.6186836827122153 0.3891085986024844 0.6077655926501034 0.40123980978260865 0.6081699663561076 0.3997234083850931 0.5984649974120082 0.3900184394409938 0.5956343814699793 0.35665760869565216 0.5936125129399585 0.3372476708074534 0.5883556547619048 0.31268196816770183 0.5839075439958591 
0 0.15679590450310557 0.6251536620082815 0.15133685947204967 0.629601772774327 0.15345982142857142 0.657907932194617 0.20198466614906832 0.6631647903726707 0.2723456909937888 0.6732741330227743 0.2820506599378882 0.6643779114906831 0.2841736218944099 0.6538641951345755 0.2811408190993789 0.6477985895445134 0.2775014557453416 0.6376892468944099 0.272952251552795 0.6316236413043478 0.22442740683229812 0.6312192675983436 
0 0.28478018245341613 0.6142355719461697 0.281444099378882 0.623536167184265 0.2775014557453416 0.6332411361283643 0.2817473796583851 0.6510335791925465 0.2938785908385093 0.6603341744306418 0.3011573175465838 0.6550773162525879 0.3891085986024844 0.6785309912008283 0.3991168478260869 0.6672085274327122 0.3972971661490683 0.6482029632505175 0.38364955357142855 0.6417329839544513 0.3760675465838509 0.6279842779503105 
0 0.1901567352484472 0.6647822851966873 0.1737796001552795 0.6607385481366459 0.16710743400621117 0.6688260222567287 0.16437791149068323 0.6833834756728779 0.169533676242236 0.7027934135610766 0.21593555900621117 0.7076458980331263 0.2914523486024845 0.7092633928571428 0.29660811335403725 0.7003671713250518 0.29660811335403725 0.6910665760869565 0.2941818711180124 0.6874272127329193 0.2947884316770186 0.6765091226708075 0.28659986413043476 0.6655910326086956 0.2720424107142857 0.6740828804347826 
0 0.272952251552795 0.7088590191511387 0.2841736218944099 0.727055835921325 0.2717391304347826 0.7509138845755694 0.14982045807453415 0.7359520574534161 0.152246700310559 0.7129027562111802 0.15558278338509315 0.6971321816770186 0.19288625776397514 0.7052196557971014 
0 0.2711325698757764 0.7492963897515529 0.27871457686335405 0.7618319746376812 0.2823539402173913 0.7743675595238094 0.2726489712732919 0.7970124870600414 0.24990295031055898 0.798629981884058 0.1910665760869565 0.7889250129399586 0.14830405667701863 0.7780069228778469 0.15103357919254656 0.7472745212215322 0.15740246506211178 0.7391870471014492 0.16225494953416147 0.7371651785714285 0.2562718361801242 0.7517226319875777 
0 0.2553619953416149 0.7998431030020704 0.26506696428571425 0.8034824663561076 0.26900960791925466 0.824509899068323 0.24323078416149066 0.8374498576604554 0.20774699145962733 0.8289580098343685 0.1689271156832298 0.8139961827122154 0.152246700310559 0.8123786878881988 0.15315654114906832 0.7824550336438924 0.19167313664596272 0.7897337603519669 
0 0.15558278338509315 0.812783061594203 0.15042701863354035 0.8435154632505176 0.1795419254658385 0.8528160584886129 0.2398947010869565 0.8621166537267081 0.2720424107142857 0.8645428959627329 0.2781080163043478 0.8564554218426501 0.27871457686335405 0.8269361413043478 0.26991944875776397 0.8232967779503105 0.24292750388198756 0.8374498576604554 0.20805027173913043 0.8285536361283644 0.1692303959627329 0.8144005564182195 
0 0.17590256211180122 0.8516029373706004 0.15800902562111802 0.8584772903726708 0.15831230590062112 0.8952752976190476 0.1853042507763975 0.8997234083850931 0.2635505628881987 0.9057890139751552 0.2778047360248447 0.9065977613871635 0.28538674301242234 0.8863790760869565 0.2826572204968944 0.8730347437888198 0.2775014557453416 0.8617122800207039 0.2720424107142857 0.8661603907867494 0.2395914208074534 0.8625210274327122 
0 0.30376621462264153 0.6562622838050314 0.294323039504717 0.6614829009433961 0.2899469339622642 0.670388659591195 0.2954746462264151 0.6768376572327043 0.294323039504717 0.6885072720125786 0.2975475383254717 0.6924995086477987 0.35996462264150947 0.7087755503144654 0.3908276827830189 0.7149174528301887 0.40764114091981135 0.7136890723270439 0.41293853183962265 0.693113698899371 0.41063531839622647 0.6777589426100629 0.39957989386792453 0.6645538522012578 0.3905973614386793 0.6789873231132075 
0 0.30364990234375 0.6934271918402778 0.29652913411458337 0.699191623263889 0.292205810546875 0.7127549913194445 0.2962748209635417 0.7259792751736112 0.36214192708333337 0.7341172960069445 0.3946940104166667 0.7432725694444445 0.40257771809895837 0.744967990451389 0.4091898600260417 0.7398817274305557 0.40257771809895837 0.7290310329861112 0.4076639811197917 0.7181803385416666 0.35985310872395837 0.7100423177083334 
0 0.2978006998697917 0.7253011067708334 0.283050537109375 0.7300482855902778 0.27974446614583337 0.7622612847222223 0.2833048502604167 0.7765028211805557 0.30339558919270837 0.7853190104166666 0.3631591796875 0.790744357638889 0.39876302083333337 0.7893880208333334 0.4015604654947917 0.7609049479166666 0.40181477864583337 0.7544623480902778 0.3954569498697917 0.7429334852430557 0.362396240234375 0.7347954644097223 
0 0.29652913411458337 0.7829454210069445 0.27898152669270837 0.7843017578125 0.2733866373697917 0.7978651258680557 0.2657572428385417 0.8032904730902778 0.27058919270833337 0.8246527777777778 0.28050740559895837 0.8260091145833334 0.3824869791666667 0.8256700303819445 0.384521484375 0.8138020833333334 0.38960774739583337 0.8066813151041666 0.38731892903645837 0.7954915364583334 0.383758544921875 0.7921006944444445 0.36366780598958337 0.790744357638889 0.3039042154947917 0.7863362630208334 
0 0.30517578125 0.8287217881944445 0.28584798177083337 0.8290608723958334 0.278472900390625 0.8402506510416666 0.278472900390625 0.8565266927083334 0.2833048502604167 0.8744981553819445 0.30034383138020837 0.8707682291666666 0.38274129231770837 0.8494059244791666 0.3809611002604167 0.836181640625 0.3753662109375 0.8280436197916666 
0 0.291064453125 0.873046875 0.2864529304979253 0.8795491874135545 0.29313893931535273 0.9049425138312586 0.3081318075726141 0.900890387275242 0.3283924403526971 0.9025112378976486 0.40234375 0.8989993948824342 0.4072063018672199 0.8881937240663899 0.39525252852697096 0.8825207468879667 0.38086747925311204 0.877928336791148 0.37296583246887965 0.8552364280774549 0.3012431924273859 0.8711747925311202 
0 0.3931308962264151 0.2472115762578616 0.38322707841981135 0.24843995676100628 0.37631743808962265 0.25089671776729555 0.3714806898584906 0.257345715408805 0.37102004716981135 0.26747985455974843 0.3765477594339623 0.2751572327044025 0.3977373231132076 0.28713394261006286 0.43781323702830194 0.2975751768867924 0.47973172169811323 0.3070951257861635 0.4831865418632076 0.2978822720125786 0.48111364976415094 0.27208628144654085 0.4610756928066038 0.26440890330188677 0.42998231132075476 0.2505896226415094 0.40441664209905664 0.244140625 
0 0.4903265035377359 0.31600088443396224 0.4907871462264151 0.34210397012578614 0.4871020047169812 0.349474253144654 0.4760465801886793 0.3546948702830188 0.42123010023584906 0.33934011399371067 0.393821860259434 0.33196983097484273 0.3910580041273585 0.32030021619496857 0.38967607606132076 0.31446540880503143 0.39474314563679247 0.28836232311320753 0.4000405365566038 0.2880552279874214 0.4375829156839623 0.2975751768867924 0.4843381485849057 0.3120086477987421 
0 0.4000405365566038 0.36789996069182385 0.3998102152122642 0.3921604756289308 0.4104049970518868 0.4145784198113207 0.46038472877358494 0.42194870283018865 0.4760465801886793 0.42348417845911945 0.5039154628537736 0.41826356132075465 0.4993090359669812 0.4022946147798742 0.49055682488207547 0.4016804245283019 0.46982790389150947 0.3973810927672956 
0 0.48192962398373984 0.43243987127371275 0.4600959095528455 0.4223831300813008 0.410473831300813 0.41603150406504064 0.4037252286585366 0.41603150406504064 0.37633384146341464 0.4213245257452574 0.3699822154471545 0.43085196476964766 0.3866552337398374 0.43932079945799457 0.4033282520325203 0.44831893631436315 0.4803417174796748 0.46472730352303526 0.48629636686991873 0.455199864498645 
0 0.3933919270833333 0.4463665674603175 0.387114025297619 0.46961805555555564 0.3964146205357143 0.47891865079365087 0.45152064732142855 0.4928695436507937 0.49081566220238093 0.5009300595238096 0.4977911086309524 0.4928695436507937 0.4996512276785714 0.4860491071428572 0.4998837425595238 0.46155753968253976 0.494535900297619 0.45845734126984133 0.4852353050595238 0.45690724206349215 0.48081752232142855 0.46527777777777785 
0 0.3994300717213115 0.4799884733606558 0.39402695952868855 0.4951972336065574 0.39122534579918034 0.5098723531420766 0.3946273053278689 0.5256147540983607 0.4038326075819672 0.515475580601093 0.4858798668032787 0.5429580771857924 0.5028896644467213 0.540556693989071 0.5054911629098361 0.5309511612021859 0.5046907018442623 0.518677424863388 0.5016889728483607 0.506136868169399 0.4910828637295082 0.5021345628415301 0.4738729508196721 0.4994663592896175 0.45105981045081966 0.4933294911202186 
0 0.403830090408805 0.5167387316561844 0.39431014150943394 0.5257468553459119 0.38939661949685533 0.5388495807127882 0.390625 0.5519523060796646 0.39768818789308175 0.5593225890985325 0.4081294221698113 0.5556374475890985 0.48858834512578614 0.5814334381551363 0.4981082940251572 0.5773388364779873 0.5042501965408804 0.5740631551362684 0.5054785770440251 0.5548185272536688 0.503328911163522 0.5417158018867924 0.48582448899371067 0.543353642557652 
0 0.4084365172955975 0.5568658280922432 0.39922366352201255 0.5593225890985325 0.39431014150943394 0.5736536949685535 0.3936959512578616 0.5916699423480084 0.40874361242138363 0.6060010482180292 0.43822474449685533 0.6150091719077567 0.4680129716981132 0.6227889150943396 0.5017934355345912 0.6281118972746331 0.5073211477987422 0.6055915880503144 0.5079353380503144 0.5969929245283019 0.49687991352201255 0.5842996593291404 0.48674577437106914 0.5814334381551363 
0 0.4925149024566474 0.6273332129094412 0.4902569544797688 0.6608261078998073 0.44199331647398843 0.6585681599229287 0.40586614884393063 0.6600734585741811 0.39824557442196534 0.6461494460500964 0.38413339956647397 0.6401282514450867 0.37623058164739887 0.626580563583815 0.3813109645953757 0.6186777456647399 0.3892137825144509 0.608140655105973 0.4010680093930636 0.6103986030828517 0.40784185332369943 0.6062590317919075 0.43663069002890176 0.6145381743737958 0.46767747471098264 0.622817316955684 
0 0.49533733742774566 0.6401282514450867 0.5069093208092486 0.6484073940269749 0.5102962427745665 0.6623314065510597 0.5156588692196532 0.6736211464354528 0.5145298952312138 0.6822766136801541 0.4894102239884393 0.6770080684007707 0.41884934971098264 0.6886741329479769 0.41151101878612717 0.6796423410404624 0.4106642882947977 0.6596971339113681 0.4408643424855491 0.6593208092485549 0.489974710982659 0.6619550818882466 
0 0.5184813041907514 0.6811476396917149 0.5246906611271677 0.6905557562620425 0.5255373916184971 0.7157695086705202 0.48009618858381503 0.7323277938342967 0.4132044797687861 0.7402306117533719 0.4075596098265896 0.7187801059730251 0.4075596098265896 0.7127589113680154 0.4174381322254335 0.6928137042389211 0.46118587427745666 0.6849108863198459 0.4905391979768786 0.6800186657032755 0.5134009212427746 0.6834055876685934 
0 0.49195041546242774 0.7289408718689788 0.5066270773121387 0.740983261078998 0.5153766257225434 0.7402306117533719 0.5201747651734104 0.748133429672447 0.5148121387283237 0.7729708574181117 0.44933164739884396 0.7744761560693642 0.4067128793352601 0.7740998314065511 0.40163249638728327 0.7601758188824662 0.4019147398843931 0.7454991570327554 0.40981755780346824 0.740606936416185 0.4126399927745665 0.7413595857418112 0.47924945809248554 0.733456767822736 
0 0.40660322473404253 0.7739915780141845 0.4003698470744681 0.7731604609929078 0.39912317154255317 0.7906139184397163 0.3868641954787234 0.7897828014184397 0.38873420877659576 0.7980939716312058 0.4857671210106383 0.8058510638297872 0.49407829122340424 0.8036347517730497 0.49677942154255317 0.7950465425531915 0.49948055186170215 0.7928302304964538 0.4984416555851064 0.7734375 0.4494057513297872 0.7764849290780141 
0 0.48680601728723405 0.8052969858156028 0.4963638630319149 0.8161015070921986 0.4990649933510638 0.8302304964539008 0.4955327460106383 0.8479609929078014 0.4491979720744681 0.8518395390070922 0.38312416888297873 0.8454676418439716 0.3812541555851064 0.8363253546099291 0.37564411569148937 0.8285682624113475 0.38374750664893614 0.8266289893617021 0.38540974069148937 0.8141622340425533 0.3903964428191489 0.8075132978723404 0.39351313164893614 0.8014184397163121 0.4394323470744681 0.8022495567375887 
0 0.3898528343023256 0.8478682170542635 0.3841751453488372 0.8498869509043927 0.37584786821705424 0.8554384689922481 0.38190406976744184 0.8786539082687338 0.39704457364341084 0.88218669250646 0.40953548934108525 0.8892522609819121 0.44587269864341084 0.8922803617571059 0.4799388323643411 0.8902616279069767 0.48826610949612403 0.87562580749354 0.49470082364341084 0.8614946705426356 0.48826610949612403 0.8529150516795866 0.44322311046511625 0.8559431524547804 
0 0.48058500744047616 0.19897073412698418 0.5231352306547619 0.211061507936508 0.5384812127976191 0.20920138888888892 0.5831240699404762 0.22594246031746035 0.5859142485119048 0.23524305555555558 0.5861467633928571 0.24826388888888892 0.5773111979166666 0.25043402777777785 0.5515020461309523 0.24950396825396828 0.5266229538690476 0.2510540674603175 0.4998837425595238 0.24981398809523814 0.4998837425595238 0.23927331349206352 0.4959309895833333 0.230592757936508 0.47709728422619047 0.22222222222222224 0.4754696800595238 0.21447172619047625 
0 0.5873093377976191 0.18160962301587305 0.5833565848214286 0.18781001984126988 0.579403831845238 0.19556051587301593 0.5603376116071428 0.21602182539682543 0.5835890997023809 0.22594246031746035 0.5868443080357143 0.23431299603174607 0.5963774181547619 0.230592757936508 0.6003301711309523 0.22501240079365084 0.6596214657738095 0.24423363095238101 0.6700846354166666 0.23989335317460322 0.6731073288690476 0.20827132936507942 0.6670619419642857 0.2067212301587302 0.6328822544642857 0.18998015873015875 0.6163736979166666 0.18998015873015875 0.6114908854166666 0.1862599206349207 
0 0.6017252604166666 0.22439236111111116 0.5859142485119048 0.2436135912698413 0.5868443080357143 0.24919394841269846 0.5900995163690476 0.26345486111111116 0.6005626860119048 0.2615947420634921 0.6479957217261905 0.27802579365079366 0.6854306175595238 0.28887648809523814 0.6842680431547619 0.2736855158730159 0.6810128348214286 0.2532242063492064 0.6589239211309523 0.24485367063492067 
0 0.5849841889880952 0.24981398809523814 0.5896344866071428 0.26438492063492064 0.5905645461309523 0.2817460317460318 0.5742885044642857 0.29755704365079366 0.5331333705357143 0.2876364087301588 0.5094168526785714 0.28515625000000006 0.4915132068452381 0.30654761904761907 0.48453776041666663 0.29941716269841273 0.4815150669642857 0.27151537698412703 0.48825799851190477 0.257874503968254 0.49918619791666663 0.2541542658730159 0.52685546875 0.25043402777777785 0.5515020461309523 0.24981398809523814 0.5773111979166666 0.2510540674603175 
0 0.5098818824404762 0.28515625000000006 0.4912806919642857 0.30778769841269843 0.49081566220238093 0.31739831349206354 0.49709356398809523 0.33351934523809534 0.5136021205357143 0.34126984126984133 0.5835890997023809 0.3456101190476191 0.6003301711309523 0.3456101190476191 0.6024228050595238 0.32886904761904767 0.6024228050595238 0.31522817460317465 0.5956798735119048 0.30623759920634924 0.5740559895833333 0.29817708333333337 0.5510370163690476 0.2925967261904762 0.5326683407738095 0.2885664682539683 
0 0.5914946056547619 0.2659350198412699 0.5905645461309523 0.2814360119047619 0.5791713169642857 0.29352678571428575 0.5812639508928571 0.3012772817460318 0.5966099330357143 0.30623759920634924 0.6042829241071428 0.31708829365079366 0.6105608258928571 0.30902777777777785 0.6717122395833333 0.3124379960317461 0.6807803199404762 0.3155381944444445 0.6814778645833333 0.2879464285714286 0.647763206845238 0.27802579365079366 0.6005626860119048 0.2625248015873016 
0 0.6105648347701149 0.30973868534482757 0.6041105423850575 0.3168477610153257 0.6010237068965517 0.3291951029693487 0.6024268139367815 0.34490990181992337 0.610003591954023 0.3505223299808429 0.6389075969827586 0.3583797294061302 0.6810008081896551 0.3602505387931034 0.6905419360632183 0.3512706537356322 0.6989605783045977 0.34865152059386967 0.7028892780172413 0.33293672174329497 0.7009249281609196 0.31871857040229884 0.682965158045977 0.3160994372605364 0.6717403017241379 0.31235781848659 
0 0.5912019576149425 0.34603238745210724 0.5942887931034483 0.36062470067049807 0.5799771012931034 0.36923042385057475 0.5134698275862069 0.37970695641762453 0.49775502873563215 0.3898093271072797 0.4952294360632184 0.3725978807471264 0.4865301724137931 0.35875389128352486 0.4887751436781609 0.3505223299808429 0.4927038433908046 0.341168283045977 0.500280621408046 0.33967163553639845 0.5137504489942528 0.34154244492337166 
0 0.595195918120155 0.3459453730620155 0.595195918120155 0.36133821866925064 0.5878149224806202 0.36588036983204136 0.5910322795542635 0.3719365713824289 0.6006843507751938 0.37698340600775193 0.6099579093992248 0.3848059996770026 0.6122289849806202 0.39691840277777773 0.6514050387596899 0.3936379602713178 0.6820645591085271 0.39489966892764855 0.6896348110465116 0.392123909883721 0.6890670421511628 0.3618429021317829 0.6807397650193798 0.3600765100129199 0.6387248667635659 0.35931948481912146 0.6105256782945736 0.35099220768733846 
0 0.5121167802132701 0.37920245853080575 0.4993890699052133 0.39000172788309634 0.4977691795023697 0.40203519944707744 0.5065628702606635 0.4186969293048974 0.5299355746445498 0.422708086492891 0.5664988151658769 0.41931403041074256 0.5813092417061612 0.4171541765402844 0.5972767328199052 0.4060463566350711 0.6139384626777251 0.3992582444707741 0.610467268957346 0.3847563684834123 0.6012107523696683 0.37673405410742494 0.5912599970379148 0.3730314474723539 0.5799207642180095 0.36840318917851506 
0 0.504480154028436 0.4199311315165877 0.4757849526066351 0.4239422887045814 0.47509071386255924 0.42887909755134285 0.48249592713270145 0.43258170418641395 0.48573570793838866 0.4532545912322275 0.4940665728672986 0.45634009676145343 0.533175355450237 0.4532545912322275 0.5542339306872038 0.45109473736176936 0.5688129443127963 0.4449237263033176 0.5783008738151659 0.43751851303317535 0.5824663062796209 0.42455938981042657 0.578069460900474 0.417462727093207 0.5662674022511849 0.4199311315165877 0.5308612263033176 0.42239953593996843 
0 0.4947608116113744 0.4575742989731438 0.533175355450237 0.45387169233807273 0.5540025177725119 0.45232893957345977 0.5688129443127963 0.44461517575039494 0.5884830420616114 0.4365928613744076 0.594499777843602 0.45109473736176936 0.5975081457345972 0.46559661334913116 0.5833919579383886 0.48503529818325436 0.5697385959715641 0.48935500592417064 0.5336381812796209 0.4881208037124803 0.5067942831753555 0.48935500592417064 0.500314721563981 0.4862695003949447 0.4998518957345972 0.46189400671406006 
0 0.5070256960900474 0.4890464553712481 0.4977691795023697 0.4912063092417062 0.496380702014218 0.5029312302527646 0.5026288507109005 0.5063252863349131 0.5054058056872038 0.5186673084518167 0.5065628702606635 0.5257639711690364 0.5185963418246445 0.5189758590047394 0.5660359893364929 0.5168160051342813 0.5859375 0.5168160051342813 0.6037562944312796 0.5152732523696683 0.6060704235781991 0.5075594885466035 0.6035248815165877 0.5010799269352291 0.5956568424170616 0.48688660150078994 0.5831605450236967 0.48503529818325436 0.5720527251184835 0.4890464553712481 0.533406768364929 0.4890464553712481 
0 0.5245281469042057 0.5202248831775701 0.5094690055490655 0.5241798091900312 0.5049056293808412 0.5326981113707164 0.502623941296729 0.5406079633956385 0.5069591486565421 0.5582530179127726 0.5167704074182243 0.5640332943925234 0.5265816661799065 0.5673797702492211 0.5806576737733645 0.5628163940809968 0.5913816077686916 0.557948792834891 0.5979985032126168 0.5451713395638629 0.6114604629088786 0.5421290887850467 0.611916800525701 0.5348276869158878 0.5982266720210281 0.5153572819314641 0.5667393764602804 0.5171826323987538 
0 0.5813421801985982 0.5634248442367601 0.5902407637266356 0.5655544197819314 0.5998238536799065 0.5783318730529595 0.5993675160630841 0.5914135514018691 0.5436943268107477 0.6038867795950156 0.5108380183995328 0.6102755062305295 0.5076436550817758 0.6060163551401868 0.5085563303154206 0.5965853777258566 0.4969197210864486 0.583503699376947 0.49440986419392524 0.579548773364486 0.5039929541471964 0.5746811721183801 0.5049056293808412 0.5655544197819314 0.5160859009929907 0.5655544197819314 0.5265816661799065 0.5685966705607476 
0 0.5894978841145834 0.5940755208333334 0.6085069444444445 0.621166087962963 0.5994160970052084 0.6330702039930556 0.5076090494791667 0.6483289930555556 0.49565633138020837 0.629001193576389 0.5007425944010417 0.6279839409722222 0.5060831705729167 0.610690646701389 0.511932373046875 0.610690646701389 0.5442301432291667 0.6049262152777778 
0 0.6046717852011494 0.633014547413793 0.6184222341954023 0.6498518318965517 0.6201059626436781 0.6704307351532567 0.5322714619252873 0.6917579621647509 0.5221690912356322 0.6827780771072797 0.5159954202586207 0.671179058908046 0.5089798850574713 0.6502259937739464 0.5196434985632183 0.6468585368773946 
0 0.5959725215517241 0.6820297533524905 0.6057942708333334 0.7003636853448275 0.6055136494252873 0.7127110272988505 0.5182403915229885 0.7422698156130267 0.5159954202586207 0.7396506824712644 0.5067349137931034 0.7411473299808429 0.4949488146551724 0.7284258261494253 0.5258171695402298 0.7160784841954023 0.5252559267241379 0.6958737428160919 0.5825026939655172 0.6812814295977011 
0 0.5867120150862069 0.7220650742337164 0.5912019576149425 0.7280516642720306 0.59765625 0.7392765205938697 0.6055136494252873 0.7433923012452107 0.6066361350574713 0.7534946719348659 0.5039286997126436 0.7924075071839081 0.5008418642241379 0.7744477370689654 0.5159954202586207 0.772951089559387 0.5218884698275862 0.7433923012452107 
0 0.5897988505747126 0.7621003951149424 0.5951306573275862 0.7658420138888888 0.5996205998563219 0.781182650862069 0.5984981142241379 0.7968974497126436 0.49831627155172414 0.8230887811302682 0.4898976293103448 0.8069998204022988 0.4971937859195402 0.7954008022030652 0.5056124281609196 0.7927816690613027 
0 0.5827833153735632 0.8002649066091955 0.5869926364942528 0.8234629430076628 0.5864313936781609 0.8343136374521073 0.4952294360632184 0.8605049688697318 0.49073949353448276 0.8511509219348659 0.4971937859195402 0.8477834650383141 0.5014031070402298 0.8272045617816092 0.5392869971264368 0.8144830579501915 
0 0.5777321300287356 0.8388035799808429 0.5864313936781609 0.8462868175287356 0.5903600933908045 0.8739747964559387 0.5558436602011494 0.8889412715517242 0.5086992636494253 0.9039077466475095 0.487372036637931 0.9031594228927203 0.4778309087643678 0.8911862428160919 0.4901782507183908 0.8750972820881225 0.4960713002873563 0.8620016163793104 
0 0.6740939954188482 0.24776396160558467 0.7111624672774869 0.2631026396160559 0.7594793030104712 0.2709424083769634 0.7602462369109948 0.2975294502617801 0.7502760962041884 0.30673265706806285 0.7101398887434556 0.29923374781849915 0.6871318717277487 0.2886671029668412 0.6855980039267016 0.2740101439790576 0.6817633344240838 0.2525359947643979 
0 0.7666373527486912 0.3101412521815009 0.7691937990837696 0.3377508726003491 0.7579454352094241 0.3415003272251309 0.7037487729057592 0.3340014179755672 0.7014479712041886 0.3183218804537522 0.6827859129581152 0.315254144851658 0.6822746236910995 0.2886671029668412 0.686620582460733 0.2886671029668412 0.7106511780104712 0.3002563263525306 
0 0.7574341459424084 0.3415003272251309 0.7730284685863874 0.3415003272251309 0.7735397578534031 0.3616110383944154 0.7198543848167539 0.35922502181500876 0.6925004090314136 0.36263361692844676 0.6876431609947644 0.3571798647469459 0.6919891197643979 0.35138525305410123 0.7004253926701571 0.34934009598603843 0.7034931282722513 0.3346831369982548 
0 0.6922447643979058 0.3643379144851658 0.6896883180628273 0.37285940226876096 0.6904552519633508 0.39228839441535773 0.6855980039267016 0.39569698952879584 0.6991471695026178 0.4072862129144852 0.7034931282722513 0.4004690226876091 0.7160197153141361 0.40251417975567194 0.7323809718586388 0.40694535340314136 0.7469527159685864 0.409331369982548 0.7620357493455497 0.41239910558464227 0.7676599312827226 0.4021733202443281 0.7783970058900523 0.39228839441535773 0.7806978075916231 0.3800174520069808 0.7773744273560209 0.36229275741710293 0.7208769633507853 0.35922502181500876 
0 0.7883671465968587 0.41955715532286214 0.7288019469895288 0.4079679319371728 0.7052826407068064 0.4011507417102967 0.6996584587696335 0.4079679319371728 0.6937786321989529 0.41239910558464227 0.6904552519633508 0.42841950261780104 0.697102012434555 0.44512161867364747 0.7732841132198953 0.4543248254799302 0.7896453697643979 0.44887107329842935 
0 0.6853423592931938 0.3939926919720768 0.690199607329843 0.3997873036649215 0.6927560536649214 0.42262489092495636 0.6406045484293194 0.4348958333333333 0.6055812336387435 0.4366001308900524 0.5897312663612566 0.43728184991274 0.5856409522251309 0.43694099040139617 0.5815506380890053 0.4308055191972077 0.5830845058900523 0.4243291884816754 0.5823175719895288 0.4175119982547993 0.5984231839005236 0.40626363438045376 0.6152957297120419 0.39910558464223383 0.6515972676701571 0.3943335514834206 
0 0.6965907231675393 0.4434173211169285 0.6958237892670157 0.4492119328097732 0.6935229875654451 0.4573925610820244 0.6983802356020943 0.45943771815008727 0.6999141034031414 0.473753817626527 0.7068165085078534 0.4771624127399651 0.7743066917539267 0.48841077661431065 0.7858107002617801 0.4812527268760907 0.7845324770942409 0.45330224694589877 0.7722615346858639 0.45500654450261785 0.7034931282722513 0.44580333769633507 
0 0.7829986092931938 0.4904559336823735 0.7832542539267016 0.5190881326352531 0.7643365510471204 0.526246182373473 0.7047713514397906 0.512270942408377 0.7034931282722513 0.5027268760907505 0.6922447643979058 0.4996591404886562 0.6894326734293194 0.4955688263525306 0.7004253926701571 0.49079679319371733 0.7009366819371728 0.4802301483420593 0.7055382853403142 0.47818499127399655 
0 0.6953125 0.45943771815008727 0.6809964005235603 0.458074280104712 0.6748609293193718 0.4642097513089005 0.6702593259162304 0.4611420157068063 0.6352360111256545 0.4631871727748691 0.6017465641361257 0.46795920593368234 0.5917764234293194 0.4768215532286213 0.5897312663612566 0.484320462478185 0.5961223821989529 0.4846613219895288 0.6045586551047121 0.5017042975567191 0.6160626636125655 0.5044311736474695 0.6758835078534031 0.5020451570680629 0.6899439626963351 0.4962505453752182 0.7001697480366492 0.4870473385689354 0.6996584587696335 0.47477639616055844 
0 0.6886657395287958 0.42501090750436304 0.6968463678010471 0.44375818062827227 0.6853423592931938 0.4570517015706806 0.6710262598167539 0.45943771815008727 0.6040473658376964 0.46591404886561955 0.5974006053664922 0.4604602966841187 0.5938215804973822 0.4434173211169285 0.5963780268324608 0.4379635689354276 0.6411158376963351 0.43625927137870857 
0 0.6886657395287958 0.4989774214659686 0.7009366819371728 0.5044311736474695 0.7052826407068064 0.5170429755671903 0.6914778304973822 0.527950479930192 0.6244989365183247 0.5381762652705061 0.6127392833769634 0.5340859511343804 0.6025134980366492 0.5160203970331588 0.6086489692408378 0.5071580497382199 0.6163183082460734 0.5057946116928447 0.6756278632198953 0.503408595113438 
0 0.7065608638743456 0.5136343804537522 0.7060495746073299 0.5184064136125655 0.6940342768324608 0.527950479930192 0.6950568553664922 0.5412440008726004 0.7096285994764399 0.545334315008726 0.7500204515706806 0.5514697862129144 0.7829986092931938 0.5572643979057591 0.7840211878272252 0.5306773560209425 0.7768631380890052 0.5242010253054101 0.7681712205497382 0.5289730584642234 
0 0.7114181119109948 0.5470386125654451 0.6958237892670157 0.5477203315881326 0.6976133017015707 0.5589686954624782 0.6876431609947644 0.5657858856893543 0.6950568553664922 0.574989092495637 0.7017036158376964 0.5746482329842931 0.7050269960732984 0.5865783158813264 0.7400503108638744 0.5855557373472949 0.7661260634816754 0.5930546465968586 0.7870889234293194 0.5862374563699825 0.787855857329843 0.5674901832460734 0.7847881217277487 0.5562418193717277 0.7507873854712042 0.5524923647469459 
0 0.5992922008547009 0.5455951745014246 0.5919888488247863 0.5570023148148149 0.590110844017094 0.5659054487179488 0.6047175480769231 0.5831552706552706 0.6101428952991453 0.5806512642450142 0.6554236778846154 0.5756432514245015 0.6798377403846154 0.5703570156695157 0.6875584268162394 0.5631232193732194 0.6977831196581197 0.5586716524216525 0.695487780448718 0.5475427350427351 0.6942357772435898 0.5414218304843305 0.6923577724358975 0.5294582443019943 0.6422776442307693 0.5386396011396012 
0 0.6074302216880342 0.5839899394586895 0.6005442040598291 0.590389066951567 0.5928235176282052 0.5970664173789174 0.6059695512820513 0.6187678062678063 0.6566756810897436 0.6184895833333334 0.7050864716880342 0.6059695512820513 0.7011217948717949 0.5761996972934473 0.6942357772435898 0.5756432514245015 0.6831764155982907 0.5692441239316239 0.6568843482905984 0.5753650284900286 
0 0.6120209001068376 0.619880698005698 0.604091546474359 0.6312878383190884 0.6193242521367521 0.6482594373219374 0.6209935897435898 0.6557714565527065 0.650832999465812 0.6549367877492878 0.6767077323717949 0.6507634437321937 0.6894364316239316 0.6479812143874645 0.7071731436965812 0.6290620548433049 0.6863064236111112 0.6154291310541311 0.6577190170940171 0.619880698005698 
0 0.6762903979700855 0.6515981125356126 0.6927751068376069 0.6563279024216525 0.6969484508547009 0.6727430555555557 0.6952791132478633 0.6905493233618234 0.6585536858974359 0.6972266737891738 0.6253756009615385 0.6975048967236468 0.6068042200854701 0.6991742343304844 0.594284188034188 0.6780292913105413 0.608264890491453 0.6780292913105413 0.6214109241452992 0.6716301638176638 0.6216195913461539 0.6577190170940171 0.6514590010683761 0.6568843482905983 
0 0.6894364316239316 0.692218660968661 0.6942357772435898 0.705295138888889 0.6911057692307693 0.7256054131054132 0.6429036458333334 0.7358996616809117 0.606178218482906 0.743133457977208 0.5980401976495727 0.7384036680911681 0.5926148504273505 0.7281094195156695 0.590110844017094 0.7205974002849004 0.6063868856837608 0.713641826923077 0.6080562232905983 0.7016782407407408 0.6393563034188035 0.6997306801994303 
0 0.6804637419871795 0.7272747507122507 0.6925664396367521 0.7397947827635328 0.7007044604700855 0.7448027955840456 0.6936097756410257 0.7667824074074074 0.6093082264957266 0.7879273504273505 0.6011702056623932 0.7790242165242166 0.5961621928418803 0.7662259615384616 0.6045088808760685 0.7548188212250713 0.6093082264957266 0.7539841524216525 0.6093082264957266 0.7450810185185186 0.6437383146367521 0.7375689992877493 
0 0.6070128872863249 0.7854233440170941 0.599918202457265 0.789874910968661 0.5997095352564102 0.7971087072649573 0.5848941639957266 0.8040642806267807 0.5876068376068376 0.8254874465811967 0.5928235176282052 0.8357816951566952 0.6420689770299146 0.8221487713675214 0.6911057692307693 0.8076811787749288 0.6898537660256411 0.7870926816239318 0.6856804220085471 0.7745726495726496 0.6804637419871795 0.7717904202279202 0.6376869658119658 0.7829193376068376 0.6134815705128206 0.790153133903134 
0 0.6854717548076924 0.8093505163817665 0.6883930956196581 0.8382857015669516 0.640399639423077 0.8502492877492878 0.590110844017094 0.8610999821937323 0.5869808360042735 0.8469106125356126 0.581764155982906 0.8368945868945868 0.5884415064102565 0.8352252492877493 0.5884415064102565 0.8316083511396012 0.5932408520299146 0.8368945868945868 0.6424863114316239 0.8235398860398861 
0 0.6723257211538461 0.8435719373219374 0.6881844284188035 0.8547008547008548 0.6894364316239316 0.8853053774928775 0.6846370860042735 0.8880876068376069 0.5926148504273505 0.9050592058404558 0.5746694711538461 0.8841924857549858 0.5928235176282052 0.8738982371794872 0.5909455128205129 0.8627693198005698 0.6408169738247864 0.8519186253561254 
0 0.766728624535316 0.5953570322180918 0.7919595144052045 0.5939048946716233 0.7948637894981413 0.6239157372986369 0.779616345260223 0.632386539653036 0.7229829809479554 0.6340807001239158 0.7086431226765799 0.6294822645600991 0.6890392657992566 0.6159289807930608 0.7068279507434945 0.6079422242874846 0.705375813197026 0.5883383674101611 0.7400455971189591 0.5878543215613383 
0 0.7097322258364313 0.6319024938042132 0.7012009177509294 0.6362589064436184 0.6884947142193308 0.6498121902106568 0.6946662987918216 0.6558627633209418 0.6993857458178439 0.6701421158612145 0.74494656133829 0.6694160470879802 0.7935931691449815 0.6674798636926891 0.7926855831784386 0.6500542131350683 0.7928671003717472 0.6360168835192069 0.7810684828066915 0.6328705855018588 0.7581973164498141 0.6360168835192069 0.7349631157063197 0.6365009293680298 0.7226199465613383 0.6360168835192069 
0 0.7002933317843867 0.6718362763320943 0.6962999535315986 0.6907140644361834 0.6904914033457249 0.6936183395291202 0.7006563661710037 0.7091078066914499 0.748576905204461 0.7103179213135068 0.7914149628252788 0.7076556691449815 0.7903258596654276 0.6723203221809171 0.7556560757434945 0.6715942534076828 0.7171744307620818 0.67111020755886 
0 0.7008378833643123 0.7095918525402727 0.6930326440520447 0.7115280359355639 0.6917620236988847 0.7258073884758365 0.6859534735130112 0.7294377323420075 0.6952108503717472 0.7403287639405205 0.7021085037174721 0.7446851765799257 0.7547484897769516 0.7468633828996283 0.7863324814126395 0.7442011307311028 0.786513998605948 0.7267754801734821 0.7852433782527881 0.7112860130111525 0.7563821445167287 0.7112860130111525 0.7258872560408922 0.7117700588599752 
0 0.7699959340148699 0.7461373141263942 0.7748968982342007 0.762352850061958 0.7685437964684015 0.7669512856257746 0.7347815985130112 0.7713076982651798 0.6897653345724907 0.7778423172242875 0.6857719563197027 0.7696135377943 0.6955738847583643 0.767193308550186 0.7013824349442379 0.747831474597274 0.709006157063197 0.7463793370508055 0.7551115241635687 0.7485575433705081 
0 0.692488092472119 0.7790524318463445 0.6903098861524164 0.7867971654275093 0.6923065752788105 0.8080951827757126 0.7030160896840149 0.804706861833953 0.7601940055762082 0.8008344950433707 0.78125 0.7988983116480793 0.7805239312267658 0.7836508674101612 0.7792533108736059 0.7652571251548946 0.7692698652416357 0.7681614002478315 0.7338740125464684 0.7722757899628253 
0 0.7013824349442379 0.8056749535315987 0.6877686454460966 0.810757434944238 0.6879501626394052 0.8281830855018587 0.6943032644052045 0.8451246902106568 0.7384119423791822 0.8405262546468402 0.7634613150557621 0.8381060254027263 0.7816130343866171 0.8368959107806693 0.7821575859665427 0.8037387701363073 0.7707220027881041 0.8018025867410161 0.7242536013011153 0.8054329306071871 
0 0.6864980250929368 0.8414943463444858 0.6814155436802974 0.8487550340768278 0.6915805065055762 0.8598880885997522 0.692488092472119 0.8790078996282529 0.6993857458178439 0.8843324039653037 0.746943250464684 0.8787658767038414 0.7765305529739777 0.8695690055762082 0.782883654739777 0.8591620198265181 0.7805239312267658 0.8368959107806693 0.7601940055762082 0.8402842317224288 0.7333294609665427 0.84222041511772 0.7002933317843867 0.8468188506815366 
