0 0.1903453799460432 0.13863908872901679 0.19104794289568347 0.17985611510791366 0.2497119491906475 0.1892236211031175 0.30029648156474825 0.19905950239808154 0.31680671088129503 0.18969199640287768 0.3052144222122303 0.14566471822541965 0.2981887927158274 0.13957583932853715 0.26200680080935257 0.14519634292565944 
0 0.3055657036870504 0.11334682254196642 0.2967836668165468 0.13817071342925658 0.306970829586331 0.14706984412470023 0.3182118367805756 0.18641336930455632 0.34947588803956836 0.1943757494004796 0.36177073965827344 0.19718600119904076 0.39970913893884896 0.20140137889688248 0.4042757981115108 0.1948441247002398 0.4098963017086331 0.17938773980815348 0.4098963017086331 0.16346297961630693 0.3768758430755396 0.14988009592326137 0.3698502135791367 0.15269034772182252 0.34385538444244607 0.1311450839328537 0.32383234037769787 0.11896732613908872 
0 0.3009990445143885 0.2009330035971223 0.314347740557554 0.20514838129496402 0.3161041479316547 0.23231414868105513 0.30942979991007197 0.2388714028776978 0.2718426821043166 0.2454286570743405 0.23636325314748202 0.24261840527577935 0.22547352742805757 0.239339778177458 0.2001812612410072 0.23184577338129495 0.18823769109712232 0.2117056354916067 0.19175050584532377 0.18172961630695442 0.25006323066546765 0.19062874700239807 
0 0.30205288893884896 0.19905950239808154 0.3182118367805756 0.1878184952038369 0.3487733250899281 0.19578087529976018 0.36212202113309355 0.2009330035971223 0.39830401303956836 0.20280650479616305 0.40603220548561153 0.22107314148681054 0.4063834869604317 0.22669364508393283 0.3958450427158274 0.22997227218225416 0.3881168502697842 0.24355515587529974 0.32910156250000006 0.22950389688249398 0.3175092738309353 0.22716202038369304 0.314347740557554 0.2060851318944844 
0 0.19912741681654678 0.23278252398081534 0.19456075764388492 0.23746627697841724 0.1913992243705036 0.2646320443645084 0.1984248538669065 0.2754046762589928 0.26446577113309355 0.29226618705035967 0.3136451776079137 0.2983550659472422 0.3139964590827338 0.2810251798561151 0.31294261465827344 0.2632269184652278 0.30767339253597126 0.2566696642685851 0.27324780800359716 0.24777053357314147 0.23811966052158276 0.2444919064748201 
0 0.3175092738309353 0.2337192745803357 0.3101323628597123 0.2398081534772182 0.28765034847122306 0.24261840527577935 0.2904606002697842 0.2510491606714628 0.31153748875899284 0.25620128896882494 0.3178605553057554 0.26369529376498796 0.3213733700539569 0.25854316546762585 0.4011142648381295 0.2800884292565947 0.4049783610611511 0.2679106714628297 0.404627079586331 0.26135341726618705 0.4025193907374101 0.2510491606714628 0.38952197616906475 0.24402353117505993 0.32067080710431656 0.22716202038369304 
0 0.19315563174460434 0.2749363009592326 0.1903453799460432 0.3091276978417266 0.19912741681654678 0.32130545563549157 0.2472529788669065 0.3278627098321343 0.2795708745503597 0.3292678357314148 0.3073221110611511 0.32833108513189446 0.31083492580935257 0.32317895683453235 0.3087272369604317 0.3142798261390887 0.30907851843525186 0.2983550659472422 0.26587089703237415 0.2936713129496403 
0 0.321724651528777 0.2590115407673861 0.31469902203237415 0.2697841726618705 0.3139964590827338 0.2903926858513189 0.3684450876798562 0.30865932254196643 0.4116527090827338 0.31943195443645084 0.4257039680755396 0.3133430755395683 0.4299193457733813 0.3021020683453237 0.42710909397482016 0.28336705635491605 0.40041170188848924 0.2805568045563549 
0 0.32383234037769787 0.2936713129496403 0.3139964590827338 0.2983550659472422 0.3087272369604317 0.30865932254196643 0.3125913331834533 0.32973621103117506 0.3354246290467626 0.33582508992805754 0.3881168502697842 0.3512814748201438 0.4098963017086331 0.35877547961630696 0.42394756070143885 0.3531549760191846 0.42851421987410077 0.34144559352517984 0.424298842176259 0.3255208333333333 0.412003990557554 0.32224220623501193 0.36774252473021585 0.30865932254196643 
0 0.1913992243705036 0.32505245803357313 0.1903453799460432 0.33769859112709827 0.19315563174460434 0.34706609712230213 0.19104794289568347 0.3559652278177458 0.1977222909172662 0.3597122302158273 0.23320171987410074 0.3559652278177458 0.27324780800359716 0.3559652278177458 0.29291957059352525 0.36299085731414865 0.30345801483812956 0.3498763489208632 0.31083492580935257 0.3334832134292565 0.30907851843525186 0.3292678357314148 0.2799221560251799 0.33067296163069543 0.2472529788669065 0.32973621103117506 0.2001812612410072 0.32224220623501193 
0 0.33472206609712235 0.3372302158273381 0.31891439973021585 0.332078087529976 0.3104836443345324 0.3367618405275779 0.3038092963129497 0.34893959832134286 0.2992426371402878 0.3611173561151079 0.31294261465827344 0.38125749400479614 0.33823488084532377 0.3910933752997601 0.39162966501798563 0.4037395083932853 0.41481424235611514 0.40139763189448435 0.4207860274280576 0.38640962230215825 0.419380901528777 0.3723583633093525 0.41095014613309355 0.3592438549160671 0.3898732576438849 0.3526866007194244 
0 0.1903453799460432 0.35643360311750594 0.18683256519784175 0.37282673860911264 0.18999409847122303 0.39390362709832133 0.20790945368705038 0.40467625899280574 0.2465504159172662 0.4032711330935252 0.30942979991007197 0.3999925059952038 0.31153748875899284 0.38125749400479614 0.29854007419064754 0.3643959832134292 0.29291957059352525 0.36486435851318944 0.27465293390287776 0.35783872901678654 0.23249915692446044 0.3569019784172662 0.19701972796762593 0.3611173561151079 
0 0.3122400517086331 0.3821942446043165 0.30978108138489213 0.400460881294964 0.3066195481115108 0.4117018884892086 0.31891439973021585 0.4276266486810551 0.3663373988309353 0.43418390287769776 0.39338607239208634 0.43699415467625896 0.41973218300359716 0.434652278177458 0.42675781250000006 0.4187275179856114 0.4232449977517986 0.40748651079136683 0.4158680867805756 0.4037395083932853 0.39268350944244607 0.4060813848920863 0.33823488084532377 0.39296687649880097 
0 0.30907851843525186 0.4023343824940047 0.30451185926258995 0.4117018884892086 0.314347740557554 0.42575314748201437 0.3125913331834533 0.4327787769784172 0.29643238534172667 0.4398044064748201 0.2880016299460432 0.44823516187050355 0.21001714253597126 0.44823516187050355 0.19912741681654678 0.444488159472422 0.18929153552158276 0.43933603117505987 0.18718384667266189 0.4234112709832134 0.18929153552158276 0.40280275779376495 0.20861201663669066 0.4051446342925659 0.24619913444244607 0.40420788369304556 
0 0.3136451776079137 0.43184202637889685 0.365634835881295 0.43512065347721823 0.39338607239208634 0.4383992805755395 0.41235527203237415 0.44823516187050355 0.41797577562949645 0.46509667266187044 0.4098963017086331 0.48289493405275774 0.4007629833633094 0.4889838129496402 0.314347740557554 0.4777428057553956 0.30767339253597126 0.4636915467625899 0.29467597796762596 0.4585394184652278 0.28975803732014394 0.44870353717026373 0.2967836668165468 0.4421462829736211 
0 0.18753512814748205 0.4458932853717026 0.18542743929856118 0.4824265587529976 0.22231199415467628 0.4903889388489208 0.3062682666366907 0.49928806954436444 0.31505030350719426 0.48148980815347714 0.3087272369604317 0.46509667266187044 0.2943246964928058 0.4594761690647482 0.28273240782374104 0.45057703836930446 0.20931457958633096 0.4496402877697841 
0 0.31645542940647486 0.481021432853717 0.3073221110611511 0.4997564448441247 0.3101323628597123 0.5138077038369304 0.3628245840827338 0.5189598321342925 0.41270655350719426 0.5264538369304556 0.412003990557554 0.5077188249400479 0.4158680867805756 0.4969461930455635 0.412003990557554 0.4889838129496402 0.4028706722122303 0.4885154376498801 0.3554476731115108 0.48289493405275774 
0 0.1878864096223022 0.483363309352518 0.1833197504496403 0.5044401978417266 0.18507615782374104 0.5259854616306954 0.1984248538669065 0.5390999700239808 0.22898634217625902 0.5442520983213429 0.263060645233813 0.5451888489208633 0.3052144222122303 0.5409734712230215 0.30978108138489213 0.5203649580335731 0.3055657036870504 0.5072504496402878 0.2911631632194245 0.5002248201438849 0.24268631969424462 0.49413594124700233 0.22196071267985615 0.490857314148681 
0 0.41270655350719426 0.5264538369304556 0.42219115332733814 0.534884592326139 0.42675781250000006 0.5503409772182254 0.416921931205036 0.5700127398081535 0.34209897706834536 0.5503409772182254 0.30767339253597126 0.5419102218225419 0.31153748875899284 0.5203649580335731 0.311888770233813 0.515212829736211 0.36212202113309355 0.5184914568345323 
0 0.19701972796762593 0.5390999700239808 0.18858897257194246 0.5419102218225419 0.18718384667266189 0.5770383693045563 0.1959658835431655 0.5798486211031174 0.306970829586331 0.5742281175059951 0.31083492580935257 0.5583033573141486 0.3104836443345324 0.5447204736211031 0.3038092963129497 0.5442520983213429 0.2634119267086331 0.5475307254196642 0.2296889051258993 0.5465939748201438 
0 0.3340195031474821 0.5517461031175059 0.3175092738309353 0.5475307254196642 0.3122400517086331 0.5564298561151079 0.3104836443345324 0.5770383693045563 0.314347740557554 0.5864058752997602 0.319265681205036 0.5929631294964028 0.41481424235611514 0.6107613908872901 0.42219115332733814 0.5929631294964028 0.4264065310251799 0.5906212529976019 0.4257039680755396 0.576101618705036 0.41621936825539574 0.571417865707434 0.3954937612410072 0.5676708633093525 
0 0.3062682666366907 0.5751648681055156 0.19350691321942448 0.5803169964028777 0.1878864096223022 0.5906212529976019 0.18823769109712232 0.6084195143884892 0.19104794289568347 0.620128896882494 0.2528734824640288 0.6210656474820143 0.3125913331834533 0.6173186450839329 0.3175092738309353 0.598115257793765 0.31469902203237415 0.5892161270983213 0.3104836443345324 0.5770383693045563 
0 0.3213733700539569 0.5938998800959232 0.31469902203237415 0.6027990107913669 0.3104836443345324 0.6191921462829736 0.31715799235611514 0.6365220323741007 0.34736819919064754 0.6430792865707433 0.39970913893884896 0.6501049160671463 0.42394756070143885 0.6510416666666666 0.42675781250000006 0.6323066546762589 0.41481424235611514 0.622939148681055 0.41270655350719426 0.6107613908872901 0.368093806205036 0.6027990107913669 
0 0.32980412544964033 0.6383955335731414 0.3196169626798562 0.6435476618705035 0.31469902203237415 0.6650929256594723 0.31891439973021585 0.6791441846522782 0.3670399617805756 0.6852330635491607 0.431675753147482 0.6903851918465227 0.43483728642086333 0.6702450539568345 0.42675781250000006 0.6655613009592326 0.42359627922661874 0.6529151678657074 0.40006042041366907 0.6510416666666666 0.3484220436151079 0.6468262889688249 
0 0.3009990445143885 0.6215340227817745 0.31083492580935257 0.6294964028776978 0.3161041479316547 0.6515100419664268 0.3111862072841727 0.668839928057554 0.24268631969424462 0.666498051558753 0.18858897257194246 0.6580672961630695 0.18613000224820145 0.6360536570743405 0.19104794289568347 0.6210656474820143 0.2525222009892087 0.6215340227817745 
0 0.31856311825539574 0.6791441846522782 0.3125913331834533 0.6857014388489208 0.30978108138489213 0.698347571942446 0.3122400517086331 0.7152090827338129 0.31891439973021585 0.7231714628297361 0.3624733026079137 0.7264500899280576 0.40708604991007197 0.7372227218225419 0.42746037544964033 0.7348808453237409 0.4330808790467626 0.7208295863309352 0.43483728642086333 0.7109937050359711 0.4246501236510792 0.6927270683453237 0.3666886803057554 0.6857014388489208 0.34350410296762596 0.6866381894484412 
0 0.19460484601449277 0.6610305958132044 0.1898871527777778 0.6673208534621576 0.18965126811594205 0.6852480877616746 0.19153834541062803 0.6937399355877615 0.26466259057971014 0.7000301932367149 0.30995244565217395 0.7019172705314008 0.3085371376811594 0.6975140901771336 0.3120754076086957 0.6861916264090177 0.3160854468599034 0.6786433172302737 0.30995244565217395 0.6695224436392914 0.2656061292270532 0.6695224436392914 0.24343297101449277 0.6685789049919483 
0 0.1948407306763285 0.6934254227053139 0.19012303743961353 0.7072639895330112 0.1894153834541063 0.717642914653784 0.19271776871980678 0.7317959943639291 0.21536269625603865 0.7349411231884058 0.25782193538647347 0.7343120974235103 0.2922610960144928 0.7333685587761675 0.31018833031400966 0.7377717391304347 0.31632133152173914 0.7207880434782608 0.3113677536231884 0.7163848631239934 0.31018833031400966 0.7038043478260869 0.2644267059178744 0.7012882447665055 
0 0.19507661533816426 0.7324250201288244 0.18823596014492755 0.737457226247987 0.18870772946859904 0.770481078904992 0.23446935386473433 0.7767713365539451 0.28070274758454106 0.7808600040257648 0.3078294836956522 0.7792874396135265 0.3170289855072464 0.7629327697262479 0.31254717693236717 0.7604166666666665 0.3113677536231884 0.7428039452495973 0.29344051932367154 0.7346266103059581 0.25829370471014496 0.7358846618357487 0.21583446557971017 0.7361991747181964 
0 0.19318953804347827 0.7714246175523348 0.1880000754830918 0.7742552334943639 0.18894361413043478 0.8113677536231884 0.200030193236715 0.816399959742351 0.2271569293478261 0.8189160628019323 0.27173913043478265 0.8248918075684379 0.3009888285024155 0.8274079106280192 0.3049988677536232 0.8236337560386473 0.3064141757246377 0.8138838566827696 0.29933763586956524 0.8119967793880837 0.2955634812801933 0.8057065217391304 0.29461994263285024 0.7915534420289854 0.2927328653381643 0.7818035426731078 0.28093863224637683 0.7821180555555555 0.23470523852657008 0.7780293880837359 
0 0.3073577143719807 0.7808600040257648 0.29414817330917875 0.7814890297906602 0.29650701992753625 0.7924969806763285 0.29650701992753625 0.8041339573268921 0.30122471316425126 0.8123112922705312 0.3085371376811594 0.8141983695652173 0.35901645531400966 0.81923057568438 0.4146852355072464 0.8201741143317229 0.4224694293478261 0.8110532407407406 0.4234129679951691 0.801303341384863 0.42081823671497587 0.7865212359098228 0.3734054196859904 0.7770858494363928 0.31820840881642515 0.7651343599033815 
0 0.31825821713147406 0.7249647244355909 0.31106044571713143 0.7381930610889773 0.31183858316733065 0.7457150564409031 0.31300578934262946 0.7610184262948206 0.3202035607569721 0.7643903552456838 0.3738950448207171 0.7758030378486055 0.4205832918326693 0.7856594455511288 0.4268083914342629 0.7869563413014607 0.4268083914342629 0.7783968293492696 0.43244988794820716 0.7592027722443558 0.4293373381474103 0.7449369189907037 0.41727620766932266 0.7387118193891101 0.40716042081673304 0.7389711985391766 0.36202844870517925 0.726261620185923 
0 0.19632273706896552 0.815149066091954 0.19228178879310345 0.8313128591954023 0.1905980603448276 0.8492726293103449 0.19649110991379312 0.8640894396551725 0.24026804956896552 0.8670079022988505 0.31199488146551724 0.8683548850574713 0.3210870150862069 0.845007183908046 0.30222925646551724 0.8391702586206896 0.3018925107758621 0.8281698994252874 0.27141702586206895 0.825475933908046 
0 0.3086274245689655 0.8155980603448275 0.3057650862068966 0.8239044540229886 0.30206088362068967 0.8281698994252874 0.30290274784482757 0.8391702586206896 0.32192887931034486 0.8443336925287356 0.3943292025862069 0.8587015086206896 0.4104929956896552 0.8582525143678161 0.4189116379310345 0.8447826867816093 0.4189116379310345 0.8384967672413793 0.4037580818965517 0.8340068247126436 0.4007273706896552 0.8232309626436782 0.3586341594827586 0.8200880028735633 
0 0.19952182112068967 0.8672323994252874 0.19463900862068967 0.87890625 0.1953125 0.8959680316091955 0.19699622844827586 0.9094378591954023 0.24127828663793105 0.9096623563218391 0.2774784482758621 0.9101113505747126 0.3151939655172414 0.9076418821839081 0.32394935344827586 0.8934985632183908 0.3143521012931035 0.8901311063218391 0.3098060344827586 0.8694773706896552 0.24009967672413793 0.8683548850574713 
0 0.33191856971153844 0.8463541666666666 0.31825474330357145 0.8510005890376985 0.31258719308035715 0.8684392051091271 0.31156994047619047 0.8738645523313493 0.3153483072916667 0.8893655443948414 0.3246489025297619 0.8920782180059524 0.34121558779761907 0.8982786148313493 0.3619966052827381 0.9002162388392857 0.40021623883928575 0.9011850508432541 0.42593819754464285 0.8959534660218255 0.4286993117559524 0.8893655443948414 0.41591099330357145 0.8839401971726191 0.41140601748511907 0.8593323722718255 0.39454868861607145 0.8603011842757938 
0 0.41052276841939545 0.1807107997481108 0.40461911602644834 0.19448598866498737 0.39957641294080604 0.2023575251889169 0.4017902825881612 0.21088502308984047 0.40990780462846343 0.22613612510495382 0.4202391963161209 0.22515218303946263 0.4302016097292191 0.23203977749790092 0.5047352211901763 0.2415512174643157 0.5085479966939547 0.22400425062972293 0.5055961704974812 0.20530935138539042 0.4672224299433249 0.19973367968094038 0.46107279203400503 0.203013486565911 
0 0.502654044858871 0.18481182795698925 0.5000945060483871 0.20187542002688172 0.5060011340725806 0.20423807123655913 0.5091513356854839 0.22366431451612903 0.5278556577620968 0.22445186491935484 0.595978767641129 0.21473874327956988 0.606413810483871 0.20633820564516128 0.6054293724798387 0.19006216397849462 0.5997196320564516 0.1753612231182796 0.5428191154233871 0.1792989751344086 0.5304151965725806 0.1787739415322581 
0 0.3963347404233871 0.2299647177419355 0.39042811239919356 0.24020287298387097 0.3941689768145161 0.24702830981182797 0.40263514364919356 0.2517536122311828 0.4048009072580645 0.26120421706989244 0.4292149697580645 0.2745925739247312 0.46485162550403225 0.28666834677419356 0.490447013608871 0.2740675403225807 0.5030478200604839 0.27590515793010756 0.5085606728830645 0.2685546875 0.5079700100806451 0.25726646505376344 0.5050166960685484 0.24099042338709678 0.4300025201612903 0.23206485215053763 0.4199612525201613 0.22523941532258066 
0 0.5095451108870968 0.22497689852150538 0.504819808467742 0.24099042338709678 0.5085606728830645 0.2562163978494624 0.5146641885080645 0.25936659946236557 0.5193894909274194 0.25464129704301075 0.5229334677419355 0.24571572580645162 0.5359280493951613 0.24939096102150538 0.5827872983870968 0.26146673387096775 0.5997196320564516 0.2664545530913978 0.6117297757056451 0.2465032762096774 0.612517326108871 0.23127730174731184 0.6089733492943549 0.21368867607526884 0.5971600932459677 0.21447622647849462 0.5280525453629032 0.22523941532258066 
0 0.4085417716733871 0.2659295194892473 0.40283203125 0.27826780913978494 0.4280336441532258 0.28325562836021506 0.43157762096774194 0.30478200604838707 0.46406407510080644 0.3071446572580645 0.4841466103830645 0.3087197580645161 0.5022602696572581 0.31843287970430106 0.5081668976814516 0.30478200604838707 0.5123015372983871 0.29060609879032256 0.5107264364919355 0.2766927083333333 0.504426033266129 0.2761676747311828 0.49064390120967744 0.2745925739247312 0.46485162550403225 0.2869308635752688 0.4284274193548387 0.27485509072580644 
0 0.5235241305443549 0.2465032762096774 0.5195863785282258 0.2551663306451613 0.5146641885080645 0.26067918346774194 0.5081668976814516 0.275380124327957 0.5121046496975806 0.27590515793010756 0.5126953125 0.2911311323924731 0.5794402091733871 0.2995316700268817 0.6034604964717742 0.3039944556451613 0.6162581905241935 0.2979565692204301 0.6140924269153226 0.2814180107526882 0.6007040700604839 0.26750462029569894 0.5833779611895161 0.2630418346774194 
0 0.6048387096774194 0.3045194892473118 0.6152737525201613 0.3058320732526882 0.616455078125 0.3181703629032258 0.614289314516129 0.33864667338709675 0.5995227444556451 0.34494707661290325 0.531005859375 0.34205939180107525 0.5229334677419355 0.337859122983871 0.5215552545362904 0.3331338205645161 0.5103326612903226 0.32788348454301075 0.5032447076612904 0.31843287970430106 0.5091513356854839 0.30609459005376344 0.5126953125 0.2921811995967742 0.5796370967741935 0.30084425403225806 
0 0.4319713961693548 0.30556955645161293 0.4264585433467742 0.31370757728494625 0.41326707409274194 0.32027049731182794 0.4246865549395161 0.3255208333333333 0.43019940776209675 0.3444220430107527 0.4772555443548387 0.348622311827957 0.5189957157258065 0.3528225806451613 0.523130355342742 0.3383841565860215 0.5213583669354839 0.3331338205645161 0.510529548891129 0.3289335517473118 0.502654044858871 0.3186953965053763 0.4833590599798387 0.30950730846774194 0.46406407510080644 0.3079322076612903 
0 0.5235241305443549 0.3396967405913978 0.5191926033266129 0.3533476142473118 0.5176175025201613 0.35781039986559143 0.520964591733871 0.3735614079301075 0.5306120841733871 0.37881174395161293 0.5965694304435484 0.3675235215053763 0.616455078125 0.3606980846774193 0.6138955393145161 0.34074680779569894 0.5991289692540323 0.3465221774193548 0.531005859375 0.34337197580645157 
0 0.4292149697580645 0.34494707661290325 0.42409589213709675 0.3541351646505377 0.41287329889112906 0.3588604670698925 0.4205519153225806 0.373036374327957 0.43571226058467744 0.37146127352150543 0.5119077620967742 0.4021757392473118 0.5191926033266129 0.3748739919354838 0.516633064516129 0.35439768145161293 0.47627110635080644 0.3494098622311828 
0 0.4359091481854839 0.37198630712365593 0.4203550277217742 0.37329889112903225 0.4217332409274194 0.3864247311827957 0.41523595010080644 0.401388188844086 0.42409589213709675 0.4069010416666667 0.4284274193548387 0.418976814516129 0.46367029989919356 0.428689936155914 0.5156486265120968 0.450216313844086 0.5243116809475806 0.43761550739247307 0.5252961189516129 0.4129389280913978 0.5117108744959677 0.4027007728494623 
0 0.5304151965725806 0.37959929435483875 0.5184050529233871 0.3832745295698925 0.517026839717742 0.3948252688172043 0.5142704133064516 0.4029632896505377 0.5258867817540323 0.4116263440860215 0.5254930065524194 0.4237021169354838 0.5339591733870968 0.42343960013440857 0.6018853956653226 0.41057627688172044 0.6097608996975806 0.404275873655914 0.6162581905241935 0.40585097446236557 0.6253150201612904 0.3824869791666667 0.6255119077620968 0.3704112063172043 0.6170457409274194 0.3606980846774193 0.596372542842742 0.3675235215053763 
0 0.5335653981854839 0.4244896673387097 0.5268712197580645 0.42475218413978494 0.5256898941532258 0.43709047379032256 0.517026839717742 0.44864121303763443 0.5193894909274194 0.45940440188172044 0.5264774445564516 0.4672799059139785 0.6048387096774194 0.44522849462365593 0.616455078125 0.4420782930107527 0.6205897177419355 0.42816490255376344 0.6158644153225806 0.40716355846774194 0.6107453377016129 0.40506342405913975 0.602082283266129 0.4116263440860215 
0 0.42626165574596775 0.42291456653225806 0.4345309349798387 0.421864499327957 0.46485162550403225 0.4300025201612903 0.5150579637096774 0.4510038642473118 0.5178143901209677 0.46071698588709675 0.5160424017137096 0.4801432291666667 0.5093482232862904 0.48460601478494625 0.43709047379032256 0.45730426747311825 0.4130701864919355 0.4481161794354838 0.4014538180443548 0.442340809811828 0.4012569304435484 0.43630292338709675 0.4197643649193548 0.4360404065860215 
0 0.5184050529233871 0.47095514112903225 0.5272649949596774 0.467804939516129 0.604248046875 0.44575352822580644 0.6158644153225806 0.4420782930107527 0.6178332913306451 0.4481161794354838 0.6221648185483871 0.4515288978494623 0.6251181325604839 0.46911752352150543 0.6192115045362904 0.4793556787634408 0.600310294858871 0.49458165322580644 0.5495132938508065 0.5003570228494624 0.52490234375 0.5037697412634409 0.5237210181451613 0.49405661962365593 0.5156486265120968 0.48539356518817206 
0 0.4137674967447917 0.44928656684027785 0.42012532552083337 0.4652235243055556 0.41046142578125 0.4865858289930556 0.41707356770833337 0.49811469184027785 0.42546590169270837 0.4933675130208333 0.4786173502604167 0.5157470703125 0.5175272623697917 0.5272759331597222 0.522613525390625 0.5103217230902778 0.5236307779947917 0.494384765625 0.5132039388020834 0.4838731553819445 0.5076090494791667 0.48489040798611116 0.4374186197916667 0.45742458767361116 
0 0.4259745279947917 0.4933675130208333 0.41707356770833337 0.49981011284722227 0.4122416178385417 0.5116780598958334 0.4130045572916667 0.52490234375 0.42317708333333337 0.5350748697916666 0.4275004069010417 0.5503336588541666 0.47429402669270837 0.5669487847222222 0.516510009765625 0.5777994791666666 0.5223592122395834 0.567626953125 0.5266825358072917 0.5438910590277778 0.5177815755208334 0.5296495225694445 0.478363037109375 0.5164252387152778 
0 0.5251566569010417 0.5045572916666666 0.519561767578125 0.5276150173611112 0.5276997884114584 0.5445692274305556 0.5376180013020834 0.5462646484375 0.5617777506510417 0.5459255642361112 0.5884806315104167 0.5421956380208334 0.6029764811197917 0.5391438802083334 0.6116231282552084 0.5452473958333334 0.6205240885416667 0.5401611328125 0.628662109375 0.5381266276041666 0.63323974609375 0.5269368489583334 0.624847412109375 0.5113389756944445 0.6177266438802084 0.5055745442708334 0.6085713704427084 0.4974365234375 0.5994160970052084 0.4947238498263889 
0 0.5229193239795918 0.5689306972789115 0.5261080994897959 0.5739795918367346 0.5304926658163265 0.58859481292517 0.5215242346938775 0.6042729591836734 0.4758848852040816 0.5925807823129251 0.42825255102040816 0.5832801870748299 0.4266581632653061 0.5761054421768707 0.42287149234693877 0.5731823979591836 0.42008131377551017 0.5681335034013605 0.4274553571428571 0.551658163265306 0.4738919005102041 0.5678677721088435 0.5163424744897959 0.5787627551020408 
0 0.5380660076530612 0.547140731292517 0.5247130102040816 0.5553784013605442 0.5237165178571428 0.5673363095238094 0.5330835459183673 0.5848745748299319 0.5589923469387755 0.590189200680272 0.5998485331632653 0.5827487244897959 0.6249601403061225 0.5705250850340136 0.6353236607142857 0.5543154761904762 0.6297433035714285 0.5394345238095238 0.6207748724489796 0.5420918367346939 0.6110092474489796 0.547406462585034 0.6026387117346939 0.5410289115646258 0.588687818877551 0.5434204931972789 0.5613839285714285 0.5468749999999999 
0 0.4318399234693877 0.5848745748299319 0.42765465561224486 0.5920493197278911 0.4222735969387755 0.5941751700680272 0.4154974489795918 0.6101190476190476 0.4158960459183673 0.6218112244897959 0.42765465561224486 0.6300488945578231 0.44060905612244894 0.6361607142857143 0.5059789540816326 0.6499787414965986 0.5271045918367346 0.6513073979591836 0.5290975765306122 0.626328656462585 0.5296954719387755 0.6178252551020408 0.5207270408163265 0.6042729591836734 0.47568558673469385 0.5933779761904762 
0 0.5346779336734694 0.5872661564625851 0.5219228316326531 0.6053358843537414 0.530094068877551 0.6172937925170068 0.5316884566326531 0.626860119047619 0.5402582908163265 0.62765731292517 0.5717474489795918 0.6223426870748299 0.6032366071428571 0.6130420918367346 0.6092155612244897 0.6061330782312925 0.6141980229591837 0.5965667517006802 0.6251594387755102 0.5933779761904762 0.6191804846938775 0.5859374999999999 0.6177853954081632 0.5755739795918368 0.599250637755102 0.5840773809523809 0.5591916454081632 0.5912521258503401 
0 0.43486288588056676 0.6333712887989204 0.4263624430668016 0.6386428812415654 0.4241879111842105 0.6528761808367071 0.42814160551619435 0.666318741565452 0.4370374177631579 0.6700088562753036 0.4702484501518219 0.6847693151147097 0.5172974127024292 0.7021655701754385 0.5327168205971661 0.7040106275303644 0.5416126328441296 0.6837149966261808 0.5392404162449393 0.6613107287449392 0.5275770179655871 0.6523490215924426 0.5058316991396762 0.6512947031039136 0.4403980579453441 0.6370614035087719 
0 0.5309376581477733 0.6273089574898785 0.5273793332489879 0.6510311234817813 0.5404265245445344 0.6618378879892037 0.5809518914473685 0.6644736842105262 0.6278031692813766 0.6523490215924426 0.6293846470141701 0.6349527665317138 0.6250355832489879 0.6312626518218624 0.6159420862854251 0.6312626518218624 0.6094184906376519 0.6172929318488528 0.5979527770748988 0.6157114541160593 0.5714630250506073 0.623618842780027 0.5396357856781376 0.6294175944669366 
0 0.6289892775809717 0.6565662955465587 0.6297800164473685 0.667373060053981 0.6368966662449393 0.6816063596491228 0.6195004111842105 0.6866143724696356 0.6187096723178138 0.6945217611336032 0.599138885374494 0.7011112516869096 0.5426010564271255 0.7095457995951416 0.5384496773785425 0.7066464237516868 0.5348913524797572 0.7000569331983805 0.5424033717105263 0.6837149966261808 0.541019578694332 0.6721174932523617 0.5445779035931174 0.6655280026990552 0.5821379997469636 0.666318741565452 0.627210115131579 0.6536669197031039 
0 0.5344959830465588 0.7019019905533063 0.5402288398279352 0.7098093792172739 0.5368681996457491 0.7237790991902834 0.5311353428643725 0.7258877361673414 0.5267862790991903 0.7364309210526315 0.49377293142712547 0.7308957489878543 0.4653063322368421 0.7206161437246963 0.4390142649291498 0.7100729588394062 0.4318976151315789 0.7050649460188932 0.4267578125 0.6953125 0.42715318193319834 0.6913588056680161 0.4334790928643725 0.6918859649122807 0.4370374177631579 0.6707995951417004 0.470446134868421 0.6863507928475033 0.5167043585526316 0.7034834682860999 0.5341006136133604 0.7053285256410255 
0 0.6036856338562754 0.7019019905533063 0.6200934653340081 0.7142902327935222 0.6285939081477733 0.720352564102564 0.6366989815283401 0.7174531882591092 0.6414434147267207 0.7240426788124156 0.6380827745445344 0.7364309210526315 0.6396642522773279 0.7430204116059379 0.6374897203947368 0.7511913798920378 0.6204888347672065 0.7559358130904182 0.603290264423077 0.758835188933873 0.5750213499493927 0.7598895074224021 0.5333098747469636 0.7598895074224021 0.5271816485323887 0.7480284244264507 0.5222395306174089 0.7398574561403509 0.5265885943825911 0.7366945006747638 0.5319260817307693 0.7277327935222672 0.537856623228745 0.7256241565452091 0.5418103175607287 0.7127087550607287 
0 0.5202760858050848 0.7388991878531074 0.5260692531779662 0.7480946916195856 0.5274485787429379 0.762807497645951 0.518896760240113 0.7789915842749529 0.4719996910310734 0.7613362170433144 0.4347579007768361 0.7480946916195856 0.432275114759887 0.7447843102636535 0.4201370497881356 0.7374279072504709 0.4297923287429378 0.7359566266478343 0.4350337658898305 0.7208760004708098 0.4394476076977401 0.713151777306968 0.4651030632062147 0.7223472810734464 0.49406890007062143 0.7326462452919021 
0 0.5315865554378532 0.7580258356873824 0.5277244438559322 0.7642787782485875 0.523586467161017 0.7731064618644067 0.5263451182909605 0.782301965630885 0.5321382856638418 0.7922331096986817 0.5475867319915255 0.7962791313559322 0.5812422757768362 0.7970147716572504 0.5939320709745763 0.7977504119585688 0.6162771451271187 0.7918652895480226 0.6325531867937854 0.7856123469868174 0.637794623940678 0.7808306850282486 0.6344842425847458 0.7650144185499058 0.6317255914548023 0.754347634180791 0.6206909869350283 0.7569223752354048 0.6030356197033899 0.760232756591337 0.5748973781779662 0.7606005767419962 0.5332417461158192 0.7620718573446328 
0 0.4459475061576354 0.7523860837438422 0.4339208743842364 0.7494996921182265 0.43343980911330043 0.7600831280788176 0.42790755849753687 0.7780428981937603 0.4281480911330049 0.7883056239737273 0.42646436268472904 0.7960026683087027 0.5104102524630542 0.8181316707717569 0.523639547413793 0.8178109605911329 0.5368688423645319 0.804982553366174 0.5375904402709359 0.7966440886699506 0.5322987222906403 0.7950405377668308 0.5258043411330049 0.7831742610837438 0.5224368842364532 0.7754772167487683 0.5193099599753694 0.7809292898193759 0.47336822660098515 0.7645730706075532 
0 0.5409578971674877 0.7966440886699506 0.5375904402709359 0.8033790024630542 0.5233990147783251 0.8190938013136289 0.5132966440886699 0.8194145114942528 0.5157019704433496 0.8306393678160918 0.5169046336206896 0.8434677750410509 0.5219558189655171 0.8492405582922823 0.5462496151477831 0.8463541666666665 0.6244227216748768 0.8261494252873561 0.6277901785714285 0.8075482348111658 0.6261064501231526 0.7972855090311985 0.6224984605911329 0.7899091748768471 0.5938750769704433 0.7992097701149424 
0 0.5108913177339901 0.8194145114942528 0.5154614378078817 0.8296772372742199 0.5171451662561576 0.8437884852216748 0.51209398091133 0.8601447044334974 0.4194889162561576 0.8392985426929392 0.40481642549261077 0.8335257594417076 0.4009679033251231 0.8232630336617405 0.41491879618226596 0.8216594827586206 0.42381850369458124 0.8120381773399014 0.42454010160098515 0.8020961617405581 0.426945427955665 0.7979269293924465 
0 0.42838862376847286 0.8418642241379309 0.4202105141625615 0.8450713259441707 0.41155133928571425 0.8588618637110015 0.41708358990147776 0.8829151272577995 0.4303128848522167 0.8883672003284072 0.48563539100985215 0.8954228243021345 0.5246016779556649 0.889970751231527 0.5274880695812807 0.8726524014778324 0.5270070043103448 0.8627103858784891 0.5224368842364532 0.8502026888341542 0.5166641009852216 0.8518062397372742 0.5125750461822659 0.8620689655172412 
0 0.5457685498768472 0.8485991379310344 0.5250827432266009 0.8495612684729063 0.5272475369458127 0.8611068349753693 0.5294123306650246 0.8726524014778324 0.5265259390394088 0.8813115763546797 0.5390336360837438 0.8967056650246304 0.5772783251231527 0.8874050697865351 0.5945966748768472 0.8829151272577995 0.6116744919950738 0.8694452996715927 0.634284559729064 0.8559754720853858 0.6330818965517241 0.8489198481116583 0.6301955049261083 0.8402606732348111 0.6246632543103448 0.8274322660098522 0.58473483682266 0.8376949917898192 
0 0.6214772583502025 0.182122975708502 0.609616175354251 0.21533400809716596 0.6133721849696356 0.2316759446693657 0.6157444015688259 0.24116481106612683 0.6224656819331984 0.2242957152496626 0.6345244496457491 0.2282494095816464 0.6703053833502024 0.23773827597840755 0.7086562183704453 0.23141236504723348 0.7108307502530364 0.21981486167341427 0.7080631642206477 0.2116438933873144 0.6803873038967612 0.20241860661268554 0.6600257780870445 0.18976678475033737 0.6378850898279352 0.1879217273954116 
0 0.6224656819331984 0.22535003373819162 0.6026972102732794 0.2680499325236167 0.6139652391194332 0.27991101551956815 0.6185119876012146 0.2857097672064777 0.6461878479251012 0.28254681174089064 0.6886900619939271 0.2754301619433198 0.7025279921558705 0.2733215249662618 0.7141913904352227 0.2635690789473684 0.7175520306174089 0.25645242914979755 0.7132029668522267 0.234048161268556 0.7094469572368421 0.2316759446693657 0.6703053833502024 0.23931975371120107 
0 0.7102376961032388 0.27253078609986503 0.6867132148279352 0.27648448043184887 0.6465832173582996 0.2836011302294197 0.6185119876012146 0.28702766531713897 0.6169305098684211 0.2991523279352227 0.6094184906376519 0.3009973852901484 0.6151513474190283 0.30653255735492574 0.6165351404352227 0.3183936403508772 0.6155467168522267 0.33236336032388664 0.617918933451417 0.3355263157894737 0.6465832173582996 0.3307818825910931 0.6841433135121457 0.324455971659919 0.6944229187753037 0.3210294365721997 0.7145867598684211 0.30468749999999994 0.7134006515688259 0.2867640856950067 
0 0.6971571180555556 0.17312282986111116 0.683932834201389 0.2011537905092593 0.7090250651041667 0.20974392361111116 0.7134331597222222 0.22240306712962968 0.7347954644097222 0.22918475115740747 0.7761637369791667 0.22421151620370375 0.790744357638889 0.21155237268518523 0.787692599826389 0.1835214120370371 0.7798936631944444 0.18487774884259264 0.7439507378472222 0.1762876157407408 
0 0.7134331597222222 0.22240306712962968 0.7100423177083334 0.22963686342592596 0.7151285807291667 0.23099320023148154 0.7178412543402778 0.25179036458333337 0.7575141059027778 0.25314670138888895 0.7954915364583334 0.25314670138888895 0.7893880208333334 0.2233072916666667 0.7775200737847222 0.2255678530092593 0.7347954644097222 0.2300889756944445 
0 0.7914225260416667 0.254955150462963 0.8026123046875 0.254050925925926 0.8046468098958334 0.28298611111111116 0.7856580946180556 0.290672019675926 0.7161458333333334 0.29248046875000006 0.7117377387152778 0.2739438657407408 0.7158067491319444 0.2649016203703704 0.72021484375 0.2535988136574075 0.757175021701389 0.254050925925926 
0 0.7852949334319527 0.2915896203155819 0.8006078957100592 0.29081915680473375 0.8017635909763314 0.304302268244576 0.8008968195266273 0.3239490877712032 0.7884730954142012 0.3304980276134123 0.7474459134615384 0.3343503451676529 0.7147975221893491 0.3370469674556213 0.7116193602071006 0.32240816074950696 0.7067076553254438 0.3239490877712032 0.6991956360946746 0.31778537968441817 0.7147975221893491 0.30545796351084814 0.7159532174556213 0.29274531558185407 
0 0.7962740384615384 0.32664571005917165 0.8000300480769231 0.33935835798816566 0.8032082100591716 0.3539971646942801 0.7910734097633136 0.36285749506903353 0.7532243897928994 0.3713325936883629 0.7211538461538461 0.37826676528599606 0.7113304363905326 0.36940643491124264 0.7003513313609467 0.3640131903353057 0.7084411982248521 0.35207100591715973 0.7171089127218935 0.3505300788954635 0.7168199889053255 0.3382026627218935 0.7477348372781065 0.33512080867850097 0.7893398668639053 0.3316537228796845 
0 0.6260979105029586 0.37210305719921105 0.6258089866863905 0.38250431459566075 0.6220529770710059 0.39136464497041423 0.6258089866863905 0.3956021942800789 0.6367880917159764 0.38789755917159763 0.7055519600591716 0.389823717948718 0.7179756841715976 0.38597140039447736 0.7165310650887574 0.3747996794871795 0.7110415125739645 0.3713325936883629 0.7000624075443788 0.36439842209072976 
0 0.6173006777731788 0.33562275800220753 0.6148754397764901 0.3403654456401766 0.617624042839404 0.359336196192053 0.6266782646937086 0.3698994550220751 0.6949082936672185 0.36364773040838855 0.6973335316639073 0.3586894660596027 0.7021840076572847 0.35653369895143494 0.7070344836506622 0.35243774144591616 0.7167354356374173 0.34791063051876386 0.7144718801738411 0.33820967853200884 0.7112382295115894 0.323550462196468 0.7060643884519867 0.325490652593819 0.7002438172599338 0.3192389279801325 0.6949082936672185 0.3222570019315673 0.6848839766142384 0.3257062293046358 0.647050263865894 0.33174237720750555 
0 0.6368067286036037 0.3882671734234235 0.6262492961711712 0.3964785097597598 0.6167182807807808 0.40762246621621623 0.621410472972973 0.426977759009009 0.6164250187687688 0.4410543355855856 0.620677317942943 0.44633305180180183 0.6362202045795796 0.43812171546546547 0.6498568881381381 0.4389037474974975 0.7114419106606608 0.4316699512012012 0.719213353978979 0.4242406468968969 0.7263982732732733 0.4203304867367368 0.7259583802552553 0.40801348223223227 0.7222926051051052 0.3917863175675676 0.717893674924925 0.3868986173673674 0.7057233014264265 0.3913953015515516 
0 0.6356336805555556 0.4383172234734735 0.6337274774774775 0.44242289164164167 0.620970579954955 0.4469195758258258 0.6227301520270271 0.451220752002002 0.6256627721471472 0.4684254567067067 0.6294751783033034 0.4797649211711712 0.6370999906156156 0.4787873811311312 0.6502967811561562 0.48230652527527523 0.6850483295795796 0.47956941316316315 0.7151076858108109 0.47585476101101104 0.7277179523273274 0.4645152965465466 0.7318236204954955 0.46099615240240244 0.7293308933933934 0.4389037474974975 0.7244920701951952 0.4379262074574575 0.7224392361111112 0.43421155530530536 0.7120284346846847 0.43206096721721726 0.6790364583333334 0.4361666353853854 0.6497102571321322 0.43968577952952953 
0 0.7218191964285714 0.37834821428571425 0.7184709821428571 0.38504464285714285 0.7232142857142857 0.3902529761904762 0.7268415178571429 0.4073660714285714 0.7486049107142857 0.4073660714285714 0.7770647321428571 0.4069940476190476 0.796875 0.4069940476190476 0.8021763392857143 0.3999255952380953 0.8127790178571429 0.3947172619047619 0.8097098214285714 0.3787202380952381 0.8069196428571429 0.36532738095238093 0.7907366071428571 0.36383928571428575 0.7533482142857143 0.37202380952380953 
0 0.7486350748069498 0.40822072072072074 0.7269546332046333 0.40721525096525096 0.7269546332046333 0.41902952059202064 0.71941361003861 0.42430823680823687 0.7141348938223938 0.43084379021879027 0.7228070704633205 0.43360883204633205 0.7256349541505792 0.4378820785070785 0.7297825168918919 0.4378820785070785 0.7307251447876448 0.44818814350064357 0.7801188465250966 0.4454231016731017 0.7989714044401545 0.4446689993564994 0.8151846042471043 0.4363738738738739 0.812168194980695 0.40822072072072074 0.7972746742277993 0.4074666184041184 
0 0.7309136703667954 0.44894224581724584 0.7327989261583012 0.46000241312741313 0.7179054054054055 0.47433035714285715 0.7212988658301158 0.4848877895752896 0.7409055260617761 0.4843850546975547 0.7808729488416989 0.4763412966537967 0.8116026182432433 0.47181668275418276 0.8144305019305019 0.46075651544401547 0.8100944136100386 0.4439148970398971 0.7991599300193051 0.44592583655083656 0.7808729488416989 0.44642857142857145 
0 0.6177983228764479 0.48162001287001294 0.6062982625482626 0.49016650579150584 0.6062982625482626 0.49268018018018017 0.6095031973938224 0.497707528957529 0.6185524251930502 0.5052485521235521 0.6249622948841699 0.5100245334620335 0.629863959942085 0.5208333333333334 0.6745445222007722 0.5193251287001287 0.705085666023166 0.5122868404118405 0.7197906611969113 0.5032376126126127 0.7177168798262549 0.4818713803088803 0.7148889961389961 0.4768440315315316 0.6852904802123553 0.48011180823680827 0.6502247224903476 0.4828768500643501 0.6374049831081081 0.47935770592020593 0.6296754343629344 0.48011180823680827 
0 0.7412437631302521 0.48495491946778707 0.7215483849789917 0.4855020133053221 0.7192916228991597 0.4898787640056022 0.719701943277311 0.5035561099439776 0.7143677783613446 0.5079328606442577 0.7164193802521008 0.5106683298319328 0.7209329044117647 0.5153186274509803 0.7242154674369748 0.5243456757703081 0.7597081801470589 0.5155921743697479 0.7882254464285715 0.5106683298319328 0.8181788340336135 0.5095741421568627 0.8161272321428572 0.49617034313725483 0.8144859506302521 0.47866334033613445 0.804022780987395 0.47565432422969184 0.7810448398109244 0.47921043417366943 
0 0.8187943146008404 0.5098476890756302 0.8255646008403362 0.5114889705882353 0.8304884453781513 0.541579131652661 0.813460149684874 0.5538887429971988 0.7652475052521008 0.5618216036414566 0.7326270351890757 0.5596332282913165 0.7219587053571429 0.5511532738095238 0.7137522977941176 0.5459558823529411 0.7133419774159664 0.5322785364145658 0.7240103072478992 0.524892769607843 0.7595030199579832 0.5166863620448179 0.7884306066176471 0.5112154236694678 
0 0.7082129726890757 0.5125831582633052 0.7199071034663865 0.5142244397759103 0.7199071034663865 0.5188747373949579 0.7129316570378151 0.5314578956582633 0.7071871717436975 0.5470500700280112 0.6335346638655462 0.5489648984593837 0.6300469406512605 0.5385701155462185 0.6339449842436975 0.5268075980392156 0.6316882221638656 0.5218837535014006 0.6694376969537815 0.5221573004201681 
0 0.7055458902310925 0.5486913515406162 0.7162142200630253 0.5489648984593837 0.7242154674369748 0.5541622899159664 0.728523831407563 0.5861672794117646 0.7141626181722689 0.5910911239495799 0.7061613707983193 0.5875350140056023 0.6384585084033614 0.5891762955182073 0.6271746980042017 0.5908175770308123 0.620404411764706 0.5850730917366946 0.6189682904411765 0.5749518557422969 0.6259437368697479 0.5713957457983193 0.6359965861344538 0.5552564775910364 0.6474855567226891 0.5497855392156862 0.6673860950630253 0.5503326330532213 
0 0.7258567489495799 0.5563506652661064 0.728523831407563 0.5834318102240896 0.7414489233193278 0.5905440301120448 0.75355337447479 0.5889027485994397 0.7728384322478992 0.5908175770308123 0.8066898634453782 0.5878085609243697 0.8224871980042017 0.5779608718487395 0.8208459164915967 0.5618216036414566 0.8165375525210085 0.5538887429971988 0.7654526654411765 0.5623686974789915 0.7330373555672269 0.5612745098039216 
0 0.6261488970588236 0.5932794992997198 0.6146599264705883 0.5973827030812325 0.6097360819327732 0.6069568452380952 0.6046070772058824 0.6121542366946778 0.6093257615546219 0.6165309873949579 0.6160960477941176 0.6304818802521008 0.6249179359243697 0.6307554271708683 0.6300469406512605 0.6345850840336135 0.6357914259453782 0.638688287815126 0.6790802258403361 0.6373205532212886 0.7221638655462185 0.6299347864145658 0.7235999868697479 0.6053155637254902 0.7211380646008404 0.59546787464986 0.7141626181722689 0.5921853116246498 0.7061613707983193 0.5883556547619048 0.6390739889705883 0.5902704831932774 
0 0.7254464285714286 0.5897233893557422 0.7215483849789917 0.5951943277310924 0.7244206276260504 0.6042213760504201 0.7235999868697479 0.620907738095238 0.72913931197479 0.6296612394957982 0.7767364758403361 0.6250109418767507 0.8042279411764707 0.620907738095238 0.8116137079831933 0.6173516281512604 0.8132549894957983 0.6072303921568627 0.8075105042016807 0.5886292016806722 0.7738642331932774 0.5924588585434173 0.75355337447479 0.5908175770308123 0.7416540835084034 0.5921853116246498 
0 0.6302521008403361 0.6378676470588235 0.6282004989495799 0.6515449929971989 0.6310727415966387 0.6572894782913165 0.6310727415966387 0.6679578081232495 0.6366120667016807 0.677531950280112 0.6809266675420168 0.6646752450980392 0.7096490940126051 0.657563025210084 0.7207277442226891 0.6597514005602241 0.7303702731092437 0.6520920868347339 0.7293444721638656 0.6310289740896359 0.7238051470588236 0.6239167542016807 0.7223690257352942 0.6318496148459384 0.6786699054621849 0.639235381652661 0.6362017463235294 0.6400560224089635 
0 0.7295496323529412 0.6318496148459384 0.7303702731092437 0.6520920868347339 0.7235999868697479 0.6586572128851541 0.726882549894958 0.6630339635854342 0.7560152967436975 0.6635810574229691 0.792944130777311 0.6600249474789915 0.8038176207983193 0.6572894782913165 0.8210510766806723 0.6477153361344538 0.815101431197479 0.617078081232493 0.8112033876050421 0.6181722689075629 0.804022780987395 0.6217283788515405 0.7765313156512605 0.6261051295518206 
0 0.8015608587184875 0.659204306722689 0.8161272321428572 0.660845588235294 0.8183839942226891 0.6928505777310924 0.7802241990546219 0.6972273284313726 0.7556049763655462 0.6994157037815126 0.7295496323529412 0.6975008753501402 0.7303702731092437 0.6928505777310924 0.7260619091386555 0.6824557948179272 0.7262670693277311 0.6646752450980392 0.7562204569327732 0.6649487920168067 
0 0.7096490940126051 0.6583836659663865 0.7207277442226891 0.660845588235294 0.7254464285714286 0.6649487920168067 0.7248309480042017 0.6830028886554622 0.7287289915966387 0.6933976715686275 0.715803899684874 0.7010569852941178 0.6456391150210085 0.7199317226890757 0.6392791491596639 0.7193846288515408 0.6374327074579832 0.7169227065826331 0.6294314600840336 0.7193846288515408 0.6210198923319328 0.7133665966386555 0.6124031643907564 0.7043395483193278 0.6189682904411765 0.6953125 0.6201992515756303 0.6873796393557424 0.6384585084033614 0.6824557948179272 0.6376378676470589 0.6788996848739496 0.6809266675420168 0.6663165266106442 
0 0.7225741859243697 0.6969537815126051 0.7381663602941176 0.7024247198879552 0.7447314863445379 0.7360709908963585 0.7028788077731093 0.7565870098039217 0.6476907169117647 0.7773765756302522 0.6351759453781513 0.7658876050420168 0.6325088629201681 0.7543986344537816 0.6382533482142857 0.752483806022409 0.6409204306722689 0.7431832107843137 0.6392791491596639 0.7360709908963585 0.642561712184874 0.7245820203081234 0.6784647452731093 0.7122724089635856 0.7162142200630253 0.7018776260504201 
0 0.7330373555672269 0.6994157037815126 0.7385766806722689 0.7018776260504201 0.7453469669117647 0.7366180847338937 0.7367302389705883 0.7404477415966387 0.7816603203781513 0.7415419292717087 0.8042279411764707 0.7388064600840337 0.8286420036764707 0.731420693277311 0.8241284795168068 0.7150078781512605 0.8241284795168068 0.69640668767507 0.8112033876050421 0.6988686099439776 0.8052537421218487 0.694765406162465 0.7791983981092437 0.6996892507002802 0.7681197478991597 0.6994157037815126 0.7588875393907564 0.7016040791316528 
0 0.8052537421218487 0.7388064600840337 0.8237181591386555 0.7486541491596639 0.8233078387605043 0.7601431197478993 0.8249491202731093 0.770811449579832 0.8243336397058824 0.7825739670868348 0.7769416360294118 0.7839417016806723 0.7437056853991597 0.7847623424369748 0.7387818408613446 0.7656140581232495 0.7367302389705883 0.7489276960784315 0.7506811318277311 0.7429096638655462 0.7816603203781513 0.7418154761904763 
0 0.7313960740546219 0.7434567577030813 0.7365250787815126 0.7489276960784315 0.7387818408613446 0.7661611519607844 0.743500525210084 0.7844887955182074 0.6959033613445379 0.8014487044817927 0.6417410714285715 0.8145789565826331 0.6267643776260504 0.7967984068627452 0.6271746980042017 0.7888655462184874 0.6325088629201681 0.7861300770308124 0.6388688287815126 0.7820268732492998 0.6372275472689076 0.7705379026610645 0.6470752363445379 0.7781972163865546 0.7039046087184875 0.7579547443977592 
0 0.8011505383403361 0.7831210609243698 0.8107930672268908 0.7891390931372549 0.8142807904411765 0.8028164390756304 0.813460149684874 0.8211440826330533 0.7742745535714286 0.8288033963585435 0.7264722295168068 0.8342743347338937 0.7238051470588236 0.8271621148459385 0.7303702731092437 0.8143054096638656 0.726882549894958 0.7937893907563026 0.7432953650210085 0.7858565301120448 0.7771467962184875 0.7844887955182074 
0 0.7244206276260504 0.792421656162465 0.7293444721638656 0.8129376750700281 0.7215483849789917 0.8296240371148459 0.6768234637605043 0.8405659138655462 0.6325088629201681 0.8435749299719889 0.6255334164915967 0.8263414740896359 0.629226299894958 0.8014487044817927 0.6415359112394958 0.8156731442577031 0.6956982011554622 0.8022693452380953 
0 0.6368172268907564 0.8446691176470589 0.6345604648109244 0.8493194152661064 0.6345604648109244 0.8558845413165267 0.6113773634453782 0.8717502626050421 0.6351759453781513 0.8939075630252101 0.6891330751050421 0.8772212009803922 0.7114955357142857 0.869014793417367 0.7277031906512605 0.866279324229692 0.7258567489495799 0.8599877450980392 0.7254464285714286 0.8356420693277311 0.7219587053571429 0.8307182247899161 0.6768234637605043 0.8427542892156863 
0 0.7262455250596658 0.8353097653142402 0.7263620599642004 0.8593936455847255 0.7283431533412887 0.864676561256961 0.7354517825178997 0.8719794152744629 0.7842799075178997 0.8651427008750994 0.8271647523866348 0.8593936455847255 0.826815147673031 0.842767999204455 0.8272812872911693 0.8261423528241845 0.8146955176014319 0.8166641805887033 0.8136467034606204 0.8213255767700874 0.7744909755369928 0.8298714697692918 
