0 0.20140165441176472 0.3612642973856209 0.1908700980392157 0.40977328431372545 0.2176776960784314 0.4365808823529412 0.2952282475490196 0.45062295751633985 0.3622472426470588 0.46721813725490197 0.3900122549019608 0.44679330065359474 0.38043811274509803 0.4301981209150327 0.38714001225490197 0.3880718954248366 0.3708639705882353 0.3702001633986928 0.2799096200980392 0.365093954248366 
0 0.38905484068627455 0.3804125816993464 0.3823529411764706 0.4301981209150327 0.4053308823529412 0.46083537581699346 0.46277573529411764 0.4557291666666667 0.5307521446078431 0.44168709150326796 0.5575597426470588 0.4238153594771242 0.5853247549019608 0.41360294117647056 0.5604319852941176 0.3638174019607843 0.5422411151960784 0.3446691176470588 0.4646905637254902 0.37275326797385616 
0 0.5548650568181818 0.4261363636363636 0.6011566558441558 0.4100716991341991 0.642375202922078 0.4041531385281385 0.6544237012987013 0.4083806818181818 0.728617086038961 0.3779423701298701 0.7438362418831168 0.42021780303030304 0.733690137987013 0.44051001082251084 0.7007153003246753 0.4819399350649351 0.6208147321428571 0.48532196969696967 0.5757913961038961 0.47348484848484845 0.5669135551948051 0.4819399350649351 0.5624746347402597 0.4726393398268398 0.5529626623376623 0.452347132034632 
0 0.7470068993506493 0.33651244588744583 0.7463727678571428 0.36272321428571425 0.7552506087662337 0.42275432900432897 0.7894937094155844 0.4126082251082251 0.8078835227272727 0.4134537337662338 0.8909547483766234 0.39147050865800864 0.9023691152597403 0.390625 0.9074421672077921 0.38047889610389607 0.9258319805194805 0.36525974025974023 0.930270900974026 0.3398944805194805 0.925197849025974 0.2857819264069264 0.8947595373376623 0.29508252164502163 0.8471996753246753 0.30100108225108224 0.8104200487012987 0.30861066017316013 0.7653967126623377 0.326366341991342 
0 0.927734375 0.3661052489177489 0.9068080357142857 0.37625135281385286 0.9004667207792207 0.3940070346320346 0.9080762987012987 0.4235998376623376 0.9220271915584415 0.449810606060606 0.9518313717532467 0.4388189935064935 1.0146103896103895 0.4396645021645022 1.0431463068181819 0.4413555194805195 1.0577313311688312 0.4464285714285714 1.071682224025974 0.4371279761904762 1.0881696428571428 0.3948525432900433 1.079291801948052 0.34327651515151514 1.0114397321428572 0.355959145021645 0.9981229707792207 0.3644142316017316 0.9613433441558441 0.36272321428571425 0.9378804788961038 0.36018668831168826 
0 1.0733978713768115 0.31314160628019333 1.0684442934782608 0.3433348429951691 1.0769361413043477 0.34239130434782616 1.0840126811594202 0.36220561594202905 1.086135643115942 0.3886246980676329 1.0953351449275361 0.373528079710145 1.1328408061594202 0.3773022342995169 1.1958220108695652 0.37918931159420294 1.238988903985507 0.376358695652174 1.247480751811594 0.36031853864734303 1.2404042119565217 0.3150286835748793 1.1944067028985506 0.3188028381642513 1.155485733695652 0.32163345410628025 1.123641304347826 0.3197463768115943 
0 0.17787388392857142 0.44100322420634924 0.1685732886904762 0.46968005952380953 0.1708984375 0.4983568948412698 0.1918247767857143 0.5192832341269841 0.23949032738095238 0.5278087797619048 0.30343191964285715 0.5394345238095238 0.35226004464285715 0.5487351190476191 0.38074311755952384 0.5688864087301587 0.38655598958333337 0.5285838293650794 0.36969866071428575 0.513857886904762 0.3702799479166667 0.4782056051587302 0.35109747023809523 0.4658048115079365 0.29238746279761907 0.45340401785714285 0.21507626488095238 0.4363529265873016 
0 0.36969866071428575 0.4650297619047619 0.3714425223214286 0.5123077876984127 0.38539341517857145 0.525483630952381 0.4103887648809524 0.5169580853174603 0.46561104910714285 0.521608382936508 0.5324590773809524 0.5309089781746031 0.5603608630952381 0.5340091765873016 0.5597795758928572 0.5123077876984127 0.5650111607142857 0.4820808531746032 0.5528041294642857 0.4487537202380953 0.5318777901785714 0.44022817460317465 0.46619233630952384 0.45650421626984133 0.40166945684523814 0.4650297619047619 
0 0.5754743303571429 0.47355530753968256 0.5650111607142857 0.4820808531746032 0.5609421502976191 0.5107576884920635 0.5621047247023809 0.5316840277777778 0.5783807663690477 0.5440848214285715 0.5900065104166667 0.5688864087301587 0.6243024553571429 0.5727616567460317 0.6405784970238095 0.5696614583333334 0.6574358258928572 0.5603608630952381 0.7074265252976191 0.5518353174603176 0.7312593005952381 0.5440848214285715 0.7423037574404762 0.5502852182539683 0.7469540550595238 0.5363343253968255 0.7521856398809524 0.5146329365079365 0.7440476190476191 0.484406001984127 0.7004510788690477 0.4813058035714286 0.6219773065476191 0.48673115079365076 
0 0.745791480654762 0.42085193452380953 0.7341657366071429 0.4386780753968254 0.721377418154762 0.45650421626984133 0.7231212797619048 0.4813058035714286 0.745791480654762 0.4851810515873016 0.7545107886904762 0.5161830357142857 0.7707868303571429 0.5061073908730159 0.7917131696428572 0.5037822420634921 0.8329845610119048 0.49138144841269843 0.8713495163690477 0.484406001984127 0.9050641741071429 0.4789806547619048 0.9068080357142857 0.42782738095238093 0.8940197172619048 0.39140004960317465 0.8091517857142857 0.41542658730158727 0.7893880208333334 0.41387648809523814 0.7545107886904762 0.42395213293650796 
0 0.18426804315476192 0.5239335317460317 0.1708984375 0.5471850198412699 0.1732235863095238 0.5750868055555556 0.19880022321428573 0.6014384920634921 0.24530319940476192 0.6053137400793651 0.26797340029761907 0.611514136904762 0.31447637648809523 0.6177145337301587 0.34470331101190477 0.6208147321428571 0.36097935267857145 0.6254650297619048 0.37667410714285715 0.6432911706349207 0.38655598958333337 0.623139880952381 0.39760044642857145 0.615389384920635 0.37841796875 0.5789620535714286 0.37841796875 0.5681113591269842 0.35749162946428575 0.5502852182539683 0.3040132068452381 0.5402095734126985 0.23890904017857142 0.5301339285714286 
0 0.38888113839285715 0.5262586805555556 0.38132440476190477 0.578187003968254 0.4103887648809524 0.6215897817460317 0.42085193452380953 0.6246899801587301 0.43015252976190477 0.6177145337301587 0.4894438244047619 0.6246899801587301 0.5051385788690477 0.6246899801587301 0.5464099702380952 0.6223648313492064 0.5714053199404762 0.607638888888889 0.5876813616071429 0.5727616567460317 0.5731491815476191 0.5355592757936508 0.46619233630952384 0.521608382936508 0.4103887648809524 0.5146329365079365 
0 0.39701915922619047 0.619264632936508 0.3824869791666667 0.6270151289682541 0.37667410714285715 0.6611173115079365 0.3760928199404762 0.6750682043650794 0.4074823288690476 0.7037450396825397 0.43829055059523814 0.7091703869047619 0.4929315476190476 0.7122705853174603 0.5376906622023809 0.7153707837301587 0.5469912574404762 0.7169208829365079 0.5580357142857143 0.7417224702380952 0.5679175967261905 0.7277715773809524 0.5777994791666667 0.7076202876984127 0.5812872023809524 0.679718501984127 0.5865187872023809 0.6549169146825397 0.5708240327380952 0.6332155257936508 0.5435035342261905 0.6262400793650794 0.5033947172619048 0.6262400793650794 0.48828125 0.6254650297619048 0.4318963913690476 0.6169394841269842 0.42143322172619047 0.6277901785714286 0.4115513392857143 0.6215897817460317 
0 0.5830310639880952 0.582062251984127 0.62255859375 0.5735367063492064 0.6405784970238095 0.5681113591269842 0.6568545386904762 0.5595858134920635 0.7097516741071429 0.5510602678571429 0.7330031622023809 0.5464099702380952 0.7452101934523809 0.5487351190476191 0.7556733630952381 0.5758618551587301 0.7574172247023809 0.6022135416666666 0.7475353422619048 0.6200396825396826 0.7428850446428572 0.6580171130952381 0.7242838541666667 0.6611173115079365 0.6801060267857143 0.6572420634920635 0.6184895833333334 0.6580171130952381 0.5964006696428572 0.664217509920635 0.587100074404762 0.656467013888889 0.5696614583333334 0.6293402777777778 0.5591982886904762 0.6285652281746031 0.562686011904762 0.6161644345238095 0.5725678943452381 0.607638888888889 
0 0.7574172247023809 0.5161830357142857 0.7684616815476191 0.5068824404761905 0.7905505952380952 0.5030071924603174 0.8335658482142857 0.49370659722222227 0.8730933779761905 0.4851810515873016 0.9236653645833334 0.4782056051587302 0.9370349702380952 0.5386594742063492 0.9195963541666667 0.5502852182539683 0.8725120907738095 0.5681113591269842 0.8236839657738095 0.5843874007936508 0.7818312872023809 0.5952380952380952 0.7591610863095238 0.5874875992063492 0.7574172247023809 0.5735367063492064 0.745791480654762 0.5479600694444445 0.7498604910714286 0.5247085813492064 
0 0.5818684895833334 0.6704179067460317 0.5969819568452381 0.6673177083333334 0.6167457217261905 0.660342261904762 0.6806873139880952 0.6572420634920635 0.7242838541666667 0.6618923611111112 0.7440476190476191 0.6572420634920635 0.7643926711309524 0.6766183035714285 0.7789248511904762 0.6828187003968255 0.7882254464285715 0.7037450396825397 0.782412574404762 0.7262214781746033 0.7707868303571429 0.7424975198412699 0.7614862351190477 0.7657490079365079 0.7440476190476191 0.7711743551587302 0.7271902901785715 0.7393973214285715 0.6458100818452381 0.7603236607142857 0.611514136904762 0.7533482142857143 0.5987258184523809 0.7579985119047619 0.5876813616071429 0.7417224702380952 0.5841936383928572 0.7262214781746033 0.5777994791666667 0.7091703869047619 
0 0.1650855654761905 0.6068638392857143 0.19938151041666669 0.6029885912698413 0.2464657738095238 0.6060887896825397 0.26797340029761907 0.6130642361111112 0.3150576636904762 0.6161644345238095 0.3464471726190476 0.623139880952381 0.35574776785714285 0.6208147321428571 0.378999255952381 0.6533668154761905 0.37318638392857145 0.6944444444444445 0.3708612351190476 0.705295138888889 0.3516787574404762 0.7076202876984127 0.34760974702380953 0.7262214781746033 0.3394717261904762 0.7091703869047619 0.2726236979166667 0.6998697916666666 0.2551850818452381 0.7014198908730159 0.21449497767857142 0.6882440476190476 0.18891834077380953 0.679718501984127 0.1796177455357143 0.675843253968254 0.17147972470238096 0.660342261904762 0.15811011904761904 0.6533668154761905 0.15345982142857142 0.638640873015873 
0 0.7475353422619048 0.6200396825396826 0.782412574404762 0.5960131448412699 0.8242652529761905 0.5843874007936508 0.8730933779761905 0.5657862103174603 0.9248279389880952 0.5502852182539683 0.9335472470238095 0.5812872023809524 0.9416852678571429 0.5975632440476191 0.9341285342261905 0.607638888888889 0.9178524925595238 0.630890376984127 0.9079706101190477 0.6502666170634921 0.8864629836309524 0.6657676091269842 0.8184523809523809 0.6921192956349206 0.7876441592261905 0.7029699900793651 0.7783435639880952 0.6812686011904763 0.7661365327380952 0.6750682043650794 0.7428850446428572 0.6572420634920635 
0 0.7870628720238095 0.7068452380952381 0.8196149553571429 0.6928943452380952 0.8864629836309524 0.6657676091269842 0.9248279389880952 0.664217509920635 0.953311011904762 0.6649925595238095 0.9637741815476191 0.6843687996031745 0.9684244791666667 0.7122705853174603 0.9602864583333334 0.7308717757936508 0.93994140625 0.7727244543650794 0.9236653645833334 0.8052765376984127 0.9114583333333334 0.7703993055555557 0.8591424851190477 0.7742745535714285 0.8387974330357143 0.7835751488095238 0.8143833705357143 0.7843501984126985 0.7760184151785715 0.785125248015873 0.7638113839285715 0.7672991071428572 0.7713681175595238 0.7479228670634921 0.7835751488095238 0.7277715773809524 
0 0.15694754464285715 0.679718501984127 0.13834635416666669 0.7122705853174603 0.13950892857142858 0.728546626984127 0.17147972470238096 0.7696242559523809 0.21216982886904762 0.777374751984127 0.25867280505952384 0.7882254464285715 0.3040132068452381 0.7998511904761906 0.3394717261904762 0.802951388888889 0.34412202380952384 0.7680741567460317 0.34528459821428575 0.7293216765873015 0.34121558779761907 0.7122705853174603 0.2737862723214286 0.6990947420634921 0.25460379464285715 0.705295138888889 0.21333240327380953 0.6897941468253969 
0 0.3528413318452381 0.7083953373015873 0.34528459821428575 0.7316468253968255 0.34470331101190477 0.7711743551587302 0.36969866071428575 0.7952008928571429 0.43015252976190477 0.8045014880952381 0.49118768601190477 0.8091517857142857 0.526064918154762 0.8130270337301587 0.5353655133928572 0.7897755456349206 0.5446661086309524 0.7835751488095238 0.5655924479166667 0.7727244543650794 0.5568731398809524 0.7417224702380952 0.5452473958333334 0.7176959325396827 0.5394345238095238 0.7153707837301587 0.49118768601190477 0.7083953373015873 0.43770926339285715 0.7076202876984127 0.4080636160714286 0.7037450396825397 
0 0.5347842261904762 0.7897755456349206 0.5679175967261905 0.7727244543650794 0.6027948288690477 0.7618737599206349 0.6150018601190477 0.7556733630952381 0.6301153273809524 0.7579985119047619 0.6475539434523809 0.7680741567460317 0.6562732514880952 0.7603236607142857 0.7271902901785715 0.7370721726190476 0.7434663318452381 0.7711743551587302 0.7405598958333334 0.7944258432539683 0.7242838541666667 0.8138020833333334 0.7004510788690477 0.8424789186507936 0.6818498883928572 0.8455791170634921 0.6074451264880952 0.8649553571428572 0.5801246279761905 0.8672805059523809 0.5644298735119048 0.8626302083333334 0.5452473958333334 0.8479042658730159 
0 0.7224215311865267 0.8117928315184684 0.7381162856508124 0.7962918394549763 0.7782251026150981 0.7846660954073572 0.8183339195793838 0.783115996201008 0.8398415460674791 0.786991244216881 0.8561175877341458 0.7738154009629129 0.9136650207698601 0.7699401529470399 0.9235469032103363 0.8055924346930715 0.926453339222241 0.8327191708041827 0.8927386814841458 0.8497702620740238 0.8799503630317648 0.8613960061216429 0.8619304597579553 0.8892977918359287 0.8218216427936695 0.8908478910422778 0.7636929225555743 0.8993734366771986 0.7538110401150981 0.8954981886613256 0.7323034136270029 0.8799971965978335 0.7276531160079553 0.8699215517565636 0.7177712335674791 0.8489952124708493 
0 0.8818126860119048 0.8649553571428572 0.8916945684523809 0.8510044642857143 0.927734375 0.8347284226190476 0.9271530877976191 0.8161272321428572 0.9469168526785715 0.8037264384920636 1.038178943452381 0.802951388888889 1.0753813244047619 0.8052765376984127 1.0881696428571428 0.833953373015873 1.0846819196428572 0.8564298115079366 1.0806129092261905 0.87890625 1.07421875 0.8944072420634921 0.9788876488095238 0.9192088293650794 0.9416852678571429 0.927734375 0.9132021949404763 0.9269593253968255 0.8998325892857143 0.9145585317460317 0.8916945684523809 0.8990575396825397 0.8725120907738095 0.8835565476190476 
0 0.9722699175824175 0.7075606684981685 0.940522693452381 0.7750496031746033 0.9318033854166667 0.7952008928571429 0.9463355654761905 0.8052765376984127 0.9835379464285715 0.8045014880952381 1.0410853794642858 0.8021763392857143 1.0753813244047619 0.802951388888889 1.0899135044642858 0.833953373015873 1.1073521205357144 0.8169022817460317 1.1160714285714286 0.7952008928571429 1.1160714285714286 0.7866753472222223 1.1271158854166667 0.7665240575396827 1.149786086309524 0.7525731646825397 1.1387416294642858 0.7355220734126985 1.1445545014880953 0.7316468253968255 1.1410667782738095 0.7176959325396827 1.1282784598214286 0.7099454365079366 1.1090959821428572 0.7060701884920636 1.0921939388736264 0.7132841117216118 1.0162688873626373 0.7079183836996337 
0 1.1715891768292683 1.2160505589430894 1.264481707317073 1.2160505589430894 1.3347465701219512 1.2160505589430894 1.3764291158536586 1.233517530487805 1.3823837652439024 1.3033854166666667 1.362137957317073 1.314500762195122 1.3442740091463414 1.3272040142276422 1.2787728658536586 1.317676575203252 1.2132717225609755 1.3224402947154472 1.156107088414634 1.3192644817073171 1.145388719512195 1.3017975101626016 1.156107088414634 1.2811547256097562 1.166735197368421 1.242690058479532 
0 1.1196203399122806 1.1935763888888886 1.1496025219298245 1.1981451023391811 1.161595394736842 1.2027138157894737 1.1675918311403508 1.2278417397660817 1.1538856907894735 1.2826663011695905 1.1316132127192982 1.3123629385964912 1.0793585526315788 1.3180738304093567 1.0305304276315788 1.3215003654970758 0.9834155701754385 1.3272112573099413 0.9577165570175438 1.3283534356725144 0.9482935855263157 1.3089364035087718 0.9508634868421052 1.3032255116959062 0.9482935855263157 1.2415478801169588 1.009971217105263 1.2255573830409354 1.0459498355263157 1.218704312865497 
0 0.7298519736842104 1.2209886695906431 0.7692571271929823 1.2152777777777777 0.8377878289473684 1.2118512426900583 0.8866159539473684 1.207282529239766 0.9131716008771928 1.2015716374269003 0.9285910087719297 1.2335526315789471 0.9508634868421052 1.2449744152046782 0.946580317982456 1.3009411549707601 0.9337308114035087 1.3157894736842104 0.8506373355263157 1.320358187134503 0.7632606907894736 1.3192160087719296 0.751267817982456 1.2575383771929822 0.7247121710526315 1.2381213450292397 
0 0.6707442434210525 1.1935763888888886 0.6467584978070174 1.1890076754385963 0.5880837912087912 1.189403044871795 0.5542420504385964 1.2129934210526314 0.5293996710526315 1.2244152046783625 0.5182634320175438 1.2461165935672514 0.526829769736842 1.2678179824561402 0.5242598684210525 1.2872350146198828 0.5448190789473684 1.3055098684210524 0.5825109649122806 1.3192160087719296 0.6459018640350876 1.3215003654970758 0.7538377192982455 1.322642543859649 0.7598341557017543 1.3032255116959062 0.7504111842105262 1.2575383771929822 0.7229989035087718 1.240405701754386 
0 0.3503632127192982 1.1901498538011694 0.30067845394736836 1.2141355994152045 0.287828947368421 1.289519371345029 0.30581825657894735 1.3020833333333333 0.3298040021929824 1.320358187134503 0.3803453947368421 1.3249269005847952 0.5242598684210525 1.3249269005847952 0.5388226425438596 1.3055098684210524 0.5234032346491228 1.2872350146198828 0.526829769736842 1.264391447368421 0.5148368969298245 1.2358369883040934 
0 0.1053659539473684 1.2061403508771928 0.05825109649122806 1.2221308479532162 0.047114857456140344 1.2986567982456139 0.07795367324561403 1.3169316520467835 0.13363486842105263 1.323784722222222 0.2415707236842105 1.323784722222222 0.25699013157894735 1.323784722222222 0.28440241228070173 1.310078581871345 0.287828947368421 1.2815241228070173 0.2989651864035087 1.2118512426900583 0.28868558114035087 1.2038559941520466 0.18331962719298245 1.2175621345029237 
0 0.05311129385964912 1.1101973684210524 0.09765624999999999 1.091922514619883 0.14048793859649122 1.0827850877192982 0.2201548793859649 1.0827850877192982 0.2775493421052631 1.0907803362573099 0.3289473684210526 1.0999177631578947 0.322094298245614 1.1524579678362572 0.3126713267543859 1.173017178362573 0.2903988486842105 1.1992872807017543 0.17989309210526314 1.2164199561403508 0.10450932017543858 1.2049981725146197 0.04625822368421052 1.1867233187134503 
0 0.3392269736842105 1.0999177631578947 0.3298040021929824 1.1216191520467835 0.3263774671052631 1.1433205409356724 0.32466419956140347 1.1673062865497075 0.3435101425438596 1.1890076754385963 0.39833470394736836 1.2027138157894737 0.5191200657894737 1.230126096491228 0.5293996710526315 1.2209886695906431 0.5525287828947368 1.2152777777777777 0.5653782894736842 1.1810124269005846 0.5497188358516484 1.152200663919414 0.521689967105263 1.1444627192982455 0.5156935307017543 1.1113395467836256 0.43088678728070173 1.0896381578947367 0.3649259868421052 1.0896381578947367 
0 0.5533854166666666 1.0725054824561402 0.5242598684210525 1.0862116228070173 0.5208333333333333 1.1090551900584795 0.5242316277472527 1.1446886446886446 0.5510602678571428 1.152200663919414 0.5688048245614035 1.1787280701754386 0.5891569368131868 1.1886876144688643 0.6599845467032966 1.1883298992673992 0.717002467105263 1.161595394736842 0.7401315789473684 1.1524579678362572 0.751267817982456 1.1193347953216373 0.7367050438596491 1.0930646929824561 0.712719298245614 1.0850694444444444 0.6998697916666666 1.0656524122807016 0.624486019736842 1.0770741959064327 
0 0.751266767393868 1.1181333529874213 0.7429318016074974 1.151315789473684 0.7189460559934623 1.161595394736842 0.6769710011689009 1.1775858918128654 0.6855373388881991 1.2107090643274854 0.7138062533618833 1.2289839181286548 0.7275123937127606 1.2209886695906431 0.8405880516074974 1.2129934210526314 0.8877029090636377 1.2004294590643274 0.9074054858180236 1.185581140350877 0.9065488520460938 1.1456048976608186 0.891129444151357 1.1090551900584795 
0 0.9326999470338984 1.1321504237288136 0.9062168961864407 1.138771186440678 0.9136652542372882 1.1884269067796611 0.926079184322034 1.2325653248587571 0.9517346398305085 1.2480137711864407 1.0104939088983051 1.2248411016949154 1.0477356991525424 1.2171168785310735 1.1180813029661019 1.1917372881355932 1.137943591101695 1.179599223163842 1.1296676377118644 1.135460805084746 1.1205640889830508 1.1067708333333333 1.0940810381355932 1.1034604519774012 1.0022179555084747 1.133253884180791 0.9492518538135594 1.1409781073446328 
0 1.1487023305084747 1.1211158192090396 1.1321504237288136 1.1431850282485876 1.15284030720339 1.2005649717514124 1.1627714512711864 1.20166843220339 1.1735301906779663 1.2160134180790962 1.268703654661017 1.2138064971751412 1.3349112817796611 1.2138064971751412 1.366359904661017 1.1972545903954803 1.3605667372881356 1.1288400423728813 1.3258077330508475 1.1045639124293787 1.2744968220338984 1.1089777542372883 1.234772245762712 1.11670197740113 
0 0.14546712239583334 0.7723795572916669 0.13427734375 0.8001844618055557 0.12664794921875 0.832736545138889 0.16733805338541669 0.8713921440972223 0.24668375651041669 0.8829210069444445 0.3000895182291667 0.8930935329861112 0.3397623697916667 0.881564670138889 0.33925374348958337 0.8551161024305557 0.3387451171875 0.8212076822916669 0.3443400065104167 0.8123914930555557 0.3336588541666667 0.8028971354166669 0.30364990234375 0.802218967013889 0.27058919270833337 0.7954372829861112 0.24770100911458334 0.7893337673611112 0.18463134765625 0.7744140625000001 0.17649332682291669 0.7744140625000001 0.15309651692708334 0.7669542100694445 
0 0.3473917643229167 0.8015407986111112 0.341796875 0.8232421875000001 0.34027099609375 0.8612196180555557 0.3641764322916667 0.8869900173611112 0.4130045572916667 0.8958062065972223 0.4648844401041667 0.9019097222222223 0.5015055338541667 0.9073350694444445 0.52337646484375 0.9066569010416669 0.53253173828125 0.8971625434027778 0.5472819010416667 0.8774956597222223 0.5564371744791667 0.8564724392361112 0.5462646484375 0.8456217447916669 0.53863525390625 0.8178168402777778 0.52032470703125 0.8130696614583335 0.4648844401041667 0.8069661458333335 0.42928059895833337 0.8062879774305557 0.36671956380208337 0.8015407986111112 
0 0.1665039062500001 0.8699544270833334 0.1298828125000001 0.8732096354166666 0.12255859375000011 0.8992513020833334 0.11584472656250011 0.9423828125 0.1713867187500001 0.9733072916666666 0.2238769531250001 0.9781901041666666 0.2489013671875001 0.9830729166666666 0.2843017578125001 0.9822591145833334 0.3050537109375001 0.9928385416666666 0.3306884765625001 0.9977213541666666 0.3343505859375001 0.9578450520833334 0.3312988281250001 0.9415690104166666 0.3410644531250001 0.90087890625 0.3282470703125001 0.8927408854166666 0.3001708984375001 0.8927408854166666 0.2446289062500001 0.8837890625 
0 0.3624267578125001 0.8894856770833334 0.3422851562500001 0.89599609375 0.3331298828125001 0.9602864583333334 0.3679199218750001 0.9903971354166666 0.4033203125000001 0.9969075520833334 0.4375000000000001 1.0001627604166667 0.4857177734375001 1.00341796875 0.5192871093750001 1.0026041666666667 0.5412597656250001 0.9920247395833334 0.5516357421875001 0.9651692708333334 0.5485839843750001 0.95947265625 0.5394287109375001 0.9562174479166666 0.5327148437500001 0.927734375 0.5321044921875001 0.9065755208333334 0.5046386718750001 0.9073893229166666 0.4661865234375001 0.9041341145833334 
0 0.09753417968750011 0.9944661458333334 0.09387207031250011 1.0270182291666667 0.08593750000000011 1.0660807291666667 0.1323242187500001 1.0831705729166667 0.2012939453125001 1.08154296875 0.2196044921875001 1.083984375 0.2891845703125001 1.0953776041666667 0.3087158203125001 1.0953776041666667 0.3123779296875001 1.0660807291666667 0.3148193359375001 1.0416666666666667 0.3160400390625001 1.0001627604166667 0.3050537109375001 0.9903971354166666 0.2879638671875001 0.98388671875 0.2476806640625001 0.98388671875 0.2232666015625001 0.97900390625 0.1683349609375001 0.9765625 
0 0.3184814453125001 1.0009765625 0.3148193359375001 1.0392252604166667 0.3154296875000001 1.06689453125 0.3496093750000001 1.09130859375 0.3898925781250001 1.0880533854166667 0.4423828125000001 1.09375 0.4924316406250001 1.1043294270833333 0.5198974609375001 1.0945638020833333 0.5284423828125001 1.0546875 0.5260009765625001 1.0107421875 0.5168457031250001 1.00341796875 0.4869384765625001 1.005859375 0.4545898437500001 1.0050455729166667 0.4423828125000001 1.015625 0.4197998046875001 0.9969075520833334 0.3697509765625001 0.9952799479166666 
0 0.5327148437500001 1.0001627604166667 0.5687255859375001 0.9806315104166666 0.6102294921875001 0.96923828125 0.6706542968750001 0.9578450520833334 0.6926269531250001 0.9806315104166666 0.7255859375000001 0.9757486979166666 0.7438964843750001 0.98388671875 0.7518310546875001 1.0115559895833333 0.7396240234375001 1.0237630208333333 0.7127685546875001 1.04248046875 0.6987304687500001 1.0530598958333333 0.6871337890625001 1.0660807291666667 0.6297607421875001 1.0758463541666667 0.5522460937500001 1.0693359375 0.5345458984375001 1.0652669270833333 0.5272216796875001 1.0538736979166667 0.5272216796875001 1.01318359375 
0 0.7554125515919812 1.0078862028301885 0.7413859817216982 1.0251756584119496 0.7053752395341982 1.047962116745283 0.7017131301591982 1.0683071688286163 0.7151408645341982 1.0862108146619496 0.7389445754716982 1.0910936271619496 0.7572551223466981 1.1132198309748427 0.7890394678655661 1.1110701650943395 0.8463894826061321 1.1110701650943395 0.869651938384434 1.110148879716981 0.892223430129717 1.108306308962264 0.9263109890919812 1.0895735062893082 0.9251593823702831 1.0585568985849056 0.9228561689268868 1.0284615762578615 0.9194013487617925 1.0201700078616351 0.8982117850825472 1.0109571540880502 0.8774828640919812 1.0002088246855345 0.8602087632665094 0.997444968553459 0.8284244177476415 0.9980591588050314 0.7807478994693396 0.9995946344339622 0.7655466907429246 1.0017443003144653 
0 0.6907582938388626 0.9231832543443917 0.6805761255924171 0.9407706358609795 0.6789562351895735 0.9583580173775671 0.6912211196682465 0.9744026461295419 0.6963122037914692 0.9808822077409163 0.725701643957346 0.9762539494470776 0.7453717417061612 0.9833506121642971 0.7488429354265403 0.9935327804107424 0.766198904028436 1.0024807464454977 0.7823978080568721 0.9981610387045814 0.8303002813981043 0.9984695892575041 0.8534415728672986 0.9987781398104266 0.8733430835308057 0.9938413309636651 0.8809797097156399 0.9852019154818326 0.8974100266587678 0.9657632306477094 0.9027325236966826 0.9457074447077409 0.8941702458530806 0.9009676145339652 0.8828310130331755 0.8926367496050553 0.8620038507109006 0.8923281990521327 0.8205809389810427 0.892945300157978 0.7606449940758294 0.8988077606635071 0.7328754443127963 0.9102241311216431 
0 0.5696614583333333 0.8667877375730993 0.5473889802631579 0.874782986111111 0.5328262061403508 0.8953421966374268 0.5336828399122806 0.9267521016081871 0.5388226425438596 0.9553065606725145 0.5508155153508771 0.9558776498538011 0.5675198739035087 0.9747235928362573 0.6116365131578947 0.9690127010233917 0.6793105811403508 0.9587330957602339 0.6814521655701754 0.9421715095029239 0.6891618695175438 0.9216122989766081 0.7379899945175438 0.9084772478070176 0.7367050438596491 0.8804938779239766 0.726853755482456 0.8679299159356725 0.7182874177631579 0.8439441703216374 0.7161458333333333 0.8422309027777777 0.6998697916666666 0.8388043676900585 0.683165433114035 0.8467996162280702 0.6094949287280701 0.8645033808479532 
0 1.0960629111842104 0.3716534173976609 1.1337547971491226 0.3785064875730995 1.195004111842105 0.3790775767543861 1.2661047149122806 0.3785064875730995 1.2712445175438596 0.3950680738304095 1.2725294682017543 0.42533580043859653 1.2601082785087718 0.44817936769005856 1.249400356359649 0.46645422149122817 1.2211314418859647 0.46759639985380125 1.1200486567982455 0.46759639985380125 1.1114823190789473 0.4767338267543861 1.1067708333333333 0.4487504568713451 1.088781524122807 0.43390213815789486 1.0737904331140349 0.43390213815789486 1.0900664747807016 0.39449698464912286 1.0866399396929824 0.3887860928362574 
0 0.9255927905701753 0.447608278508772 0.922166255482456 0.4767338267543861 0.9285910087719297 0.4984352156432749 0.9405838815789472 0.521278782894737 0.961143092105263 0.5218498720760235 0.9864137883771928 0.5269896747076024 1.0266755756578947 0.5287029422514621 1.0463781524122806 0.5281318530701755 1.0716488486842104 0.5327005665204679 1.0879248903508771 0.5207076937134504 1.099061129385965 0.4984352156432749 1.1114823190789473 0.4830158077485381 1.1097690515350875 0.4750205592105264 1.1059141995614035 0.44817936769005856 1.088353207236842 0.43333104897660824 1.072933799342105 0.4384708516081872 1.0600842927631577 0.44817936769005856 1.0416666666666665 0.44132629751461994 1.015111019736842 0.4407552083333334 0.9508634868421052 0.43904194078947373 
0 1.1191920230263157 0.4670253106725147 1.113195586622807 0.4784470942982457 1.1123389528508771 0.4853001644736843 1.0994894462719298 0.4990063048245615 1.0870682565789473 0.5229920504385965 1.0947779605263157 0.5338427448830411 1.1149088541666665 0.5321294773391814 1.1187637061403508 0.5618261147660819 1.1496025219298245 0.5583995796783626 1.1920058936403508 0.5555441337719299 1.2279845120614035 0.5561152229532165 1.2532552083333333 0.5583995796783626 1.2613932291666665 0.5509754203216375 1.263534813596491 0.5384114583333334 1.2870922423245612 0.5172811586257311 1.2772409539473684 0.4858712536549708 1.2755276864035086 0.46588313230994155 1.2519702576754386 0.4670253106725147 1.219418174342105 0.46759639985380125 
0 0.9244196965144231 1.0397886618589742 0.9878023587740385 1.025390625 1.0704345703125 0.9984725560897436 1.1230187049278846 1.001602564102564 1.1314697265625 1.0197566105769231 1.138042743389423 1.0717147435897436 1.125835712139423 1.087364783653846 1.0925011268028846 1.1086488381410255 1.0056434044471154 1.1274288862179487 0.9488337590144231 1.136192908653846 0.9319317157451924 1.129932892628205 0.9140906700721154 1.0998848157051282 0.9272367037259616 1.0898687900641024 
0 1.132408728966346 1.0310246394230769 1.138042743389423 1.0717147435897436 1.1286527193509615 1.0898687900641024 1.1582312950721154 1.1167868589743588 1.2572960486778846 1.1142828525641024 1.3065936748798077 1.1017628205128205 1.3239652193509615 1.0955028044871795 1.3474402794471152 1.0729667467948718 1.3436842698317306 1.0435446714743588 1.3361722506009615 1.0066105769230769 1.2915696364182692 0.9990985576923076 1.2187969501201923 1.0116185897435896 
0 1.1061166616586537 0.9433844150641025 1.1610483022836537 0.9258563701923076 1.2211444561298077 0.909580328525641 1.2737285907451923 0.8951822916666666 1.3206787109375 0.8939302884615384 1.327251727764423 0.922100360576923 1.3380502554086537 0.9596604567307692 1.3084716796875 0.982196514423077 1.2624605618990383 1.000350560897436 1.1976693960336537 1.0147485977564104 1.1657433143028846 1.0216346153846154 1.1375732421875 1.0172526041666667 1.1225492037259615 0.9984725560897436 1.1032996544471154 1.0028545673076923 1.0967266376201923 0.9790665064102564 
0 1.0685565655048077 0.8951822916666666 1.0906231219951923 0.9102063301282052 1.1032996544471154 0.9534004407051282 1.0901536207932692 0.9721804887820512 1.0596360426682692 0.9990985576923076 1.0093994140625 1.0172526041666667 0.9314622145432693 1.0354066506410255 0.9197246844951924 1.0210086137820513 0.9000056340144231 1.0091145833333333 0.8845120943509616 0.9922125400641025 0.8859205979567308 0.982822516025641 0.899066631610577 0.964668469551282 0.9032921424278847 0.9446364182692307 0.9047006460336539 0.9327423878205128 0.9122126652644231 0.927734375 0.9408522385817308 0.9252303685897436 0.9793513371394231 0.9208483573717948 
0 1.0892836626838234 0.8358226102941176 1.07958984375 0.8817784926470588 1.0759995404411764 0.8970971200980391 1.0914378446691175 0.9105009191176471 1.102208754595588 0.9411381740196078 1.1628848805147058 0.9262982536764706 1.2558737362132353 0.8990119485294117 1.282082950367647 0.8769914215686274 1.269875919117647 0.8367800245098039 1.257668887867647 0.8315142463235293 1.227151309742647 0.8310355392156862 1.1671932444852942 0.8291207107843137 1.1158519071691175 0.8262484681372548 
0 1.1636029411764706 0.7343367034313725 1.1474465762867647 0.7463043811274509 1.1531910615808822 0.7539636948529411 1.1420611213235294 0.7558785232843137 1.1334443933823528 0.7621017156862745 1.132726332720588 0.7716758578431372 1.1259047564338234 0.771197150735294 1.1183651194852942 0.7826861213235293 1.1165699678308822 0.7975260416666666 1.1198012408088234 0.8133233762254902 1.1251866957720587 0.8272058823529411 1.1686293658088234 0.8291207107843137 1.2375631893382353 0.8319929534313725 1.257668887867647 0.8310355392156862 1.2695168887867647 0.8348651960784313 1.27490234375 0.8540134803921569 1.281005859375 0.8698108149509803 1.2964441636029411 0.8578431372549019 1.3201401654411764 0.8367800245098039 1.3276798023897058 0.8295994178921569 1.3323471966911764 0.8190678615196078 1.3276798023897058 0.7688036151960783 1.2989573759191175 0.7611443014705882 1.2433076746323528 0.7486979166666666 1.2275103400735294 0.7424747242647057 
0 1.0144085207612457 0.7073105896770473 0.9733523464532872 0.7073105896770473 0.9691284602076125 0.7120413422722031 0.9640597967128027 0.684783196366782 0.9532466479238754 0.6642832684544406 0.9145558499134948 0.6620305291234141 0.9252000432525951 0.6194537557670127 0.941363166360294 0.5998200061274509 0.9582375919117646 0.5959903492647058 1.0178366268382353 0.6084367340686274 1.053380629595588 0.6170534620098039 1.1057990579044117 0.6256701899509803 1.1190831801470587 0.635244332107843 1.1183651194852942 0.6917317708333334 1.0885799632352942 0.7118160683391004 
0 0.9379807227167182 0.5216315144478845 0.935259650735294 0.5286861455108359 0.9372248693885449 0.5377563854489165 0.9267940934597523 0.5514625257997937 0.9345037974071208 0.5762545149638804 0.9425158426857585 0.5984262125902994 0.9602028105650154 0.5947981166150671 0.9958790876547987 0.6020543085655315 1.0374510207043344 0.6127370356037152 1.0808370017414861 0.6216057146542828 1.0939888496517027 0.6234197626418989 1.0971634336300309 0.6133417182662539 1.104117284249226 0.6002402605779155 1.118024985487616 0.579076367389061 1.1168657207854407 0.553011254789272 1.1136853448275863 0.5320581896551725 1.0725275383141764 0.533554837164751 1.046523287835249 0.5275682471264368 1.0253831417624522 0.5275682471264368 0.984860089869281 0.5272160947712418 0.963796977124183 0.5229609204793028 
0 1.1224085988562091 0.5718954248366013 1.1319827410130718 0.5608319716775599 1.1495353349673203 0.5587043845315904 1.1922998366013071 0.5553002450980392 1.2286815767973855 0.556151279956427 1.2548508986928104 0.5595554193899782 1.2937857434640523 0.5574278322440087 1.2979345383986929 0.5825333605664488 1.3020833333333333 0.6152982026143791 1.2765522875816993 0.6412547657952069 1.2641059027777777 0.6463609749455338 1.2494255514705883 0.6429568355119826 1.2021931168300652 0.6399782135076253 1.1744281045751634 0.6425313180827886 1.129110498366013 0.6506161492374728 1.1211320465686274 0.6523182189542484 1.1204937704248366 0.6357230392156863 1.1067708333333333 0.6263616557734205 1.0962392769607843 0.6233830337690632 1.1032603145424837 0.599128540305011 1.117940665849673 0.5778526688453159 
0 1.1211960078534031 0.6530254690226877 1.1751370255235603 0.6434814027050612 1.2027466459424083 0.6393910885689355 1.2508078370418847 0.6434814027050612 1.264357002617801 0.647230857329843 1.2881319535340314 0.6445039812390925 1.3093504581151831 0.6434814027050612 1.3111399705497382 0.664614692408377 1.3149746400523559 0.7024500981675392 1.2950343586387434 0.7304005780977311 1.2704924738219896 0.7511930082897033 1.2472288121727748 0.7508521487783595 1.2280554646596857 0.7426715205061081 1.1643999509162304 0.7334683136998255 1.145993537303665 0.7358543302792321 1.1403693553664922 0.7160844786212914 1.1273314790575917 0.7085855693717277 1.1135266688481675 0.7068812718150087 1.1188952061518325 0.6922243128272251 
