0 0.2726356072154471 0.36784383468834686 0.2837509527439024 0.35514058265582654 0.32305163871951215 0.33555640243902446 0.3845830157520325 0.33132198509485095 0.4441295096544715 0.3424373306233062 0.46239043445121947 0.35090616531165314 0.4516720655487805 0.36360941734417346 0.4484962525406504 0.40224847560975613 0.4516720655487805 0.41865684281842824 0.3988741742886179 0.42553777100271 0.374658600101626 0.4271256775067751 0.316700012703252 0.4287135840108401 0.2718416539634146 0.4112466124661247 
0 0.4675511305894309 0.25510247289972904 0.4611995045731707 0.29268292682926833 0.4782694994918699 0.3223238482384824 0.4965304242886179 0.33608570460704607 0.5314643673780488 0.35143546747967486 0.571559006605691 0.36360941734417346 0.5979225852272727 0.3622159090909091 0.609668762703252 0.35090616531165314 0.6160203887195121 0.33873221544715454 0.6148294588414633 0.31120850271002715 0.617211318597561 0.2910950203252033 0.6025231834349594 0.27892107046070463 0.528685530995935 0.24928014905149054 0.49097275152439024 0.24610433604336046 
0 0.49578644012237766 0.33774949009324007 0.4725674715909091 0.3441233245920745 0.46334817526223776 0.35231825466200467 0.4520801464160839 0.36324482808857805 0.4483241368006993 0.40239838286713286 0.4531045126748252 0.41286968240093236 0.49544498470279724 0.4265278991841492 0.5336879916958043 0.4360886509324009 0.5787601070804197 0.4433730332167832 0.5886623142482518 0.439730842074592 0.594467056381119 0.4256173513986014 0.6016376201923078 0.4224304341491841 0.6040278081293707 0.4046747523310023 0.5995888876748252 0.3891954399766899 0.5968572443181819 0.3746266754079253 0.5931012347027973 0.36916338869463866 0.5722724541083917 0.36370010198135194 0.5316392591783218 0.35231825466200467 
0 0.31142666103603606 0.42698948948948945 0.27975436373873874 0.44517173423423423 0.2775548986486487 0.4610078828828828 0.28239372184684686 0.4915071321321321 0.310546875 0.5032376126126126 0.35101703265765766 0.5049971846846847 0.3919270833333333 0.5061702327327328 0.4148015202702703 0.5067567567567567 0.4310775619369369 0.49561280030030025 0.4398754222972973 0.46628659909909903 0.4403153153153153 0.439893018018018 0.43855574324324326 0.4217107732732732 0.37345157657657657 0.4281625375375375 
0 0.3056640625 0.5010258838383839 0.28524502840909094 0.5168087121212122 0.2828776041666667 0.5337752525252525 0.2840613162878788 0.5606060606060607 0.31010298295454547 0.5748106060606061 0.3574514678030303 0.5815183080808081 0.4015447443181818 0.5874368686868687 0.41989228219696967 0.58822601010101 0.4266986268939394 0.5838857323232324 0.43528053977272724 0.5823074494949495 0.44208688446969696 0.5661300505050505 0.4219637784090909 0.5515309343434344 0.4219637784090909 0.52114898989899 0.42817826704545453 0.5097064393939394 0.41663707386363635 0.5069444444444445 0.3917791193181818 0.5065498737373738 0.3512369791666667 0.5049715909090909 
0 0.30921519886363635 0.5752051767676768 0.28198982007575757 0.5909880050505051 0.2742956912878788 0.6233428030303031 0.2781427556818182 0.6426767676767676 0.3133581912878788 0.654513888888889 0.3669211647727273 0.6639835858585859 0.41160629734848486 0.6639835858585859 0.4255149147727273 0.6624053030303031 0.43291311553030304 0.6454387626262627 0.42847419507575757 0.6434659090909091 0.42847419507575757 0.5973011363636364 0.41930042613636365 0.5886205808080808 0.4024325284090909 0.5862531565656566 0.35685961174242425 0.5819128787878788 
0 0.3103989109848485 0.6529356060606061 0.2879083806818182 0.6683238636363636 0.2840613162878788 0.6797664141414143 0.2840613162878788 0.7144886363636364 0.30862334280303033 0.7227746212121212 0.3527166193181818 0.7326388888888888 0.4050958806818182 0.7373737373737375 0.4317294034090909 0.7385574494949495 0.44119910037878785 0.7160669191919192 0.4278823390151515 0.7058080808080809 0.42758641098484845 0.665167297979798 0.41338186553030304 0.6647727272727273 0.3675130208333333 0.6647727272727273 
0 0.3089192708333333 0.7251420454545454 0.2828776041666667 0.75 0.2834694602272727 0.7985321969696969 0.30004142992424243 0.8052398989898989 0.3435428503787879 0.8068181818181818 0.4121981534090909 0.8099747474747475 0.43024976325757575 0.8064236111111112 0.4358723958333333 0.7882733585858586 0.42965790719696967 0.7866950757575758 0.42729048295454547 0.7456597222222222 0.4299538352272727 0.7385574494949495 0.35212476325757575 0.7338226010101011 
0 0.3047762784090909 0.8060290404040403 0.2855409564393939 0.8253630050505051 0.28465317234848486 0.8731060606060606 0.3269708806818182 0.8758680555555555 0.3719519412878788 0.8762626262626263 0.4317294034090909 0.8746843434343434 0.4364642518939394 0.8577178030303031 0.43232125946969696 0.8360164141414143 0.43113754734848486 0.8265467171717171 0.4385357481060606 0.8127367424242423 0.4305456912878788 0.8060290404040403 0.4121981534090909 0.8111584595959597 0.4121981534090909 0.8111584595959597 
0 0.30862334280303033 0.8754734848484849 0.29737807765151514 0.8853377525252526 0.29944957386363635 0.9236111111111112 0.3251953125 0.9283459595959597 0.3772786458333333 0.9374210858585857 0.41397372159090906 0.9433396464646465 0.43113754734848486 0.944128787878788 0.4494850852272727 0.9354482323232323 0.45481178977272724 0.91177398989899 0.4474135890151515 0.9038825757575757 0.4417909564393939 0.8987531565656566 0.4462298768939394 0.8766571969696969 0.4338008996212121 0.87271148989899 0.4278823390151515 0.8754734848484849 0.3722478693181818 0.8762626262626263 
0 0.31010298295454547 0.9251893939393939 0.29027580492424243 0.9468907828282829 0.28761245265151514 0.9622790404040403 0.2867246685606061 0.9902935606060606 0.3145419034090909 1.0021306818181819 0.3476858428030303 1.0060763888888888 0.38467684659090906 1.0116003787878787 0.4305456912878788 1.0155460858585859 0.43705610795454547 1.0044981060606062 0.4391276041666667 0.9970012626262627 0.43232125946969696 0.9938446969696969 0.4287701231060606 0.9693813131313131 0.43024976325757575 0.9433396464646465 0.4148615056818182 0.9429450757575757 0.3778705018939394 0.9374210858585857 
0 0.30980705492424243 0.9993686868686869 0.29353101325757575 1.019097222222222 0.2947147253787879 1.0404040404040404 0.2967862215909091 1.0625 0.30329663825757575 1.066445707070707 0.37816642992424243 1.0688131313131313 0.4355764678030303 1.0763099747474747 0.44475023674242425 1.0565814393939394 0.43823982007575757 1.0510574494949496 0.43883167613636365 1.0360637626262625 0.4326171875 1.0143623737373737 0.3849727746212121 1.0119949494949496 0.3476858428030303 1.0060763888888888 
0 0.4657611268939394 0.4181660353535354 0.44682173295454547 0.426846590909091 0.4406072443181818 0.4375 0.44119910037878785 0.4730113636363637 0.46220999053030304 0.4895833333333333 0.5172526041666666 0.5049715909090909 0.5524680397727273 0.5132575757575758 0.5796934185606061 0.5160195707070707 0.5894590435606061 0.5061553030303031 0.5962653882575757 0.49471275252525254 0.5950816761363636 0.48366477272727276 0.5876834753787878 0.4785353535353536 0.5873875473484849 0.45841224747474746 0.5864997632575757 0.44854797979797983 0.5817649147727273 0.44420770202020204 0.5347123579545454 0.4363162878787879 0.4962417140151515 0.42605744949494956 
0 0.4551077178030303 0.48327020202020204 0.42906605113636365 0.5061553030303031 0.42373934659090906 0.5207544191919192 0.4228515625 0.5515309343434344 0.4441583806818182 0.5673137626262627 0.45303622159090906 0.5724431818181819 0.5006806344696969 0.5838857323232324 0.5421105587121212 0.5862531565656566 0.5702237215909091 0.587042297979798 0.5767341382575757 0.5633680555555556 0.5749585700757576 0.5396938131313131 0.5714074337121212 0.5172032828282829 0.5533558238636364 0.5128630050505051 0.5175485321969697 0.5041824494949495 0.46161813446969696 0.4911616161616162 
0 0.4515565814393939 0.5716540404040404 0.42906605113636365 0.5965119949494949 0.42965790719696967 0.6442550505050505 0.44800544507575757 0.647806186868687 0.5128136837121212 0.6505681818181818 0.5619377367424242 0.6525410353535354 0.5761422821969697 0.6430713383838383 0.5761422821969697 0.6205808080808081 0.5755504261363636 0.6036142676767677 0.5752544981060606 0.5973011363636364 0.5773259943181818 0.5862531565656566 0.5687440814393939 0.5874368686868687 0.5421105587121212 0.587042297979798 0.5003847064393939 0.5842803030303031 
0 0.44001538825757575 0.6466224747474748 0.42699455492424243 0.6639835858585859 0.42817826704545453 0.7073863636363636 0.4414950284090909 0.7168560606060606 0.4639855587121212 0.7204071969696969 0.5187322443181818 0.7259311868686869 0.5592743844696969 0.7279040404040403 0.5758463541666666 0.7275094696969697 0.5764382102272727 0.7140940656565656 0.5767341382575757 0.6777935606060606 0.5728870738636364 0.6702967171717171 0.5764382102272727 0.6608270202020202 0.5719992897727273 0.6466224747474748 0.5613458806818181 0.6525410353535354 0.5134055397727273 0.6513573232323232 
0 0.44711766098484845 0.7172506313131314 0.4355764678030303 0.7357954545454546 0.42729048295454547 0.74447601010101 0.4293619791666667 0.7870896464646465 0.44889322916666663 0.795770202020202 0.5545395359848485 0.7969539141414143 0.5758463541666666 0.7953756313131314 0.5838364109848485 0.7571022727272728 0.5752544981060606 0.7302714646464646 0.5580906723484849 0.7282986111111112 0.5187322443181818 0.7275094696969697 0.4636896306818182 0.7204071969696969 
0 0.44711766098484845 0.7981376262626263 0.43942353219696967 0.8123421717171717 0.4317294034090909 0.8257575757575757 0.43143347537878785 0.8364109848484849 0.43705610795454547 0.8573232323232323 0.44593394886363635 0.8596906565656566 0.46073035037878785 0.859296085858586 0.5104462594696969 0.8640309343434344 0.5332327178030303 0.8679766414141414 0.5613458806818181 0.8687657828282829 0.5782137784090909 0.8671875 0.5805812026515151 0.8561395202020202 0.5782137784090909 0.8407512626262627 0.5814689867424242 0.8297032828282829 0.5844282670454545 0.820233585858586 0.5897549715909091 0.8028724747474748 0.5761422821969697 0.7953756313131314 0.5551313920454545 0.7969539141414143 0.4669448390151515 0.7961647727272728 
0 0.4551077178030303 0.8585069444444445 0.44859730113636365 0.866003787878788 0.44652580492424243 0.8770517676767677 0.44327059659090906 0.8999368686868686 0.44859730113636365 0.9046717171717171 0.45954663825757575 0.91177398989899 0.501272490530303 0.9275568181818182 0.5400390625 0.9382102272727272 0.579397490530303 0.952020202020202 0.5823567708333333 0.9492582070707071 0.5903468276515151 0.931897095959596 0.5879794034090909 0.91177398989899 0.589163115530303 0.8991477272727272 0.5924183238636364 0.8766571969696969 0.5841323390151515 0.8735006313131314 0.5782137784090909 0.8679766414141414 0.5616418087121212 0.8679766414141414 0.5332327178030303 0.8679766414141414 0.5107421875 0.8644255050505051 
0 0.45836292613636365 0.9121685606060606 0.4521484375 0.9267676767676768 0.4503728693181818 0.9366319444444445 0.4308416193181818 0.9449179292929294 0.42847419507575757 0.9705650252525252 0.43232125946969696 0.9938446969696969 0.4971294981060606 1.0052872474747474 0.5705196496212122 1.0135732323232323 0.5711115056818181 0.9938446969696969 0.5767341382575757 0.9745107323232323 0.5826526988636364 0.952020202020202 0.540334990530303 0.9382102272727272 0.5003847064393939 0.9279513888888888 
0 0.4453420928030303 0.997790404040404 0.43676017992424243 1.0112058080808082 0.4355764678030303 1.0214646464646464 0.43883167613636365 1.03448547979798 0.43794389204545453 1.0502683080808082 0.44652580492424243 1.055792297979798 0.45481178977272724 1.0625 0.48884351325757575 1.0672348484848484 0.5347123579545454 1.0751262626262625 0.5758463541666666 1.0770991161616161 0.5805812026515151 1.0609217171717171 0.5867956912878788 1.0404040404040404 0.5844282670454545 1.0317234848484849 0.5764382102272727 1.0321180555555556 0.5708155776515151 1.0135732323232323 0.4983132102272727 1.0056818181818181 
0 0.6215231604609929 0.2709533835697399 0.6149434840425532 0.28711399231678486 0.6204842641843972 0.3180500147754137 0.6350288120567376 0.3355958185579196 0.6758920656028369 0.33513408687943264 0.7146775265957447 0.33513408687943264 0.7347628546099291 0.3397514036643026 0.7545018838652482 0.3434452570921986 0.7659297429078014 0.32820811170212766 0.7697390292553191 0.3097388445626477 0.7662760416666666 0.2852670656028369 0.748614804964539 0.2801880171394799 0.7333776595744681 0.26772126182033096 0.6935533023049645 0.25802489657210403 0.65234375 0.25848662825059104 
0 0.7524240913120567 0.2815732121749409 0.7687001329787234 0.27187684692671393 0.794672539893617 0.27233857860520094 0.8258394281914894 0.2801880171394799 0.842115469858156 0.2857287972813239 0.8535433289007092 0.29219304078014185 0.8576989140070922 0.31158577127659576 0.86150820035461 0.3198969414893617 0.8414228723404256 0.3194352098108747 0.8154504654255319 0.3189734781323877 0.790516954787234 0.3240525265957447 0.7828983820921985 0.32866984338061467 0.7676612367021276 0.33097850177304966 0.7697390292553191 0.30881538120567376 0.7666223404255319 0.2866522606382979 
0 0.8549285239361702 0.29126957742316784 0.855967420212766 0.28388187056737585 0.8677415780141844 0.27233857860520094 0.9082585328014184 0.26633606678487 0.9356161347517731 0.2709533835697399 0.9702460106382979 0.2852670656028369 1.004183289007092 0.3009659426713948 1.004183289007092 0.3078919178486998 1.0017591976950353 0.3194352098108747 1.0014128989361701 0.3342106235224586 0.9965647163120568 0.3508329639479906 0.988599844858156 0.3508329639479906 0.9747478945035462 0.3642231826241135 0.9079122340425532 0.3651466459810875 0.9041029476950354 0.34806257387706857 0.8902509973404256 0.3342106235224586 0.8781305407801419 0.33097850177304966 0.8635859929078014 0.32266733156028365 0.8583915115248227 0.31158577127659576 
0 1.004183289007092 0.3000424793144208 1.0436613475177303 0.29219304078014185 1.0661707668439715 0.29727208924349885 1.1340453235815602 0.3046597960992908 1.1371620124113475 0.3355958185579196 1.139239804964539 0.3522181589834515 1.1174229831560283 0.36468491430260047 1.0800227171985815 0.3748430112293144 1.0363890735815602 0.38869496158392436 1.0197667331560283 0.39100361997635935 1.0131870567375885 0.3808455230496454 0.9979499113475178 0.37622820626477543 0.9875609485815603 0.3642231826241135 0.9882535460992908 0.3522181589834515 0.9979499113475178 0.34944776891252954 1.0031443927304964 0.3332871601654846 1.002798093971631 0.3222055998817967 1.0048758865248226 0.30835364952718675 
0 0.6110723586309524 0.34980572089947093 0.6269608754960317 0.34050512566137564 0.6389741443452381 0.3358548280423281 0.6769515749007936 0.3353381283068783 0.7141539558531746 0.3353381283068783 0.7494187127976191 0.3425719246031746 0.7536814856150794 0.36065641534391535 0.754456535218254 0.39010830026455023 0.7439933655753969 0.4019923941798942 0.7397305927579365 0.41129298941798936 0.7141539558531746 0.41645998677248675 0.6653258308531746 0.418010085978836 0.6180478050595238 0.41594328703703703 0.6064220610119048 0.40302579365079366 0.5998341393849207 0.3885582010582011 0.5975089905753969 0.37409060846560843 0.5982840401785714 0.36272321428571425 
0 0.7684074280753969 0.33327132936507936 0.7548440600198413 0.3482556216931217 0.7563941592261905 0.3968253968253968 0.7753828745039683 0.40870949074074076 0.8245985243055556 0.41335978835978837 0.8575381324404762 0.4128430886243386 0.8757517981150794 0.40870949074074076 0.8800145709325397 0.3994088955026455 0.9052036830357143 0.39424189814814814 0.9067537822420635 0.363239914021164 0.9040411086309524 0.3477389219576719 0.8904777405753969 0.33378802910052907 0.8776894221230159 0.330171130952381 0.8629634796626984 0.32242063492063494 0.8424246651785714 0.3193204365079365 0.814910404265873 0.3188037367724868 0.7912713913690477 0.32397073412698413 
0 0.6164977058531746 0.41645998677248675 0.6017717633928572 0.4231770833333333 0.5955713665674603 0.42576058201058203 0.5893709697420635 0.4417782738095238 0.587433345734127 0.4495287698412698 0.588595920138889 0.48001405423280424 0.6126224578373016 0.49499834656084657 0.6544751364087301 0.49654844576719576 0.7207418774801587 0.49809854497354494 0.7288798983134921 0.4893146494708995 0.7385680183531746 0.48776455026455023 0.7443808903769842 0.4712301587301588 0.7405056423611112 0.45211226851851855 0.7401181175595238 0.4376446759259259 0.7141539558531746 0.418010085978836 0.6653258308531746 0.4190434854497354 
0 0.7722826760912699 0.40922619047619047 0.7598818824404762 0.4014756944444444 0.7389555431547619 0.41645998677248675 0.7319800967261905 0.4273106812169312 0.7405056423611112 0.4376446759259259 0.7420557415674603 0.4526289682539682 0.7451559399801587 0.4712301587301588 0.7459309895833334 0.4789806547619047 0.7602694072420635 0.4872478505291005 0.7947591145833334 0.49189814814814814 0.8408745659722222 0.4924148478835979 0.8525003100198413 0.49499834656084657 0.8873775421626984 0.48518105158730157 0.8889276413690477 0.4402281746031746 0.8579256572420635 0.41439318783068785 0.8249860491071429 0.4138764880952381 
0 0.9079163566468254 0.36530671296296297 0.9745706225198413 0.36530671296296297 0.9881339905753969 0.363239914021164 0.9982096354166666 0.37667410714285715 1.0137106274801588 0.38235780423280424 1.0156482514880953 0.42266038359788355 0.9997597346230159 0.435577876984127 0.9757331969246031 0.4412615740740741 0.9024910094246031 0.45366236772486773 0.8900902157738095 0.44901207010582006 0.8908652653769842 0.4397114748677249 0.8726515997023809 0.42524388227513227 0.8726515997023809 0.41129298941798936 0.8761393229166666 0.4107762896825397 0.880402095734127 0.3994088955026455 0.9052036830357143 0.3952752976190476 
0 0.6064220610119048 0.49189814814814814 0.5982840401785714 0.4944816468253968 0.5901460193452381 0.505849041005291 0.5769701760912699 0.5172164351851852 0.5785202752976191 0.5663029100529101 0.5901460193452381 0.5668196097883598 0.5994466145833334 0.5745701058201058 0.6591254340277778 0.5756035052910052 0.7017531622023809 0.5709532076719577 0.7288798983134921 0.5575190145502645 0.7284923735119048 0.5337508267195767 0.7269422743055556 0.5089492394179894 0.717254154265873 0.5001653439153438 0.6556377108134921 0.4970651455026455 0.6122349330357143 0.4970651455026455 
0 0.745543464781746 0.4836309523809524 0.7277173239087301 0.5079158399470899 0.7335301959325397 0.5616526124338624 0.7819707961309524 0.5725033068783069 0.8397119915674603 0.5709532076719577 0.8621884300595238 0.5725033068783069 0.8823397197420635 0.5647528108465608 0.8819521949404762 0.5213500330687831 0.855988033234127 0.49603174603174605 0.8400995163690477 0.49189814814814814 0.7955341641865079 0.49189814814814814 0.7606569320436508 0.48879794973544977 
0 0.8893151661706349 0.45882936507936506 0.9017159598214286 0.4546957671957672 0.9753456721230159 0.4417782738095238 1.0001472594246033 0.4567625661375661 1.0175858754960319 0.47019675925925924 1.0230112227182542 0.5094659391534392 0.9989846850198413 0.5146329365079365 0.9838712177579365 0.5280671296296297 0.9071413070436508 0.5451182208994709 0.8850523933531746 0.5440848214285714 0.8815646701388888 0.5192832341269841 0.8660636780753969 0.5042989417989417 0.8641260540674603 0.4929315476190476 0.8885401165674603 0.4862144510582011 
0 0.5909210689484127 0.5709532076719577 0.5800703745039683 0.5864541997354498 0.5754200768849207 0.595754794973545 0.5761951264880952 0.6432911706349206 0.5893709697420635 0.6469080687830687 0.6033218625992064 0.6510416666666666 0.6711387028769842 0.6427744708994709 0.6932276165674603 0.6432911706349206 0.7087286086309524 0.6360573743386243 0.7238420758928571 0.6226231812169313 0.7176416790674603 0.6055720899470899 0.7160915798611112 0.5885209986772487 0.7199668278769842 0.5807705026455027 0.7141539558531746 0.5688864087301587 0.7013656374007936 0.5725033068783069 0.6599004836309524 0.5750868055555556 0.6002216641865079 0.5745701058201058 
0 0.7284923735119048 0.5606192129629629 0.7207418774801587 0.5792204034391534 0.7168666294642857 0.5911044973544973 0.7168666294642857 0.6066054894179894 0.7226795014880952 0.6215897817460317 0.7362428695436508 0.6355406746031745 0.783908420138889 0.6391575727513227 0.8214983258928571 0.6417410714285714 0.8652886284722222 0.6350239748677249 0.8707139756944444 0.6066054894179894 0.8687763516865079 0.5854208002645502 0.8583131820436508 0.5730200066137566 0.8400995163690477 0.5709532076719577 0.7831333705357143 0.5719866071428571 
0 0.8823397197420635 0.5451182208994709 0.8831147693452381 0.564236111111111 0.8683888268849207 0.5709532076719577 0.8699389260912699 0.583870701058201 0.8714890252976191 0.6060887896825397 0.8815646701388888 0.6174561838624338 0.9210921999007936 0.6133225859788359 0.9590696304563492 0.6050553902116402 0.9939468625992064 0.5967881944444444 1.0148732018849207 0.5895543981481481 1.0187484499007937 0.5585524140211641 0.9997597346230159 0.5580357142857143 0.9846462673611112 0.5275504298941799 0.9071413070436508 0.5461516203703703 
0 0.5823955233134921 0.648458167989418 0.5773577008928572 0.6624090608465608 0.5734824528769842 0.6711929563492064 0.5773577008928572 0.6768766534391535 0.5769701760912699 0.7145957341269842 0.599059089781746 0.7259631283068783 0.6664884052579365 0.7202794312169312 0.7215169270833334 0.7052951388888888 0.7222919766865079 0.6944444444444445 0.7195793030753969 0.6655092592592592 0.7083410838293651 0.6355406746031745 0.6936151413690477 0.6432911706349206 0.6699761284722222 0.6438078703703703 0.6037093874007936 0.6525917658730159 
0 0.7234545510912699 0.6329571759259259 0.7188042534722222 0.6686094576719577 0.7234545510912699 0.6965112433862434 0.7463185143849207 0.7068452380952381 0.8005719866071429 0.7125289351851851 0.8242109995039683 0.7094287367724869 0.8494001116071429 0.7083953373015873 0.8656761532738095 0.7016782407407408 0.8649011036706349 0.6887607473544973 0.8683888268849207 0.6556919642857143 0.852112785218254 0.6381241732804233 0.8207232762896826 0.6427744708994709 0.7831333705357143 0.6396742724867724 0.73779296875 0.6376074735449736 
0 0.8711015004960317 0.609188988095238 0.8652886284722222 0.6350239748677249 0.8540504092261905 0.6396742724867724 0.8695514012896826 0.6531084656084656 0.8656761532738095 0.6887607473544973 0.8683888268849207 0.6996114417989419 0.8761393229166666 0.7145957341269842 0.9334929935515873 0.6939277447089948 0.9703078497023809 0.6706762566137566 0.9951094370039683 0.6556919642857143 1.0078977554563493 0.6381241732804233 1.0020848834325398 0.6107390873015873 0.9951094370039683 0.5973048941798942 0.9195421006944444 0.6143559854497355 0.8807896205357143 0.6179728835978836 
0 0.5936337425595238 0.7249297288359787 0.588595920138889 0.7455977182539683 0.5858832465277778 0.7559317129629629 0.5882083953373016 0.7869336970899471 0.6075846354166666 0.7983010912698413 0.6595129588293651 0.8045014880952381 0.6990404885912699 0.8039847883597884 0.7195793030753969 0.7993344907407408 0.7319800967261905 0.791067294973545 0.73779296875 0.7703993055555555 0.7246171254960317 0.7497313161375662 0.7188042534722222 0.726479828042328 0.7199668278769842 0.7089120370370371 0.668426029265873 0.7218295304232805 
0 0.8548254588293651 0.7073619378306878 0.8633510044642857 0.7244130291005292 0.8610258556547619 0.7750496031746031 0.8482375372023809 0.7895171957671958 0.7389555431547619 0.7740162037037037 0.7385680183531746 0.7688492063492064 0.7265547495039683 0.7502480158730158 0.7195793030753969 0.726479828042328 0.7222919766865079 0.7176959325396824 0.7381804935515873 0.7047784391534392 0.7463185143849207 0.7078786375661376 0.8001844618055556 0.7130456349206349 0.8226609002976191 0.7099454365079364 0.8544379340277778 0.7078786375661376 
0 0.7385680183531746 0.7776331018518517 0.7253921750992064 0.7983010912698413 0.7253921750992064 0.816385582010582 0.7277173239087301 0.8442873677248678 0.7532939608134921 0.8525545634920634 0.78662109375 0.8603050595238094 0.827698722718254 0.8618551587301587 0.8451373387896826 0.8659887566137566 0.8664512028769842 0.8541046626984127 0.8734266493055556 0.8458374669312169 0.8714890252976191 0.8086350859788359 0.8594757564484127 0.7817666997354498 0.8490125868055556 0.789000496031746 0.7401181175595238 0.7740162037037037 
0 0.7184167286706349 0.8019179894179894 0.7257796999007936 0.816385582010582 0.7296549479166666 0.8577215608465608 0.6711387028769842 0.8747726521164022 0.5928586929563492 0.876839451058201 0.5843331473214286 0.871155753968254 0.5800703745039683 0.8577215608465608 0.5781327504960317 0.8427372685185185 0.5812329489087301 0.8308531746031745 0.5847206721230159 0.8200024801587301 0.5897584945436508 0.8055348875661376 0.5936337425595238 0.7936507936507936 0.6091347346230159 0.8003678902116401 0.6599004836309524 0.8070849867724869 0.6990404885912699 0.8045014880952381 
0 0.5940212673611112 0.8763227513227513 0.588595920138889 0.8990575396825397 0.5893709697420635 0.9124917328042329 0.5920836433531746 0.9450438161375662 0.6226981026785714 0.9486607142857143 0.6699761284722222 0.9440104166666666 0.7292674231150794 0.9362599206349206 0.735080295138889 0.9269593253968255 0.7374054439484127 0.9104249338624338 0.7242296006944444 0.8959573412698413 0.7191917782738095 0.8763227513227513 0.7145414806547619 0.8675388558201057 0.6707511780753969 0.8747726521164022 
0 0.717254154265873 0.9398768187830688 0.7137664310515873 0.9982638888888888 0.5823955233134921 1.030815972222222 0.5773577008928572 1.0344328703703705 0.570769779265873 1.0122147817460319 0.5703822544642857 0.9961970899470899 0.5765826512896826 0.9739790013227513 0.5847206721230159 0.9512442129629629 0.5909210689484127 0.9465939153439153 0.6238606770833334 0.9491774140211641 0.6719137524801587 0.9450438161375662 
0 0.6071971106150794 1.027715773809524 0.6040969122023809 1.0427000661375663 0.613009982638889 1.0752521494708995 0.6715262276785714 1.0762855489417988 0.7536814856150794 1.070085152116402 0.7552315848214286 1.0514839616402116 0.7529064360119048 1.0256489748677249 0.741668216765873 1.0085978835978835 0.7269422743055556 1.001880787037037 0.7114412822420635 0.9987805886243386 0.613009982638889 1.0235821759259258 
0 0.7521313864087301 1.0080811838624337 0.7540690104166666 1.0240988756613756 0.7560066344246031 1.0520006613756614 0.7792581225198413 1.068018353174603 0.8389369419642857 1.0711185515873016 0.8893151661706349 1.0731853505291005 0.8955155629960317 1.0473503637566137 0.8780769469246031 1.0395998677248677 0.8660636780753969 1.0344328703703705 0.8656761532738095 1.013764880952381 0.8656761532738095 1.0034308862433863 0.8009595114087301 1.0034308862433863 
0 0.721129402281746 0.8649553571428572 0.7246171254960317 0.896474041005291 0.7370179191468254 0.9114583333333334 0.7649197048611112 0.9279927248677248 0.8606383308531746 0.9367766203703703 0.8641260540674603 0.9078414351851851 0.8652886284722222 0.8933738425925926 0.8528878348214286 0.8659887566137566 0.8447498139880952 0.8670221560846562 0.8280862475198413 0.861338458994709 0.7858460441468254 0.8603050595238094 0.7525189112103174 0.8525545634920634 0.7288798983134921 0.8442873677248678 0.7312050471230159 0.8603050595238094 
0 0.7366303943452381 0.9119750330687831 0.7354678199404762 0.9254092261904762 0.7246171254960317 0.9393601190476191 0.7222919766865079 0.9760458002645502 0.7269422743055556 1.0008473875661374 0.7428307911706349 1.0080811838624337 0.7525189112103174 1.0060143849206349 0.803284660218254 1.0029141865079365 0.8660636780753969 1.0013640873015872 0.8711015004960317 0.9791459986772487 0.8683888268849207 0.9527943121693121 0.8606383308531746 0.9378100198412698 0.7645321800595238 0.9295428240740741 
0 1.0152607266865081 0.39424189814814814 1.0811399429563493 0.3746073082010582 1.1160171750992065 0.36944031084656087 1.142368861607143 0.373057208994709 1.1458565848214286 0.39010830026455023 1.1454690600198414 0.41025958994708994 1.1319056919642858 0.4453951719576719 1.1001286582341272 0.46244626322751325 1.0350244915674605 0.48673115079365076 1.0199110243055556 0.48053075396825395 1.0187484499007937 0.46864666005291006 0.9997597346230159 0.4567625661375661 0.9982096354166666 0.43816137566137564 1.01642330109127 0.4231770833333333 
0 1.0206860739087302 0.4810474537037037 1.0361870659722223 0.48673115079365076 1.101291232638889 0.46296296296296297 1.1350058903769842 0.4794973544973545 1.1431439112103177 0.505849041005291 1.142368861607143 0.5244502314814815 1.1043914310515874 0.5404679232804233 1.0195234995039684 0.5657862103174603 1.020298549107143 0.5575190145502645 1.0005347842261907 0.5570023148148148 0.9838712177579365 0.5285838293650794 0.9993722098214286 0.5166997354497355 1.0226236979166667 0.5089492394179894 
0 1.0195234995039684 0.5673363095238095 1.0710642981150795 0.5518353174603174 1.1121419270833335 0.5404679232804233 1.1342308407738095 0.5435681216931217 1.1388811383928572 0.5869708994708994 1.1315181671626986 0.5952380952380952 1.1055540054563493 0.6086722883597884 1.0532381572420637 0.6262400793650794 1.0094478546626986 0.6396742724867724 1.0028599330357144 0.6117724867724867 0.9966595362103174 0.5988549933862434 1.0168108258928572 0.5900710978835979 
0 0.8687763516865079 0.7032283399470899 0.8641260540674603 0.7218295304232805 0.8614133804563492 0.7740162037037037 0.8652886284722222 0.789000496031746 0.9117916046626984 0.7755663029100529 0.9470563616071429 0.7678158068783069 0.9846462673611112 0.7497313161375662 1.0044100322420637 0.7316468253968255 1.004797557043651 0.7125289351851851 0.9962720114087301 0.6949611441798941 0.9776708209325397 0.6686094576719577 0.9338805183531746 0.6949611441798941 0.8780769469246031 0.7176959325396824 
0 1.0090603298611112 0.6376074735449736 0.9943343874007936 0.6577587632275133 0.9827086433531746 0.6644758597883598 0.98193359375 0.6768766534391535 0.9982096354166666 0.6965112433862434 1.007510230654762 0.7207961309523809 1.0637013268849207 0.7027116402116401 1.1311306423611112 0.6711929563492064 1.1388811383928572 0.6598255621693122 1.136168464781746 0.6190062830687831 1.1071041046626986 0.6102223875661376 1.053625682043651 0.6272734788359788 
0 0.8652886284722222 0.7895171957671958 0.8730391245039683 0.8086350859788359 0.8745892237103174 0.8489376653439153 0.8711015004960317 0.8587549603174603 0.9214797247023809 0.8473875661375662 0.9978221106150794 0.8215525793650794 1.0067351810515874 0.8127686838624338 1.0059601314484128 0.7921006944444445 0.998597160218254 0.7755663029100529 0.9892965649801587 0.7688492063492064 0.9827086433531746 0.7512814153439153 0.9470563616071429 0.7688492063492064 0.9106290302579365 0.7771164021164022 
0 1.0067351810515874 0.7213128306878307 1.0640888516865081 0.7037450396825397 1.1055540054563493 0.6841104497354498 1.130743117559524 0.701161541005291 1.1357809399801588 0.7197627314814815 1.13849361359127 0.7471478174603176 1.062926277281746 0.7796999007936508 1.0063476562500002 0.7931340939153438 0.9989846850198413 0.773499503968254 0.9885215153769842 0.7678158068783069 0.9842587425595238 0.7497313161375662 1.0044100322420637 0.7331969246031745 
0 1.0055726066468256 0.7926173941798941 1.0078977554563493 0.8132853835978836 0.9900716145833334 0.8256861772486772 0.9900716145833334 0.8391203703703703 1.0016973586309526 0.8649553571428572 1.049750434027778 0.8587549603174603 1.084627666170635 0.8499710648148149 1.1280304439484128 0.8303364748677248 1.1357809399801588 0.8194857804232805 1.1319056919642858 0.7807333002645502 1.1086542038690477 0.7605820105820106 1.0633138020833335 0.7807333002645502 
0 0.9776708209325397 0.8293030753968255 0.9892965649801587 0.8386036706349206 0.998597160218254 0.8603050595238094 0.9978221106150794 0.8820064484126985 0.9757331969246031 0.8985408399470899 0.9303927951388888 0.9130084325396824 0.8815646701388888 0.9274760251322752 0.8680013020833334 0.9243758267195767 0.863738529265873 0.9062913359788359 0.8656761532738095 0.8949239417989419 0.8536628844246031 0.8654720568783069 0.8660636780753969 0.8546213624338624 0.8703264508928571 0.8592716600529101 0.9222547743055556 0.8484209656084656 
0 0.9989846850198413 0.8603050595238094 0.9982096354166666 0.880973048941799 0.9865838913690477 0.8933738425925926 0.9912341889880952 0.9062913359788359 0.9966595362103174 0.9378100198412698 1.0435500372023812 0.931609623015873 1.0823025173611112 0.9274760251322752 1.133455791170635 0.9150752314814815 1.1299680679563493 0.8680555555555555 1.1082666790674605 0.8391203703703703 1.083465091765873 0.8510044642857143 1.048587859623016 0.8608217592592592 1.0020848834325398 0.8649553571428572 
0 0.8691638764880952 0.9279927248677248 0.8691638764880952 0.9538277116402116 0.8711015004960317 0.9806960978835978 0.8761393229166666 0.9894799933862434 0.9396933903769842 0.984312996031746 0.985808841765873 0.9703621031746031 1.0024724082341272 0.9512442129629629 1.0032474578373016 0.9388434193121693 0.9958844866071429 0.9388434193121693 0.9920092385912699 0.9062913359788359 0.9854213169642857 0.8944072420634921 0.9761207217261905 0.8995742394179894 0.9303927951388888 0.9135251322751322 0.8819521949404762 0.9295428240740741 
0 0.8711015004960317 0.986379794973545 0.8668387276785714 1.001880787037037 0.8656761532738095 1.0328827711640212 0.8753642733134921 1.0385664682539681 0.8978407118055556 1.048900462962963 0.9598446800595238 1.0592344576719577 0.9939468625992064 1.0628513558201058 1.003634982638889 1.0530340608465607 1.0090603298611112 1.0132481812169312 0.9978221106150794 1.0132481812169312 0.9811585441468254 0.9724289021164022 0.9400809151785714 0.9853463955026455 0.8769143725198413 0.9915467923280423 
0 1.004797557043651 0.9362599206349206 1.0016973586309526 0.9522776124338624 0.9807710193452381 0.9734623015873015 0.9978221106150794 1.0142815806878307 1.0466502356150795 1.001880787037037 1.098578559027778 0.9889632936507936 1.1098167782738095 0.9853463955026455 1.1148546006944446 0.978629298941799 1.136168464781746 0.968812003968254 1.1245427207341272 0.9254092261904762 1.1129169766865081 0.9228257275132274 1.0823025173611112 0.9285094246031745 1.0443250868055556 0.9326430224867724 
0 1.1164046999007937 0.9801793981481483 1.126867869543651 0.9920634920634921 1.1288054935515874 1.0313326719576719 1.1098167782738095 1.0427000661375663 1.0621512276785716 1.0576843584656086 1.0090603298611112 1.068018353174603 0.9997597346230159 1.0602678571428572 1.0063476562500002 1.0520006613756614 1.0094478546626986 1.013764880952381 1.0454876612103177 1.0054976851851851 1.0993536086309526 0.9905133928571428 1.1113668774801588 0.986379794973545 
