0 0.5135569852941176 0.5001531862745098 0.5353860294117647 0.4756433823529412 0.5577895220588236 0.4641544117647059 0.5899586397058824 0.45955882352941174 0.6514246323529412 0.4725796568627451 0.6893382352941176 0.4909620098039216 0.6939338235294118 0.5177696078431373 0.6893382352941176 0.5392156862745098 0.6451056985294118 0.5606617647058824 0.6129365808823529 0.5507046568627451 0.5738740808823529 0.5522365196078431 0.5342371323529412 0.5338541666666666 0.5210248161764706 0.5238970588235294 
0 0.6801470588235294 0.4794730392156863 0.7186351102941176 0.47334558823529416 0.7352941176470589 0.4718137254901961 0.796185661764706 0.49862132352941174 0.8639705882352942 0.5545343137254902 0.8519071691176471 0.5828737745098039 0.8455882352941176 0.5897671568627451 0.8392693014705882 0.6004901960784313 0.8122702205882353 0.5989583333333334 0.703125 0.5438112745098039 0.6968060661764706 0.5200674019607844 0.6893382352941176 0.48866421568627455 
0 0.8025045955882353 0.4970894607843137 0.8358226102941176 0.4947916666666667 0.8588005514705882 0.48483455882352944 0.864545036764706 0.4756433823529412 0.8915441176470589 0.4725796568627451 0.9208409926470589 0.4787071078431373 0.9443933823529412 0.4802389705882353 0.9805836397058824 0.48866421568627455 1.0018382352941178 0.5154718137254902 0.9978170955882353 0.5430453431372549 0.9736902573529412 0.546875 0.932904411764706 0.5644914215686275 0.864545036764706 0.5591299019607844 0.8639705882352942 0.5514705882352942 0.8226102941176471 0.5208333333333334 
0 0.947265625 0.5675551470588235 0.9748391544117647 0.5484068627450981 0.9983915441176471 0.5438112745098039 1.0006893382352942 0.5338541666666666 1.0535386029411764 0.5392156862745098 1.120749080882353 0.5683210784313726 1.11328125 0.6188725490196079 1.0874310661764706 0.6334252450980392 1.032858455882353 0.6272977941176471 0.9909237132352942 0.6173406862745098 0.9903492647058824 0.6081495098039216 0.9736902573529412 0.5920649509803922 
0 1.0443474264705883 0.5284926470588235 1.0690487132352942 0.5277267156862745 1.0770909926470589 0.5170036764705882 1.1086856617647058 0.49938725490196084 1.1563648897058825 0.5001531862745098 1.2339154411764706 0.5300245098039216 1.2339154411764706 0.5553002450980392 1.2350643382352942 0.5744485294117647 1.198874080882353 0.5943627450980392 1.1552159926470589 0.5935968137254902 1.1173023897058825 0.5890012254901961 1.1218979779411764 0.5652573529411765 1.0535386029411764 0.5399816176470588 1.0282628676470589 0.5330882352941176 
0 1.1707261029411764 0.5039828431372549 1.2103630514705883 0.4833026960784314 1.260340073529412 0.4810049019607843 1.337890625 0.48789828431372545 1.3390395220588236 0.5369178921568628 1.3005514705882353 0.5591299019607844 1.2350643382352942 0.5507046568627451 1.2344898897058825 0.5300245098039216 
0 1.2356387867647058 0.5507046568627451 1.3333217075892856 0.5630580357142857 1.361572265625 0.5686383928571429 1.3605259486607142 0.5942150297619048 1.361572265625 0.6156063988095238 1.3368094308035714 0.6276971726190477 1.3120465959821428 0.6314174107142857 1.2398507254464286 0.6221168154761906 1.2381068638392856 0.6156063988095238 1.2143903459821428 0.5993303571428572 1.2081124441964286 0.5890997023809524 1.2356654575892856 0.5756138392857143 
0 1.240199497767857 0.6216517857142857 1.2538016183035714 0.6253720238095238 1.3120465959821428 0.6318824404761906 1.3399483816964286 0.6402529761904762 1.364013671875 0.6565290178571429 1.3601771763392856 0.7030319940476191 1.3319266183035714 0.7090773809523809 1.2653111049107142 0.7034970238095237 1.2457798549107142 0.7021019345238094 1.2457798549107142 0.6960565476190476 1.210902622767857 0.6765252976190476 1.2213657924107142 0.6676897321428571 1.2374093191964286 0.6555989583333334 
0 1.1170828683035714 0.5881696428571429 1.112548828125 0.6197916666666666 1.0961565290178572 0.6272321428571429 1.1031319754464286 0.6365327380952381 1.1195242745535714 0.6458333333333334 1.1233607700892856 0.6514136904761906 1.1230119977678572 0.6672247023809524 1.1812569754464286 0.6709449404761904 1.206019810267857 0.6746651785714285 1.2213657924107142 0.6672247023809524 1.237758091517857 0.6565290178571429 1.240199497767857 0.6207217261904762 1.237758091517857 0.6146763392857143 1.2143903459821428 0.6002604166666667 1.188929966517857 0.5965401785714286 
0 1.244384765625 0.7016369047619047 1.2429896763392856 0.7313988095238094 1.239501953125 0.7388392857142857 1.2154366629464286 0.7486049107142857 1.217529296875 0.7574404761904762 1.2482212611607142 0.7769717261904762 1.2538016183035714 0.7802269345238094 1.308558872767857 0.7765066964285713 1.3458775111607142 0.7741815476190476 1.364013671875 0.7667410714285713 1.364711216517857 0.7346540178571428 1.361572265625 0.7267485119047619 1.3413434709821428 0.7104724702380952 1.2653111049107142 0.7030319940476191 
0 1.247523716517857 0.779296875 1.2538016183035714 0.7797619047619047 1.3089076450892856 0.7765066964285713 1.3538992745535714 0.7746465773809524 1.3730817522321428 0.7839471726190476 1.3751743861607142 0.8034784226190476 1.3772670200892856 0.8230096726190476 1.3692452566964286 0.8355654761904762 1.3552943638392856 0.8434709821428571 1.307861328125 0.859281994047619 1.2583356584821428 0.8699776785714285 1.2503138950892856 0.8685825892857143 1.2457798549107142 0.8518415178571428 1.230433872767857 0.8406808035714285 1.225551060267857 0.8309151785714285 1.2482212611607142 0.8206845238095237 
0 1.2496163504464286 0.8695126488095237 1.2482212611607142 0.8932291666666666 1.2440359933035714 0.896484375 1.2245047433035714 0.9048549107142856 1.234619140625 0.9253162202380952 1.2454310825892856 0.935546875 1.2667061941964286 0.9360119047619047 1.3092564174107142 0.9281063988095237 1.3343680245535714 0.9192708333333334 1.3577357700892856 0.9095052083333334 1.368896484375 0.8969494047619047 1.364013671875 0.8588169642857143 1.3399483816964286 0.8504464285714285 1.3075125558035714 0.859281994047619 1.2586844308035714 0.870907738095238 
0 1.3294852120535714 0.9229910714285713 1.3511090959821428 0.9285714285714285 1.3709891183035714 0.9429873511904762 1.3716866629464286 0.9662388392857143 1.374476841517857 0.9727492559523809 1.3709891183035714 0.9904203869047619 1.342738560267857 0.9987909226190476 1.315185546875 1.0085565476190477 1.2607770647321428 1.0178571428571428 1.2388044084821428 1.011811755952381 1.2238071986607142 0.9848400297619047 1.215785435267857 0.978329613095238 1.2245047433035714 0.9741443452380952 1.2485700334821428 0.9583333333333334 1.2461286272321428 0.9360119047619047 1.2667061941964286 0.9360119047619047 
0 1.2531040736607142 1.0159970238095237 1.2489188058035714 1.0257626488095237 1.2544991629464286 1.046688988095238 1.227294921875 1.0531994047619047 1.213344029017857 1.060174851190476 1.2388044084821428 1.0941220238095237 1.2496163504464286 1.0969122023809523 1.3099539620535714 1.089471726190476 1.3197195870535714 1.0838913690476188 1.367152622767857 1.0578497023809523 1.3636648995535714 1.038783482142857 1.3643624441964286 1.0187872023809523 1.3361118861607142 1.0006510416666665 1.315185546875 1.0085565476190477 1.262172154017857 1.019252232142857 
0 1.2489188058035714 1.099237351190476 1.3106515066964286 1.089936755952381 1.320068359375 1.0834263392857142 1.3326241629464286 1.0764508928571428 1.3678501674107142 1.1015624999999998 1.368896484375 1.1196986607142856 1.3702915736607142 1.1401599702380951 1.3389020647321428 1.1634114583333333 1.2991420200892856 1.1806175595238095 1.2482212611607142 1.1927083333333333 1.2457798549107142 1.1801525297619047 1.2300851004464286 1.1666666666666665 1.2140415736607142 1.1476004464285714 1.2527553013392856 1.1327194940476188 
0 1.2471749441964286 1.1922433035714286 1.2461286272321428 1.2234002976190474 1.2332240513392856 1.2299107142857142 1.2531040736607142 1.2606026785714286 1.263916015625 1.2675781249999998 1.3294852120535714 1.253627232142857 1.3326241629464286 1.2540922619047619 1.3382045200892856 1.2447916666666665 1.3709891183035714 1.2154947916666665 1.374476841517857 1.1936383928571428 1.3702915736607142 1.187593005952381 1.372035435267857 1.1764322916666665 1.3532017299107142 1.1550409226190477 1.3392508370535714 1.1629464285714286 1.2991420200892856 1.1810825892857142 
0 1.2635672433035714 1.2671130952380951 1.3333217075892856 1.2540922619047619 1.3458775111607142 1.2387462797619047 1.3681989397321428 1.2540922619047619 1.369594029017857 1.2992001488095237 1.307861328125 1.3229166666666665 1.2496163504464286 1.3377976190476193 1.234619140625 1.3322172619047619 1.2091587611607142 1.3075706845238095 1.230433872767857 1.2968749999999998 1.2618233816964286 1.2740885416666665 
0 1.2342703683035714 1.2289806547619047 1.2531040736607142 1.261532738095238 1.2628696986607142 1.2685081845238095 1.2632184709821428 1.275018601190476 1.2070661272321428 1.3085007440476188 1.1359165736607142 1.3405877976190477 1.1209193638392856 1.3131510416666665 1.0937151227678572 1.2494419642857142 1.1163853236607142 1.2526971726190474 1.1219656808035714 1.232235863095238 1.1774204799107142 1.242001488095238 
0 0.9988490513392857 1.2313058035714286 1.0019880022321428 1.2387462797619047 1.0012904575892856 1.2703683035714286 0.9883858816964285 1.2759486607142856 0.9894321986607143 1.2912946428571428 1.0211704799107142 1.3057105654761905 1.0420968191964286 1.3159412202380951 1.1146414620535714 1.3215215773809523 1.1219656808035714 1.314081101190476 1.0937151227678572 1.2485119047619047 1.044189453125 1.2317708333333333 1.0330287388392856 1.235956101190476 
0 1.0012904575892856 1.146205357142857 0.9835030691964285 1.1434151785714286 0.983154296875 1.163876488095238 0.9622279575892857 1.1750372023809523 0.9667619977678571 1.193173363095238 0.9747837611607143 1.202938988095238 0.980712890625 1.216889880952381 0.9991978236607143 1.2238653273809523 0.9995465959821428 1.2303757440476188 1.0330287388392856 1.2350260416666665 1.0445382254464286 1.2317708333333333 1.0947614397321428 1.2480468749999998 1.1160365513392856 1.253627232142857 1.1233607700892856 1.234095982142857 1.1090611049107142 1.2178199404761905 1.0961565290178572 1.1829427083333333 1.0870884486607142 1.1648065476190477 
0 1.0916224888392856 1.1643415178571428 1.1181291852678572 1.1629464285714286 1.1209193638392856 1.148530505952381 1.1341727120535714 1.1508556547619047 1.1407993861607142 1.1573660714285714 1.1498674665178572 1.1564360119047619 1.1899762834821428 1.1531808035714286 1.213344029017857 1.1466703869047619 1.2318289620535714 1.1685267857142856 1.2461286272321428 1.1806175595238095 1.2464773995535714 1.2229352678571428 1.2363630022321428 1.2280505952380951 1.179164341517857 1.2415364583333333 1.1237095424107142 1.2299107142857142 1.1094098772321428 1.2178199404761905 1.0961565290178572 1.1792224702380951 
0 0.9884266954787234 1.2749889184397163 0.9925822805851063 1.3075410017730495 0.9214178856382979 1.333167109929078 0.8653174867021277 1.3442486702127658 0.8486951462765957 1.3449412677304966 0.8320728058510638 1.3061558067375887 0.8164893617021277 1.26598515070922 0.8325922539893617 1.23828125 0.8564868683510638 1.297152039007092 
0 0.8320728058510638 1.1766400709219857 0.8227227393617021 1.2195811170212767 0.8570063164893617 1.2985372340425532 1.0008934507978724 1.2708333333333333 0.9998545545212766 1.2265070921985817 0.981673869680851 1.217503324468085 0.9598570478723404 1.1766400709219857 0.9198595412234043 1.1891068262411346 0.8440201130319149 1.2022661790780143 
0 0.831553357712766 1.0969913563829787 0.814931017287234 1.1385472074468084 0.8424617686170213 1.1981105939716312 0.9193400930851063 1.186336436170213 0.9645320811170213 1.172484485815603 0.9832322140957447 1.1648659131205674 0.9811544215425532 1.1260804521276595 0.9546625664893617 1.0935283687943262 0.8403839760638298 1.1246952570921986 
0 0.814931017287234 1.0651318705673758 0.831553357712766 1.0997617464539007 0.8424617686170213 1.1233100620567376 0.9567403590425532 1.0942209663120568 0.9873877992021276 1.074828235815603 0.9759599401595744 1.063746675531915 0.9712849069148937 1.031887189716312 0.9318068484042553 0.9868683510638298 0.9349235372340425 1.011109264184397 
0 0.904795545212766 0.9557014627659575 0.9219373337765957 0.9598570478723404 0.9344040890957447 1.0097240691489362 0.7957114361702128 1.0734430407801419 0.7837641289893618 1.0533577127659575 0.7733751662234043 1.0270390070921986 0.7977892287234043 1.0173426418439717 0.7983086768617021 0.9882535460992908 0.782725232712766 0.9501606826241135 0.7931141954787234 0.9473902925531915 0.7967503324468085 0.9016788563829787 0.8055809507978724 0.9002936613475178 0.8325922539893617 0.9480828900709221 0.8632396941489362 0.9598570478723404 
0 0.8138921210106383 0.8774379432624113 0.811294880319149 0.9086048315602837 0.831553357712766 0.9480828900709221 0.8642785904255319 0.9612422429078014 0.9058344414893617 0.953623670212766 0.9219373337765957 0.9584718528368795 0.9286901595744681 0.9647052304964538 0.9510264295212766 0.9674756205673759 0.9769988364361702 0.9543162677304964 0.9775182845744681 0.935616134751773 0.985829454787234 0.9259197695035462 0.9801155252659575 0.9127604166666666 0.9707654587765957 0.9079122340425533 0.9484291888297872 0.8857491134751774 0.855967420212766 0.8843639184397163 0.8341505984042553 0.8871343085106383 
0 1.001932347074468 1.0741356382978724 0.9894655917553191 1.0769060283687943 0.9562209109042553 1.0935283687943262 0.9811544215425532 1.1233100620567376 0.9853100066489362 1.1399324024822695 1.091277426861702 1.1641733156028369 1.1188081781914894 1.161402925531915 1.120366522606383 1.1489361702127658 1.0985497007978724 1.088680186170213 
0 1.1224443151595744 1.07067265070922 1.1172498337765957 1.081754210992908 1.0985497007978724 1.0879875886524821 1.120366522606383 1.1489361702127658 1.1349110704787233 1.1510139627659575 1.141144448138298 1.158632535460993 1.1510139627659575 1.1565547429078014 1.1915309175531914 1.15447695035461 1.2149060837765957 1.1454731826241134 1.2533452460106382 1.1316212322695034 1.2497091090425532 1.0962987588652482 1.2372423537234043 1.0942209663120568 1.2154255319148937 1.059591090425532 1.1712724401595744 1.0727504432624113 
0 0.9562209109042553 0.9847905585106383 0.9479097406914894 1.0014128989361701 0.9744015957446809 1.0346575797872342 0.9764793882978723 1.0630540780141844 1.0034906914893618 1.0755208333333333 1.1001080452127658 1.0866023936170213 1.1188081781914894 1.0803690159574468 1.1188081781914894 1.0339649822695034 1.0943941156914894 1.0034906914893618 0.9749210438829787 0.9972573138297872 
0 1.1099775598404256 0.9931017287234042 1.0975108045212767 1.0069536790780143 1.119847074468085 1.033272384751773 1.1214054188829787 1.0699800531914894 1.1717918882978724 1.0741356382978724 1.2242561502659575 1.05682070035461 1.2554230385638299 1.045739140070922 1.2476313164893618 1.0277316046099292 1.2528257978723405 1.018035239361702 1.237761801861702 1.0118018617021276 1.2164644281914894 0.9778645833333334 1.1962059507978724 0.9875609485815603 1.1255610039893618 1.0000277039007093 
0 0.8138020833333334 1.2691639957264957 0.8296607905982907 1.297542735042735 0.8292434561965812 1.343171296296296 0.673160389957265 1.3587517806267806 0.671073717948718 1.351517984330484 0.6618923611111112 1.3281472578347577 0.6589710202991453 1.3031071937321939 0.7036258012820513 1.2953169515669516 0.7850060096153847 1.2825186965811965 0.8121327457264957 1.280292913105413 
0 0.49245459401709407 1.2830751424501425 0.4811865651709402 1.3086716524216524 0.4824385683760684 1.3526308760683758 0.5408653846153847 1.3504050925925926 0.647285657051282 1.3526308760683758 0.6518763354700855 1.3298165954415955 0.6493723290598291 1.2942040598290598 0.6439469818376069 1.296986289173789 0.5600627670940171 1.2875267094017093 
0 0.49245459401709407 1.1968260327635327 0.48410790598290604 1.2491319444444444 0.4857772435897436 1.2836315883190883 0.49245459401709407 1.281405804843305 0.5608974358974359 1.2880831552706553 0.6497896634615385 1.2953169515669516 0.6510416666666667 1.2502448361823362 0.6468683226495727 1.2151887464387465 0.5646534455128206 1.2062856125356125 0.4999666132478633 1.188479344729345 
0 0.6598056891025641 1.196269586894587 0.6497896634615385 1.2140758547008548 0.6577190170940171 1.2997685185185186 0.7845886752136753 1.2836315883190883 0.8133847489316239 1.2780671296296295 0.8142194177350428 1.2307692307692308 0.8000300480769231 1.204616274928775 0.6756643963675214 1.1912615740740742 
0 0.7979433760683761 1.1122462606837606 0.8208967681623932 1.1601006054131056 0.8146367521367522 1.2057291666666667 0.6798377403846154 1.1907051282051282 0.6618923611111112 1.1806891025641026 0.6514590010683761 1.123375178062678 0.7370125534188035 1.1205929487179487 
0 0.4999666132478633 1.1061253561253561 0.49203725961538464 1.1806891025641026 0.500801282051282 1.1901486823361824 0.5654881143162394 1.205172720797721 0.6497896634615385 1.2146323005698005 0.6568843482905984 1.1951566951566952 0.6568843482905984 1.170116631054131 0.6522936698717949 1.123375178062678 0.5642361111111112 1.1172542735042736 0.5475427350427351 1.1211493945868947 
0 0.6410256410256411 1.0538194444444444 0.6406083066239316 1.081641737891738 0.6481203258547009 1.1228187321937322 0.7361778846153847 1.1194800569800571 0.802951388888889 1.1105769230769231 0.807124732905983 1.086093304843305 0.7996127136752137 1.0716257122507122 0.7954393696581197 1.0760772792022792 0.7720686431623932 1.0293358262108263 
0 0.49078525641025644 1.0226584757834758 0.4824385683760684 1.0421340811965811 0.4807692307692308 1.0966657763532763 0.5487947382478633 1.1189236111111112 0.5659054487179488 1.1166978276353277 0.6356002938034189 1.1189236111111112 0.6393563034188035 1.0838675213675215 0.6401909722222222 1.0716257122507122 0.6318442841880342 1.0337873931623933 0.5033052884615385 1.0154246794871795 
0 0.5034852170658682 0.930498378243513 0.48652694610778446 0.9550586327345308 0.4862345621257485 1.0049588323353293 0.5020232971556886 1.0131455838323353 0.5716106848802396 1.0248409431137724 0.6353503929640719 1.0314683133732536 0.6420752245508983 1.0182135728542914 0.6414904565868264 1.0088572854291418 0.6502619760479043 0.9842970309381238 0.6493848241017964 0.9741610528942116 0.638859000748503 0.9402445109780438 0.590030875748503 0.9421937375249501 0.5105024326347306 0.928938997005988 
0 0.6438295284431138 0.9546687874251497 0.6485076721556886 0.9757204341317366 0.651139127994012 0.9870259481037924 0.6406133046407186 1.0084674401197604 0.6435371444610779 1.0182135728542914 0.6359351609281437 1.0314683133732536 0.6432447604790419 1.0536894960079841 0.7718937125748503 1.0267901696606787 0.7982082709580839 1.0186034181636727 0.7985006549401198 0.9858564121756487 0.7876824476047904 0.9624656936127746 0.7739404004491018 0.9492109530938123 0.6982129491017964 0.9538890968063872 0.6531858158682635 0.9503804890219562 
0 0.5034852170658682 0.836935503992016 0.48740409805389223 0.858376996007984 0.4859421781437126 0.9117858033932135 0.4903279378742515 0.9191928642714572 0.5245368637724551 0.9312780688622754 0.5888613398203593 0.9421937375249501 0.6277484094311377 0.9414140469061877 0.6406133046407186 0.9359562125748503 0.6391513847305389 0.9113959580838323 0.6409056886227545 0.8958021457085829 0.6426599925149701 0.8856661676646707 0.6385666167664671 0.8712418912175649 0.5692716130239521 0.8591566866267465 0.5312616953592815 0.8494105538922155 
0 0.6724831586826348 0.8575973053892215 0.6520162799401198 0.8642246756487025 0.6496772080838323 0.8720215818363273 0.6400285366766467 0.8759200349301398 0.6435371444610779 0.8856661676646707 0.6391513847305389 0.9121756487025948 0.6403209206586826 0.9359562125748503 0.6397361526946108 0.9480414171656687 0.6982129491017964 0.9531094061876247 0.7742327844311377 0.9499906437125749 0.7941148952095809 0.9460921906187624 0.7961615830838323 0.9195827095808383 0.7952844311377246 0.8981412175648703 0.7859281437125749 0.8860560129740519 0.7099083083832336 0.8720215818363273 0.6792079902694611 0.8630551397205589 
0 0.5181044161676647 0.7691024201596807 0.5011461452095809 0.7776790169660678 0.4914974738023952 0.7987306636726547 0.49091270583832336 0.827189371257485 0.5116719685628742 0.8408339570858283 0.5461732784431138 0.851749625748503 0.5897384917664671 0.8622754491017964 0.6397361526946108 0.871631736526946 0.6502619760479043 0.8692926646706587 0.6561096556886228 0.845122255489022 0.655524887724551 0.822121382235529 0.6403209206586826 0.7924931387225548 0.5759964446107785 0.7897642215568862 
0 0.5499742702095809 0.7012693363273453 0.512549120508982 0.6973708832335329 0.49792992140718567 0.7110154690618762 0.4914974738023952 0.7433726297405189 0.4958832335329342 0.7566273702594811 0.5201511040419162 0.7710516467065869 0.5721954528443114 0.7874251497005988 0.6359351609281437 0.7917134481037924 0.6546477357784432 0.7839165419161677 0.6607877994011976 0.7546781437125749 0.6561096556886228 0.7262194361277445 0.6394437687125749 0.7036084081836327 
0 0.6973357971556886 0.7846962325349301 0.7821271519461078 0.8100361776447106 0.7993778068862276 0.8115955588822356 0.8113655501497007 0.8295284431137725 0.8116579341317366 0.8579871506986029 0.8052254865269461 0.8809880239520957 0.7809576160179641 0.8844966317365269 0.6786232223053893 0.8634449850299402 0.6584487275449102 0.8455121007984032 0.6528934318862276 0.8127650948103793 0.6572791916167665 0.7835266966067865 0.6765765344311377 0.7741704091816367 
0 0.6888566616766467 0.6934724301397206 0.6683897829341318 0.6732004740518961 0.6517238959580839 0.7192022205588823 0.6625421032934132 0.7320671157684631 0.6610801833832336 0.7577969061876247 0.6759917664670659 0.7733907185628742 0.7005520209580839 0.7858657684630739 0.7832966878742516 0.8100361776447106 0.8066874064371258 0.8104260229540917 0.8122427020958084 0.8061377245508982 0.8175056137724551 0.7917134481037924 0.8163360778443114 0.7765094810379242 0.8090264782934132 0.7437624750499002 0.8005473428143713 0.735185878243513 0.7420705464071856 0.720371756487026 0.7020139408682635 0.7055576347305389 
0 0.523365162037037 0.6192129629629629 0.5027488425925926 0.6346450617283951 0.4962384259259259 0.6529706790123456 0.494068287037037 0.671778549382716 0.49840856481481477 0.687210648148148 0.5222800925925926 0.6987847222222222 0.613064236111111 0.7021604938271605 0.6452546296296295 0.6997492283950617 0.6622540509259259 0.6857638888888888 0.6644241898148148 0.6582754629629629 0.660083912037037 0.6356095679012345 0.6459780092592592 0.6254822530864197 0.5736400462962963 0.6153549382716049 0.5432581018518519 0.6153549382716049 
0 0.5302372685185185 0.5319251543209876 0.5034722222222222 0.5377121913580246 0.4944299768518518 0.5483217592592592 0.49298321759259256 0.6008873456790124 0.5009403935185185 0.6119791666666666 0.5190248842592592 0.6172839506172839 0.5414496527777778 0.6153549382716049 0.5732783564814814 0.6158371913580246 0.6206597222222222 0.6201774691358024 0.6416377314814814 0.6240354938271605 0.6448929398148148 0.6028163580246914 0.6524884259259259 0.5849729938271605 0.6492332175925926 0.5618248456790124 0.6127025462962963 0.550733024691358 0.5732783564814814 0.550733024691358 
0 0.7002314814814814 0.5377121913580246 0.6904658564814814 0.5357831790123456 0.6890190972222222 0.5401234567901234 0.6539351851851851 0.564236111111111 0.6532118055555555 0.6076388888888888 0.6593605324074073 0.6235532407407407 0.6868489583333333 0.628858024691358 0.7501446759259259 0.6365740740740741 0.8087384259259258 0.6529706790123456 0.8156105324074073 0.6303047839506172 0.8188657407407407 0.6066743827160493 0.8123553240740741 0.5979938271604938 0.7139756944444444 0.5502507716049382 
0 0.8195607018849207 0.6283068783068783 0.8102601066468254 0.6551752645502645 0.8385494171626984 0.6773933531746031 0.8397119915674603 0.7052951388888888 0.8466874379960317 0.7135623346560847 0.8807896205357143 0.7176959325396824 0.9334929935515873 0.7238963293650794 0.9443436879960317 0.7238963293650794 0.9598446800595238 0.7099454365079364 0.9776708209325397 0.7001281415343915 0.9811585441468254 0.681526951058201 0.9776708209325397 0.654141865079365 0.9300052703373016 0.6582754629629629 0.8935779389880952 0.654141865079365 0.8478500124007936 0.6448412698412699 
0 0.9036535838293651 0.7213128306878307 0.9350430927579365 0.728546626984127 0.9633324032738095 0.7507647156084656 0.9703078497023809 0.7610987103174603 0.9730205233134921 0.7724661044973544 0.9679827008928571 0.8065682870370371 0.9513191344246031 0.8127686838624338 0.85986328125 0.8065682870370371 0.8323490203373016 0.798817791005291 0.8176230778769842 0.7879670965608465 0.8087100074404762 0.7368138227513228 0.8335115947420635 0.7290633267195767 0.8420371403769842 0.7140790343915344 0.8420371403769842 0.7140790343915344 
0 0.6881897941468254 0.6314070767195767 0.6680385044642857 0.6412243716931217 0.6676509796626984 0.6717096560846562 0.6901274181547619 0.6928943452380952 0.7036907862103174 0.7052951388888888 0.8001844618055556 0.7321635251322752 0.8319614955357143 0.7316468253968255 0.8381618923611112 0.7130456349206349 0.8397119915674603 0.6773933531746031 0.8075474330357143 0.6531084656084656 0.7490311879960317 0.6365740740740741 
0 0.9548068576388888 0.7145957341269842 0.9792209201388888 0.7006448412698413 0.9830961681547619 0.6944444444444445 0.9989846850198413 0.7006448412698413 1.0792023189484128 0.6990947420634921 1.1047789558531746 0.7099454365079364 1.1086542038690477 0.7528315145502645 1.0881153893849207 0.7672991071428572 1.0396747891865081 0.7719494047619048 0.9734080481150794 0.7729828042328042 0.9722454737103174 0.7605820105820106 0.9435686383928571 0.7321635251322752 
0 0.9493815104166666 0.8127686838624338 0.9664326016865079 0.8318865740740741 0.9656575520833334 0.8825231481481483 0.8835022941468254 0.8835565476190476 0.831573970734127 0.8825231481481483 0.8160729786706349 0.8778728505291005 0.8114226810515873 0.836020171957672 0.8040597098214286 0.8158688822751322 0.8323490203373016 0.8003678902116401 0.8606383308531746 0.8086350859788359 
0 0.8622007978723404 0.562998670212766 0.851811835106383 0.5858543882978724 0.8325922539893617 0.6052471187943262 0.8310339095744681 0.6350288120567377 0.8616813497340425 0.6502659574468085 0.9344040890957447 0.657884530141844 0.981673869680851 0.6551141400709221 0.9863489029255319 0.6377992021276596 0.9931017287234043 0.6308732269503546 0.989985039893617 0.6066323138297872 0.973882147606383 0.5934729609929078 0.9453125 0.56853945035461 0.9307679521276596 0.564383865248227 0.8699925199468085 0.560228280141844 
0 1.0788106715425532 0.6973625886524824 1.1073803191489362 0.6932070035460992 1.120366522606383 0.6876662234042553 1.1214054188829787 0.645417774822695 1.1032247340425532 0.6364140070921985 1.0985497007978724 0.6274102393617021 1.0850440492021276 0.6350288120567377 0.9931017287234043 0.6177138741134752 0.9925822805851063 0.6308732269503546 0.9868683510638298 0.6419547872340425 0.9801155252659575 0.656499335106383 0.9811544215425532 0.6848958333333334 0.9998545545212766 0.7022107712765958 
0 1.0653050199468086 0.7707779255319149 1.0980302526595744 0.7894780585106383 1.116730385638298 0.8102559840425533 1.1193276263297873 0.8227227393617021 1.1177692819148937 0.8538896276595745 1.0788106715425532 0.864278590425532 1.026865857712766 0.8566600177304965 0.9764793882978723 0.84765625 0.9676487699468085 0.8296487145390071 0.9551820146276596 0.8116411790780141 0.9692071143617021 0.8067929964539008 0.973882147606383 0.7742409131205674 
0 1.07958984375 0.8653781114718614 1.0967113940746753 0.8869385822510822 1.1103452211850648 0.90723079004329 1.1189059963474026 0.9093445616883117 1.1103452211850648 0.9359780844155844 1.1008332487824675 0.9410511363636364 1.0840287642045454 0.9465469426406926 1.0313958502435063 0.9372463474025974 0.9854213169642858 0.9224499458874459 0.9784458705357143 0.9084990530303031 0.9724216213474026 0.9055397727272726 0.9546659395292209 0.8882068452380952 0.9546659395292209 0.883979301948052 0.965129109172078 0.8818655303030303 0.9698850953733766 0.8463541666666666 
0 1.1221494932432432 0.6668778153153152 1.2057291666666665 0.6745026276276276 1.2453195382882882 0.6944444444444443 1.2431200731981982 0.7308089339339339 1.241360501126126 0.7384337462462462 1.218486064189189 0.7507507507507506 1.1098324887387387 0.7507507507507506 1.1071931306306306 0.709107545045045 1.0909170889639639 0.6962040165165164 1.1217096002252251 0.6897522522522522 
0 1.1089527027027026 0.7519237987987988 1.2000105574324325 0.7507507507507506 1.218486064189189 0.758375563063063 1.2492785754504503 0.7789039039039038 1.2470791103603602 0.8223066816816816 1.2092483108108107 0.833450638138138 1.1203899211711712 0.8269988738738738 1.118630349099099 0.809403153153153 1.0865181587837838 0.78125 
0 1.119070242117117 0.8252393018018017 1.116870777027027 0.8539789789789789 1.0807995495495495 0.8633633633633634 1.1115920608108107 0.9067661411411411 1.1296276745495495 0.9155640015015014 1.2259642454954953 0.9067661411411411 1.2483987894144144 0.8944491366366365 1.2505982545045045 0.8674690315315314 1.2461993243243243 0.8516328828828827 1.217166385135135 0.8322775900900901 1.2118876689189189 0.8352102102102101 
0 0.9849028716216216 0.9243618618618618 0.9787443693693694 0.9360923423423423 0.9778645833333333 0.954861111111111 0.9395938907657657 0.9701107357357356 0.945752393018018 0.980668168168168 0.9796241554054054 0.9959177927927927 1.0891575168918919 1.003542605105105 1.1045537725225225 0.9965043168168167 1.1093925957207207 0.980081644144144 1.1076330236486487 0.9572072072072072 1.1001548423423422 0.9431306306306305 1.0847585867117115 0.9478228228228227 1.0328512105855856 0.9378519144144143 
0 1.117750563063063 0.9114583333333331 1.1305074605855856 0.9173235735735735 1.2255243524774775 0.905593093093093 1.2347621058558558 0.9261214339339339 1.2453195382882882 0.9366788663663663 1.2483987894144144 0.9577937312312311 1.1986908783783783 0.9865334084084084 1.1239090653153152 0.9976773648648648 1.1080729166666665 0.9882929804804804 1.1071931306306306 0.9577937312312311 1.1005947353603602 0.9443036786786786 1.1115920608108107 0.9366788663663663 
